-3.917564 -0.459352 0.245072
-3.348600 -1.319403 -0.356733
-2.805914 0.418586 1.457694
-3.680362 -0.248165 0.879983
-3.781223 0.855627 -0.026803
-3.859566 -0.699431 -0.247548
-3.553237 -1.099379 0.276428
-3.826142 0.619573 -0.572267
-3.095809 -1.392754 0.460123
-3.879490 0.624078 0.135648
-3.244633 0.978878 -1.119697
-2.837944 0.097881 1.500691
-2.738671 -0.311691 1.501704
-3.114780 -1.361214 -0.709822
-3.627730 -0.670625 -0.944403
-3.822410 -0.725967 0.209048
-3.287158 -0.533334 1.180293
-3.838181 -0.014293 0.656641
-2.763802 -0.543141 1.432228
-3.027356 0.754776 1.232183
-3.265260 -0.824780 -1.234237
-3.540622 -0.559271 0.932378
-2.966762 -0.548594 1.358746
-3.504028 1.046015 -0.704956
-3.551115 0.619131 -1.083114
-3.921911 0.367062 -0.523002
-3.157128 0.072327 -1.565324
-1.680600 0.939834 -2.239935
-1.146696 0.504057 -2.409394
-1.849384 0.231658 -2.412529
-1.377734 1.091992 -2.184818
-2.428365 1.492384 -1.470658
-2.719090 0.771798 -1.819040
-2.985568 -1.062035 -1.287525
-2.134866 1.081036 -2.026174
-1.631830 0.274288 -2.446042
-1.500046 -0.181000 -2.468527
-2.903041 0.971310 -1.491783
-2.628640 1.056443 -1.721749
-2.207979 -1.351179 -1.784859
-0.494899 -0.570393 -2.215178
-2.139914 1.452832 -1.722242
-2.852804 -0.586922 -1.776657
-1.247645 0.241429 -2.463505
-0.683044 3.560523 0.522082
-2.778551 0.854345 1.364675
0.289154 2.796677 1.639139
-2.578487 1.443587 1.682194
-2.509465 2.334335 1.307822
-1.259967 3.256291 1.280490
-1.808312 2.794139 1.604376
-1.857944 0.040128 1.943280
-2.227764 0.540088 1.927486
-0.322050 3.153881 1.497370
-1.834906 3.038958 1.238028
-2.182724 1.585299 -1.651913
0.202207 3.084432 1.315080
-0.964634 1.671563 -2.124699
-1.313314 1.562749 -2.082911
-1.991039 2.933596 1.241658
-0.538094 3.006561 1.738262
-2.627371 2.265411 1.172919
0.222512 2.555816 1.906219
-0.619555 1.159382 -2.179472
-2.933825 2.102291 0.066056
-0.665875 1.408356 -2.172806
-1.174716 3.447495 0.856103
-2.885248 2.125721 0.628553
-2.723722 2.247951 0.981174
-1.999251 3.083028 0.925645
-1.022597 1.350688 -2.160477
-2.349156 0.232918 1.651367
-1.702110 0.053745 2.042822
-2.736642 1.176834 1.483176
-1.336884 3.033169 1.594747
-2.546351 0.628966 1.629168
-1.246085 2.117387 -1.939621
-2.009588 2.360119 1.840300
-2.710569 -1.552532 1.473868
-2.772315 -1.624584 -0.954376
-0.305163 -3.355900 1.121118
-2.787644 -1.847532 -0.815891
-1.765441 -2.831827 1.593283
-0.366561 -3.525027 0.579194
-2.220179 -0.663338 1.974262
-3.037320 -1.797087 0.208654
-2.486817 -1.021510 1.794937
-1.107724 -1.674962 -2.105375
0.310795 -3.088515 1.210629
0.031001 -3.453807 0.347175
-2.545875 -1.806332 1.616118
-2.203012 -0.327946 1.850446
-1.591104 -3.320923 0.866349
-1.136236 -3.509709 0.630073
-0.447019 -3.487054 0.808036
0.069096 -0.149863 2.174602
-0.430666 -2.898889 1.841197
-2.597470 -1.539895 -1.242547
-2.093658 -1.802233 -1.661186
-3.002967 -1.619090 0.777422
-1.652649 -2.687041 1.815741
-2.646550 -1.978063 1.381180
-2.287137 -2.720160 1.171787
-2.144420 -2.339369 1.740770
-3.052044 -1.539490 -0.216217
-1.467015 0.678879 2.705034
-1.648709 1.078937 2.721292
-1.015787 1.873232 2.841301
-2.297300 1.467919 2.027268
-1.738882 2.163218 2.363622
0.424775 1.986873 2.187878
-0.300577 1.440661 2.879284
-0.817411 2.117378 2.740454
-2.031413 1.301479 2.429232
-1.869577 0.736423 2.462152
-1.025841 0.802370 2.879112
-1.995804 2.233014 1.984133
-1.618041 1.804783 2.655840
-0.368877 2.718022 2.036926
-2.062181 0.960547 2.348574
-0.106900 0.227585 2.393502
-2.686123 2.852303 -0.517438
-1.689799 3.664948 0.004128
-2.467582 3.146848 0.118068
-1.301885 3.723725 -0.496384
-2.741577 2.668060 0.185550
-1.886141 1.940298 -1.771718
-1.472482 3.497797 -1.075933
-2.206315 3.207713 -0.982450
-2.260591 3.216906 0.429006
-2.811381 2.610136 -0.384079
-1.997871 3.537500 -0.490672
-1.165318 3.743737 -0.301966
-2.748215 2.051278 -0.948121
-0.756087 2.872038 -1.626929
-1.298237 3.237197 -1.433568
-1.103189 2.913386 -1.676066
-0.989825 3.720771 -0.399107
-1.359160 3.667393 -0.723139
-1.986664 2.961265 -1.433968
-0.573786 3.613252 -0.247537
-2.437750 2.581886 -1.277620
-1.962599 3.236387 -1.187629
-2.013510 2.253402 -1.704521
-2.520916 2.894259 -0.915218
-1.796109 2.120397 -1.811183
-1.542296 2.368063 -1.853422
2.453343 2.435963 -1.286271
2.844092 1.793245 0.729086
0.668896 2.187926 1.969138
0.078102 2.794582 -1.842900
0.249196 3.294868 -1.227527
0.928934 2.325936 1.892751
2.961233 1.999054 0.057598
2.527051 0.896319 -1.729668
-0.083778 3.089556 -1.399366
2.872355 2.245930 -0.194039
1.429812 2.044764 1.917415
1.941131 2.980127 -1.222118
2.805238 2.291649 -0.627914
0.779893 1.458406 2.168679
1.302285 3.336064 -1.089463
0.786386 2.922317 -1.843664
2.401958 2.710555 -0.977316
1.755187 2.836886 -1.594926
2.559045 1.204104 -1.722841
1.109090 3.334977 -1.189011
1.250866 3.262312 -1.274743
-0.253772 2.435021 -1.979937
0.056242 3.397881 -0.826950
2.127985 0.211919 -1.849898
2.997799 1.458204 -0.881032
0.728059 1.238254 2.182495
2.724981 2.135897 -1.106186
-0.270491 2.985867 -1.416118
0.230234 3.502603 0.164864
1.445634 1.766518 2.002671
2.792527 1.504438 0.955951
0.478188 3.482051 -0.839655
3.074958 1.574738 0.000911
3.081180 1.587714 -0.179663
2.183483 2.071209 -1.872763
0.290226 -2.023360 2.324336
-1.006166 -0.046790 2.404426
-1.966165 -0.496119 2.204117
-1.302811 -0.151748 2.421326
-1.865571 -2.165050 2.236523
-0.384273 -0.001452 2.289193
-0.784414 -0.046830 2.423075
-1.693561 -1.242329 2.706363
-0.755600 -2.204666 2.686870
-1.723095 -2.000812 2.489697
-2.105788 -2.047774 2.012974
-0.636231 -2.781450 2.022640
-1.283754 -1.823418 2.798938
-1.581672 -2.389440 2.276267
-0.976756 -0.274201 2.616830
-0.518138 -1.806252 2.854717
0.034668 -1.232960 2.740832
-1.162598 -1.073389 2.911191
-1.164195 -0.883081 2.874960
-0.228388 -1.328066 2.862839
-0.048567 -1.462577 2.775322
-2.723320 -2.686712 -0.676536
-2.264876 -3.128624 -1.017835
-2.825944 -2.187248 -0.729898
-1.650049 -3.637494 -0.655746
-0.589070 -3.615149 -0.076227
-2.157243 -1.898722 -1.618916
-1.919948 -2.776320 -1.587259
-1.032467 -3.014744 -1.605322
-2.650670 -2.422215 -1.048179
-1.287823 -3.610409 -0.894664
-1.769542 -3.651152 -0.082754
-0.994673 -3.613082 -0.849394
-2.006651 -3.449814 -0.782975
-1.712605 -3.181222 -1.391580
-1.635495 -3.523892 0.501483
-2.220712 -2.475996 -1.522020
-0.431256 -3.127885 -1.264211
-1.425258 -3.463262 -1.145716
-0.876313 -3.286034 -1.334120
-2.421631 -3.109008 0.326278
-1.626043 -2.247072 -1.852740
-0.122104 -3.215414 -1.137007
1.974256 -3.123280 -0.860744
1.167668 -1.840682 2.054334
2.972505 -2.005656 -0.297224
2.817443 -2.345391 -0.337200
0.318690 -2.828698 -1.885578
1.542617 -3.299378 -0.982983
2.441148 -0.551441 -1.722241
-0.226660 -3.235502 -0.979492
-0.113188 -2.854507 -1.687402
2.651589 -2.521852 -0.696291
1.030560 -1.294732 2.162322
1.775290 -2.909649 -1.489143
2.973635 -1.497079 -0.947267
2.471273 -2.289820 -1.408142
2.725319 -1.273739 -1.499009
0.699918 -3.328200 -1.268890
1.916451 -0.252671 -2.031096
0.153368 -0.009572 -2.172754
1.093551 -1.652909 2.111970
0.939199 -3.551724 -0.525020
0.402378 -2.980952 -1.744769
1.434827 -2.001836 1.932351
2.885793 -2.219595 -0.157509
0.438284 -3.387689 -1.094864
2.830670 -1.016934 -1.308143
1.933791 -2.411461 -1.860324
2.586428 -1.664447 1.224059
2.149892 -2.164941 -1.851175
1.182130 -2.959519 -1.739903
2.000431 -2.765437 -1.470351
-0.202306 0.635448 -2.466882
-0.413780 0.765674 -2.324043
0.237394 1.029776 -2.846606
0.217552 0.758402 -2.770176
1.173657 2.401515 -2.479263
-0.088442 1.464714 -2.697669
0.793055 0.703771 -2.861445
1.606729 1.610919 -2.720564
0.915180 1.107384 -2.950946
1.514577 0.490971 -2.582972
0.182489 1.560365 -2.821053
1.283321 0.863176 -2.837723
0.415469 1.349285 -2.917818
0.128705 0.582443 -2.655930
2.258066 1.356360 -2.115976
0.671465 1.098121 -2.948903
1.418462 2.202258 -2.545996
1.257901 1.661295 -2.855232
1.563566 2.243605 -2.430476
-0.329148 1.672147 -2.464502
1.993220 0.592419 -2.245666
2.238476 0.842316 -2.033400
2.207717 3.294940 0.826236
1.457575 3.374380 1.261931
2.020365 3.515035 -0.083512
2.338999 3.051942 1.016087
2.653263 2.901488 -0.072093
2.276572 3.053827 -0.634009
1.311420 3.520334 -0.609937
0.606199 3.311856 1.175140
2.223564 2.327891 1.557594
2.215556 2.907773 1.298046
2.087314 1.845370 1.656018
1.399841 3.208493 1.452445
2.123869 3.488191 0.205389
1.127157 3.682374 0.686397
2.098372 3.307173 -0.495140
2.040216 3.423848 -0.336977
2.675799 2.686855 0.812645
1.743782 2.817062 1.642903
0.872462 2.768377 1.716513
2.361310 3.269689 0.532012
2.868812 2.378731 0.063882
1.082898 3.238666 1.427595
2.665510 0.691601 1.903736
2.359013 0.106965 -1.615470
2.360155 -0.095917 -1.615351
2.153339 0.513024 2.265858
1.426078 -0.803022 2.324845
0.512631 0.651556 2.197117
0.777077 -0.413797 2.357659
1.832114 -1.130811 2.101634
2.158870 -1.457039 1.707286
1.368904 -0.344343 2.452590
2.244545 1.075436 1.977580
1.561125 0.106001 2.468774
0.549088 -0.123098 2.317433
1.156159 -0.313649 2.447195
2.175717 -0.508355 2.257352
0.274508 -0.116773 2.182997
2.603549 1.174472 1.650599
3.115790 -0.033255 1.591028
2.848108 0.588850 1.780639
3.059747 -0.804203 1.399419
2.470605 -0.747034 2.020692
0.769902 0.512258 2.333658
2.963506 0.631681 1.634676
1.719076 0.452247 2.402993
2.281240 0.658028 2.164092
2.232943 0.015381 2.298810
2.627274 -0.640850 1.954040
1.201927 -3.705080 0.600246
1.091490 -2.554277 1.832353
2.033484 -3.320990 1.006342
2.040737 -3.428019 0.787413
1.521604 -3.532084 0.998022
1.571266 -2.448758 1.830407
2.140322 -2.836475 1.413585
0.870668 -3.363360 1.236586
2.613234 -2.662292 0.973513
2.534138 -1.853527 1.267080
1.614179 -3.678996 -0.041295
1.807400 -3.443940 -0.537903
2.460348 -3.125977 0.659743
1.624133 -2.764353 1.706918
0.530910 -3.594191 0.259767
2.851848 -1.936003 0.645862
2.809439 -2.636742 0.237445
2.107620 -3.245394 -0.582328
2.248295 -2.961288 -0.760898
2.728945 -2.402313 0.909159
1.535976 -3.396210 1.210478
2.758534 -2.018786 0.924384
2.283508 -3.322058 -0.135879
1.685540 -2.956702 1.580324
1.992473 -3.561034 0.152573
2.530012 -2.932323 -0.386281
1.897005 -3.569182 -0.113295
1.553138 -2.327046 -2.362321
0.865059 -2.781065 -2.036087
0.868686 -0.259507 -2.616859
0.727975 -1.281378 -2.962392
2.107953 -0.582870 -2.078897
1.004947 -2.182629 -2.686472
-0.210926 -2.059075 -2.374351
2.040957 -2.156397 -2.005475
1.928176 -1.374149 -2.527494
2.226037 -1.656067 -2.092926
1.517778 -1.676866 -2.751422
1.024477 -2.721011 -2.118816
2.018216 -1.636217 -2.387383
0.938704 -1.886644 -2.844786
2.074366 -1.977028 -2.131851
1.773306 -2.392216 -2.085868
0.416251 -1.707553 -2.862197
0.567285 -1.172039 -2.943996
-0.206143 -1.824755 -2.512292
-0.179065 -1.548678 -2.620829
3.360391 0.368425 1.382197
3.868305 -0.406315 -0.461167
3.306819 -0.643567 1.311825
3.090540 -1.116293 -0.903026
3.260691 -1.348294 -0.285724
3.442300 0.757682 1.116291
3.870222 -0.147924 -0.573156
3.777579 0.616518 0.711141
3.958044 -0.041814 -0.343830
3.492290 -0.572698 1.177628
3.825455 0.212528 -0.652512
3.918771 0.562574 0.201697
3.513780 0.782644 -0.811448
3.077374 0.911655 -1.103309
3.646831 -0.962627 0.524719
3.491383 -1.214723 0.214304
3.695934 -0.284428 -0.847153
3.339113 0.905400 -0.902011
2.575356 0.186872 -1.552661
3.480182 -0.848932 -0.791365
3.407868 1.013534 -0.709112
3.523802 -0.663391 -0.887040
2.810648 0.720560 -1.342964
3.168586 -1.126516 1.027590
3.962960 -0.320375 -0.181429
3.075603 -0.884965 1.321902
3.394202 0.029099 1.406692
2.935749 -0.698901 -1.304973
3.897080 -0.609782 -0.036885
-4.107648 0.291079 0.585564
-3.839240 -0.531831 -1.173939
-3.725130 -0.214417 1.210555
-3.438646 -1.454297 -0.705269
-3.654825 0.654462 1.133750
-3.841861 -0.775612 0.809273
-3.838567 0.086640 1.094778
-3.894037 0.407972 0.947830
-3.563844 -0.866161 -1.299184
-4.073752 0.806134 0.048426
-3.429437 -1.316082 -0.976957
-3.309559 -0.144104 1.549925
-3.529011 0.972455 -1.248948
-3.927099 -0.958434 0.397014
-3.590131 -1.359015 0.426580
-3.924387 -0.367251 0.918327
-3.993932 0.372183 0.797374
-4.040473 -0.882282 0.018275
-3.578083 -1.436214 -0.403555
-4.056797 0.785995 0.235629
-3.456172 -1.160854 -1.145945
-4.034606 -0.687030 0.482608
-3.784627 -1.008655 -0.862463
-3.414250 0.192884 -1.692618
-1.761064 1.189427 -2.449374
-3.028416 1.254643 -1.653643
-1.885065 -1.246501 -2.390686
-2.312880 -1.237552 -2.239473
-3.067867 1.450238 -1.379071
-0.407423 0.246301 -2.584771
-2.859821 -1.328003 -1.777684
-3.373704 -0.010950 -1.763880
-1.113817 0.636685 -2.693722
-1.881300 0.626580 -2.653183
-2.473256 0.743936 -2.399717
-2.980232 -0.907531 -1.958834
-1.594606 0.059733 -2.778804
-1.022599 -0.350983 -2.741539
-2.827708 -0.046418 -2.312029
-1.359682 -1.021185 -2.570727
-1.429430 1.007991 -2.574767
-2.336390 0.258001 -2.577092
-1.539806 -0.852325 -2.632967
-3.120386 0.504454 -1.986978
-2.435735 1.206187 -2.193133
-3.037946 -1.531446 -1.314031
-1.785922 0.067979 -2.753199
-3.353600 -1.008166 -1.396180
-1.254682 -0.095277 -2.786039
-1.651929 -0.133237 -2.769986
-2.476461 -0.568771 -2.453021
-1.715402 -0.708527 -2.661149
-2.539526 -0.165929 -2.487942
-3.263148 1.394434 -1.083420
-2.092091 -1.160048 -2.378496
-3.319527 -0.622864 -1.703545
-2.649168 1.082306 -2.134022
-0.396812 3.835087 -0.401405
0.273459 2.734924 2.206733
-1.504317 3.405758 1.595362
-2.342296 2.991857 1.467445
-0.663663 3.852706 0.809128
-1.210156 3.854714 0.574040
-1.692468 1.785147 -2.280802
-3.283969 1.745477 0.973490
-0.146871 3.281505 1.851093
-3.154778 1.791381 1.289451
-0.051661 3.824418 0.447659
-0.684960 3.491040 1.667867
-2.008545 2.879213 1.919420
-2.526345 3.123286 0.904352
-3.230039 1.337708 1.269915
-0.424024 3.874317 -0.212651
-1.682492 3.191676 1.792774
-1.427073 1.367004 -2.427767
-2.518263 3.206049 0.649124
-1.632755 3.649189 0.977426
-2.281927 0.171128 2.181560
-2.170177 3.338292 1.079331
-3.234192 2.267359 0.072829
-2.664200 2.826639 1.216077
-1.855327 0.040946 2.385971
-2.585128 2.536158 1.679076
-0.408331 3.543267 1.545329
-2.239538 3.213218 1.242470
-3.281013 1.936759 0.808462
-0.717533 2.687468 -2.081990
-0.318342 3.759069 1.030305
-2.515405 2.241674 1.971345
-0.241693 3.813015 0.785185
-0.951529 1.156564 -2.513522
-3.420536 1.591369 0.022455
-0.684017 1.247452 -2.521816
-2.755521 1.078923 2.013009
-1.250509 3.793258 0.848472
-3.179291 2.292973 0.678878
-2.739879 1.902850 1.896102
-2.867482 2.721988 0.932570
-3.343503 -1.401358 0.932964
-1.543447 -2.960412 2.109660
-2.105754 -1.802754 -2.073009
-0.595605 -2.668549 -2.091040
-3.361760 -1.710544 0.675026
-3.126867 -1.911744 1.276271
-1.335704 -1.490303 -2.439522
-2.821937 -2.851519 0.762229
-2.374769 -0.243332 2.140663
-2.781201 -2.433442 1.497313
-1.446512 -3.769589 0.752874
-3.217853 -1.554805 1.244977
-3.028844 -2.043003 -0.994884
-3.287976 -1.972134 0.724207
-2.935621 -2.286831 1.368739
-0.218109 -3.562782 1.451294
-0.389451 -3.399130 1.767144
-0.813176 -3.516685 1.627556
-2.991124 -2.712429 0.346595
-2.431298 -2.014801 -1.766214
-3.181796 -2.284014 0.680005
-0.837765 -1.900256 -2.430137
-0.718629 -1.476543 -2.509067
-1.746786 -3.204036 1.737111
-2.685605 -0.655318 2.008716
-2.959160 -2.034264 1.520515
-0.203280 -3.856107 0.493261
-1.199577 -3.054755 2.135475
-3.383456 -1.801844 0.083429
-3.364449 -1.816314 -0.112381
-1.737210 -2.805669 2.152987
0.491409 -2.990857 1.843450
-1.041028 -3.779169 1.018391
-3.396546 -1.733761 0.338949
-2.219249 -2.407115 2.131462
-0.682030 -3.761173 1.124291
-1.147479 -3.361566 1.801371
-3.188278 -1.010123 1.349982
-3.321213 -1.604725 0.929209
-2.626415 -2.181317 1.887403
-3.090251 -1.524557 1.514845
-1.767076 1.374057 2.941439
-1.011196 1.018031 3.174577
-0.271548 0.946652 3.098819
-1.640394 2.249935 2.713579
-1.209667 2.515446 2.696290
-0.376390 2.531052 2.676893
-0.488943 0.321856 2.918031
0.262603 0.754261 2.792576
-1.738354 0.619353 2.824756
-0.963866 2.884998 2.325495
-0.612735 2.316944 2.888841
-1.856899 0.362056 2.599954
-1.948764 1.373997 2.821385
-1.744028 0.835567 2.897151
-2.241447 1.094513 2.541457
-1.714206 0.213203 2.594285
-0.029515 2.635906 2.402451
-0.902886 0.376889 2.975348
-0.497072 0.135299 2.794874
0.503456 1.687102 2.631447
-1.469796 1.907084 2.971604
-2.304234 1.881139 2.318273
-0.758559 1.038757 3.188309
-0.934628 3.845044 -0.891168
-1.384791 3.502632 -1.495406
-2.630040 3.179155 0.466486
-2.667320 2.671030 -1.349896
-2.352507 3.432751 0.516259
-0.771081 3.924500 -0.074950
-2.257304 2.777685 -1.687893
-1.897422 3.856056 -0.037615
-2.964749 2.677129 -0.779622
-2.116252 3.268367 -1.436870
-2.014511 3.710453 -0.836455
-3.042546 2.658406 -0.449275
-1.452377 2.569340 -2.070130
-1.054709 3.974970 -0.347138
-1.998962 2.668889 -1.883204
-2.303753 3.293639 -1.243459
1.808830 1.591557 2.270465
1.837935 2.599164 -2.254183
0.638067 2.134039 2.357246
2.573765 1.503019 -2.176729
3.236174 1.775150 -1.093576
0.204372 3.855248 0.108226
0.153329 2.791917 -2.328778
2.869359 2.259264 -1.508320
3.290902 2.110699 -0.021834
2.333473 0.213289 -2.159939
1.475582 3.784799 -0.630936
2.485999 1.789325 -2.192488
3.343060 1.844900 0.217740
0.763051 2.705009 2.071213
3.396336 1.530481 -0.638896
3.205422 1.527563 -1.282477
2.722588 1.781278 1.564694
2.094420 3.077477 -1.623811
-0.062869 3.712198 -0.888385
1.121414 3.096533 -2.112272
2.826340 2.686808 -1.100697
2.574983 0.602826 -2.105369
2.233079 2.893664 -1.711473
2.042543 1.975865 2.058105
1.520945 2.172793 2.219115
0.540025 3.906111 0.053386
1.531217 1.769478 2.340640
2.474133 0.426757 -2.136204
0.923091 1.519739 2.497666
0.339641 3.894566 -0.108613
3.290245 2.109650 -0.387085
2.711966 0.843646 -2.027312
2.845259 2.520684 -1.293388
2.605152 1.907241 1.645831
0.747212 3.914951 -0.424699
2.864081 1.725137 1.409863
1.678815 3.460327 -1.386306
2.096506 2.678290 -2.031744
0.558932 3.223967 -2.011144
1.578810 1.375338 2.382009
1.220896 3.869299 -0.439350
-0.186802 3.609104 -1.075681
3.310783 1.825274 -0.800976
-2.175005 -0.766887 2.521781
-2.057213 -1.076702 2.720984
-1.087129 -0.453044 2.992105
-0.430843 -2.300228 2.868876
-1.564961 -1.929252 2.921759
-0.633431 -1.899995 3.093910
-0.304734 -1.018348 3.120061
-1.672015 -2.162700 2.750364
-0.204388 -2.540640 2.605194
-1.117998 -2.182522 2.949416
-0.010455 -0.595547 2.893798
-2.017757 -1.813119 2.670334
-1.213202 -2.555014 2.660285
0.356293 -1.820979 2.718247
-2.168351 -3.712309 -0.540924
-2.404863 -3.541662 0.124849
-1.331320 -3.262717 -1.730449
-1.428636 -2.633851 -2.054465
-1.461009 -3.031497 -1.875103
-1.713681 -3.906716 -0.493868
-2.378985 -2.485688 -1.708435
-2.320202 -3.476992 0.480005
-1.209460 -2.874920 -1.973123
-1.992326 -2.614681 -1.904443
-1.553866 -3.876766 -0.786426
-2.326592 -3.179472 -1.344811
1.698664 -3.243079 -1.716358
1.027664 -3.602171 -1.445464
0.420982 -3.762103 -1.065163
0.580593 -3.410788 -1.779131
0.432651 -2.849687 -2.341444
0.889658 -2.334278 2.271468
1.150483 -2.403530 2.207733
2.201398 -3.380260 -0.908882
3.395885 -1.498775 -0.672471
2.312078 -2.694743 -1.835628
3.356743 -1.837804 0.145128
0.875388 -2.642813 2.106177
3.305559 -1.581351 0.604394
3.018517 -1.717200 -1.581393
1.404638 -3.438120 -1.595371
-0.464275 -2.864494 -1.987048
0.774945 -1.269788 2.521514
3.010271 -2.691706 -0.153407
0.607648 -3.900379 -0.526532
2.886754 -2.555369 -1.164960
2.342456 -2.932266 -1.547254
2.959268 -0.895532 -1.731005
2.128894 -3.027913 -1.654656
0.870759 -1.612753 2.488166
0.703472 -1.692229 2.478161
1.859244 -1.832042 2.197848
3.121998 -1.945069 -1.267838
1.418906 -2.233772 2.224938
2.428860 -3.134882 -1.089054
-0.133494 -3.761751 -0.513994
1.176288 -1.388229 2.480064
2.434450 -1.603229 1.887605
2.021613 -1.976362 2.070450
2.844270 -0.789744 -1.862990
2.465034 -0.252029 -2.067421
2.711461 -1.447387 -2.049031
0.865200 -3.849900 -0.811259
-0.370775 -3.017945 -1.895878
3.401570 -1.658357 0.077703
1.335913 -1.835226 2.378845
3.165467 -1.556998 -1.364203
2.699622 -3.031734 -0.635371
1.508648 -1.673905 2.367190
1.111321 0.690285 -3.083995
1.328873 2.085804 -2.945375
1.128973 0.479425 -2.997156
0.568388 0.870198 -3.144938
1.923273 2.399497 -2.368345
1.590036 0.133996 -2.605366
0.908165 2.779983 -2.479543
1.732023 2.078216 -2.761760
2.261271 1.329513 -2.529021
0.396597 1.757045 -3.099746
-0.206663 2.276145 -2.581161
1.774991 0.831987 -2.876000
1.018864 1.072455 -3.179986
1.730721 0.310566 -2.654446
2.106512 0.485935 -2.444858
-0.599963 1.438435 -2.587970
-0.400139 1.240106 -2.781656
0.131401 1.751953 -3.021010
1.923472 2.072600 -2.625408
0.775420 0.952219 -3.175318
0.493860 0.417639 -2.970962
0.342202 2.243078 -2.881376
1.229443 3.973414 -0.008208
1.061374 3.959024 0.521706
1.914193 3.687208 -0.538826
1.779699 3.682495 1.110940
0.734387 3.921186 0.123389
1.647443 3.804907 -0.471548
2.528441 3.330581 -0.399515
2.984410 2.833199 0.130376
1.881978 3.813100 -0.229833
2.945425 2.319168 1.047985
1.727940 3.084994 1.780381
1.916374 2.553772 1.955485
2.254858 3.687865 0.157067
2.194447 3.447361 -0.689618
0.503130 3.776944 0.725105
2.756466 1.053050 2.072607
3.068579 -0.804705 1.921759
1.190311 0.714495 2.679034
1.020913 0.932279 2.582975
2.803463 0.046420 2.329529
2.764597 1.530877 1.670222
2.703653 0.860630 2.212348
3.223815 -1.099930 1.527149
2.664367 -0.602904 2.334050
1.847143 -1.351223 2.332314
1.786588 -1.200050 2.438523
1.833813 0.414607 2.710057
1.865118 -0.172449 2.732981
0.749163 -0.799673 2.575367
2.626320 1.227183 2.057994
1.397717 1.237324 2.459894
0.650143 -0.266741 2.670030
2.186722 -1.116861 2.365607
3.236630 0.721728 1.768270
1.285758 0.897770 2.621129
2.339271 -0.867330 2.418799
3.118479 1.474450 1.260379
0.620131 0.618278 2.594005
2.950809 -1.148373 1.830960
2.255291 1.330573 2.204751
2.052486 -2.273582 1.952766
0.992821 -3.668378 1.262343
2.792625 -2.995366 -0.385202
2.483980 -3.175810 1.169417
2.958042 -2.708694 0.764557
2.934919 -2.876313 -0.117339
1.203154 -3.254406 1.738795
2.279415 -3.669902 0.342266
2.981430 -2.503374 0.882731
1.264606 -3.942797 -0.174989
2.500905 -2.792058 1.472696
1.641879 -3.932612 0.413963
2.420815 -2.691832 1.600089
2.216850 -2.633782 1.776317
1.869437 -3.856944 0.496536
1.485210 -0.152156 -2.679719
2.007683 -0.859739 -2.718261
1.798878 -1.116840 -2.917067
2.086123 -1.973004 -2.532371
1.337647 -0.004693 -2.615676
1.245859 -2.486198 -2.710598
1.109641 -1.767384 -3.115586
1.936564 -1.987522 -2.662307
0.755055 -0.334985 -2.954647
1.801973 -1.626464 -2.886314
0.464370 -2.010184 -3.027347
1.830447 -0.637206 -2.772733
1.819111 -2.560218 -2.291009
2.363490 -1.257887 -2.401581
1.544058 -2.549943 -2.518477
0.367494 -1.620938 -3.122816
-0.474567 -1.220104 -2.716581
0.062149 -2.209956 -2.791954
3.536865 -0.324576 -1.363855
4.027689 0.403968 -0.718866
3.587932 1.431585 -0.183971
3.879668 0.082056 1.242308
2.994166 -0.458815 -1.644539
3.533014 0.215288 -1.387627
4.043244 0.879958 0.193405
3.607358 -1.333173 -0.441914
3.592179 0.726936 1.360600
3.670597 -0.985529 -0.867643
3.791009 -0.502701 -1.049449
3.615098 -1.425717 -0.035949
3.527142 0.548636 1.505282
3.990055 -0.180947 1.061960
3.913554 0.693617 -0.752208
4.030462 -0.739055 0.624010
4.216959 -0.379266 0.210250
3.653751 1.345287 0.489140
3.536615 1.352945 0.752183
3.976697 0.426996 1.006593
4.201571 0.255548 0.488189
4.004736 0.751516 -0.489351
4.106072 -0.258346 0.803042
3.722660 1.051764 -0.716952
2.768420 -0.179500 -1.762201
-3.456259 -0.582028 1.654577
-3.547330 0.419459 1.639488
-4.255912 0.334278 0.835576
-3.270047 0.158297 1.841939
-3.741323 -1.562567 -0.611471
-3.825597 -1.565561 -0.192208
-4.263679 0.900535 -0.480447
-4.354494 0.767537 -0.005494
-4.286775 0.017250 -1.032403
-3.891714 -0.288438 1.373078
-4.199789 0.723094 -0.921951
-4.290919 -0.609507 -0.795830
-3.693467 0.982595 1.263704
-4.173482 -1.120004 0.118039
-4.145879 -0.137899 -1.274953
-4.388256 0.517572 -0.540479
-4.162466 1.065873 0.345146
-3.783248 -1.281530 0.869460
-3.973353 -1.006330 -1.091876
-3.919734 1.468749 -0.051684
-4.341540 -0.413220 -0.795684
-4.474851 -0.297791 0.015856
-3.684474 -0.255245 1.569934
-3.470908 -0.131800 1.734473
-4.466176 -0.208507 0.208569
-4.341522 -0.223148 0.676971
-4.033178 0.634506 -1.278494
-3.627342 -0.483179 1.564855
-3.734689 1.591217 -0.522316
-3.791639 0.127140 -1.693009
-3.708460 -0.640484 1.442695
-3.623737 0.662194 1.503702
-3.671796 0.101680 1.595924
-4.358872 -0.537647 -0.644341
-3.912026 1.269523 -0.857137
-4.496683 0.051697 -0.166907
-3.851214 0.551399 -1.539268
-4.454762 0.115864 -0.515740
-4.103938 -0.924577 0.734590
-1.254480 0.981117 -2.919350
-1.891253 -0.701539 -2.959005
-1.059130 -0.309497 -3.066302
-1.548435 0.515432 -3.045853
-3.039464 0.013624 -2.541415
-0.950285 -0.899529 -2.918966
-1.972022 0.104679 -3.031237
-3.562933 -1.506715 -1.137032
-2.533974 0.356107 -2.817975
-2.736219 0.824666 -2.595080
-3.044867 -1.337491 -2.091854
-2.719239 0.427418 -2.711286
-1.858306 0.681630 -2.969977
-0.590131 -0.479410 -2.947640
-3.676736 1.234001 -1.265169
-1.252742 0.186964 -3.091676
-2.533911 0.054046 -2.842711
-3.604327 1.405717 -1.197858
-3.101642 0.539103 -2.425520
-1.038592 0.471013 -3.040662
-2.119817 0.314486 -2.977446
-3.606544 -1.150989 -1.507989
-0.539185 -0.188515 -2.968825
-3.531560 -0.448858 -2.009378
-2.469004 0.836422 -2.731538
-3.252992 -1.681869 -1.490174
-1.718964 -1.171504 -2.817935
-1.950515 1.047966 -2.828220
-2.555279 -1.323574 -2.458947
-3.246891 -1.153120 -2.017036
-2.921937 1.111807 -2.339969
-1.539760 1.068472 -2.881146
-1.764104 0.443430 -3.035470
-0.460220 3.728321 1.904130
0.603516 2.242701 2.745746
-2.131409 3.499130 1.660336
-2.303920 0.068464 2.566158
-3.311949 1.184880 1.845904
-0.495771 4.253953 0.220225
-2.840791 1.730164 -1.958479
-3.247263 1.721057 -1.469757
0.537984 0.916313 2.965608
-2.738057 3.370307 1.004677
-3.340084 2.495847 1.146873
-1.363691 2.245077 -2.610108
-3.404531 2.296465 1.215779
-1.800042 3.331444 2.120485
-0.825414 1.622701 -2.832383
-0.479546 4.183294 -0.449662
-3.014382 0.187516 1.967052
-1.879981 3.413487 1.976591
-3.069792 1.935987 -1.638690
-1.418478 2.516464 -2.480475
-2.142096 3.302594 1.921920
-0.439449 4.014842 1.368781
-1.714471 1.783331 -2.642698
-1.023183 3.826343 1.746496
-1.896053 2.334099 -2.397764
0.220312 3.883505 1.324071
-1.448828 4.173763 0.368281
-0.119812 4.166218 -0.258277
-2.753095 1.603916 2.461560
-1.354056 2.839263 -2.313194
-3.487488 2.515733 -0.047085
-0.895988 3.654326 2.022192
-3.314753 2.846846 0.246423
-2.806612 0.124507 2.173274
-1.979164 3.948148 0.725809
-1.001200 2.472789 -2.574042
-1.910464 2.498827 -2.312878
-3.215702 2.829700 0.945633
-0.652988 3.203342 2.511882
-3.519206 2.469424 0.138321
-1.618786 2.912933 2.576041
-0.524863 3.987090 -1.055840
-3.621988 2.204756 0.340675
-3.212848 2.590343 -0.940760
-1.182379 3.760524 1.817043
-3.020354 2.424311 -1.429164
-3.243390 2.708830 1.091941
-2.604162 2.909540 1.916410
-2.126598 1.716049 -2.478735
-3.136924 3.037595 0.671968
-2.991718 3.235233 0.568694
-2.563782 2.208806 2.434481
-2.529162 1.514246 2.655921
-3.736927 1.766830 0.027737
-3.222667 1.817528 1.868631
-3.017784 1.903797 2.109821
-3.230425 2.373930 -1.129806
-3.668781 1.740549 -0.482580
-1.365088 3.824113 1.645428
-0.613581 2.864226 2.764566
-3.262969 0.764571 1.863392
-0.596260 3.884745 1.665232
-2.955748 3.155845 0.981794
-3.495056 2.113805 1.152069
-1.562331 3.897980 1.387493
-3.506820 1.768092 1.361998
-0.844499 3.325718 -2.004195
-1.661559 1.520202 -2.701412
-2.617133 3.566817 0.678521
-3.413245 2.059794 1.402339
-2.985481 3.039675 1.157824
-3.484246 2.521455 0.447460
-1.288960 3.926093 1.478862
-2.835501 2.714375 1.829613
-1.864861 2.980891 2.416630
0.003811 2.958227 2.593092
-1.377369 -2.907926 2.656099
-2.144212 -0.122393 2.687062
-2.070277 -3.930921 0.571604
-1.371036 -1.815320 -2.732334
-0.954985 -2.427380 -2.598917
-2.690055 -0.688088 2.491621
-3.348580 -2.310367 -0.941052
-3.615948 -1.989109 0.854965
-2.041520 -1.531993 -2.549062
0.465641 -0.789030 2.982207
0.656467 -0.881342 2.904750
-3.303768 -2.305992 1.437379
-3.585356 -2.310684 0.204043
-1.921872 -1.679069 -2.581823
-0.824277 -2.088380 -2.730865
-0.584200 -3.906133 1.626577
-1.212367 -3.093789 2.556030
-3.640353 -2.146336 0.337923
-3.349131 -0.983251 1.767873
-1.508417 -3.317597 2.269973
-0.989906 -4.235379 0.530598
0.358449 -2.190048 2.881028
-0.193359 -4.133157 -0.507166
-2.883392 -3.145637 1.181357
-0.854340 -3.201943 -2.117689
-3.702704 -1.907223 -0.018344
0.176959 -2.691611 2.712298
-3.391370 -1.929582 1.526627
-0.474097 -4.003208 1.407330
-3.587222 -2.262387 0.503717
-1.710165 -3.742398 1.599595
-2.140189 -3.753194 1.138371
-1.255506 -3.957223 1.427085
-1.371423 -3.035564 -2.169674
-3.119996 -2.365007 -1.324499
-1.937121 -2.530722 2.677822
0.072509 -4.050737 0.981430
-3.746395 -1.474345 0.651138
-1.180810 -1.992441 -2.725342
-2.986776 -2.739480 1.584638
-3.117569 -2.812718 1.240223
-2.741889 -1.782198 -2.036887
-3.456807 -2.352195 0.986869
-2.420014 -3.357074 1.569017
-2.381078 -2.874070 2.161369
-1.824820 -3.563513 1.811304
-3.104704 -2.546244 1.588323
-3.752893 -1.678798 0.076198
-2.791468 -1.788832 2.384038
-1.805419 1.757952 3.136392
-1.599390 2.288100 3.020225
-0.861371 2.582099 3.006515
-1.762929 1.062446 3.206438
-1.193424 2.079795 3.252082
-2.216853 1.823204 2.823505
-1.532952 1.613372 3.289239
-0.335336 2.357766 3.096799
-0.582783 1.452516 3.425920
-1.190923 2.684625 2.878391
-0.218110 0.514830 3.217582
-0.240246 0.243852 3.093954
0.018849 2.045486 3.129398
-1.984031 0.908878 3.053656
-2.071770 1.458800 3.022534
-0.149400 0.729516 3.267992
-0.117050 1.810324 3.262617
-0.863823 2.374122 3.145476
-0.723907 0.246209 3.178907
-1.067780 1.827963 3.356484
-0.587868 2.626990 2.958992
0.251345 0.962245 3.142590
-1.870389 0.403855 2.944521
-0.461149 0.166488 3.103115
-1.946592 3.111867 -1.979384
-2.666979 3.294901 -1.274365
-3.127328 3.090643 -0.113206
-2.721123 3.612676 -0.452053
-2.400425 3.694041 -1.033667
-1.591817 4.194292 -0.311124
-2.075798 4.053315 -0.266952
-1.910640 4.116158 -0.234906
-1.789184 3.386198 -1.846296
-2.420563 3.802933 0.249935
-2.704761 2.638549 -1.700696
3.210693 2.172883 1.313836
3.231756 0.877572 -1.932026
3.295017 2.160127 -1.569440
-0.156969 3.756522 -1.632559
2.362491 1.618758 2.358999
0.402630 4.103757 -1.118852
1.625152 4.062910 -0.826549
3.229658 2.638855 -1.231411
1.095864 1.449309 2.831186
3.065413 3.071979 -0.855103
3.667962 1.259986 -1.058882
0.132051 3.892660 -1.530377
0.317776 3.900459 -1.584228
3.613187 2.167887 0.171505
3.318002 2.064275 1.195055
3.016687 0.847420 -2.201668
2.570216 2.605572 -2.202928
-0.210800 3.524760 -1.955285
0.917797 3.347431 -2.373752
1.356586 2.151703 2.644692
1.097162 3.753126 -1.851065
3.043544 1.389978 -2.194095
2.895467 3.208632 -1.014464
2.386849 3.242119 -1.770232
3.560007 1.089363 -1.361045
2.983418 1.833041 -2.172360
2.258446 3.041682 -2.110189
1.667143 2.304062 2.501009
2.308693 2.365012 2.154722
2.628457 2.943310 -1.853999
2.261662 0.339235 -2.702442
2.831075 2.859681 -1.686947
3.023208 2.475905 1.383529
0.613596 4.193027 0.449515
1.475836 1.655216 2.736613
1.391706 1.955089 2.695042
3.541844 1.529652 -1.365309
3.293673 2.835962 0.178690
1.440095 3.396513 -2.211655
3.307833 0.602713 -1.736107
3.702831 1.802191 -0.624240
2.109072 2.797546 -2.417701
1.958900 3.469678 -1.848955
0.908203 4.158555 -0.975928
3.107790 2.660404 -1.462578
2.391289 2.676223 -2.305680
0.485114 2.847639 -2.766825
2.243919 0.718420 -2.813042
3.467280 1.025142 -1.557883
1.169131 4.009392 -1.339826
-0.072092 2.980083 -2.556060
3.673588 2.004275 -0.467070
1.863961 1.531273 2.626949
3.714736 1.889102 -0.197065
-0.195915 3.315854 -2.208302
2.074386 0.420907 -2.833234
2.141198 2.497086 2.191852
2.621895 2.130756 -2.418771
3.217459 2.334446 1.185066
3.039414 2.059978 1.621803
2.679555 2.078891 1.995284
3.528581 2.446887 -0.227385
3.267511 2.862487 -0.630191
2.307243 3.486878 -1.491084
0.400057 3.915612 1.182296
0.494681 3.770518 -1.847346
-0.509380 1.773063 -2.935618
-0.716825 1.877951 -2.806885
-0.382667 -1.116079 3.396671
-1.716784 -1.422382 3.234880
-1.257792 -2.404164 3.071727
-1.746681 -1.916553 3.118900
-1.202726 -0.551432 3.276613
-0.583150 -1.506960 3.421119
-0.667090 -2.796816 2.817475
-1.009168 -0.994343 3.414565
-0.649350 -0.988673 3.418647
-1.861059 -0.355701 2.922116
-0.394135 -2.096782 3.242470
-1.935386 -1.807286 3.044963
-2.124386 -1.497039 2.977003
-0.338616 -0.749162 3.325712
-0.195692 -0.897118 3.321591
-0.997860 -2.057876 3.289915
0.476068 -1.433995 3.019663
-0.705328 -0.191681 3.146397
-0.150738 -2.277180 3.087299
0.412939 -0.820777 3.010459
-0.372191 -1.342931 3.400157
-1.986461 -2.283915 2.785379
-0.093719 -1.686092 3.284538
-0.857637 -1.426856 3.438286
0.243769 -0.958658 3.146962
-1.356311 -2.538496 2.950288
0.306050 -1.324407 3.138478
-0.872293 -2.200527 3.237372
-0.883169 -0.728223 3.370228
-2.011670 -1.621019 3.039901
-0.935095 -2.666444 2.936064
-1.617292 -4.191860 -0.172754
-2.841646 -3.421625 0.243063
-1.353625 -3.448491 -1.887513
-2.029741 -3.974405 -0.852838
-2.224966 -3.834687 -0.971189
-0.758384 -4.054936 -0.938117
-3.047006 -3.073557 -0.813769
-0.890240 -3.948852 -1.239034
-2.593741 -3.454381 -1.165900
-1.421667 -3.969173 -1.237950
-1.475584 -4.058000 -1.033778
-2.543296 -3.092777 -1.602476
-2.644491 -3.696665 -0.282223
-3.034505 -3.226772 0.000864
-2.702795 -3.087132 -1.433890
-3.194244 -2.905962 -0.532155
-1.697062 -3.808700 -1.420407
-2.288458 -3.907275 0.163593
-1.080226 -3.952618 -1.276706
-2.291430 -3.255888 -1.687074
-1.348577 -4.223947 -0.294477
-2.527348 -3.703778 -0.776720
-1.765477 -3.162637 -2.013338
-0.937970 -4.127148 -0.817263
-2.904524 -3.253719 -0.896958
-2.014983 -3.367228 -1.765872
-2.431170 -3.650921 -1.072927
-2.811124 -3.451268 -0.721905
-0.673538 -1.691926 -2.870114
-0.709218 -1.501819 -2.879062
1.275790 -1.651202 2.780808
3.713480 -1.893623 -0.297709
2.008664 -3.832500 -1.106438
1.467076 -1.446866 2.763539
0.461055 -4.171987 0.492671
1.268780 -2.084731 2.683743
-0.216919 -3.229002 -2.284451
1.877460 -3.352488 -2.051368
3.356596 -2.355007 -1.274153
-0.263055 -2.695588 -2.675784
1.803201 -3.214089 -2.241224
0.719273 -2.491236 2.578364
1.478689 -2.704963 2.362752
3.580491 -1.928958 -1.054580
3.394706 -2.658392 -0.606371
3.027833 -1.036056 -2.215821
3.323637 -0.681455 -1.741797
1.296145 -4.053949 -1.157373
3.625539 -2.165321 0.080914
1.725584 -2.151966 2.537692
2.879184 -2.272369 -2.099769
2.225001 -3.226308 -1.943279
3.025053 -2.734801 -1.527586
3.622704 -1.529897 -1.152670
1.434530 -4.181803 -0.237646
2.607226 -0.897990 -2.597692
-0.524703 -1.070094 -2.983295
1.876975 -3.569536 -1.765289
2.897074 -3.367764 -0.208946
2.346520 -2.003242 -2.671971
3.502335 -1.996403 0.837626
3.538619 -1.067705 -1.413744
3.713260 -1.883568 -0.038751
1.745981 -1.494228 2.675780
3.519225 -2.336698 0.369955
0.401643 -3.829913 -1.731696
3.553124 -1.462739 -1.358876
2.745490 -3.230418 -1.296731
2.683120 -3.549115 -0.446367
3.250622 -2.016456 1.341877
3.347036 -2.729411 0.257561
3.297060 -2.127358 -1.590468
0.966496 -3.573107 -2.119273
0.592727 -3.917346 1.208957
0.260667 -4.202507 0.182696
-0.400704 -0.532960 -2.958987
0.901720 -2.801822 2.406536
1.477074 -2.363529 2.534931
0.890136 -3.967334 -1.501022
2.500051 -2.621840 -2.254708
2.286241 -3.799993 -0.657398
3.486676 -2.460914 -0.650254
2.277301 -2.511065 2.098672
3.243538 -1.743916 1.468111
3.288868 -2.742767 0.485727
1.762245 -1.837142 2.614162
3.228748 -2.914304 -0.658478
2.884777 -1.220234 -2.373985
0.287043 -4.217095 -0.481988
0.941695 -4.160146 -0.957445
2.124503 -1.552791 2.505985
2.064049 -0.143445 -2.741248
0.154226 -3.324843 -2.324945
2.374298 -2.357483 2.113717
-0.072063 -2.781957 -2.691705
-0.487623 -0.689797 -2.955519
1.900868 -0.087071 -2.796614
3.131044 -3.002962 -0.813257
0.617894 -3.832463 -1.758702
2.007034 -2.428235 2.301175
0.899239 0.398991 -3.252937
0.919675 2.299485 -3.185301
2.129367 1.586614 -2.959237
0.738301 2.609828 -2.986106
0.564150 2.395947 -3.119104
1.452777 2.247611 -3.102407
0.191807 1.111688 -3.349427
0.557875 0.473636 -3.272412
0.458214 0.181269 -3.110916
1.750566 1.143738 -3.218873
1.257557 1.677461 -3.357567
0.918230 2.454374 -3.093964
-0.177853 1.163367 -3.206038
1.027504 1.656298 -3.399031
0.024017 2.169189 -3.093566
-0.480121 1.331742 -3.022645
1.276760 2.564487 -2.955109
2.254546 1.355603 -2.879509
-0.236451 0.534036 -3.025082
1.943906 1.259720 -3.116350
-0.438035 1.514244 -3.038215
0.994338 3.893632 1.362297
3.065032 3.042604 0.809726
1.699714 3.814483 1.410841
2.572939 2.749829 1.775978
1.901392 4.117635 0.130026
1.371226 3.343217 1.968445
2.128949 3.318547 1.743333
2.109684 4.038249 0.298401
1.954180 3.349960 1.809797
2.975671 3.273391 0.621755
2.429095 3.779636 -0.307821
1.958894 4.044983 0.701679
1.890338 2.987099 2.069426
1.241795 4.048582 1.093422
1.836889 3.567661 1.660776
2.096688 3.833989 1.119866
2.799730 3.424722 0.822320
2.768316 3.515259 -0.209541
3.094467 3.093833 0.582336
1.062906 4.190970 0.596137
1.720156 0.974878 2.900474
2.881379 0.890894 2.476148
3.440358 -1.358029 1.585955
2.318681 0.143204 2.928130
1.506961 0.890509 2.950837
3.166630 -0.707567 2.318725
2.416757 1.357381 2.509584
1.672135 0.684120 2.997790
3.403823 -1.043294 1.902177
1.785831 -0.218461 3.059498
3.712455 -0.764958 1.607941
1.601120 0.066357 3.089432
2.724932 1.145104 2.460657
2.963225 -1.289942 2.197372
1.223199 0.750911 2.993891
2.840557 0.314896 2.656868
3.331242 -0.485944 2.228195
3.721280 0.889990 1.509854
2.542994 0.462689 2.796606
2.068574 1.138825 2.758467
3.020194 1.351066 2.104675
3.581872 -0.793293 1.805565
1.915166 -0.354621 3.022132
1.703338 0.347634 3.057823
3.224483 -0.218957 2.378059
3.373213 -1.238542 1.797600
0.919004 0.486593 3.021343
3.118794 -1.654632 1.712011
2.669903 1.352388 2.372702
2.546895 1.159751 2.555974
3.138797 -1.150888 2.129230
2.356139 -0.673131 2.829393
2.786894 0.016457 2.710339
3.530370 1.337139 1.453748
1.977623 1.421596 2.631923
2.541691 -0.955686 2.651784
3.193977 0.939276 2.196128
2.634622 -1.216057 2.475734
2.885927 -2.521981 1.539602
1.622991 -3.446964 1.844571
1.960637 -4.071270 0.564372
3.006420 -3.107352 0.881539
2.137511 -3.934737 -0.361095
1.620436 -4.164710 0.562188
2.761612 -3.570615 -0.003603
2.135774 -3.755214 1.226569
1.706880 -3.819324 1.398942
1.564206 -3.969434 1.196093
1.229918 -3.732646 1.605215
2.471164 -3.509633 1.250648
1.329797 -3.137944 2.103453
1.235410 -4.126215 0.881029
3.232613 -2.817983 0.525903
2.254350 -3.114783 1.816742
1.027807 -4.216303 0.287649
1.861864 -4.080881 -0.224864
0.861889 -1.451409 -3.436416
0.838264 -0.327844 -3.222476
0.224732 -1.283933 -3.365361
1.790811 -2.404078 -2.841381
0.128480 -0.429318 -3.151557
1.287994 -1.307493 -3.388572
1.740973 -0.338507 -2.986417
1.263106 -2.688555 -2.855536
0.087946 -0.846392 -3.275790
2.138977 -1.263231 -2.980764
1.859867 -1.342637 -3.166446
0.962828 -0.650250 -3.343934
1.117351 -1.830101 -3.348963
-0.417370 -1.306248 -3.066480
-0.200681 -1.805394 -3.123471
1.258224 -0.169324 -3.079593
0.432712 -0.578574 -3.293221
2.193459 -1.934048 -2.801570
0.606437 -1.189490 -3.433226
0.662897 -0.881626 -3.402381
2.263543 -1.183020 -2.871879
-0.019695 -1.858381 -3.195940
4.389250 0.089674 -0.571945
4.178773 0.902519 0.783782
4.010650 -0.214884 -1.249654
3.743387 -1.124164 -1.092984
4.301753 0.476961 0.865058
3.489804 0.606347 -1.624417
4.064401 -1.215103 0.553597
4.275048 -0.359700 -0.785343
3.644455 1.133140 -1.195879
4.490786 0.143209 0.213075
3.847029 0.988125 -1.090061
3.381435 -0.314438 -1.764623
4.365356 0.270583 -0.596001
3.875619 1.189031 1.045198
4.186285 0.791943 -0.691321
4.479744 -0.278394 0.059883
3.848885 1.053810 1.230374
4.064921 1.274327 0.355844
4.026476 1.261192 -0.379246
3.310191 0.583730 -1.738957
3.816796 -1.373601 -0.666673
4.420109 0.207725 -0.437922
3.738359 -1.258532 1.157180
3.949472 1.433446 0.243017
4.416265 0.045549 0.688488
4.236195 0.125691 1.124195
4.360332 0.277243 0.808334
4.115181 0.512664 -1.016744
4.085669 -0.883482 -0.810184
4.296452 -0.650454 -0.537036
4.158665 0.293600 1.225828
-4.450855 1.116559 -0.316272
-4.400307 -0.163331 1.117306
-4.215543 -1.480025 -0.326336
-4.705935 0.376201 0.008283
-4.494722 0.423031 -1.064413
-4.119237 1.233494 0.930589
-4.354628 0.007735 -1.401996
-4.564014 0.787101 0.328913
-4.175705 -0.267085 -1.621348
-4.558705 -0.912809 -0.085268
-4.584627 0.513716 -0.769982
-4.418362 0.764334 0.819938
-4.166984 1.125541 -1.170385
-4.619480 -0.718868 -0.306115
-4.163003 -1.032104 1.069930
-4.710801 0.138476 -0.434756
-4.432577 0.048516 1.071021
-4.278183 1.407614 0.003086
-4.208711 -1.171487 -1.045574
-4.290434 -0.933494 -1.140136
-3.700395 0.447985 1.823997
-4.028937 1.133879 1.169515
-3.967324 -1.134794 1.249928
-4.109859 -0.748754 1.336424
-4.737812 0.050215 -0.101502
-4.592921 -0.468165 -0.778110
-4.302440 -0.156209 1.270412
-1.084446 1.088252 -3.199037
-2.004481 -0.406909 -3.316184
-1.454171 -0.118534 -3.406731
-3.721198 0.235756 -2.310119
-3.873482 1.432245 -1.432835
-1.761483 0.798819 -3.278849
-1.589334 1.261714 -3.132460
-2.525474 -1.392385 -2.825437
-2.644721 -0.238087 -3.123549
-4.029702 0.901195 -1.611077
-3.679207 -1.616779 -1.591321
-3.345860 1.544691 -2.125335
-3.509167 -0.908003 -2.356581
-2.156236 -1.486419 -2.913468
-3.481688 -1.089345 -2.295891
-1.754921 -0.957146 -3.233166
-3.490281 1.675035 -1.820678
-0.859944 0.295635 -3.354516
-3.901478 1.549895 -1.186502
-0.945317 0.138104 -3.378647
-3.709311 -0.955358 -2.099313
-2.178466 0.562283 -3.247937
-2.134467 -0.046697 -3.312744
-1.009014 0.672488 -3.315261
-3.695614 -0.548342 -2.278998
-1.232117 -1.150526 -3.186232
-3.059646 0.835199 -2.767256
-3.312630 -0.170410 -2.715614
-1.652229 -0.742492 -3.306495
-1.597175 0.902775 -3.266424
-3.760353 0.538856 -2.201797
-3.514721 -0.491666 -2.488661
-0.709136 0.390948 -3.314749
-3.529724 0.992705 -2.293646
-1.554099 3.314703 -2.338303
-1.076497 2.547361 -2.906874
-3.769641 2.721010 0.401831
-0.990981 3.164293 2.962978
-0.438697 3.082259 3.015592
-3.400263 3.239760 0.748944
0.051064 0.631739 3.455723
-0.429517 3.748141 2.431465
-0.725550 3.861904 -1.922047
-1.885862 1.637077 -2.972048
-1.217897 4.019192 2.040410
-3.644915 2.499686 1.383242
-3.436183 3.266653 0.231326
-2.702825 2.333705 -2.333673
0.258522 2.736380 3.065217
-2.937964 2.650102 2.344363
-1.508341 4.470935 0.729554
-1.294653 0.119064 3.370706
-0.470464 2.577924 3.295917
-2.648952 1.370440 3.001864
-1.431150 2.967445 3.019058
-3.010555 3.418545 1.409937
-2.884740 2.932867 2.183120
-1.022618 3.452702 -2.335824
-2.671488 0.359782 2.860963
-3.827828 2.547677 0.623096
-3.292959 3.200089 1.209747
-2.238105 1.196803 3.246590
-2.411512 3.047073 2.509664
-2.789201 3.911519 0.242631
-3.761107 2.546814 0.966750
-3.629243 2.546113 -0.975138
-3.587050 2.150245 1.785988
-3.110831 2.544464 -1.830502
-1.119876 4.571492 -0.060746
-3.346631 0.970328 2.360722
-3.121011 3.391415 1.234033
-2.862983 3.838024 0.490646
-0.410499 4.527791 -0.437677
-2.683317 2.148617 -2.423087
-3.196599 0.407112 2.402330
-1.965026 2.497634 3.090369
-3.248343 3.093858 -1.092677
-1.126438 4.383765 -0.938795
-3.617882 2.713365 1.178836
-2.186838 3.172269 2.558017
-3.814915 2.236872 -0.802653
-0.700778 3.729827 2.472383
-3.160002 1.925604 -2.072668
-2.899530 1.331535 2.815427
-2.945149 1.970220 -2.268988
-3.275794 0.573444 2.365951
0.272551 0.954930 3.435431
-0.664772 2.830538 3.181892
-3.267293 3.427381 0.640372
-1.565648 2.744744 3.111552
-1.419417 1.413954 -3.126172
0.126775 3.210329 2.803310
0.460933 3.867995 1.938512
-4.016384 1.326607 1.075465
-2.622626 3.786476 1.346550
-3.359090 2.873971 1.567806
-1.039600 2.105898 -3.066375
-3.086828 1.166483 2.651558
-3.544437 3.065855 -0.241610
-2.886557 2.307476 -2.191684
-2.756808 2.555955 -2.177258
0.277921 3.677472 2.298448
-1.338928 4.494407 0.799801
-2.848977 0.921690 2.844581
-3.265019 3.471377 0.096705
-2.346544 2.646832 -2.424876
-0.065816 4.509891 0.621776
-0.866279 0.177481 3.436216
-3.648559 0.739292 1.885643
-2.577987 1.710535 3.008527
-0.272461 3.554847 2.609276
-2.517486 1.100654 3.090254
-3.383397 3.226336 -0.472250
-4.005812 1.828812 -0.484045
-1.530685 1.926054 -3.028008
-0.529438 4.547601 0.775282
0.672861 2.372519 3.063306
-1.971553 1.847988 -2.903116
0.689257 2.780219 2.852103
-1.447686 3.127459 2.908168
-1.452181 2.507263 -2.859436
-2.153349 4.257433 0.664307
-3.906830 1.120999 1.416654
-2.371094 1.004140 3.170647
-0.360533 0.375910 3.473929
-2.071734 2.680277 2.952220
-1.403972 4.250535 1.548565
-0.197245 4.235884 1.638012
-3.199105 1.434785 2.527583
-3.402597 3.259135 -0.263610
-3.163142 1.744905 2.513870
-1.920470 3.232925 2.653612
-2.787507 3.532134 1.582997
-0.883297 2.747329 -2.828157
-1.209992 3.752441 -2.001613
-2.542420 3.959068 1.031448
-3.471921 2.258727 -1.520241
-0.044564 2.784885 3.127093
-3.571410 2.746969 -0.864022
-3.430120 2.572250 -1.357381
-2.890230 3.289759 1.796642
-1.171233 -4.376007 1.341374
-1.804740 -1.860120 -2.961860
-2.366841 -2.505786 2.879605
-1.444854 -3.268005 2.803846
-0.601129 -3.570067 2.635902
-3.398062 -2.653242 1.731827
-2.433601 -2.169269 -2.583893
-1.289962 -4.371733 -0.906256
-1.982281 -4.220112 1.147908
-2.245838 -3.252850 2.449711
-3.149269 -2.330722 2.306742
-2.239433 -4.051741 1.284395
-3.374723 -2.725213 -1.307751
-0.435527 -4.478462 1.065140
-3.285996 -3.199808 1.225579
-3.125939 -1.667476 2.567102
-0.888792 -4.372231 1.422456
-0.879091 -4.553472 0.765555
-3.594532 -1.699703 1.964293
-1.498637 -2.708304 3.148761
-2.191113 -3.393672 2.351201
-0.280950 -4.139350 1.853475
-2.542206 -1.504204 3.059851
0.526191 -2.722189 2.967258
-0.786908 -2.860827 3.166042
-3.441403 -0.381486 2.079643
-3.716897 -2.359586 -0.950768
-3.856201 -2.277673 1.003214
0.569815 -0.899409 3.323188
-1.388551 -3.262738 -2.428201
-1.445629 -3.579147 2.523695
-3.646322 -2.307787 1.557869
-3.349291 -3.301535 0.757490
-1.461866 -4.028973 1.943738
-3.084846 -3.064160 -1.405000
0.674518 -3.075314 2.663229
-2.177253 -0.195506 3.104838
-1.064490 -3.549759 -2.241896
-2.753080 -3.175545 2.092383
-1.942989 -3.619558 2.261676
0.183357 -3.062427 2.893510
-3.405865 -1.855903 2.194191
-2.882537 -2.605456 -2.032949
-2.842447 -2.952636 2.210057
0.822477 -1.609374 3.193722
-0.018703 -0.577315 3.461829
-0.466995 -3.044943 3.043742
-2.784175 -2.517878 2.568945
-3.252456 -2.132492 -1.887842
-2.645517 -2.344240 2.766429
-2.497777 -0.496620 3.015410
-1.203855 -3.350929 2.791592
-2.233500 -2.284200 -2.655925
-3.938385 -1.263006 1.327560
-2.059797 -2.393660 3.092721
-2.962387 -3.252370 1.744194
-2.380445 -1.816565 -2.712894
-3.535221 -3.080961 0.624553
-3.226167 -3.513925 0.112112
-2.241229 -3.162396 -2.137226
-1.595592 -2.286490 -2.908226
-3.666357 -1.921439 -1.363929
-3.798899 -2.124462 -0.947138
-2.851661 -3.769773 0.895659
-2.649417 -2.954985 -1.998305
-1.422909 -0.032969 3.313434
-3.849347 -1.615975 1.491364
-3.285886 -2.660319 -1.511487
-0.957413 -2.256737 -3.027976
-1.878070 -2.719612 -2.622613
-2.365144 -2.851576 -2.288901
-0.188402 -3.933955 2.150297
-3.328731 -0.901385 2.371345
-1.092225 -3.939536 2.184753
-3.644812 -2.882036 0.710277
-0.976829 -4.286432 -1.217662
-3.442786 -2.044420 -1.675653
-3.652211 -1.104033 1.936228
-2.264024 -4.126639 1.018857
-2.975594 -3.413167 1.481585
-1.360071 -2.084235 -3.026400
-1.120680 -2.712917 3.219494
-3.040199 -2.105420 2.525773
-4.006676 -1.363447 1.099026
-0.975781 -1.449275 -3.185165
-3.680650 -2.668684 -0.653284
-1.388098 -3.067533 2.964769
-0.701124 2.426955 3.389858
0.023416 1.243090 3.537188
-1.377730 1.430766 3.609185
-1.846057 2.087896 3.288595
-1.570305 1.401864 3.554612
-0.967618 1.418595 3.674339
-0.159891 1.611201 3.572613
-1.004529 1.173403 3.673134
-1.344858 2.043480 3.493789
-0.985470 1.718333 3.636580
-0.244175 2.276096 3.395055
-1.407831 0.626483 3.512547
-0.672606 2.142792 3.519867
-1.517528 1.115257 3.569083
-2.713777 3.693380 -1.184163
-2.031618 4.158449 -1.090728
-2.176048 4.271533 -0.196311
-2.534384 4.029158 -0.682699
-1.961126 3.505408 -2.006521
-2.386743 3.826368 -1.380798
-1.772629 3.878105 -1.708025
-1.901178 4.370449 -0.219458
-1.499496 4.008169 -1.615106
-2.443682 3.283076 -1.905429
-2.699543 3.260442 -1.704593
-1.544855 4.139836 -1.397480
0.811845 4.464438 0.765334
0.797120 4.139364 -1.912626
2.882701 3.815710 -0.539949
3.313049 1.658020 -2.363838
1.579139 3.149728 2.459619
2.561066 3.023478 -2.412433
-0.643185 1.954533 -3.214798
3.508037 2.885866 -1.211330
0.871414 4.601617 -0.178303
2.495707 2.698143 2.296624
1.147538 2.890517 -3.120441
1.953085 2.119149 2.841344
3.025061 2.589136 1.897031
1.278298 4.224346 -1.660997
1.953008 3.632957 -2.239943
-0.191083 3.757670 -2.243913
3.534411 2.306693 1.381777
3.468579 3.009960 0.704479
0.962024 3.318971 -2.849867
1.911256 3.232454 2.263943
1.688354 3.563530 2.056849
0.155417 3.107364 -2.955230
3.126948 3.016576 1.397132
3.130719 3.589437 -0.543281
3.373389 1.337381 -2.334310
3.208463 3.280244 -1.255543
-0.021129 3.643278 -2.443325
3.265160 0.841880 -2.436256
3.847711 2.315724 0.589767
2.893398 3.536382 -1.402271
2.403549 2.062030 2.636744
2.854336 2.214466 2.259759
0.449663 4.369131 -1.407774
0.269369 2.910532 -3.101606
2.272688 4.229418 -0.390051
4.093491 1.711583 -0.269769
3.184946 2.482748 1.780271
3.241964 2.116870 -2.301823
2.729466 2.517537 -2.615379
1.028062 2.184498 3.044985
2.605124 3.940455 -0.950365
3.823402 2.578834 0.143801
3.547164 1.406069 -2.093547
2.164510 3.987032 -1.526314
2.814590 2.182629 -2.700730
-0.431985 1.165680 -3.391466
1.668149 1.582514 3.049475
1.989468 0.266006 -3.213670
0.806888 0.196649 -3.443588
3.542145 2.849892 0.781255
1.171007 1.818802 3.117883
3.836035 2.265927 -1.091812
3.129670 1.372835 -2.602313
0.860595 2.923440 -3.127935
3.854228 2.382160 -0.850484
0.680668 3.494160 2.315679
2.617305 0.771625 -2.993572
2.408677 4.131096 -0.627243
2.189099 4.223066 -0.768302
1.036465 3.757236 2.027847
2.758457 2.760316 -2.440956
3.554053 1.591082 -2.054210
3.490448 3.151081 -0.601602
2.979440 2.950053 -2.058296
3.168004 2.266615 1.923889
3.108689 2.080809 -2.465493
1.243200 3.589714 2.171243
3.976314 1.674919 0.705552
0.311310 4.497990 0.534726
3.164081 3.579748 -0.265847
3.440211 3.248931 0.020854
-0.234286 4.353425 -1.039938
0.340931 4.466536 -1.072514
0.147205 3.278661 -2.827013
3.280282 3.435839 0.101018
0.004669 3.992657 -2.001932
2.286664 1.544926 -3.201936
3.718931 2.745679 -0.711885
2.749906 2.451053 2.239006
1.125310 4.223719 1.316000
1.331371 4.420174 0.730458
0.903335 2.486442 2.947165
0.013352 0.679543 -3.478652
2.995897 2.443047 2.016820
3.368934 2.804932 1.233407
0.109349 4.272422 -1.523873
0.655245 4.287099 1.235133
3.045501 3.042836 -1.879424
-1.292975 -2.139283 3.470656
-1.659219 -1.528161 3.511441
-1.423006 -0.585501 3.494822
-0.523486 -0.995375 3.650660
-0.205205 -1.041065 3.596469
0.010683 -1.608012 3.518978
-1.761199 -1.794310 3.422655
-1.128227 -1.895408 3.580839
-1.891515 -1.303178 3.421508
-1.240282 -0.575147 3.535070
-0.660137 -2.503350 3.344878
-0.250343 -1.802155 3.561280
-1.091985 -1.458302 3.659603
-1.386627 -2.445880 3.299070
-2.934903 -3.440616 -1.209207
-2.963186 -3.190368 -1.449007
-2.161171 -3.310713 -2.059048
-2.587287 -4.013158 -0.584625
-2.605113 -3.949226 -0.797321
-2.325965 -4.011436 -1.111143
-3.165572 -3.329167 -0.870497
-2.812678 -3.858995 -0.422356
-2.829939 -3.317018 -1.507095
-1.800078 -4.398171 -0.281971
2.697498 -0.247343 -2.803310
2.402805 -4.092363 -0.852141
2.940938 -0.097258 -2.535364
1.579623 -3.186951 2.431369
3.297463 -1.674974 -2.380585
2.635075 -3.595047 -1.689271
-0.123211 -4.030413 -1.880433
-0.351574 -1.784080 -3.366618
2.222831 -2.096371 2.725987
-0.498003 -1.890160 -3.290960
0.719060 -3.899109 -2.269213
3.590530 -2.021691 -1.849874
3.360313 -1.991970 1.812800
3.025734 -2.194443 2.110416
3.027262 -1.838584 2.231134
1.674339 -4.172951 -1.560158
2.491230 -2.452662 2.431602
2.214037 -4.048453 -1.326479
3.289379 -3.431042 0.062574
3.923518 -1.882963 -1.159326
1.873046 -1.695889 2.968082
1.579342 -3.576703 2.085741
-0.404369 -0.896528 -3.386392
0.674540 -4.307260 1.189024
3.488234 -1.914186 -2.059927
1.388879 -0.298802 -3.408756
3.799116 -2.305128 0.778025
0.678365 -4.398089 -1.359440
2.812193 -2.152012 -2.715561
-0.229006 -3.493893 -2.518110
-0.218184 -2.899106 -2.986201
0.735191 -4.552989 0.385540
3.610656 -1.916174 1.469058
1.540077 -2.832768 -3.070560
2.474350 -3.040234 2.073565
1.141912 -2.163279 3.038703
3.101119 -0.671480 -2.579403
-0.196965 -1.891301 -3.394226
2.345012 -4.186194 0.062070
4.041517 -1.953228 -0.438799
1.375488 -4.497868 0.345376
0.891824 -1.539657 3.182277
1.686586 -3.554456 -2.461184
2.986171 -0.319421 -2.586224
2.989461 -1.988676 -2.617352
3.805697 -2.566125 -0.714811
1.147375 -3.086702 2.603004
0.800444 -2.612165 -3.291033
0.379788 -4.125281 -1.899337
2.034095 -3.281655 2.158570
3.921025 -2.288333 -0.672687
2.031990 -3.888042 -1.830664
3.575909 -2.385778 1.246805
3.107576 -3.134726 -1.679278
4.082118 -1.711375 0.106446
2.624657 -2.798293 -2.530107
1.137820 -4.575769 -0.351062
3.648836 -1.511616 -1.920433
0.122990 -4.547870 -0.223147
0.123357 -2.764664 -3.155287
1.358879 -0.058088 -3.337112
3.813327 -1.407947 -1.624306
3.755761 -2.016228 -1.527190
0.339390 -4.381666 -1.338605
1.939399 -2.086064 2.856796
3.322568 -3.385958 -0.506697
2.813599 -3.645177 -1.325569
2.345200 -0.874470 -3.173275
2.983977 -2.865907 -2.129630
3.711537 -2.723052 -0.817841
2.078153 -4.315650 -0.455892
0.096500 -4.328812 -1.374184
4.016857 -1.596194 -0.990341
4.006150 -1.915265 -0.785993
2.115920 -3.245371 -2.538411
-0.407836 -3.378919 -2.547455
3.159934 -2.396112 1.864753
2.471514 -2.641719 -2.741426
3.661664 -1.268400 -1.925030
1.825982 -3.464758 2.094711
3.853620 -2.474103 0.264576
2.111252 -2.481609 2.636237
3.262450 -3.476312 -0.170466
0.571385 1.902794 -3.590786
1.253342 0.546770 -3.523367
2.020809 1.657287 -3.316090
-0.178509 1.533132 -3.460690
0.320978 1.346194 -3.634657
2.763539 3.902483 0.411243
3.041636 3.579248 0.656713
2.287644 4.220763 0.252405
1.975710 4.340455 0.420026
2.023364 3.908169 1.549776
2.429235 4.133165 0.452773
3.028444 3.634568 0.473477
2.155519 4.118660 1.063063
2.546599 3.705679 1.386558
2.909620 3.738276 0.601566
3.815490 1.651556 1.247288
1.406669 -0.104871 3.408161
3.864902 -0.883370 1.915032
2.635577 -0.260221 3.125548
3.111619 -0.095895 2.869133
2.378608 -0.770057 3.136347
2.634124 0.918740 2.985266
3.390640 -0.407079 2.620625
2.458406 0.749651 3.112537
3.338046 -0.764200 2.575015
2.608931 0.351375 3.127780
2.441464 -1.016381 3.033266
0.997085 0.685296 3.311408
2.955362 1.463280 2.533039
3.922837 -1.095485 1.674816
3.149408 -1.271694 2.502031
2.016890 -0.248340 3.330534
2.906401 0.845234 2.863611
3.791435 1.109808 1.888290
3.975682 -1.370197 1.264665
1.625125 -0.160851 3.395030
3.916139 0.421051 2.019717
2.316810 -1.148853 3.026991
2.824677 -1.519792 2.582840
3.302547 0.863009 2.570931
1.387866 -0.708435 3.327886
2.330702 -0.332624 3.236848
2.601814 -0.482464 3.111156
0.885408 -0.417074 3.344354
2.623812 0.627212 3.072833
3.770375 -0.570558 2.179633
3.255445 0.161751 2.761409
2.187014 -0.979944 3.133547
2.406380 1.595796 2.755885
3.167622 1.371374 2.427009
3.980745 1.484202 1.061945
3.299179 1.228854 2.398118
2.406514 -3.985936 1.061055
2.929584 -3.735865 0.516688
2.233881 -3.741503 1.625234
2.580960 -3.576204 1.516509
2.192065 -4.155479 0.915430
2.533615 -3.769841 1.306297
1.510896 -4.364162 0.864087
1.686538 -4.416787 0.394499
1.572820 -3.863341 1.784083
2.735318 -3.336491 1.601285
2.667322 -3.842940 0.962738
2.847705 -3.728598 0.845280
2.686182 -3.968018 0.376668
2.119056 -3.943573 1.432575
2.276809 -4.160813 0.756231
0.873047 -2.065426 -3.550817
0.639525 -0.694189 -3.605719
1.497709 -2.286309 -3.349007
0.249525 -0.670223 -3.538457
0.612341 -0.440895 -3.524493
1.470039 -2.079605 -3.446226
0.613575 -1.555664 -3.660681
0.879171 -1.653566 -3.653563
1.266044 -2.441826 -3.332314
0.433136 -2.177048 -3.479293
0.343783 -1.721814 -3.598035
1.727461 -0.646885 -3.406139
4.405121 -0.052645 1.319065
3.911923 -0.103506 -1.708891
4.197443 -1.507163 0.264121
4.609270 0.092534 0.871454
4.279829 -0.379975 -1.258095
4.220685 1.409130 0.586391
4.566556 -0.889932 0.102908
4.390094 1.170217 0.530660
4.643274 0.201351 -0.538244
4.151964 0.763585 1.475205
4.417321 0.993703 0.774113
4.424146 -1.085246 0.577569
4.582212 -0.697098 0.586755
3.912668 -0.448188 -1.654524
3.919788 0.379285 -1.665191
4.572716 -0.808887 -0.232191
3.769382 0.213699 -1.814813
4.419889 -0.473032 -0.996065
4.668126 0.302903 0.591751
4.669837 -0.536511 0.285945
4.443567 -1.024149 -0.424740
4.638336 -0.648942 -0.115902
4.280597 1.411438 0.073148
3.992725 1.630222 0.709650
4.234155 -0.477049 1.491872
4.327557 -0.832522 -0.951951
4.386811 -0.574389 1.210127
4.525933 -0.166207 1.073026
4.142667 -1.540249 -0.255573
-4.485483 -1.451140 -0.609117
-4.447685 1.354295 0.725249
-4.167904 0.698129 1.669677
-4.978127 0.034488 -0.100456
-4.612417 -1.332404 -0.267135
-4.814400 -0.880140 0.159489
-4.370147 -0.347854 1.549563
-4.784391 0.381230 -1.016667
-4.740648 0.910741 -0.705138
-4.655385 -0.396728 1.101914
-4.782196 -0.549301 -0.935439
-4.011117 -0.095665 1.940063
-4.870640 -0.599280 -0.547731
-4.304336 0.639476 1.540930
-4.277992 -0.930440 1.431172
-4.599073 1.072559 0.739176
-4.055766 -0.387606 1.867358
-4.580194 -1.173920 -0.855209
-4.852637 0.695888 0.301416
-4.679566 1.090234 0.443720
-4.819020 0.079518 -0.999876
-4.764777 0.903111 0.412908
-3.733092 -1.030270 -2.536945
-1.942126 1.052640 -3.501507
-3.945843 -1.491330 -1.966566
-2.044206 0.123575 -3.649486
-3.200271 -0.105561 -3.181978
-0.868708 -0.613183 -3.628042
-1.358150 0.576484 -3.670990
-3.866245 1.732999 -1.847121
-4.121469 1.117138 -1.976492
-1.023302 0.467099 -3.670703
-2.943592 0.230405 -3.323678
-1.127143 -0.375455 -3.691329
-2.625815 0.910123 -3.344513
-4.134056 -0.306357 -2.275943
-3.008537 -0.048237 -3.297348
-3.155490 -1.377298 -2.864875
-3.887425 0.866028 -2.434083
-3.454000 1.428282 -2.594702
-4.504498 -0.418050 -1.572803
-2.044937 -0.954285 -3.512809
-2.532010 0.224783 -3.506162
-2.559879 -0.948700 -3.359998
-1.524518 1.014791 -3.561493
-2.853685 -0.129337 -3.375171
-2.866213 -0.797725 -3.266268
-2.745283 -0.289741 -3.414761
-4.304825 0.822920 -1.827850
-3.623412 0.338561 -2.841986
-2.386469 -1.299280 -3.293226
-2.667419 1.510153 -3.075490
-2.182031 -0.379527 -3.599080
-2.397381 1.324368 -3.277465
-2.307689 1.555201 -3.194072
-1.259064 0.896003 -3.598464
-1.345126 -0.618139 -3.663904
-3.678517 0.979720 -2.614832
-2.332706 0.395238 -3.555786
-4.210271 1.186043 -1.766258
-4.285806 1.344893 -1.442482
-1.058355 -0.848259 -3.599132
-2.257620 -1.076024 -3.420678
-3.075816 0.696206 -3.176091
-3.408160 0.415142 -3.008024
-4.177928 0.766005 -2.077685
-4.347353 -1.204251 -1.442702
-2.014253 0.740642 -3.574563
-3.862669 0.680856 -2.528764
0.395593 4.507255 1.537365
-1.474925 3.397065 -2.739677
0.471765 4.202879 2.077878
-1.843545 0.974983 3.761699
-4.242307 1.725647 -0.988758
-2.185025 3.549649 2.722648
-3.785112 1.822120 2.269971
-1.943411 4.389667 1.737592
-3.679711 3.022545 1.611972
-4.292182 1.093580 1.344196
-2.706026 3.141031 2.716138
-3.678713 0.133545 2.239937
-4.112875 2.354191 1.313895
-1.755138 3.366823 -2.677398
-2.135796 3.804303 -2.095587
-0.957571 1.508294 3.918204
-0.384372 4.579854 1.767210
-2.996534 2.460955 2.896834
-2.329752 2.900227 3.123432
0.132178 4.680547 1.267983
-1.605039 3.125994 3.284814
0.547736 1.135189 3.710199
-2.368658 3.568907 -2.194221
-3.376207 3.805068 0.684748
-2.615691 2.521497 3.148544
-2.515729 0.906259 3.472264
-3.425741 3.799558 0.152954
-3.959585 1.897072 -1.563945
-2.819085 4.220306 0.930895
-1.912506 4.425941 -1.290453
-1.372367 0.532579 3.820934
-0.728703 3.022570 3.465078
-0.161686 2.620318 3.610891
-3.434333 2.177152 -2.200074
-0.546854 4.876123 -0.483185
0.527182 3.678511 2.701440
-2.318633 2.484931 3.333316
-1.387653 1.900212 -3.418537
-3.962873 2.275198 1.750870
-4.215247 2.569786 0.237800
-3.653141 2.077783 2.365734
-3.269758 2.032984 -2.423595
-2.101558 1.248835 3.678090
-0.071325 4.214866 2.313743
-1.109749 1.148057 3.918037
-4.121299 1.902714 -1.225650
-3.421429 1.336569 2.795023
-2.443187 4.151186 -1.344251
-4.003622 2.903115 -0.441539
-3.101115 2.993344 -2.078690
-4.228849 2.134090 -0.755332
-1.406780 3.177489 3.301835
-1.270896 0.915767 3.887447
-4.216178 2.331332 0.965459
-2.587091 3.611408 2.377959
-2.153200 3.108671 -2.691107
-0.607951 4.786502 1.261592
-1.038353 4.590345 -1.359272
-2.457334 0.214332 3.365925
-0.319450 1.774742 3.870131
-2.333506 1.130723 3.577315
-2.634926 4.263288 -0.808077
-3.130660 4.073403 0.278107
-0.802592 4.416734 -1.714946
0.170806 2.290065 3.659714
-0.757980 4.851224 1.021922
-1.969803 3.942337 2.424100
-1.714673 4.777755 0.696821
-0.482357 4.721932 -1.045087
-4.314148 2.196309 -0.232119
-3.460451 3.544304 1.233781
-1.697289 2.047009 3.711334
-4.305045 2.209184 0.670464
-2.563745 2.636851 -2.732620
-1.982539 3.306230 3.026973
-2.029586 0.813578 3.684094
-1.845180 2.842456 -2.975369
-0.367377 0.946767 3.910496
-2.225636 0.347694 3.518608
-0.160677 3.394804 3.173318
-1.858859 2.662530 -3.057343
-4.069635 2.846198 -0.205654
-0.891199 3.253750 3.321255
0.255578 2.444289 3.583849
-3.528642 3.386330 1.385786
-4.212590 1.555536 1.525253
-1.113287 0.823965 3.898698
-0.486818 3.560800 3.090256
-4.100832 2.705447 -0.431913
-0.863001 4.565983 -1.434669
-2.636863 4.388621 0.667264
-1.257344 4.592818 1.689052
-4.304296 2.289279 -0.050886
-2.960480 4.207688 0.130856
-3.989877 3.043238 0.153739
-3.955981 0.888135 2.070167
0.397142 3.873377 2.559328
-2.685529 0.377553 3.279152
-3.357270 2.941721 2.218329
-2.958974 0.193206 3.028787
-1.309086 4.169275 -2.007197
-2.753247 4.202728 1.153421
-2.071619 4.207767 -1.583604
-4.039989 2.645226 -0.792217
-2.500993 1.965407 -3.009616
-1.292058 4.359054 2.125481
-4.021023 1.963635 1.811465
-1.267635 1.346715 -3.501596
-0.894787 1.825441 3.881757
-1.045205 2.483671 3.697582
-3.480698 2.960049 2.029698
-3.390291 3.228473 1.879852
-4.415361 1.861826 0.153815
-1.828618 4.271527 -1.639935
-0.305354 0.707108 3.879429
-1.924940 1.430543 3.735409
-3.846671 3.149244 0.913316
-2.158935 3.461608 -2.421312
-2.840813 2.234950 -2.715518
-2.725000 1.998492 -2.867176
0.161015 4.438444 1.846761
-2.123152 4.616396 -0.442134
-4.182548 2.044770 1.375250
0.008458 1.320104 3.861060
-1.912926 0.101553 3.571374
-1.091341 3.150413 3.370505
-2.522183 1.724081 3.440665
-2.142888 2.284497 -3.094114
-3.288944 2.240760 -2.329260
-0.993933 1.281520 -3.532774
-1.592574 3.480827 3.037003
-3.136386 0.852931 3.042289
-0.887915 0.178849 3.791022
-1.634076 4.031675 2.472890
-3.839326 2.884290 1.429928
-0.089756 3.526191 3.056878
-2.244727 4.614991 0.454293
0.705501 1.615142 3.624569
-2.750253 0.054308 3.130326
-3.866539 2.727025 -1.164044
-0.988160 4.895121 0.739314
0.732305 0.950208 3.628597
-4.000932 1.753202 1.933077
-3.853951 2.995459 -0.823449
-0.366804 2.123689 3.803704
-1.797066 4.546882 -1.098105
-3.091189 1.067382 3.097883
-0.561500 2.677522 3.630235
0.853908 2.310752 3.397307
0.172863 3.650103 2.876623
-2.838189 4.276191 0.540447
-3.120792 3.764694 -1.118102
-2.158498 3.335019 2.920313
0.485954 2.042621 3.631721
-3.534881 2.864830 -1.641748
-2.807098 3.693190 2.065694
-1.245051 2.692013 -3.195317
0.614944 2.496048 3.437228
-3.746901 3.261305 -0.624242
-0.958012 3.931184 2.746141
-0.603049 4.240411 -1.981299
-0.720093 4.548057 1.870748
-1.921153 -2.056754 3.639342
-3.046299 -2.316865 2.916761
-3.438539 -2.339002 2.516055
0.213726 -3.743439 2.775347
-3.441785 -3.777602 0.356969
-3.886563 -1.302259 2.204411
0.055181 -1.828634 3.799755
-2.142075 -4.069834 -1.749552
-3.393618 -3.511781 1.454839
-3.088419 -1.572647 3.078367
-1.459212 -3.917392 2.666980
-1.061249 -1.699036 -3.495277
-1.279673 -4.715827 1.362888
-0.228980 -2.755319 3.563163
-4.240302 -2.243882 -0.578122
-0.715406 -4.594641 1.776622
-2.028491 -3.560252 -2.402353
-4.113369 -1.568680 1.753968
0.275032 -4.702694 1.054962
-3.039145 -3.551321 -1.579973
0.524299 -3.825114 2.551203
-1.340130 -3.713799 -2.508592
-2.111537 -2.252630 -3.117366
-3.017435 -0.995688 3.150587
-2.459513 -3.700218 2.382622
-1.616669 -4.166668 -1.907768
-3.358379 -0.011125 2.577830
-0.894505 -1.634928 3.908870
-2.694376 -0.261652 3.238454
-0.636664 -3.126910 3.403952
-1.339591 -4.065803 2.527893
-0.769917 -4.421787 -1.709400
-2.462207 -2.491880 3.253028
-3.108017 -4.005144 -0.509876
-2.332078 -4.307441 -1.144439
-3.217447 -1.073741 2.989130
-2.440991 -3.229028 -2.442685
-2.003171 -1.422851 3.707932
-0.197036 -3.282588 3.260384
-3.409941 -3.201878 -1.484515
-1.733819 -4.629495 -0.922597
-3.986392 -0.764860 1.987559
-1.184818 -1.484662 3.899200
-0.528998 -4.302283 -1.888432
-2.820605 -4.207383 -0.583359
-3.807018 -3.331617 0.101698
-2.205704 -3.785502 2.467766
-3.953748 -2.377396 1.691988
-3.723720 -3.422410 -0.149065
-2.578753 -0.862900 3.431685
-1.942449 -4.621439 -0.723487
-3.052834 -2.731105 2.701705
-2.585690 -1.472851 3.434627
-2.626814 -4.115021 -1.191036
-0.983334 -2.196887 -3.399929
-1.662011 -3.610689 -2.510795
-0.404173 -1.103657 3.921475
-3.901756 -3.189731 0.229719
-1.793033 -4.380443 1.863376
-3.863407 -2.780349 -1.106771
0.266393 -2.264263 3.642136
-3.207596 -3.309216 2.049487
-3.418070 -3.106979 1.973455
-0.523918 -4.588960 1.775148
0.512428 -3.007271 3.228490
-1.177578 -1.089381 3.908875
-1.351897 -2.300085 3.719112
0.363645 -4.457513 1.682029
0.680969 -3.109570 3.088811
-2.681272 -4.135981 1.460439
-0.372983 -3.197618 3.341470
-1.745245 -4.116645 2.314111
-1.961165 -3.769150 2.626282
-4.030796 -2.743035 -0.663242
-0.670229 -4.469658 2.020062
-1.178560 -3.657102 2.985322
-3.221758 -3.114281 -1.838171
-2.706390 -4.354582 0.606706
-2.962130 -2.431354 -2.543234
-3.248654 -3.531615 -1.299455
-2.337475 -2.859740 3.141959
-0.899933 -0.504321 3.867306
-1.547654 -3.643363 2.912924
-1.475145 -2.875831 3.459544
-1.412576 -3.760924 2.841048
-2.247511 -1.049600 3.613067
-0.330560 -1.409574 3.909964
-3.075550 -3.428921 2.081087
0.407993 -1.775482 3.713131
-3.989548 -1.885991 1.904162
-2.296901 -3.889914 -1.883185
-0.894244 -4.569861 1.820787
-0.015503 -2.157125 3.742166
-4.298582 -1.845062 1.124036
-2.360529 -1.572930 3.544011
-2.526476 -4.123694 1.696237
-2.690389 -2.135686 3.244621
-2.848414 -2.686292 2.901701
-3.992698 -2.116373 1.786571
-2.307749 -2.029015 -3.092989
-3.027124 -3.923977 1.348743
-3.946373 -2.879120 1.120852
-0.148288 -1.162405 3.891144
-0.622979 -1.618802 3.912638
-1.319586 -1.716773 -3.460645
-3.455029 -3.385571 -1.150822
-4.009133 -1.042920 1.992765
-2.837995 -2.588265 -2.566590
-2.471215 -4.496322 -0.160205
-0.529026 -4.744406 1.386997
-0.674029 -4.903206 -0.354018
-2.084049 -2.378662 3.480819
-3.448061 -1.982297 2.648238
-4.174207 -1.972252 1.442828
-3.585566 -0.167196 2.381391
-3.140505 -2.001013 2.945667
-3.787514 -2.432492 1.970768
-2.126045 -2.813162 3.272539
-2.110343 -3.317902 -2.563570
-0.288401 -4.752214 1.294716
-1.950825 -3.119679 -2.775102
-0.998223 -4.934442 0.129839
-0.932343 -1.967054 3.853232
-1.142727 -2.635452 3.628235
-2.734277 -4.240620 1.070047
-2.414331 -3.977218 2.060187
-3.919576 -3.127563 0.558851
-3.865575 -1.722172 2.172661
-4.260565 -2.416938 -0.065337
-1.675374 -2.603216 3.535202
-1.596522 -4.637776 1.402852
0.183899 -3.072880 3.304899
-3.400422 -2.025453 -2.291668
0.322944 -2.944722 3.335057
-3.554017 -3.028240 1.840287
-3.092021 -2.127214 -2.553726
-3.053708 -2.727555 -2.308533
-3.709997 -3.299021 -0.659450
-3.207623 -2.871927 -2.056646
-0.635678 -2.222046 3.794886
-2.183418 -4.195779 1.910213
-1.129999 -4.010200 -2.243553
-1.957634 -3.699649 -2.304831
-4.174703 -2.103697 -0.955524
-3.116649 -3.867160 -0.904008
-3.464911 -0.833545 2.723682
-4.077376 -2.337485 -1.033358
-4.053401 -2.816924 0.795600
0.772385 -1.897671 3.550331
0.463901 -0.472202 3.664310
1.417460 4.614527 1.177505
1.343758 4.625693 -1.579027
-0.379586 1.717613 -3.731105
2.555723 2.141269 -3.325394
1.802430 3.585565 2.480989
1.216289 1.900482 -3.839924
4.418854 1.484473 -0.761639
0.906969 4.248072 -2.363794
3.940296 3.125612 -0.121535
3.694869 3.136086 -1.413737
3.841022 3.149574 -0.932235
2.841996 3.896344 1.316289
3.248286 2.925948 -2.363842
1.102365 4.878843 0.394330
3.435078 2.957467 -2.097193
2.571343 3.818791 -2.139189
-0.526197 4.097913 -2.205260
2.650344 4.397161 -0.537447
3.014886 3.609643 -1.927221
2.200827 4.644105 -0.181236
3.593329 3.097568 1.292185
1.373660 2.108535 3.374713
3.283175 0.204124 -2.742813
3.020299 0.037738 -2.915951
1.863384 4.089901 1.896252
4.305500 1.979400 -0.984265
1.615635 2.472102 -3.603219
-0.050664 0.797122 -3.831626
1.776546 4.779252 0.146858
1.151612 3.170680 2.956463
4.332770 1.813041 0.611372
2.538410 2.462579 -3.220974
1.513618 3.294281 2.804409
0.044724 2.544411 -3.620642
1.441419 3.033638 2.986928
4.284406 2.295990 0.225591
0.204208 4.289539 -2.244544
1.808837 3.894038 -2.562666
3.737833 1.972174 1.892009
1.220483 4.738192 0.926313
1.156214 1.250215 3.518355
0.057528 4.875328 0.042397
3.032152 3.241698 1.935380
1.070739 4.748421 -1.343476
1.229404 3.520631 2.696888
3.934283 2.258346 -1.817239
3.507623 3.470360 -1.270164
0.116402 3.422523 -3.144926
0.828433 0.346759 -3.836302
1.392379 2.696621 3.168079
-0.517424 2.413728 -3.508396
-0.009870 3.225614 -3.255359
2.674404 3.498419 2.028459
1.216037 2.406586 3.311104
4.140150 2.334235 -1.245059
2.284234 3.519579 -2.691170
1.185854 4.910679 0.017807
4.055310 1.910075 1.367146
2.091187 2.296897 -3.505996
1.857307 4.729409 -0.742324
3.460173 2.680083 1.892953
2.669593 2.607624 -3.072288
3.007982 3.921838 -1.391006
0.934471 3.411382 2.815457
4.128390 2.768835 -0.281280
3.150229 0.617160 -2.989432
1.332115 0.726954 -3.857829
3.278971 2.404666 2.264789
2.299347 2.210433 3.046207
-0.220970 3.323581 -3.127868
1.849568 4.478970 1.223042
1.770170 3.014915 -3.300950
4.382540 1.736555 -0.813913
3.171423 0.315410 -2.889426
1.816515 3.248042 -3.135982
4.214383 2.559710 -0.358903
2.085292 1.863138 -3.621181
1.271967 4.265361 1.883025
3.011338 4.125031 -0.711236
1.665056 1.630814 -3.793903
2.774818 3.011163 -2.756898
1.994187 2.317849 3.142757
0.298659 4.854166 0.495290
2.693609 2.082061 2.863910
2.940263 0.981954 -3.207735
0.912333 3.933264 2.354037
1.518895 2.803571 3.090882
3.541693 3.460935 0.804473
1.668135 2.127061 3.304269
0.351888 4.710294 1.048699
4.007665 2.121722 1.357826
3.513017 3.688721 -0.486964
3.046214 3.438128 1.711762
4.208069 2.271029 -1.074278
0.580399 4.733990 -1.425004
-0.361464 3.032655 -3.271217
-0.821103 1.149558 -3.598957
-0.302606 0.077853 -3.610062
1.572884 2.955059 -3.393606
4.218577 1.557995 -1.504358
0.913142 4.150157 2.100149
3.574167 2.144192 2.045144
2.414132 3.262765 -2.828354
-0.364371 1.492436 -3.761252
2.530639 4.298473 0.889477
3.945131 3.001260 -0.858329
2.479410 0.158223 -3.334213
1.192023 3.250443 -3.294106
1.213953 3.690992 2.554656
2.984389 2.705686 -2.778380
0.133500 4.895782 -0.257305
1.914419 1.854810 3.290905
0.796696 3.364432 -3.249838
2.146534 2.591706 2.974999
-0.132500 4.157811 -2.322769
1.866449 4.551617 -1.421281
0.788880 0.617495 -3.890472
2.251117 4.174463 -1.888476
3.255963 3.705280 0.971024
1.123342 1.622862 -3.893161
1.950508 2.070248 -3.625683
-0.289161 3.860714 -2.623955
0.509717 2.935921 -3.504874
2.925278 4.054904 -1.223774
2.492893 3.339221 2.318874
1.470583 4.493137 -1.818223
-0.194460 0.928386 -3.810083
3.319596 3.901135 -0.049831
1.674950 3.015807 2.936144
0.842145 1.742444 -3.896744
3.273703 0.735503 -2.900755
2.315219 3.511174 2.284933
3.827411 0.749405 -2.246832
4.085535 0.823792 -1.809230
2.822884 2.419075 2.656139
1.173490 2.605577 -3.636736
4.184941 1.176163 -1.634636
2.711556 4.293933 0.527751
3.020028 0.263869 -3.002448
3.502410 3.629969 0.459437
4.009587 2.953330 0.237044
-0.119997 0.417992 -3.752902
4.281373 1.760537 -1.237695
1.217455 4.460701 1.577418
1.315250 3.678761 -2.940597
3.938041 2.763079 0.934855
2.965942 2.975200 2.224125
3.237823 3.952162 -0.597750
2.130865 3.332175 2.542206
1.351917 3.846023 2.376863
2.317896 1.154497 -3.584145
0.079271 0.402572 -3.791430
1.858191 4.359926 -1.859598
-0.807543 1.460231 -3.595953
0.928510 2.870736 -3.539838
4.382391 2.006662 -0.052433
3.838654 3.280503 -0.028643
2.279270 1.337994 -3.599710
-0.548072 0.854380 -3.693783
-0.191474 4.727243 -1.048528
2.334429 3.197677 2.531856
2.524108 4.484141 -0.052074
0.732657 4.468827 1.628083
1.998393 4.676411 0.377679
2.604029 3.786732 1.756296
2.985618 2.419624 -2.923735
1.604156 0.227429 -3.700512
-0.783754 2.946903 -3.138908
3.241810 3.958712 0.125777
2.980350 4.187850 -0.014006
3.615017 2.312753 -2.306607
3.841798 2.832138 1.094810
2.095850 3.713779 2.217677
2.671796 1.778535 2.948600
2.068341 4.056953 1.819219
2.521963 2.999977 2.552469
2.461052 -1.385360 -3.509754
4.085127 -2.802805 -0.644059
0.619066 -0.209028 -3.800940
2.315416 -2.267927 3.020319
3.208205 -2.961445 1.987849
0.863573 -3.240388 -3.331248
0.499712 -1.491223 -3.918899
0.728231 -4.875633 -0.905712
2.474716 -4.461666 0.386511
1.456995 -1.776715 3.427020
2.792241 -4.189218 -1.111645
1.865201 -4.619319 -1.216730
3.016531 -1.963671 2.666153
0.322760 -3.202955 -3.331045
2.114087 -4.419677 1.121042
2.296771 -2.381130 -3.384572
2.051857 -4.019313 -2.276119
3.505222 -3.682584 -0.599212
2.226516 -3.149455 -3.020968
2.941539 -2.311197 -3.005783
4.322843 -1.785199 0.679880
1.007059 -3.735801 2.541183
0.287135 -4.272538 -2.287302
1.886394 -3.781446 -2.649510
3.622911 -0.422499 -2.440658
2.285968 -2.960987 -3.111088
0.888498 -3.762690 -2.920125
3.362715 -0.702026 -2.810103
2.708672 -2.155284 -3.227587
2.604705 -3.943791 -1.923085
1.556179 -3.283376 -3.194883
2.852423 -3.388488 -2.371110
1.181697 -0.164072 -3.762075
2.389463 -4.467447 -0.967257
1.543793 -2.434443 -3.634846
1.812685 -4.742319 0.350076
-0.050952 -2.126063 -3.735719
0.806070 -3.034339 -3.457706
0.667169 -4.904157 -0.733097
-0.283657 -4.161034 -2.247700
1.688628 -0.848597 -3.796052
2.624928 -2.298270 2.837971
-0.001192 -4.866925 -0.038942
3.143791 -2.789046 2.183019
4.205798 -1.288961 -1.585605
3.530132 -2.975533 1.542977
0.937439 -1.810295 -3.882176
2.537466 -3.663118 1.967055
4.332672 -1.784876 -1.033604
-0.734623 -1.680020 -3.603740
-0.028520 -4.806216 -0.849520
-0.912600 -1.306426 -3.553782
4.041489 -2.253683 -1.592064
3.943780 -3.076396 -0.617879
4.346644 -2.034683 0.298196
3.449438 -3.774785 -0.154180
2.671048 -4.393245 0.047712
1.389341 -1.212388 -3.879500
0.555710 -4.755456 0.959438
-0.644394 -2.706764 -3.332201
1.991643 -0.478673 -3.644237
3.315960 -3.799868 -0.958490
3.818454 -3.090678 0.757590
3.097675 -2.424088 2.431437
2.420895 -0.527222 -3.466161
-0.078052 -3.869457 -2.691332
3.317820 -2.789915 -2.386992
1.364662 -2.135753 3.369216
3.374136 -3.311264 -1.801778
-0.111874 -3.224064 -3.228645
2.793751 -0.341869 -3.197883
2.269072 -1.749138 3.169144
3.638412 -2.075091 1.991763
0.653092 -1.294026 -3.935390
4.375837 -2.005044 0.089355
0.429712 -2.831836 -3.550417
1.877894 -2.871046 -3.343464
0.859013 -1.284894 -3.934388
0.905391 -4.898006 -0.751988
3.781105 -2.609856 1.453305
2.892342 -3.954085 1.130302
2.644265 -0.257084 -3.270358
0.993410 -4.704100 -1.487692
2.970476 -3.888504 -1.529966
2.056436 -3.770823 -2.573679
0.963037 -1.808821 3.486184
3.264985 -1.989224 -2.836365
2.930841 -2.705935 2.430155
1.101082 -2.111872 -3.806720
0.697482 -4.704614 1.116892
4.137434 -0.900235 -1.718117
3.290888 -2.368583 -2.665633
2.069698 -2.753801 2.933077
3.579454 -1.135045 -2.623596
2.943765 -3.622196 1.606471
2.383988 -1.968719 -3.465312
-0.161823 -2.994169 -3.356150
0.656038 -2.817412 -3.570236
3.070476 -3.060172 -2.451436
-0.056263 -2.349344 -3.668629
0.717742 -2.507838 -3.702447
1.462435 -3.096478 -3.339505
3.699211 -2.893849 -1.726269
1.113219 -3.538313 2.699474
1.738399 -4.118769 1.919020
3.391777 -2.416974 2.137399
1.523136 -4.673038 -1.348915
2.268126 -4.596329 0.151564
3.403397 -2.490441 -2.478925
2.398777 -3.798538 1.919510
4.221520 -2.317485 -0.961421
3.030017 -0.403952 -3.039392
1.441575 -4.845511 -0.668020
3.509994 -2.620529 -2.264552
2.274769 -0.994756 -3.598876
2.803673 -0.558147 -3.244986
4.063272 -2.638799 0.720938
4.129552 -1.663252 -1.696236
4.288853 -2.129221 0.505253
2.145302 -4.084708 1.724513
1.958186 -1.177858 -3.731264
4.354771 -1.926830 -0.792762
3.124668 -0.051481 -2.832849
2.240341 -2.669212 -3.290886
2.994200 -4.030655 0.743663
1.232659 -3.800863 2.446837
0.167193 -4.869599 0.276713
0.740726 -3.459021 -3.180555
1.237986 -4.127203 -2.474339
-0.222119 -0.134055 -3.651350
3.490251 -3.155297 1.409108
1.711881 -0.586782 -3.754234
3.455691 -0.566175 -2.682176
1.032094 -2.331560 3.355923
3.232336 -0.697681 -2.934238
3.855359 -2.728072 -1.583066
4.286657 -1.058349 -1.357339
3.088220 -2.665438 2.314149
1.724583 -3.042790 2.904701
0.871470 -0.610686 -3.887554
0.419961 -3.078125 -3.418251
2.319035 -0.067080 -3.388658
3.366194 -3.545258 1.057533
3.370366 -3.410931 1.273658
2.165140 -1.709792 -3.615416
0.134002 -2.920115 -3.465423
2.884595 -4.254313 0.035523
1.727651 -1.775907 3.362480
2.656478 -4.333247 0.506534
4.139197 -2.549305 0.564799
0.013346 -0.792931 -3.844250
4.220958 -1.674502 -1.465058
4.074492 -0.173449 2.372556
2.989157 -1.360108 2.981497
1.578591 -0.505542 3.675610
3.514838 -1.716804 2.323389
4.404289 0.557225 1.751741
3.626473 0.600337 2.790582
3.177955 -0.353873 3.176120
3.197507 0.012514 3.185620
3.572517 -1.531621 2.408648
4.474243 0.586178 1.580939
3.950319 -0.323089 2.509365
1.285697 0.268054 3.708879
3.328140 1.413581 2.713717
3.700008 1.489861 2.299357
2.779005 1.332479 3.112814
1.229004 -0.806033 3.620603
1.031496 0.533962 3.661868
2.099044 -0.490519 3.603701
3.042969 1.248815 3.003513
2.783770 0.121803 3.408471
1.261949 -0.483641 3.684081
1.864067 0.613280 3.627429
1.775481 -0.127031 3.692966
4.173499 -0.833036 2.054213
0.855272 0.585898 3.630929
3.226774 0.646219 3.092963
2.970901 -0.818217 3.204401
1.745345 1.016968 3.543045
4.363025 -1.326583 1.245001
3.551476 0.866269 2.779311
3.986882 1.247272 2.098456
4.156314 -0.395914 2.227483
1.586024 -0.759276 3.627017
1.894256 -0.722862 3.600137
4.937591 0.444085 -0.034238
4.972263 0.106890 0.245802
4.586279 1.290986 0.604756
4.563323 -1.300695 0.668267
4.738819 -0.578891 -0.832664
4.438394 0.659663 -1.358127
4.677961 1.178288 -0.234222
4.659934 -1.064684 -0.565035
4.498565 1.027444 -1.018386
4.665236 -0.554066 1.216602
4.514924 -1.199071 0.989100
4.883738 0.680056 0.275482
4.280427 -0.017719 -1.687986
4.423011 -1.473616 0.768800
4.732848 0.552470 -0.865645
4.431626 1.262690 -0.898833
4.835886 -0.482405 0.805604
4.400232 -0.797793 -1.341654
4.689602 0.368421 -1.042999
4.896610 -0.640725 -0.010180
4.755652 -0.205399 -0.940672
4.877069 0.335777 0.742944
4.972491 0.153010 0.009771
4.960876 0.096857 -0.187987
4.235154 -0.604967 -1.632892
