0.737118 -1.113361 -2.610369
-0.691927 -2.398337 -2.451648
0.224925 -3.027567 -1.960143
-0.337051 -1.869965 -2.785917
-0.291007 -2.332687 -2.633515
-0.776277 -2.922034 -1.778659
-0.238554 -2.673878 -2.406209
-1.289227 -2.231444 -2.013240
1.337743 -1.971846 -2.099496
-0.146662 -1.125621 -2.784561
-0.343385 -0.465250 -2.393857
0.882750 -2.051600 -2.512288
0.809835 -2.445487 -2.346904
-0.926757 -2.385599 -2.303074
0.639376 -2.466044 -2.433015
1.335028 -1.406576 -2.177062
1.437394 -2.260243 -1.688668
-0.038419 -0.154773 -2.084937
-0.719679 -1.248006 -2.654072
0.475564 -1.348863 -2.766130
0.025271 -2.039805 -2.779663
-1.212612 -0.941688 -2.151951
0.386063 -1.745635 -2.793847
-0.818625 -1.488493 -2.634161
0.310302 -2.398016 1.735886
1.150553 -3.032568 -1.077985
0.190242 -2.675596 1.584758
-0.215988 -2.914638 1.385099
0.308834 -3.201807 1.029845
-0.970268 -3.010427 -1.301936
0.988585 -3.261345 -0.784926
-0.015881 -3.527053 -0.725248
0.005055 -2.455805 1.730817
0.008212 -3.594089 -0.071322
-0.516363 -3.466429 0.351455
0.777360 -3.264644 0.673040
-1.152510 -3.222445 0.215363
-0.370250 -3.466067 -0.822478
0.805178 -3.351448 0.417416
-0.588134 -3.171664 0.968506
-0.061609 -3.560718 0.209582
-1.114584 -3.106742 0.622922
1.337050 -3.103670 -0.510808
1.193855 -3.237245 -0.100923
0.406734 -3.455749 -0.833122
1.378389 -2.764158 -1.190015
0.204267 -2.184682 1.843387
2.313978 -2.372400 1.546506
1.928410 -2.307850 1.854398
0.734288 -2.539530 1.694986
1.814901 -2.074178 -1.647268
1.638875 -3.043061 0.592306
1.033166 -2.724024 1.511763
0.086341 -1.894587 1.968322
2.308846 -2.826571 0.482519
3.272243 -0.221831 1.296139
2.054116 -2.674785 1.306600
2.503026 -1.808446 1.905574
2.086468 -1.562825 -1.828282
3.544142 -0.583611 0.664519
1.919696 -1.401634 -1.948268
3.544326 -0.276079 0.317996
1.257922 -3.073203 0.644330
3.377144 -1.457493 0.887011
2.579978 -2.538006 0.946522
1.774465 -2.860591 -0.678996
1.555299 -0.706725 -2.132315
2.233661 -0.956661 -1.914472
1.324731 -0.775333 -2.154430
1.567494 -3.033702 -0.263499
1.813486 -0.858072 -2.076383
3.039647 -1.255799 1.651626
2.651308 -0.566822 -1.664558
2.902383 -1.614362 1.644170
3.116379 -1.696660 1.270874
1.593614 -1.596046 -1.961576
2.991151 -0.140244 1.686412
3.108095 -1.832307 1.144645
0.242176 -1.880970 2.067865
3.507621 -0.206592 -0.110807
1.570835 -1.377356 -2.039690
1.875163 -2.995803 -0.085309
3.267785 -1.578135 1.067349
3.244304 -0.017309 1.230912
3.197417 -0.803421 1.530207
3.463941 -0.195864 0.768713
2.420090 -2.084126 1.762134
2.050283 -1.240492 -1.945433
-3.188400 -1.079582 1.499014
-1.966801 -2.597459 1.491381
-0.976546 -2.883252 1.212404
-1.364470 -3.097576 0.428766
-2.243273 -2.358877 1.618428
-2.522241 -0.864952 -1.758746
-2.698010 -0.190388 1.999408
-1.868294 -2.965601 -0.267808
-2.964648 -0.548560 1.820083
-1.585555 -1.202012 -2.080229
-3.404067 -0.372553 -0.627381
-3.023706 -1.333382 1.641264
-2.916883 0.305707 1.516798
-1.691812 -3.061918 0.179407
-1.920142 -3.003180 0.214957
-2.614079 -1.577143 1.948189
-2.680843 0.145004 1.875592
-2.068935 -2.847973 0.891495
-2.165887 -0.818766 -1.955509
-1.614067 -3.036759 0.655219
-1.745588 -3.039573 -0.002962
-0.908498 -2.425940 1.866343
-3.480031 -0.022420 0.317536
-3.406664 -0.317149 1.039651
-1.526937 -3.059628 -0.157281
-3.543863 -0.388969 0.539753
-3.480798 -1.146140 0.802568
-2.130480 -2.214091 1.840887
-3.124381 -1.505113 1.406326
-2.764968 -2.247210 1.196933
-2.622252 -1.866419 1.765916
-2.638532 -0.582954 -1.675480
-3.492213 -0.062178 0.130736
2.549299 -2.707641 0.571592
3.370087 -1.199924 -1.216117
2.601029 -2.087903 -1.530889
3.292459 -2.351278 -0.559158
3.600938 -1.835513 0.224088
2.327912 -1.260489 -1.820671
3.633886 -1.865729 -0.053684
2.862938 -2.056205 -1.416920
3.148380 -1.523793 -1.420972
1.877883 -2.326836 -1.458830
2.964736 -2.173808 -1.259585
2.489075 -2.875722 -0.449000
3.446633 -2.227237 -0.245946
3.718385 -1.447363 0.078894
3.408660 -1.770997 -1.039352
2.056275 -2.738902 -0.987268
2.721946 -2.680019 0.485469
3.577206 -1.785324 -0.685641
2.911035 -2.724267 -0.250939
2.304124 -2.264232 -1.498729
1.616205 -1.191467 2.897862
2.201270 -0.663166 2.703020
0.466665 -1.667243 2.479162
0.680704 -1.127041 2.838292
1.404339 -0.146797 2.858824
2.643537 -1.063720 2.236305
1.267794 -1.014933 2.969297
1.734774 0.146268 2.633188
2.418495 -1.368913 2.384093
0.045967 -1.157053 2.387244
0.316474 -0.796961 2.686463
1.286277 -0.316916 2.922517
2.417004 0.203812 2.052853
1.458589 -1.045523 2.954349
0.981315 -0.916981 2.954638
2.150238 -0.915661 2.733159
1.297668 -0.567623 2.973324
1.985560 -0.616239 2.820059
1.399009 -1.601494 2.764150
3.052542 0.420689 -1.758651
1.893777 -0.650930 -2.058189
1.955302 1.569134 1.888432
2.466621 2.504498 -1.251101
1.827775 2.860434 -1.118446
1.994503 2.959401 -0.608947
1.311877 2.446687 -1.872647
2.927448 2.234925 -1.006299
3.084535 0.728475 -1.751824
2.013720 2.978531 -0.047158
1.634581 2.859348 -1.217994
1.776356 2.786683 -1.303727
3.307974 0.253664 -1.337683
2.653475 -0.263710 -1.878881
1.984455 2.867617 0.523550
1.253549 0.762625 2.153512
3.250471 1.660267 -1.135169
1.971125 1.290888 1.973688
2.536126 0.791670 1.780322
2.210562 -0.588180 -1.964621
3.263746 -0.040833 -1.249992
2.708973 1.595580 -1.901746
-0.183486 -1.517743 2.346823
-1.479878 0.458828 2.426913
-2.439877 0.009499 2.226604
-2.339283 -1.659432 2.259010
-0.857985 0.504165 2.311680
-1.258126 0.458788 2.445562
-2.167273 -0.736711 2.728850
-0.943340 -1.949050 2.462579
-1.757486 -2.058820 2.277512
-1.229311 -1.699048 2.709357
-2.196806 -1.495195 2.512183
-1.757466 -1.317800 2.821425
-2.055383 -1.883822 2.298754
-1.450468 0.231417 2.639317
-1.832979 -1.144431 2.847325
-0.991849 -1.300635 2.877204
-0.439043 -0.727342 2.763319
-1.636310 -0.567771 2.933678
-1.637906 -0.377463 2.897447
-0.702100 -0.822448 2.885325
-0.522279 -0.956959 2.797809
-1.386955 -2.253772 2.097400
-1.869460 0.027243 2.656611
-3.560634 -0.585009 -0.486824
-3.615938 -1.234237 0.481272
-2.488199 -2.845307 -0.586446
-2.840612 -2.759392 -0.020628
-2.758098 -1.984133 -1.517959
-3.488819 -1.630027 -0.978879
-2.125972 -2.818222 -0.825364
-2.607692 -2.858965 -0.013454
-1.832822 -2.820895 -0.780093
-2.844801 -2.657626 -0.713674
-3.698641 -0.912903 -0.301213
-2.447498 -2.894352 -0.400435
-2.473645 -2.731704 0.570783
-3.058861 -1.683809 -1.452720
-2.536784 -1.059691 -1.759137
-2.263407 -2.671075 -1.076415
-3.398768 -0.415510 -0.710149
-2.138734 0.623248 1.982251
-2.248895 2.176918 -1.834028
-3.527646 1.084711 -0.847450
-2.981650 2.144108 -1.056723
-2.799688 1.576373 -1.828964
-2.272898 2.733188 -1.011227
-1.902588 2.992724 0.124451
-3.124021 0.398516 -1.666016
-3.002207 0.328572 -1.795211
-2.008825 1.943748 1.677492
-2.021657 1.327661 1.946856
-0.916252 2.497557 -1.781494
-3.036426 1.906374 -1.281853
-2.901140 1.636353 -1.689222
-2.265981 2.520308 -1.425534
-2.116837 2.929525 -0.514341
-3.624509 0.479226 -0.262575
-3.490879 0.500190 -1.017426
-2.696679 2.150186 -1.480705
-3.399598 0.873554 -1.254119
-0.560880 2.111176 -2.033811
-2.793268 1.776659 -1.712448
-3.237170 -0.150316 -1.213259
-1.912355 0.952728 2.051023
-1.294045 2.492340 -1.823944
-2.988217 1.726034 -1.520735
-3.490156 -0.094938 -0.281425
0.332414 0.120660 -2.493846
1.209076 -0.653462 -2.199431
1.803850 -0.527572 -2.273975
0.120940 0.250886 -2.351008
0.772114 0.514988 -2.873570
0.752272 0.243614 -2.797141
1.708377 1.886727 -2.506228
0.446277 0.949926 -2.724633
1.327775 0.188983 -2.888410
2.141449 1.096131 -2.747528
1.449900 0.592596 -2.977911
0.717209 1.045577 -2.848018
1.274413 -0.547987 -2.355013
2.792786 0.841572 -2.142941
2.746747 1.173559 -2.126062
1.901064 0.815728 -2.891983
1.953182 1.687470 -2.572961
0.986132 0.365648 -2.904532
1.792621 1.146507 -2.882196
0.205572 1.157359 -2.491466
2.527940 0.077631 -2.272630
3.606410 1.591664 -0.570555
3.128287 2.437270 0.764231
3.259568 2.194272 0.954082
3.573833 2.043818 -0.134098
3.197142 2.196157 -0.696013
2.788103 2.752613 0.351977
3.144134 1.470221 1.495589
3.740643 0.768892 0.463390
3.136125 2.050103 1.236041
3.681543 0.597117 -0.131814
3.007883 0.987700 1.594013
3.018345 0.375782 1.337453
2.320411 2.350822 1.390440
2.965948 0.737112 1.557017
3.044438 2.630521 0.143384
2.047726 2.824703 0.624392
3.018941 2.449503 -0.557145
3.596368 1.829185 0.750640
2.664351 1.959392 1.580899
2.224676 2.842435 0.560906
3.281880 2.412019 0.470008
2.919579 2.449131 1.000340
3.789382 1.521061 0.001877
2.003468 2.380996 1.365591
-0.175941 2.507243 -1.917171
-1.634102 3.049635 0.935160
-0.145122 3.134137 1.918888
1.426909 2.231410 1.967326
-0.376379 2.666194 -1.805595
0.286506 2.336457 -1.980013
-0.862199 3.566660 0.955939
0.847129 3.598850 0.876721
-0.814728 3.423669 1.314965
-1.520445 3.281538 -0.073495
0.670177 2.471035 -1.834892
0.436288 3.625944 1.137929
-0.722700 2.436089 -1.833824
0.928399 2.650797 -1.629008
-0.507492 3.604973 1.150273
-1.461204 2.298546 1.907775
1.358952 2.761010 1.689692
-1.476769 3.340297 0.188733
-0.388458 2.493309 -1.895700
1.627178 2.118715 1.832317
-1.171309 3.462992 0.799946
1.753744 2.165691 1.672228
-0.273070 3.423026 1.558050
0.299708 2.149116 -2.042830
1.664557 3.147179 -0.086749
-1.731835 3.067243 -0.137049
-0.797781 3.009277 1.854011
0.331894 3.490963 1.438733
-2.731627 2.481512 1.098774
-3.375213 2.047846 0.951408
-3.349913 1.990586 -0.706678
-3.094769 0.607473 1.418059
-3.684367 1.772987 -0.208253
-2.209767 2.889078 0.189365
-3.126478 2.173196 -0.798571
-3.398853 0.236075 0.721889
-2.738015 2.781670 0.232711
-2.524979 1.411848 1.793315
-3.441694 1.626721 1.155092
-1.998866 2.597716 1.104671
-2.630564 1.998928 1.571237
-3.696232 0.627730 0.456295
-3.813755 1.161295 -0.035435
-2.370785 2.859964 0.395041
-2.571795 2.648209 0.926833
-2.736434 2.695722 0.687169
-3.336608 2.163889 -0.536786
-3.747636 1.329914 -0.327035
-1.051619 -0.040326 -2.756864
-0.619961 0.369788 -2.778270
-1.799971 2.163621 -2.120046
-2.381860 1.880665 -2.008005
-0.119524 0.410437 -2.414231
-0.407135 1.096675 -2.671718
-2.798981 0.943346 -2.116441
-1.721489 0.339102 -2.889045
-1.294993 -0.493710 -2.421069
-1.570454 0.874615 -2.970844
-1.203915 1.272650 -2.907448
-2.343883 0.221900 -2.539140
-2.316804 0.497977 -2.647677
-2.189703 1.812741 -2.309875
-2.447073 0.945235 -2.557699
-2.034198 2.046704 -2.144693
-2.114072 0.142285 -2.662285
-2.250589 -0.145592 -2.384533
-1.386905 0.215837 -2.897222
-1.645571 0.166308 -2.849025
-2.490067 0.021569 -2.277331
1.408545 2.077634 2.057611
-1.030227 0.904399 2.459445
-0.061917 2.919104 2.286489
-0.810747 0.825669 2.580736
-0.976257 2.639585 2.140181
0.352123 0.299189 2.359999
0.273158 2.165185 2.846456
-0.252234 0.617883 2.673781
0.737108 0.670826 2.525885
1.055708 1.584891 2.610675
1.106140 1.041367 2.458359
-0.776702 2.866816 2.015029
-0.064877 1.516450 2.982443
0.916894 1.669927 2.707361
1.228297 2.423940 2.054433
1.149005 0.746910 2.223268
-0.370998 1.121867 2.883748
0.660064 2.386863 2.607610
-1.004190 0.729899 2.366809
0.747345 3.743168 -0.996288
-0.387885 2.820679 -1.769103
-0.844507 3.225770 -1.419193
0.692245 4.016829 -0.202666
0.427280 3.719511 0.889074
-0.330202 3.509493 -1.460110
1.002339 3.019429 -1.407251
-1.042000 3.339022 -1.174107
1.314882 2.955241 -1.103466
-0.356568 4.127011 -0.103811
0.550044 3.871292 -0.944912
0.112167 4.107857 -0.594523
0.268665 4.143761 -0.230023
-0.100042 4.137332 -0.464445
0.501205 4.004908 -0.684281
0.854583 2.875611 -1.561939
0.865362 3.358116 -1.315072
-0.309875 3.103609 -1.700539
0.263972 3.941150 0.628982
-0.110979 3.878774 0.764741
-0.473267 3.761769 -1.155061
-1.084810 -2.933705 -1.962441
-0.402966 -2.526847 -2.779703
0.765417 -2.535063 -2.637079
-0.734178 -2.519919 -2.662635
-1.215682 -1.941547 -2.605933
-0.554552 -3.096021 -2.182680
1.010352 -2.532022 -2.482872
0.194130 -1.068897 -3.014312
-0.400051 -1.076720 -2.982927
-0.858340 -0.985864 -2.786695
-1.250837 -2.264419 -2.445366
-0.178094 -1.515570 -3.080181
0.283911 -3.282222 -1.974579
0.834025 -0.721356 -2.680100
-1.132754 -1.597751 -2.718807
0.003782 -2.352409 -2.919089
-0.888790 -2.202717 -2.745919
-0.050216 -0.781434 -2.922218
-0.752379 -1.362072 -2.924017
0.347661 -0.705084 -2.851380
-0.135669 -2.221679 -2.967276
-1.359343 -1.171269 -2.467155
-0.829291 -0.627992 -2.626759
1.569397 -2.354370 -1.941670
0.555987 -3.819901 -0.518107
-0.755274 -3.444654 -1.407744
0.059782 -3.465204 -1.591004
0.715846 -3.296937 1.283438
-0.071985 -3.541262 -1.473642
-0.374351 -3.878364 -0.188170
0.383373 -3.191244 1.520391
1.068931 -3.659956 -0.324904
0.362452 -3.875545 -0.028652
0.966394 -3.412078 -1.309035
1.336457 -3.410207 -0.835985
0.110706 -3.774459 -0.971350
-0.523607 -3.686568 0.697588
1.147570 -3.533047 0.450788
0.346889 -3.838931 -0.639937
-0.043439 -2.696361 1.950271
1.344725 -3.469553 0.232154
1.047395 -3.481168 0.733113
1.131454 -3.586219 -0.635130
0.212445 -3.362587 1.355913
-0.767448 -3.542862 0.861261
3.887005 -0.440574 -0.163284
3.708522 -1.576514 0.887800
3.415671 -0.628080 1.811056
3.860976 -0.337268 0.687885
3.235603 0.365115 1.669471
1.372406 -3.173790 1.408479
3.364424 0.164710 1.620587
3.260047 -0.988445 1.991762
3.652600 -0.610563 1.413491
3.822554 0.004765 0.402123
3.560141 -1.445921 1.391084
3.912428 -1.030361 0.307235
3.294402 -1.745593 1.645803
2.111104 -3.204005 0.910157
1.784461 -3.346776 -0.255508
3.107867 0.114763 1.977813
0.054550 -1.730337 2.472937
1.183846 -3.361775 0.914329
2.868996 -2.270689 1.731539
2.855574 0.362443 2.091851
1.938373 -2.336362 -1.849371
2.091271 -3.285309 -0.093277
3.644884 0.213225 0.983079
3.116025 -0.882607 2.157225
3.645163 -1.456091 1.194186
3.823738 -0.699855 0.975426
2.966054 -0.430237 2.277847
3.534461 -0.609515 1.630082
1.782079 -3.059541 -1.062539
2.893539 -2.381537 1.579576
0.399089 -2.487280 2.134807
2.235469 -3.184724 -0.350683
2.772418 -1.907567 2.113069
2.178689 0.587834 2.395003
3.845162 -0.932154 0.866827
2.927515 -2.688404 1.009457
1.584655 -1.323715 -2.405777
2.623937 0.006424 2.425928
3.287485 -0.667526 1.977224
2.791213 -0.910961 -1.983646
1.575261 -3.241084 1.205554
2.010115 -2.746402 -1.420244
3.438879 -1.899164 1.255781
2.622983 -3.045950 0.435355
1.086287 -2.401083 2.366037
2.494153 -1.386993 -2.084136
1.714229 -1.469986 -2.346416
1.724427 -3.089650 1.476441
1.553086 -2.925998 1.792291
1.129360 -3.043552 1.652703
3.092592 -0.549334 2.177405
3.227834 -2.141346 1.379874
1.418184 -3.421353 0.567709
-0.613450 -2.188505 2.440449
-2.459800 -3.104917 0.673998
-3.351193 -2.266963 0.898278
-2.224617 -2.731086 1.762257
-3.448120 0.047032 1.557912
-3.856890 -0.230191 -0.153989
-3.163436 -0.182368 2.033862
-1.452708 -2.792273 1.981113
-2.018738 -3.304828 -0.128135
-3.436992 -1.561314 1.545660
-1.088157 -3.072447 1.602192
-1.677408 -2.581805 2.160620
-3.912073 -0.781089 0.531338
-3.657638 -1.053909 1.364419
-2.215041 -2.332719 2.178133
-1.612290 -3.003106 1.663511
-1.518860 -3.306219 1.043536
-2.833199 0.347831 2.119495
-2.697081 -1.934165 2.156607
-1.921484 -0.986612 -2.390507
-1.159862 -3.288223 1.149437
-1.625311 -2.888616 1.826517
-2.084596 -2.542977 2.053391
-3.666110 -0.537173 1.375128
-3.799044 -1.131775 0.954354
-1.530647 -3.432417 0.189598
-3.104246 -1.708367 1.912549
-3.568082 -1.051607 1.539990
-0.823450 -3.148160 1.409403
-1.485676 -1.314890 -2.419980
-2.203873 -3.242300 0.549656
-2.266953 -2.952894 1.383108
-2.861825 -2.190129 1.817053
-3.015198 -2.282459 1.539547
-2.033658 -3.085742 1.307792
-2.746553 -1.516823 2.325066
-1.398053 -2.631667 2.159597
-0.568525 -2.771703 1.903059
-3.563694 -0.256703 1.500543
-2.239758 -1.928407 -1.992505
-3.248783 -0.994478 2.003745
-2.501859 -2.243001 2.078586
-2.576572 -1.361199 -2.043601
-0.803008 -2.818284 1.918954
-0.777586 -2.353366 2.362753
-2.727332 -2.513058 1.609052
3.476669 -1.601128 -1.421081
3.745106 -1.927138 0.500269
3.610825 -1.978768 -1.056694
3.561240 -1.957255 0.829451
3.882797 -0.883881 -0.637642
3.240872 -2.538994 -1.002448
3.413462 -2.156445 -1.206218
2.770639 -2.999768 0.303247
3.260077 -1.575083 -1.633781
3.868784 -1.527855 0.444801
2.726695 -2.405329 -1.565893
3.144809 -1.388046 -1.744816
3.914562 -1.693765 0.137135
2.409244 -2.876428 -1.164408
2.215599 -2.571961 -1.569964
2.529916 -3.133181 -0.019307
3.328342 -1.398069 -1.601751
0.252251 -0.663921 2.927937
2.349110 -0.196026 2.788030
2.571934 -1.033533 2.697866
2.034215 -0.502522 3.048351
1.093269 -1.095297 3.190969
2.697737 -1.361183 2.454247
1.207794 -0.119594 3.109608
0.979097 -2.232776 2.521439
1.369470 -2.161794 2.631629
1.296018 0.283444 2.907703
0.304462 -0.148905 2.840340
1.336637 -1.932016 2.837932
1.582697 -2.073058 2.687812
1.659069 -1.764656 2.906544
1.959274 0.083552 2.880867
2.568033 1.500236 2.029121
2.046435 1.697164 2.190132
2.056708 1.293849 2.311657
0.449548 2.056098 -2.458657
2.722870 0.789614 2.064660
2.999623 -0.048872 -2.165187
2.769292 2.988895 -0.304485
3.237456 0.368017 -2.056295
2.223438 3.257837 0.038966
2.204306 2.984698 -1.415289
2.876060 2.854050 -0.739350
2.447072 -0.630514 -2.259968
2.104300 0.899709 2.353025
3.961078 0.582178 0.036612
1.126283 2.453016 -2.325885
3.768929 0.286230 0.720655
3.459401 1.832568 -1.380881
2.129718 3.240227 -0.801841
1.223032 3.066682 -1.616177
1.960115 1.101742 2.374931
2.591057 3.081456 0.067374
1.550454 3.136862 -1.456858
3.112068 0.393154 -2.187705
2.556282 2.967719 -1.062872
2.856260 2.490195 -1.545746
2.153778 3.253618 0.244218
-1.617234 -1.606548 3.003124
-1.828739 -0.006634 2.975883
-0.960984 -0.013782 3.040620
-0.252492 -1.309556 2.841915
-0.779143 0.392597 2.747215
-2.617400 -1.480728 2.483488
-2.125808 -1.392149 2.913110
-2.102062 -1.618857 2.819869
-0.995291 -2.292086 2.450910
-1.087317 -1.672893 2.993704
-1.082428 -2.127580 2.656475
-1.376843 0.501844 2.735824
-1.718207 -1.808350 2.863137
-1.625212 0.464842 2.728993
-3.971577 -1.156969 -0.347689
-3.770356 -1.359591 -1.038439
-3.171671 -2.697721 -0.824416
-2.918719 -2.880685 0.456504
-2.285330 -3.082361 -0.774096
-3.802163 -2.087205 -0.068783
-2.934249 -2.972152 -0.392406
-3.113467 -1.925637 -1.632564
-3.680895 -1.925485 0.645653
-3.281365 -2.759297 -0.086783
-3.434469 -2.538125 -0.626961
-3.880856 -0.715884 -0.431281
-2.731508 -1.496342 -1.948378
-2.910217 -2.448755 -1.424838
-3.154724 -2.819561 0.178188
-2.796047 2.956652 -0.488416
-2.913963 2.833156 -0.702814
-1.414937 2.766782 -2.020662
-2.108242 2.425435 1.722204
-3.926922 0.836348 -0.739200
-2.226515 1.182557 2.274605
-3.706808 0.888684 -1.399118
-3.522660 0.510072 -1.716690
-1.827788 3.345973 -0.699014
-3.729904 -0.119203 -0.980322
-3.200554 2.407263 -1.124526
-3.123596 1.280047 -2.127181
-2.846172 2.239737 -1.836378
-1.948326 1.031796 2.387162
-1.446905 3.162710 -1.425519
-2.888080 2.582731 -1.367939
-2.554440 1.490567 2.040248
-3.057587 2.586825 -1.067011
-3.481477 1.712432 -1.445406
-2.036820 3.276405 -0.774774
-3.921573 0.474033 -0.714485
-0.373278 2.037985 -2.440196
-3.915068 1.085305 -0.685245
-3.679758 1.680627 -1.017967
-2.527860 2.824465 -1.406650
-2.221694 3.138952 0.586289
-2.269685 -0.547656 -2.404675
-3.241158 2.157218 -1.419729
-2.684707 2.137727 -2.063969
-2.678286 3.046110 -0.123665
-2.666091 0.895628 2.094871
-3.851636 1.082179 -0.965141
-3.241882 0.950972 -2.073614
-2.784525 2.553899 -1.543987
-3.807522 1.291477 -0.988539
-3.847631 0.713364 -1.057774
-3.447505 1.526958 -1.628667
1.112973 0.326830 -3.166563
2.205632 0.418410 -2.986442
1.259939 -0.137672 -3.002869
0.547581 -0.287969 -2.708614
1.412668 -0.719780 -2.523597
1.458504 1.139944 -3.190244
1.427312 1.867497 -2.881340
1.029044 -0.632241 -2.589762
2.087558 2.087928 -2.483451
1.135200 -0.394426 -2.826839
0.367532 -0.137834 -2.700764
2.031090 -0.278520 -2.763337
1.963017 0.210894 -3.038122
1.776600 -0.085259 -2.973929
2.683371 1.477597 -2.478623
1.492610 1.487689 -3.083436
1.851914 2.235968 -2.433765
2.576914 1.659643 -2.471646
1.950700 1.547702 -2.953368
2.256282 1.681681 -2.725447
2.872763 0.913993 -2.451370
2.849957 0.456771 -2.449265
1.846497 0.475793 -3.138560
2.482693 1.013722 -2.830343
2.006912 1.853507 -2.744144
2.257275 -0.271409 -2.636961
3.914339 0.552269 0.527387
4.023180 1.275040 -0.232820
3.793154 1.529622 1.103750
3.224490 2.025133 1.533227
2.664640 3.055252 0.294440
3.809207 0.603207 0.912907
3.466126 0.586871 1.416442
3.352680 2.483193 0.951701
2.478498 2.530434 1.523309
3.548921 2.495465 0.432830
3.907547 1.701736 0.756120
3.260875 1.245806 1.732134
2.452570 3.043732 0.651347
3.153187 0.743104 1.735634
3.713932 2.301095 -0.034618
2.707424 2.995712 0.599808
2.636412 2.835358 1.067208
3.906261 0.803179 0.820371
-1.680268 2.960827 1.757475
-1.461161 3.208618 1.721295
-0.949606 3.206866 2.088910
1.923714 3.090018 1.261708
0.220620 3.965990 1.287279
-0.372940 2.603726 -2.226417
0.976992 2.932218 2.297472
-1.680748 1.947678 2.305194
-1.096380 2.967598 -1.771808
1.156819 3.038828 -1.680711
-1.521676 3.681496 0.678297
1.277364 2.725711 2.268975
-1.309667 2.958534 2.085046
-0.429141 3.287506 2.200971
1.196414 3.902295 0.484767
-1.057248 3.932150 0.708052
-1.912106 3.402241 0.376825
1.743756 3.555557 0.062792
-0.978486 3.391191 1.882682
-0.521032 3.452190 2.012392
1.805578 2.304328 2.076657
-1.686549 3.608119 0.215151
1.686307 3.528187 -0.359030
-0.691959 3.971127 1.046860
0.967208 3.071954 -1.757567
1.818902 2.818462 1.730308
0.925348 3.879244 1.089645
-0.696531 3.300838 2.110726
1.601935 2.997220 1.804495
-2.499849 2.404984 1.629933
-3.392580 1.571895 1.584508
-3.383587 2.417061 1.006122
-4.034184 1.526446 0.011280
-3.590623 2.250375 -0.552678
-3.661645 2.061878 0.985564
-4.043552 0.931347 0.061978
-3.019757 2.306407 1.481599
-3.259668 2.773177 0.091993
-3.795306 1.871146 0.898702
-4.003703 1.624280 0.428719
-3.130900 2.747901 -0.426347
-3.935777 0.531267 0.327855
-2.919857 2.894232 -0.334785
-3.929706 0.630900 0.584014
-2.807576 2.414731 1.510301
-2.917177 2.611693 1.231606
-4.030857 0.844957 0.229994
-1.109461 -0.123190 -2.997225
-0.878958 -0.309652 -2.834008
-2.023821 1.736215 -2.818260
-1.054561 2.143274 -2.619406
-1.558565 0.433901 -3.188631
-2.633935 0.196067 -2.604954
-0.905299 0.585245 -3.173305
-1.147781 0.543791 -3.208677
-1.223751 0.809930 -3.227154
-2.787514 0.388189 -2.508571
-1.867568 -0.544372 -2.608812
-2.608311 0.668230 -2.744866
-1.463071 -0.160135 -2.987592
-2.343608 0.721443 -2.944220
-0.517520 -0.321414 -2.665100
-0.143903 0.843385 -2.814541
-0.675699 1.527196 -2.945729
-1.376426 1.389141 -3.126683
-0.657486 1.306346 -3.024231
-1.502038 2.261017 -2.504709
-0.069415 2.102768 3.143868
1.211384 1.711155 2.785778
1.054072 1.147681 2.855662
1.395946 1.382903 2.610674
-0.450911 2.197255 3.057488
-1.196650 1.332330 2.788772
-1.006814 1.442059 2.935029
0.096179 2.434941 3.009308
-0.347759 0.743432 3.007919
0.495389 2.560116 2.864915
0.139052 2.086865 3.144553
0.561988 2.126190 3.049804
-0.804242 1.756551 3.036306
0.249204 0.696413 3.002015
1.225672 2.321376 2.569301
-1.142662 2.147831 2.729899
-0.320331 1.441329 3.193732
-1.185381 1.649597 2.811874
-0.538714 2.861408 2.606659
0.245096 3.090046 2.434635
0.310773 0.548193 2.907579
0.705666 3.215591 -1.798885
0.255794 4.377896 -0.377850
-0.041344 3.921347 -1.444123
1.411404 3.664830 -0.721611
0.814249 3.798910 -1.309474
-0.824226 3.880346 -1.200793
-0.912688 4.117356 0.271702
-0.176854 3.834594 -1.524669
-0.413673 3.718050 -1.582758
0.922940 4.162219 -0.006743
0.690767 4.266312 0.034454
-0.246548 3.614049 -1.703379
0.837797 4.213960 -0.155360
1.013443 4.082890 0.163605
-1.329209 3.724368 -0.791776
-0.500257 3.571199 -1.672243
0.623475 4.202107 0.426233
-0.430573 4.237139 -0.829698
-0.379547 4.330840 0.206591
0.585351 4.261173 -0.609654
-0.093448 4.283732 -0.838141
-0.702063 4.192202 0.364413
-0.196853 4.312396 0.391365
0.357942 -2.278662 -3.175258
1.061775 -1.067921 -2.983924
0.594200 -1.422250 -3.240999
-1.322605 -2.994478 -2.099530
0.161325 -0.629806 -3.110558
-1.344832 -1.144444 -2.806672
-0.014520 -2.751353 -2.972471
0.252368 -1.197159 -3.282910
0.437143 -3.218370 -2.485541
-0.584709 -1.318341 -3.233969
1.517276 -1.867584 -2.675989
1.200629 -1.306793 -2.946392
0.480808 -0.756181 -3.114348
0.639006 -1.707761 -3.227295
-0.855048 -0.914261 -3.043588
-1.462006 -2.863906 -2.082533
-0.274372 -2.468785 -3.110476
-0.453637 -0.750486 -3.118439
0.835086 -2.160818 -3.069212
-0.921841 -2.586517 -2.832550
1.104227 -2.741211 -2.603454
0.878357 -1.199095 -3.108677
-1.457283 -2.454552 -2.490426
-0.135633 -0.734610 -3.159415
-0.309319 -1.218513 -3.278891
0.342274 -3.064220 -2.683569
-0.417099 -3.375859 -2.266196
0.771486 -2.398853 -3.005171
-1.008115 -4.026758 -0.091025
1.133157 -3.641298 -1.443162
-1.161670 -3.861761 0.531214
-0.375065 -3.907135 1.041511
-1.152040 -3.913076 -0.704232
-1.053788 -4.000244 -0.405187
1.546269 -3.732242 -0.459842
0.166552 -3.915310 -1.430203
-0.377945 -4.190157 -0.251081
0.606813 -3.608781 1.449731
-1.376278 -3.763157 -0.836309
-0.113203 -3.201075 1.970481
0.315842 -4.056644 -1.056274
1.225584 -3.828063 -0.898237
1.407554 -3.828313 -0.369407
0.907043 -3.960011 0.558191
0.403490 -4.140523 -0.686799
-0.232624 -3.941921 -1.364665
-0.947899 -3.434385 -1.869377
0.168336 -4.186233 -0.555720
-0.060402 -3.580750 -1.951976
-0.192085 -4.206468 -0.323474
0.827554 -4.090877 -0.132834
0.415507 -3.306798 1.839514
-0.183689 -2.851164 2.212281
-0.403026 -4.129940 0.381271
0.381759 -3.701187 -1.749936
0.829048 -4.032481 -0.734172
1.523811 -3.612440 -1.007619
0.418663 -3.653522 1.448396
1.519754 -3.692867 -0.762595
1.919478 -2.728034 2.430117
2.729845 -3.387373 0.233746
0.907865 -3.510055 1.467867
3.266496 -2.083657 2.040861
2.455627 0.445150 2.757833
3.075321 -0.618038 2.645676
1.497177 0.631122 2.947265
1.571489 -2.737400 2.504733
2.638799 -3.212738 1.302087
2.849146 -3.300886 -0.051915
0.133301 -0.104799 3.017260
0.565167 -2.434794 2.681246
3.391042 0.295728 2.107281
3.410236 -2.807980 0.682158
3.096703 -1.978968 2.283572
2.558994 -2.273379 -2.050633
2.723121 -2.604034 2.111318
1.804336 0.786819 2.811946
3.066632 -0.891915 2.649678
2.920943 -2.115610 2.348677
3.937031 -0.835784 -1.162261
2.163226 -1.524741 -2.575091
1.358337 -3.433001 1.651724
3.805165 -2.259385 0.765716
3.733382 -0.864357 1.948581
1.949170 -1.848045 -2.529073
4.085564 -0.103801 1.060413
4.174428 -0.474267 -0.492491
3.364433 -2.664933 1.214601
3.380556 -1.755084 2.121190
0.730170 -2.620656 2.581177
2.664925 -3.410250 -0.044379
3.347169 -1.924703 2.059016
0.434119 -2.844465 2.295120
1.749177 -3.660024 -0.482019
2.164161 -1.336305 -2.621481
1.930219 -1.422143 -2.670355
2.723786 -3.324684 0.811967
1.967823 -3.023128 2.103256
4.227227 -0.515413 0.685812
2.338008 -2.272300 -2.168684
2.312679 -3.571064 0.513010
3.747449 -0.005892 1.771547
1.691100 0.671370 2.899096
1.468440 -3.530076 1.432477
3.853500 -0.889443 -1.311148
3.629524 -0.813298 2.094294
2.880372 -1.094646 2.760577
0.005415 -2.057590 2.702969
2.015046 -3.577605 1.006577
2.872292 -3.247363 0.743023
2.988288 0.395466 2.443299
2.719480 -1.454954 2.784096
4.238135 -0.294430 0.289663
2.484139 -3.396869 -0.575074
2.944682 -0.027787 2.643206
3.482018 0.118418 2.088008
3.327700 -0.198222 2.366167
2.675299 -1.748011 2.709109
4.002816 -0.965662 1.451324
3.018584 -3.042517 1.089682
4.112842 -0.625952 1.185418
2.809196 -1.884217 2.562904
3.226841 -0.350430 2.492165
3.254565 -2.975855 0.605409
3.227912 -1.276671 2.457417
2.368689 -3.309788 -0.949527
-3.269299 -1.315882 2.409184
-3.665989 0.373856 1.675124
-2.530235 -1.979146 2.685021
-0.983108 -3.558845 1.370696
-2.390962 -3.269001 -1.014792
-2.322822 0.638470 2.722109
-3.057984 -3.170032 0.168379
-2.631077 -0.054607 2.846570
-4.141900 -0.720289 1.098869
-1.693838 -3.444870 1.551925
-1.879809 -3.697687 0.564842
-3.628170 -2.512520 0.809673
-3.213942 0.037834 2.403314
-0.982685 -3.431680 1.644119
-3.007497 -0.783796 -2.253545
-3.920135 -0.980093 1.621584
-2.821711 -2.353989 2.255668
-2.933241 -2.551792 1.977760
-3.290437 -2.963915 0.451624
-0.413749 -2.199582 2.786450
-1.534852 -1.186555 -2.786104
-3.906826 -1.817270 1.177747
-3.404589 -1.492742 2.214530
-2.001276 -1.313149 -2.675772
-2.884111 -1.257462 2.729361
-1.527542 -0.889460 -2.816987
-3.008407 -0.478405 2.685272
-2.866055 -1.078014 2.772207
-2.588120 -3.372962 -0.476001
-1.714723 -3.389912 -1.206645
-2.188199 -3.549928 0.903452
-1.688904 -2.218139 -2.409033
-3.697969 0.019768 1.837876
-2.496440 -0.936806 -2.546505
-3.443331 0.312517 2.035220
-1.563351 -3.052835 2.184689
-2.816680 -3.307734 -0.159636
-2.258776 -2.930866 2.073629
-2.847004 -3.071586 1.321748
-0.726695 -2.309181 2.799427
-1.823114 -2.363774 -2.292299
-0.316520 -2.700408 2.387756
-2.441921 -3.106418 1.707794
-1.487826 0.797310 2.858506
-3.887589 -2.063347 0.871382
-2.164249 0.381529 2.908347
-3.538156 0.359219 1.881946
-3.734588 -2.115041 1.260051
-2.019864 -1.112628 -2.703805
-0.677883 -3.254944 1.869492
-4.033163 -0.524057 -0.939924
-2.956192 -1.128254 -2.259024
-3.780926 -1.342641 1.765517
-3.368545 -2.806241 0.855313
-1.719357 -2.880086 2.340933
-2.404813 -2.868879 -1.612865
-1.768541 0.706125 2.865288
-4.173831 0.007671 0.405679
-1.755402 -1.590741 -2.663437
-4.214789 -0.553802 0.773780
-2.809259 -3.240270 0.938502
-3.159649 0.351649 2.317547
-2.810889 -3.330459 0.439040
-3.183528 -2.972174 0.892463
-1.643680 -2.534223 -2.211944
-4.040317 0.145799 0.986514
-2.342986 -1.486797 -2.518005
-3.368110 -1.850042 2.081366
-1.851310 -3.668367 -0.350040
-2.863714 0.253058 2.601434
-1.488289 -3.620254 1.192828
-2.038262 -3.480816 -0.835621
-1.902610 -3.297652 1.738745
-2.953297 -3.226315 0.540518
3.607296 -2.449054 -1.115010
2.859468 -2.730103 -1.546758
4.212705 -1.313273 0.061199
3.965206 -2.087311 -0.789720
3.895432 -2.417482 -0.262349
3.844258 -2.176296 -0.990640
3.084003 -3.099569 -0.709623
3.828867 -1.506655 -1.386054
3.075219 -2.611927 -1.524997
4.136777 -1.236716 -0.769717
3.935024 -2.226556 0.351415
3.677054 -1.527938 -1.576389
2.733101 -2.565782 -1.759876
3.306846 -3.032462 0.029972
3.453870 -2.548958 -1.217269
4.213427 -1.345351 -0.369046
3.696012 -1.144957 -1.571044
3.406643 -2.431603 -1.397900
4.060574 -1.357155 -0.983009
3.851867 -2.017377 -1.121327
3.339689 -2.135975 -1.678031
3.450905 -2.815710 -0.771838
1.972266 -1.936390 2.989078
0.524813 -1.920254 2.977927
1.934201 0.000422 3.211088
2.096582 -1.590852 3.129895
0.715509 -0.061243 3.266747
2.387059 0.043446 2.966650
0.306211 -0.776133 3.237329
2.534626 -1.438308 2.930676
1.799160 -0.457586 3.377397
1.028435 0.265125 3.183065
2.402970 -1.198812 3.098833
1.956240 -1.240368 3.302592
2.073130 -0.545076 3.299987
0.294715 -1.515738 3.083609
2.342048 -1.534866 3.023762
1.692837 -2.186196 2.887885
0.016110 1.297434 -2.964601
3.577454 0.543731 -2.213319
3.280922 0.750695 2.069414
1.879018 3.045200 -2.126868
1.849710 0.963288 2.766794
2.853988 3.317879 0.109714
1.837770 -0.773662 -2.828083
2.069489 3.672412 -0.427247
2.822370 1.810360 -2.623347
1.912116 1.483087 2.666269
2.114592 1.273483 2.660432
3.257151 -0.133453 -2.376248
3.016071 2.084250 -2.332196
3.909019 1.963765 -1.126048
2.043470 3.392591 -1.511153
2.976819 1.381633 2.219661
4.204283 0.119295 0.330673
2.597202 3.479220 -0.298635
2.623011 2.302801 -2.467352
2.465576 3.061328 -1.796139
3.023463 3.200248 0.145731
3.958969 0.821448 -1.661044
3.742965 0.855943 -2.007072
4.066101 1.288013 -1.305296
3.769121 -0.107035 -1.761835
3.185496 0.889829 -2.597244
4.166018 0.009370 -0.849211
2.224353 3.551231 -0.907223
3.999258 1.576777 -1.288799
0.975130 2.678275 -2.567952
3.424423 1.043025 1.911653
3.547207 -0.453835 -1.876494
2.666477 0.949339 2.481262
2.063101 3.577511 -1.001110
2.311465 3.590414 -0.481262
0.462071 -0.324089 -2.986983
-1.793068 -0.005660 3.256573
-1.038507 -1.347586 3.376024
-0.810928 -0.696547 3.414664
-1.726234 -0.975681 3.409129
-1.871538 -1.839617 3.088936
-0.816507 0.116997 3.219226
-0.948466 -1.078476 3.420178
-1.171255 -1.557687 3.317355
-1.682044 -1.708423 3.211604
-1.863299 -0.268575 3.321659
-2.165892 0.339483 2.927033
-0.283722 -0.597993 3.217676
-0.756774 -0.947829 3.396475
-1.945117 0.258794 3.079796
-2.156646 -1.160901 3.239994
-2.518696 -0.827707 3.071124
-2.305428 -1.836034 2.880700
-1.633570 -0.691543 3.434649
-1.443195 -1.752309 3.225723
-0.748576 -1.835897 3.113566
-0.731175 -0.100523 3.284948
-0.081965 -0.981704 3.095785
-0.574298 -1.445546 3.237053
-1.342368 0.480844 3.061843
-0.469597 0.104688 3.107183
-1.949969 -0.692353 3.356293
-0.569796 0.253997 3.069568
-2.127303 -2.049294 2.828379
-3.416965 -2.664174 -1.115186
-3.020558 -3.212332 -0.211746
-3.082896 -3.000374 -0.971018
-3.328295 -3.010575 -0.406200
-3.595517 -2.728208 -0.622714
-4.080719 -2.043637 -0.057485
-4.033315 -1.042845 -1.018455
-3.458391 -2.904865 0.102247
-3.467202 -1.483626 -1.790812
-3.819963 -2.326317 -0.854779
-4.144432 -1.622284 0.306482
-3.331792 -1.694928 -1.859713
-3.929987 -2.338103 0.077778
-3.219917 -2.583479 -1.434793
-3.452077 -2.845793 0.363895
-3.287818 -3.055396 -0.106218
-3.956667 -1.717622 -1.104841
-3.797296 -2.557202 -0.015147
-4.187184 -1.585977 -0.412867
-2.633362 -2.390494 -1.922243
-3.711111 -2.492564 -0.850111
-2.455079 3.488873 0.332171
-0.091077 1.844961 -2.825483
-3.023133 1.593882 2.118763
-2.027111 3.674426 -0.533844
-2.976167 -0.194334 -2.584022
-2.046301 3.443000 -1.398673
-4.103383 1.034836 -1.309336
-1.346008 2.610446 -2.637640
-3.772341 0.224959 -1.895794
-4.127751 0.529270 -1.269202
-2.261381 1.194228 2.626818
-4.070439 1.809892 -0.759384
-1.742798 -0.830013 -2.814455
-3.699917 2.353710 -1.097729
-2.047155 2.011394 2.437480
-4.298952 0.389181 -0.208123
-1.841446 1.272183 2.728034
-2.942149 1.794011 2.095838
-1.091109 2.390219 -2.790439
-2.357910 1.986207 -2.789876
-2.007073 3.121586 -1.980216
-2.668011 3.401031 0.257342
-2.027315 1.212569 2.695661
-3.072105 0.799824 -2.689403
-0.583190 2.546213 -2.593728
-2.039666 3.597717 -0.948173
-2.687201 2.764841 -2.008041
-2.726906 -0.330259 -2.692856
-2.264503 1.839588 2.441401
-4.193089 -0.049326 0.151835
-3.710905 0.723467 -2.055534
-1.867737 3.213290 -1.905080
-2.365366 3.266564 1.076215
-2.922292 3.216051 -0.863804
-2.342687 2.673699 1.872294
-3.315267 2.946018 -0.689217
-2.790032 3.228578 0.649432
-3.305609 0.689941 2.047305
-4.219993 0.149319 0.277666
-2.944480 0.883678 2.322300
-3.111874 0.709463 2.208105
-3.573745 1.555886 -2.047286
-1.702433 3.291202 -1.838557
-3.705365 0.367884 -2.027158
-3.298833 1.975414 -2.135134
-2.236833 3.580996 0.293098
-4.210213 1.425663 -0.628340
-2.959221 3.072854 -1.213179
-1.292962 -0.647944 -2.958856
-2.519322 0.792327 2.560944
-3.290816 2.764564 -1.268405
-3.028256 2.432238 -2.050352
-1.821849 3.450778 -1.505244
-2.723232 2.129768 2.065799
-3.608498 1.821489 -1.852305
-2.584904 2.048871 2.194470
-2.078631 3.675445 -0.308117
-3.932903 1.889025 -1.154464
-1.241445 2.862123 -2.419826
-3.604032 -0.400011 -1.834112
1.743907 0.436071 -3.405949
0.821746 -0.072562 -3.233792
1.103652 1.589129 -3.294755
0.230633 0.222929 -3.085657
2.446316 1.484271 -3.018596
0.493433 0.637772 -3.295938
1.506605 -0.465820 -3.076403
1.580240 -0.107681 -3.270732
2.090297 0.092290 -3.218926
0.954229 0.680490 -3.435286
2.766122 1.073296 -2.899655
1.083684 -0.325289 -3.157461
2.460576 0.184816 -3.060335
1.238779 1.083728 -3.445340
2.450035 -0.074944 -2.958424
1.912894 1.585706 -3.224328
1.485677 1.491001 -3.340292
0.429956 0.073334 -3.145372
1.633223 0.984618 -3.439123
0.802864 0.825308 -3.403454
3.291011 3.030307 0.381613
4.032007 1.075085 1.214330
3.174158 3.059138 0.608470
3.428666 2.255855 1.558054
3.068851 3.064029 0.785655
4.228195 0.756785 0.525506
3.487856 2.889727 -0.050018
3.419318 2.606908 1.216096
3.586826 1.040354 1.769706
3.912739 2.384137 0.581069
2.989398 2.943885 1.144322
3.157473 2.256878 1.765559
2.932438 2.253034 1.889824
4.306120 1.244636 0.128488
3.062242 2.107740 1.907447
3.823642 2.245073 1.054110
3.950099 1.897186 1.139549
3.563208 1.937050 1.628856
2.875260 3.203466 0.573451
2.658602 2.799722 1.539444
3.803487 0.755173 1.477789
3.102082 2.969449 0.981060
4.273871 1.267274 0.540057
4.084298 1.525037 1.070353
4.111348 2.030035 -0.198151
-2.016545 3.667158 0.918079
1.823102 3.929672 0.316350
-1.794228 3.893947 -0.317743
-0.956254 2.976676 2.707908
-1.805558 3.940337 0.365669
1.745499 3.294509 1.952364
2.106031 3.623008 0.776137
-0.372413 4.489973 0.578977
1.950114 3.516573 1.397889
-1.644184 2.491112 2.591599
1.664880 3.876274 1.125546
-0.008827 3.985217 1.968213
-2.057584 3.530708 1.168596
-0.155736 3.715630 2.296814
-1.797858 3.649638 -0.962928
-1.804657 3.779235 -0.671019
0.406663 3.748125 2.226295
1.288208 3.534707 2.079070
-1.797371 3.827973 0.989344
1.722003 3.699420 -0.982686
-1.794145 3.846659 -0.498489
-1.510207 3.762069 -1.139814
2.199848 2.930696 1.769455
-2.220132 3.546937 0.591385
1.824335 3.880939 0.711394
0.669490 4.354314 1.006560
-0.883409 0.552196 3.000576
1.945739 3.820157 0.489809
-1.928602 3.069364 1.980169
-0.522448 2.980111 -2.392351
-0.376320 3.145075 2.755327
-2.052480 3.093785 1.809548
0.135337 2.655816 -2.599694
-0.010461 3.349404 2.637594
1.419772 3.768614 -1.223428
0.055923 0.111814 2.959132
-2.054505 2.654819 2.155829
0.050701 2.823063 -2.526473
-1.519903 1.440926 2.875341
2.207931 3.566108 0.553391
-1.924444 3.848858 0.075530
1.559434 2.432585 2.671703
2.145667 3.381658 1.278046
-0.926762 4.372944 0.537847
-1.262169 4.247759 -0.058344
1.617297 1.392530 2.815975
-1.548998 3.895280 -0.830182
1.799442 3.928033 0.540750
0.227167 2.366321 -2.698538
-0.380293 3.690877 2.294415
0.620027 3.428879 2.490682
0.942211 3.254879 -2.083450
1.202057 3.158320 2.473878
0.345149 3.290391 -2.218647
1.486635 3.607193 1.832971
0.721983 3.219902 -2.187459
-0.758373 4.206433 1.369708
0.903553 4.361413 0.677958
-2.182450 3.618832 0.190460
-0.940053 4.000063 1.668538
-0.792763 2.920598 2.796998
1.978691 3.711514 0.884202
-0.003185 4.481919 0.781990
1.301606 4.239154 0.372155
1.303849 4.110469 1.063748
1.268093 3.516057 -1.673877
-1.248475 3.791953 1.779275
-0.558125 4.433544 0.761434
0.790467 3.872124 1.948157
0.543683 4.269112 1.340109
-1.731652 3.970109 -0.147771
-3.702852 0.969898 1.647670
-3.406269 1.462560 1.905540
-3.881073 1.187783 1.456435
-4.295788 1.392659 0.290682
-3.509767 2.885860 0.136073
-3.008130 1.768148 2.069597
-2.978614 3.159207 0.588364
-4.289587 1.464764 0.069000
-4.204610 1.285739 0.821480
-4.253151 1.614206 -0.088862
-3.537757 2.812692 -0.235911
-2.736324 2.892441 1.389050
-4.164231 0.719410 0.764753
-4.048175 2.216912 -0.025607
-4.002682 1.065011 1.264614
-3.437198 2.750018 0.962796
-3.749719 2.322154 1.096568
-1.970320 1.552957 -3.219812
-0.322484 0.915783 -3.212849
-0.686141 0.982443 -3.359677
-0.938624 1.816201 -3.156551
-1.167189 1.934968 -3.119796
-2.057277 1.094020 -3.320164
-1.383650 0.139734 -3.377375
-2.465213 0.203573 -3.063615
-1.257516 0.747111 -3.469400
-0.411696 0.481500 -3.242526
-2.024766 0.472323 -3.336655
-0.078884 0.881738 -3.064071
-0.746589 2.031822 -2.959548
-1.029240 -0.300956 -3.163541
-1.126454 0.380858 -3.425884
-1.669394 0.853160 -3.443145
-1.316038 -0.249735 -3.216770
-1.436038 0.585062 -3.460895
-2.696264 1.354970 -2.881643
-1.432879 0.852635 -3.466969
-1.577657 -0.185052 -3.234773
-1.839461 1.975927 -3.028124
-2.000999 0.128225 -3.264102
-0.923460 0.049652 -3.306385
-2.643630 0.364404 -2.981896
0.187667 2.428234 3.272022
-0.007802 0.872069 3.352509
-0.642770 0.407337 3.015770
-0.159343 2.819490 3.050017
-1.004040 2.489428 2.974360
-0.281634 2.241057 3.333788
0.861434 1.294823 3.267427
0.585451 1.084701 3.328813
1.234856 1.261758 3.051455
-0.510453 1.497958 3.402196
-0.389415 0.760848 3.273772
0.353913 2.950678 2.916526
-1.126699 0.870016 3.014062
-0.493842 2.126766 3.328521
-0.881776 1.965961 3.233322
-0.884460 0.564078 3.006091
-0.769142 2.305910 3.178828
-0.621448 1.299876 3.356786
-0.972208 1.106252 3.179543
-0.018762 2.407858 3.289724
0.713780 2.182798 3.244578
0.412059 2.434299 3.234771
-1.041649 2.243630 3.067767
0.274455 2.026507 3.394732
-0.114214 1.196905 3.430808
-1.073580 1.848615 3.155843
0.092293 0.469586 3.167869
-1.254869 1.798715 3.045767
-0.251327 4.610576 0.132691
-1.009186 4.079731 -1.222185
0.607764 4.241369 -1.271940
0.307080 4.598902 0.161342
-0.133205 4.637546 -0.023801
0.323399 3.625664 -1.975419
0.881697 4.247317 -1.056391
-0.315726 4.580898 -0.592870
-1.149365 4.315474 -0.169224
1.059161 4.205716 -0.935641
-0.109114 4.529766 0.523103
-0.103024 3.734944 -1.928654
0.793748 4.494627 -0.222219
-0.180084 -0.862892 -3.457694
-1.075115 -3.029589 -2.734901
-0.877266 -2.178131 -3.316453
0.697506 -2.176210 -3.382008
0.507431 -1.259145 -3.495107
0.582930 -3.132572 -2.888244
-0.241603 -0.613903 -3.360279
-0.812919 -1.256457 -3.406283
0.724380 -2.636909 -3.189294
-0.403125 -2.373675 -3.391570
-0.218977 -3.394072 -2.704569
0.980722 -1.788788 -3.347877
1.516894 -2.589049 -2.720142
-1.555981 -2.728287 -2.576095
-0.118581 -2.524980 -3.364453
-0.751207 -0.936560 -3.360746
0.290557 -0.560358 -3.330323
-0.260483 -1.323992 -3.542894
-0.620144 -2.172369 -3.405897
-0.852487 -3.235858 -2.663494
-0.574473 -3.011408 -2.994120
0.387037 -2.185863 -3.454194
-0.086074 -3.223317 -2.899568
1.148867 -2.688721 -2.950151
-0.031647 -1.229953 -3.545669
1.248467 -4.183922 -0.850473
0.681371 -4.449879 -0.096345
0.325916 -4.480568 0.242706
-0.010283 -2.988992 2.497896
0.195724 -4.292248 0.986930
-0.410407 -4.386439 -1.005577
0.745454 -4.324905 -0.989331
0.900416 -3.944672 -1.748077
0.224392 -4.470544 -0.723192
1.716551 -3.766818 -1.269738
-0.634765 -4.349490 -0.995099
0.271423 -3.549772 2.062946
-0.287179 -3.806264 -2.145825
-1.076365 -4.293174 -0.664637
0.312988 -3.879291 -2.049841
1.370405 -3.580828 -1.938245
0.469002 -3.859273 1.683979
-1.432327 -4.155220 0.157818
0.320863 -4.392946 -1.021814
-0.670758 -3.997841 1.417099
0.185941 -3.854195 1.739493
0.211936 -4.516022 -0.327721
1.113598 -4.236496 0.510103
-0.820505 -3.904477 1.492959
1.674024 -3.119766 -2.165119
1.438881 -4.171247 -0.269231
-0.366416 -3.418955 2.167012
-1.612503 -4.010534 -0.757498
-1.015100 -4.354152 -0.279842
-1.286108 -3.997057 -1.341366
1.379990 -3.262101 -2.262394
-0.400097 -4.318464 0.863468
0.440745 -4.069546 -1.739115
-0.508350 -4.314568 -1.185842
0.602988 -4.315104 -1.130645
0.975800 -4.355272 -0.466306
-0.224622 -3.320461 2.264399
-1.524056 -3.267000 -2.154693
0.270694 -4.411879 0.611607
-0.142577 -4.315021 0.937395
1.063184 -4.302037 0.281772
3.955283 0.207724 1.995207
3.005077 -1.900347 2.862880
3.084740 -3.109185 1.769120
4.334081 -2.068362 0.341193
4.187628 -1.308590 1.759286
2.512351 -0.426277 3.348335
2.226681 -1.662822 -2.885528
2.038093 -3.687804 1.683314
1.692586 -3.306849 2.389048
0.496908 -3.106015 2.548842
2.130894 -3.642611 -1.273306
2.735998 -3.537257 1.388232
3.096567 -2.811926 2.138948
3.517586 0.243272 2.521582
2.616350 -3.357378 1.861620
3.746532 -0.738849 2.486733
2.617054 -2.602182 2.688376
2.505135 -3.791815 -0.496632
4.265492 0.214757 1.375772
4.423046 -0.421787 1.291066
2.125893 -2.589294 2.918657
2.478158 0.804310 2.978134
2.765013 -1.136242 3.218868
3.257685 -1.129709 2.907424
3.080578 -3.007056 1.920394
4.457487 -0.795826 -0.783193
3.463128 -3.229554 -0.271199
3.176196 -0.368575 2.972570
1.353354 -2.010030 3.369564
0.738681 -2.877797 2.816739
2.689064 -1.009215 -2.826507
3.965052 -2.693637 0.569654
3.068643 -3.526397 0.764854
4.407714 -1.168295 -0.847764
4.569702 -0.533350 0.706965
2.670332 -3.700875 -0.558782
3.257421 -1.237045 -2.444679
2.913859 -3.673405 0.175485
3.975884 -0.590789 2.195084
1.682169 -4.084752 -0.081259
3.153616 -1.408446 2.928860
4.102680 -2.266027 1.138195
2.617354 -3.380251 -1.378697
4.575523 -0.829592 0.696987
2.638505 -3.807560 -0.016774
2.412435 -3.334122 2.050109
4.553049 -0.118597 0.121828
1.754134 -3.460823 2.175444
3.523969 -1.251694 2.658787
0.850311 -3.466404 2.209900
3.560014 -1.056368 -2.213356
2.410431 0.525706 3.144611
1.378025 -2.906936 2.829865
2.832984 -1.747147 -2.587383
2.154238 -3.392678 -1.671368
0.821856 -2.239785 3.244641
3.742936 -0.286848 2.446782
2.218525 -3.706854 -1.077570
2.804356 -3.715591 0.559026
1.857738 -4.034491 0.702242
4.539664 -1.116989 -0.348770
1.625089 -3.716818 1.795650
3.089236 -0.202004 3.006135
0.554438 -2.594401 2.989916
2.562841 -1.788178 3.157312
2.330722 -3.644996 1.569774
1.509959 -2.292269 3.228039
4.545070 -0.104494 0.436692
1.422941 -3.991037 1.165505
1.639780 -1.906650 -2.938959
1.725814 -2.564497 -2.594306
0.086633 -2.674005 2.776569
2.845906 -2.567540 2.570415
3.933717 -1.326803 2.168725
2.646738 -3.768487 0.744411
2.611587 -3.193172 2.102789
2.304723 -3.247613 -1.785253
2.907413 -3.390714 1.490309
4.082430 -1.697554 1.764174
1.934700 -3.171881 2.476103
4.089190 -0.608915 2.027026
2.837840 -3.511041 -0.865908
1.883750 -2.166714 -2.785284
1.730580 -3.097208 2.608227
1.469526 -4.116637 0.403628
2.961187 -3.558682 -0.485106
4.003877 -1.870144 1.790472
3.046529 -0.600455 3.080888
2.995493 -2.679926 -1.916764
2.568414 -3.847170 0.307532
2.892890 -3.673451 -0.047655
1.602461 -1.695901 -3.014237
-4.584358 -0.915461 -0.152769
-3.570443 -0.383660 2.644777
-1.821964 -3.679983 -1.356358
-2.473305 -1.968962 -2.681596
-3.894142 -0.550920 2.301694
-3.401489 0.317339 2.601007
-3.113638 -3.548450 0.265114
-1.190409 -3.967096 1.266901
-1.423719 -4.036021 0.993747
-2.042943 -3.701648 -1.207643
-2.957241 -1.473040 3.043368
-3.692931 -2.603814 1.597319
-4.350975 -0.701706 -1.079204
-3.946862 -2.549459 1.097369
-1.943469 -3.455095 -1.676174
-2.953497 -3.313303 -1.139687
-1.556422 -4.105011 -0.022451
-0.354849 -1.968670 3.271682
-1.550769 -3.565259 2.070150
-3.796518 -1.680897 2.214733
-2.727126 -3.422668 1.642511
-4.546839 -0.511041 0.837001
-3.034396 -1.709349 -2.474996
-4.023224 -2.211123 1.429638
-4.562093 -0.218797 -0.025377
-4.600903 -0.842309 0.446872
-1.026259 0.490583 3.389826
-4.151935 -0.492951 1.910257
-2.515288 -0.146940 3.307009
-3.386389 -1.276135 -2.332457
-3.697539 -1.857454 2.248528
-0.906888 -3.775496 1.706504
-3.692269 -2.118412 2.086714
-2.045267 -2.719858 -2.406137
-4.369474 -0.799385 1.476972
-3.092352 -3.559534 0.081557
-4.524314 -1.189088 -0.383271
-0.597354 0.058876 3.471978
-1.340331 -3.226430 2.528640
-3.821550 -2.908817 0.214680
-3.688506 -0.983795 -2.091469
-2.062109 -3.052945 -2.111117
-2.513788 -2.416939 2.871934
-0.668635 -3.037524 2.661536
-3.907739 -0.899959 2.285061
-4.033473 -1.201864 2.057494
-3.198488 -0.908271 -2.529900
-2.466470 -1.594525 -2.816821
-2.117141 -3.318035 2.234251
-4.509308 -0.602498 1.034043
-2.210784 -2.326548 3.053436
-1.583109 -2.874374 2.835694
-1.269992 -3.904068 1.443741
-4.281511 0.200731 1.343756
-4.475060 -1.435725 -0.413501
-2.469875 -3.157902 -1.798963
-3.793052 -1.940375 2.073700
-1.751722 -2.647693 -2.533521
-2.257954 -2.527587 2.912458
-1.053874 -1.959191 3.389192
-1.911131 -2.637388 2.949392
-3.690703 -0.997836 2.532353
-3.109896 -1.142561 3.012025
-3.299354 -2.541820 2.201832
-4.056288 -1.996435 1.586036
-3.204125 -3.466364 -0.101421
-3.106110 -1.383756 2.968296
-1.708845 -4.056159 -0.285894
-1.768066 -3.734056 1.716987
-1.443407 -3.444529 2.258438
-2.995198 -2.947279 2.083629
-3.040364 -2.433590 2.527479
-4.601121 -0.975696 0.261948
-4.110357 -2.450024 0.664652
-4.136483 -2.166084 1.191224
-0.105852 -0.035766 3.361904
-4.099765 -1.312658 -1.472387
-4.348281 -1.208731 1.440729
-3.511255 -3.202026 0.624462
-2.883247 -1.564989 -2.617677
-2.505547 0.836900 2.946705
-3.934175 -2.666355 0.851825
-1.977648 -2.199162 3.191764
-3.115569 -1.445899 -2.501381
-0.157167 -0.717948 3.455222
-0.188527 -1.270801 3.420150
-3.427402 -2.847048 1.694970
-4.047015 -0.235758 2.029683
-3.881847 -1.128446 2.287451
-2.386621 -2.639753 2.778712
-0.206080 -2.193312 3.123302
-2.177370 -3.914504 0.924804
-4.412941 -1.838232 0.500398
-1.740815 -2.604096 3.010240
-2.352751 -2.075313 3.129082
-2.864934 -3.100916 -1.568626
-2.778064 -1.949842 -2.537553
-4.333713 -0.566567 1.555071
-1.887238 -4.057356 0.424036
-0.614865 -3.421078 2.215444
-4.190105 -2.286508 0.734163
-4.483095 -1.482896 0.754564
-2.044083 -1.871309 3.315223
-3.299494 0.079323 2.779164
-2.811059 -2.816800 -1.933706
-0.015402 -2.302548 2.990918
-2.219228 0.017681 3.381576
3.345634 -2.379075 -1.864966
3.946455 -2.731418 -0.477408
3.973280 -2.712196 0.070202
3.782309 -2.273735 -1.508195
4.289127 -2.160151 0.009585
4.069680 -2.175179 -1.126228
4.321603 -1.966103 -0.596550
3.577624 -2.770085 -1.274128
4.362767 -1.615469 -0.763874
3.947680 -2.189697 -1.335702
3.736312 -2.665877 -1.177914
0.914182 -1.483944 3.571098
1.682729 -0.229335 3.607437
1.395042 0.129161 3.526021
1.737824 -1.435403 3.566953
0.781829 -1.633471 3.493145
0.651798 -0.079689 3.517311
2.488973 -0.637631 3.371740
1.869599 -0.535254 3.618958
4.537277 0.332525 0.578641
3.042741 3.363672 -1.422844
3.519318 0.026578 -2.665966
3.079834 -0.246353 -2.926069
2.678198 2.203304 -2.940748
2.950331 1.670424 -3.020669
0.679630 2.392021 -3.134805
2.035186 3.372911 -2.217423
2.670311 1.385554 2.795934
1.503427 2.858266 -2.865451
0.741426 2.245595 -3.225073
3.798295 1.700911 -2.266095
3.145669 3.553686 -0.354389
3.343098 -0.182903 -2.752134
3.365705 2.736915 -1.982522
3.945107 2.500564 -1.321451
0.239138 1.160951 -3.441159
4.643870 0.580490 0.042869
3.928762 0.294482 -2.284687
3.182404 3.071686 -1.764798
2.660646 3.003609 1.875571
3.014834 1.263814 -3.087475
4.545740 0.719807 -1.091857
3.870777 1.332593 -2.316178
3.449844 3.323452 -0.378317
2.400716 2.157359 2.639620
4.106579 2.073716 -1.505237
3.314312 3.341234 0.485341
2.838496 0.839680 -3.234415
2.816934 3.605584 0.697703
4.262234 0.352734 -1.772791
3.804280 2.957461 0.103658
2.706603 1.302604 -3.248129
0.433613 1.877298 -3.318476
4.612018 0.404365 -0.677712
2.390208 3.765123 -1.255274
1.328416 3.301338 -2.448296
1.216053 2.807122 -2.916821
3.528768 -0.213451 -2.574573
4.596369 0.182430 0.113243
2.958640 3.314568 1.181363
2.530096 3.630900 -1.458946
4.568073 1.188989 -0.850998
2.959106 0.647176 -3.168835
3.870312 1.359905 1.856189
2.511351 2.373250 -2.925254
3.307694 3.259577 -1.202715
1.791508 1.090741 3.112049
2.917716 2.280742 2.302863
2.919734 3.501122 -1.281070
3.889377 0.655088 -2.377822
4.008924 1.002021 -2.205297
3.906348 0.575129 1.900133
3.221240 1.684875 -2.832189
3.464679 1.834960 -2.564243
1.794848 -0.814777 -3.207631
3.262924 1.938891 -2.691061
1.679159 3.739902 -1.748164
3.636331 0.689173 2.202943
4.114271 -0.089474 -1.878753
0.276278 2.016763 -3.215897
3.260263 1.726594 2.333964
4.430989 1.896241 -0.584124
0.786390 -0.213632 -3.458805
4.565134 1.474161 -0.483202
1.462128 3.628300 -1.990234
4.164679 2.478327 -0.448600
-1.728198 -0.316198 3.617819
-0.641795 -0.068738 3.510953
-1.541270 -0.564802 3.682157
-2.206486 -0.848027 3.516777
-0.986301 -1.453532 3.590708
-1.162834 -1.013328 3.692055
-1.875673 -1.260339 3.578775
-1.244806 0.178686 3.508210
-0.753176 -1.675271 3.469685
-1.682474 -1.359793 3.598238
-0.349705 -0.871187 3.519165
-1.380209 -0.243842 3.644299
-1.612322 -0.005074 3.553973
-3.883205 -2.328023 -1.321423
-3.617274 -2.198095 -1.742184
-3.263265 -2.769737 -1.607852
-4.319864 -2.090492 -0.064045
-3.839310 -2.784805 -0.739038
-3.508983 -2.382276 -1.726635
-4.271303 -1.615350 -1.041470
-4.141564 -2.448214 -0.428859
-3.769324 -2.953596 -0.359721
-4.266291 -1.822047 -0.944762
-3.550487 -2.500399 -1.594236
-3.644387 1.198529 2.149463
-2.624286 2.567301 2.286243
-4.244489 2.353595 -0.223503
-2.846156 3.662050 -0.884192
-2.644822 1.085126 -3.309967
-0.131198 -0.323622 -3.256608
-2.856101 1.816729 -3.023009
-4.030405 2.664298 -0.582159
-3.782407 1.821028 -2.224655
-2.774549 1.616510 2.684362
-3.965926 0.441762 -2.261979
-4.385785 1.049803 1.067297
-2.338627 0.904187 2.992652
-4.485733 0.250092 -1.181234
-2.414057 1.115791 2.947637
-1.498991 2.630744 -3.034101
-3.915433 0.084211 -2.246667
-1.200868 -0.798789 -3.263259
-2.815361 2.611418 2.138019
-3.448277 1.105499 2.346754
-1.472349 3.479628 -2.212794
-4.587938 0.286969 0.298848
-3.066581 3.316902 1.034676
-1.445856 2.985255 -2.762500
-3.298009 3.001704 -1.720027
-4.620731 0.233198 -0.302626
-3.690904 3.080249 0.106510
-3.347570 3.410022 -0.287875
-2.808404 2.659618 -2.555934
-2.807031 3.627583 0.643641
-3.104997 1.669059 -2.921408
-4.141994 0.954400 1.560120
-1.917071 3.379826 -2.250348
-2.920717 3.457272 0.935636
-2.765916 3.775939 -0.241508
-3.486006 3.018421 -1.389302
-2.542722 1.781547 2.740371
-3.412091 0.748100 -2.856650
-3.024939 1.976456 2.396871
-3.826332 1.461549 1.877593
-3.046848 2.181728 2.273441
-3.889935 2.747289 -0.973023
-3.849711 0.580959 1.969371
-3.157868 3.390754 -1.155536
-2.392071 3.722018 -1.372408
-4.451522 0.471784 -1.364113
-0.972515 3.031590 -2.711242
-2.477258 3.587899 -1.603972
-3.949523 2.473135 -1.354117
-2.833399 2.305725 2.341021
-2.466446 2.192601 2.594477
-1.975156 2.394940 -3.101855
-2.814492 0.933960 -3.242008
-4.606973 1.312826 -0.276271
-2.766168 3.401440 1.237186
-2.011433 1.585825 2.976503
-2.753614 2.521015 -2.698168
-4.245488 2.295892 -0.648412
-3.951461 -0.184807 -2.089089
-3.361380 2.380905 -2.325186
-3.729493 0.817971 -2.559313
-3.506515 0.300187 -2.740216
-3.357384 3.400176 -0.102163
-4.130175 1.014309 -2.023027
-4.108478 0.680476 1.626298
-1.636317 2.402809 -3.161225
-3.814137 0.996516 1.999507
-1.012556 -0.247366 -3.473864
-4.468171 1.673570 -0.827386
-4.374596 0.799373 1.130676
-1.207196 2.972284 -2.780402
-4.571272 0.210031 -0.785290
-0.102760 0.575159 -3.420304
-3.244547 1.795411 -2.770908
-2.553898 3.081007 -2.311192
-1.315157 2.335091 -3.222271
-3.647522 2.178400 -2.162231
-3.923171 1.332943 -2.248911
-4.594451 1.365196 -0.076911
-3.756481 2.914981 -0.959227
-0.323387 1.627076 -3.369420
-0.117935 0.127373 -3.372484
-3.227172 2.488189 1.915301
-3.253329 2.295683 2.037133
-2.098677 -0.430361 -3.310009
-2.028661 2.613473 -2.949021
-2.860311 2.037813 2.471636
-4.150679 -0.351930 -1.648930
-2.077939 -0.664724 -3.217204
-3.143492 2.227460 -2.625874
-3.876719 -0.639343 -1.908565
-3.226768 2.016113 2.228583
-4.055523 2.290426 -1.363915
-1.238856 -0.974437 -3.168845
-4.119734 0.393997 -2.031194
1.830199 1.567388 -3.518609
0.583212 0.961567 -3.581703
1.754939 0.710744 -3.673252
1.391669 0.364425 -3.676266
2.460036 1.227472 -3.380326
2.051199 -0.071789 -3.442619
1.579181 0.528929 -3.686596
1.812266 -0.222494 -3.444870
1.591800 1.274167 -3.642574
0.899536 0.906015 -3.666914
1.260990 0.605548 -3.704331
0.437740 1.134045 -3.506269
1.092436 0.488419 -3.682313
0.696405 0.444394 -3.601755
1.086035 1.583745 -3.553764
4.079218 2.612042 0.417469
3.542804 2.271577 1.807603
4.172318 2.358928 0.750779
3.951708 1.525490 1.719015
3.673176 1.925553 1.877346
4.421253 1.430120 0.902686
3.680081 3.004755 0.605010
4.358900 2.139847 0.113033
3.889482 2.799055 0.616060
4.345513 1.682132 1.007421
3.327341 2.973028 1.291499
-1.881643 4.090444 -0.863989
-1.812738 1.414425 3.095547
-1.120679 0.928850 3.383042
-0.593023 4.236150 2.111516
0.217232 3.119064 -2.747958
-1.293079 4.589792 0.644271
2.190487 2.518901 2.600721
-0.690382 0.667269 3.449604
0.278327 4.859338 0.368662
-2.099054 3.746942 1.629728
-1.045683 4.577229 1.134509
-1.672652 2.381982 3.037131
1.736530 1.627759 3.138622
-1.105548 4.552817 -0.707247
1.671474 3.509879 2.369328
-1.218001 3.667480 2.514321
-2.044301 4.156946 0.647765
-0.230845 2.304075 -3.069401
0.993538 4.700302 0.624461
-1.945407 4.244873 -0.093878
2.314814 2.856262 2.291012
1.064105 3.677077 -2.141304
-1.491937 4.527809 0.314178
0.909743 3.901668 2.419363
2.322546 3.229873 1.975290
1.673853 3.174176 2.641908
-0.580105 3.957888 2.467772
-1.616787 4.392383 -0.435810
-1.263075 4.608006 -0.158726
-1.334258 3.497433 2.604159
-1.758611 2.138510 3.052689
0.311024 4.720652 1.180209
-0.290999 3.897434 -2.147325
0.166011 2.918591 -2.853739
0.095990 4.684873 1.333778
-1.333712 2.461666 3.187149
-1.448718 1.188319 3.282305
0.950274 0.993430 3.448540
0.160671 4.097855 2.375965
-2.204718 2.227693 2.695871
1.445868 2.880259 2.956736
-0.172548 3.608668 2.860403
1.176149 4.657680 0.421708
-0.496912 4.521387 1.643316
-1.987094 1.658665 2.972425
-1.597463 3.962151 1.898260
1.712531 4.098262 1.538846
-0.091404 2.805869 -2.907320
1.283256 4.118161 1.928903
-1.288861 0.760618 3.283978
-1.192229 4.657223 0.298278
-1.578269 2.041980 3.177151
1.245649 4.591925 -0.315951
0.366657 3.339322 3.038541
-0.944045 4.697012 -0.310849
2.418095 3.352848 1.696919
1.174200 2.260515 3.311962
-1.433960 4.531376 -0.176284
-1.174670 4.156044 -1.508726
-1.998305 4.074483 -0.677521
-0.655874 3.464250 -2.457863
-0.449834 3.593359 2.839990
0.955277 4.714164 -0.166121
1.712379 2.674309 2.900449
0.167048 3.748582 -2.301965
0.411024 4.812477 0.715414
-1.591382 1.769877 3.209682
0.755512 0.726962 3.449334
-1.569381 3.994968 -1.436348
1.136715 4.539960 1.151168
-1.720251 4.220572 1.248070
-1.939851 2.644357 2.754945
-1.228971 3.661182 -2.075200
1.329571 4.271899 1.621039
1.350578 1.507179 3.339664
0.061235 4.192937 2.260186
0.600724 4.007325 2.406294
-0.472637 2.922986 -2.819646
-2.142178 4.093888 -0.108889
1.369145 0.813591 3.260850
0.479804 2.755716 -2.892750
0.158755 3.974818 -2.078369
1.806540 1.431425 3.099606
1.573748 4.481598 0.413406
2.005130 2.840285 2.601316
-0.547505 3.067718 -2.733414
1.173219 4.325698 -1.212603
1.527723 2.549604 3.060219
-1.753764 1.146730 3.114045
-1.100197 4.033309 2.168985
-1.286547 4.023308 2.065259
-1.904099 2.276947 2.919673
-3.972018 2.659008 0.743806
-4.053360 1.982864 1.405311
-4.064498 2.443203 0.919266
-3.810151 1.846689 1.777837
-1.536586 1.082029 -3.681540
-2.348623 1.065978 -3.465794
-1.050595 1.428839 -3.600061
-2.457773 0.869840 -3.429731
-2.119764 0.756475 -3.579058
-1.741952 1.508161 -3.556930
-1.813797 0.854273 -3.661079
-0.986467 0.335735 -3.645987
-1.330942 1.173036 -3.676214
-1.095273 1.096050 -3.676012
-1.168357 0.503050 -3.690529
-2.223141 1.407856 -3.446435
-1.814312 0.095662 -3.564884
-1.512930 0.192373 -3.634417
-0.361602 1.359633 3.668544
0.365405 1.284249 3.660395
-0.271418 0.856265 3.583345
0.043729 1.126951 3.664835
0.585893 2.046279 3.579672
0.514401 0.874738 3.546731
0.493058 1.542668 3.652931
0.954529 1.584934 3.505991
0.070475 2.615890 3.457112
-0.378744 1.736199 3.667403
0.707036 2.177521 3.512281
0.108591 0.862669 3.598809
0.350149 4.857334 -0.297744
-0.300631 4.847555 -0.477733
-0.117603 4.419599 -1.586529
0.461512 4.836066 -0.006030
-0.547463 4.332574 -1.601671
-0.072770 4.150883 -1.896589
-0.517385 4.758060 -0.745765
0.175908 4.264705 -1.771185
0.960967 4.432598 -1.193182
-0.756426 4.554524 -1.123714
-0.125602 4.881625 -0.257464
0.119929 4.843410 -0.605681
-1.461308 -2.953534 -2.871753
0.946317 -1.815219 -3.620687
0.642771 -1.199404 -3.703745
-0.065602 -0.578952 -3.618061
0.706605 -2.705851 -3.441392
0.737323 -2.302520 -3.593655
0.903351 -2.868016 -3.278495
0.965800 -2.180391 -3.547169
-1.326378 -2.071222 -3.394206
-0.742842 -2.120863 -3.640077
0.717979 -2.080039 -3.656334
0.526620 -2.687507 -3.498655
-0.527994 -3.487742 -2.896660
-1.260680 -2.747650 -3.162965
0.187044 -1.672056 -3.800150
-1.168491 -2.935442 -3.097604
-1.486373 -2.584419 -3.096709
-0.565158 -3.092407 -3.245065
-0.841356 -3.052074 -3.179788
-0.005607 -3.070797 -3.335846
-1.166883 -2.211594 -3.446447
1.039085 -3.317100 -2.845955
-0.891838 -1.469736 -3.652066
-0.556874 -2.263565 -3.652605
-0.988107 -2.433292 -3.457050
-0.311758 -2.757326 -3.502510
0.801709 -3.268096 -3.017957
-0.376524 -1.461418 -3.780082
1.417007 -2.641770 -3.117770
-1.085173 -1.674921 -3.573029
1.535120 -4.274480 -1.257946
-0.103428 -4.758880 0.537733
-1.493424 -3.964915 -1.898847
-1.085226 -4.226864 -1.795198
-1.318011 -4.552480 0.167951
1.381414 -3.903042 -2.073996
0.054368 -4.690962 0.805434
1.603544 -3.415590 -2.438423
1.276109 -4.535491 0.399997
-1.696412 -3.797695 -1.948542
-1.120313 -4.573767 0.505453
1.177021 -4.426295 -1.295973
-0.659795 -4.651085 -1.072267
0.125884 -3.752124 2.311332
0.761489 -4.725334 0.230374
1.486107 -4.410190 -0.900363
0.906015 -4.549677 -1.206897
-1.285277 -4.039307 -1.954729
-0.498969 -4.628300 0.883083
0.015510 -4.517807 1.260312
-1.181714 -3.574688 -2.549930
0.918556 -4.616326 0.602328
1.070043 -4.394940 -1.473353
-0.554092 -3.714686 -2.646796
1.196201 -3.696281 -2.426240
-0.553600 -4.035631 1.945294
-0.034191 -4.360205 -1.918120
-1.458515 -4.255949 -1.403009
-1.557818 -3.272689 -2.586704
-0.913043 -4.549585 -1.200741
-1.233084 -4.561350 0.351347
0.185470 -4.251245 -2.081355
-0.398730 -4.439330 1.367486
-1.727245 -4.080506 -1.445494
-0.847571 -3.620674 -2.648803
-0.967032 -4.322508 1.339411
0.214507 -4.625311 -1.342336
1.569617 -2.898361 -2.825310
0.056701 -4.403852 1.482272
-0.455520 -4.198415 1.753883
1.101659 -4.516572 -1.111395
1.574397 -4.450121 -0.083141
4.599173 -0.348598 1.757403
3.208864 -1.862599 3.174265
2.350529 -1.302350 3.738278
3.429644 -3.692407 -0.319986
3.974819 -2.743968 1.737076
3.820683 -3.253936 -0.677548
4.452289 -1.791328 -1.311619
1.048293 -4.096729 1.845934
4.141790 -2.479879 -1.306114
3.751633 -1.632764 2.814018
1.927033 -1.683993 3.767313
2.515675 -3.567258 -1.837024
3.245317 -1.531888 3.256426
4.240823 -2.881973 0.644478
3.176096 -3.791989 -0.646908
4.602205 -2.012929 1.138823
4.437566 0.185223 1.875224
1.794248 -0.689273 3.916291
1.319557 -1.145670 3.937785
3.533394 -2.877509 2.218582
3.159656 0.315347 3.237658
4.649153 -0.978022 -1.226952
0.088702 -0.928513 3.784837
1.290514 -2.723500 3.386683
1.580682 -3.622234 2.566201
1.413510 -4.271274 1.412144
0.637933 -1.949768 3.711765
3.809165 0.582674 2.568989
4.347362 -2.498928 -0.788462
1.405891 -4.444969 0.620675
2.380570 -1.905430 -3.130135
4.901407 -0.295284 -0.193165
4.181595 -1.280514 -1.981476
3.436866 -3.472422 -1.009037
2.481947 -2.600417 -2.757034
2.731748 0.578792 3.377730
4.790884 -0.643836 -0.854124
2.891522 -0.070463 3.497172
0.474310 -3.640137 2.455158
1.345808 -4.036076 1.968330
4.863699 -0.029107 0.605341
1.654136 -4.279082 1.319863
3.058208 -3.147576 -1.953513
1.751592 0.952254 3.517845
3.424388 -1.384051 3.165056
3.762267 -2.076782 -2.157647
4.021810 -3.129038 -0.355461
2.374751 0.956067 3.350350
1.010194 -1.493922 3.878379
0.799809 -2.162319 3.653382
3.891778 -1.276609 2.771857
2.639819 -3.774566 1.860381
0.451759 -2.328823 3.517936
3.028735 -1.775755 -2.874359
1.741798 -1.321596 -3.432273
3.513048 0.440309 2.926444
4.282462 -0.874372 2.350461
0.267162 -2.130084 3.560349
2.126435 -2.599748 3.330046
4.791722 -0.444480 1.260807
3.520158 -3.497973 1.221344
2.265480 -2.471590 3.360204
3.283221 -1.430085 -2.811099
2.638750 -4.172127 0.551431
3.575790 -0.942757 -2.666725
3.169620 -0.476494 3.397856
3.763857 -3.131457 1.528661
4.049425 -2.326469 2.061522
2.673952 -3.115755 -2.259512
3.274491 -0.909746 3.336033
3.633291 -1.819865 -2.410391
0.488989 -3.203628 2.934496
3.168569 -3.688970 1.407837
1.306858 -1.748914 3.820033
3.126647 -0.985302 3.424050
2.693885 -2.550947 -2.688878
1.776235 -2.133913 3.642959
2.492490 -2.532794 3.238758
4.845458 -1.060582 1.037529
3.294179 -2.794024 -2.099298
2.714921 -1.424539 3.575478
2.406438 0.000930 3.689457
3.988055 -3.235648 0.225297
3.772042 -0.128970 2.879827
3.525819 -2.109953 2.815717
2.851680 -2.789987 2.878615
3.805667 -0.570873 2.910456
4.929509 -0.612655 0.597298
2.328656 -3.826810 -1.553849
4.018466 -2.472172 -1.530056
4.266405 -2.751754 0.974450
4.813421 -1.622862 -0.235801
1.506287 -3.358927 2.867400
0.777346 -0.630646 3.935905
3.972873 -1.899163 -2.011814
1.977681 -2.440087 3.459533
1.311713 -0.058408 3.899963
2.028564 -3.724941 2.309649
3.806175 -2.586508 2.173623
1.115903 -4.184949 1.654749
0.697807 -3.935799 2.081641
4.482549 -0.562744 2.025505
3.254977 -3.244178 -1.646421
4.841786 -0.221863 0.957159
2.542956 -1.503237 -3.185775
1.356845 -1.495576 -3.435749
3.013673 -2.437109 3.019860
0.575598 -1.635572 3.795542
3.126713 -3.776200 1.244090
3.002269 0.391783 3.307004
1.915541 0.517491 3.676459
3.409333 -3.570967 -0.820838
2.897950 -3.767403 -1.163892
3.576811 0.726191 2.724890
3.764822 -1.347693 2.883589
1.177009 -2.588314 3.468685
4.666960 -1.981226 0.912761
0.186010 -1.653574 3.699207
1.318006 -0.943856 3.954813
4.072516 -3.062001 0.825074
1.781244 -4.427065 0.163185
1.826609 -4.351473 0.931391
4.550912 -2.221393 -0.556941
4.784636 -1.362856 1.123817
4.001985 -3.081185 -0.597469
4.004124 -2.922410 -0.952845
0.885459 -1.291654 3.905915
2.525290 -4.135128 1.042637
3.681872 -3.216393 -1.082724
3.484573 -1.802953 2.991299
1.165659 -0.816886 3.961166
4.434006 -2.171192 -1.011239
2.662785 -3.986056 1.355912
1.437718 -0.768999 3.955295
3.128679 -1.397848 3.362953
1.902580 -3.385967 2.764349
4.172062 -2.300447 -1.436886
2.022789 -2.579791 -2.925727
1.482203 -1.356996 3.899670
0.752720 -2.629608 3.412240
4.604083 0.124683 1.540201
0.562481 -0.643826 3.904846
3.354061 0.127625 3.164132
2.410039 -4.134913 1.204285
3.480702 -1.981901 -2.473664
2.184050 -3.146500 -2.462087
1.715782 -2.143759 -3.203555
2.775320 -3.841136 1.589001
1.251205 0.414828 3.782201
1.275801 -0.376112 3.944919
3.776746 -2.877598 1.894060
2.768794 -3.745374 -1.350606
3.178942 -3.848022 -0.408771
2.798553 -4.102509 -0.094433
1.789523 -2.704513 3.346316
1.569822 -2.406059 3.547130
4.137891 -2.942336 0.949153
1.607362 0.746985 3.634786
1.827061 -2.362841 -3.085987
0.718116 -3.459641 2.732795
2.901165 -2.409746 -2.660555
4.836020 -0.870954 -0.684144
4.268798 -2.457257 1.508562
3.628116 -3.543539 0.705386
3.023037 -3.533687 -1.465333
4.347539 -1.458470 -1.679249
2.473434 -1.291915 -3.252897
3.137106 -3.928931 0.447107
4.392577 -0.961392 2.173672
2.339390 -1.538776 3.695266
3.360076 -3.181838 2.055735
2.044847 -4.376552 0.160839
1.819797 -3.273660 -2.452078
-2.914225 0.158784 3.430355
-1.672255 -1.598486 3.831076
-2.219810 -1.732621 -3.236788
-4.406447 -1.989819 -1.256763
-1.430006 -2.478161 3.522205
-3.724539 -3.266236 1.336316
-3.868843 -2.028417 -2.066046
-0.263395 -3.568784 2.467736
-4.306665 -2.771152 0.711437
-0.627759 -2.763462 3.307833
-3.966857 -1.413158 2.656227
-2.704631 -3.968586 1.351909
-3.543023 -1.677468 -2.543542
-3.513331 -2.670072 -1.996839
-3.750265 -2.724166 2.110490
-0.055866 -1.380490 3.720147
-2.160719 0.118298 3.738329
-4.304392 -2.413717 1.480779
-0.444310 -3.363670 2.766648
-3.190692 -2.015522 -2.678701
-4.918120 -0.263595 0.361683
-3.756571 -0.370440 2.937700
-4.164170 -1.628836 2.333366
-0.562055 -0.353090 3.886334
-3.621736 -0.483833 3.070280
-3.407820 -3.435849 -1.135758
-1.652861 -1.827931 -3.325772
-0.592760 -2.125588 3.637545
-4.006757 -3.122343 0.893719
-1.045536 -2.538879 3.492596
-1.209667 0.494007 3.755900
-2.353885 -2.757489 3.150728
-4.367414 -2.733084 0.108054
-1.626619 -1.168968 -3.468503
-3.081893 -3.132965 -1.949547
-1.407194 -3.994416 2.039708
-3.605271 -2.629389 2.378599
-2.235516 -4.301884 0.657170
-1.179716 -2.886785 3.278829
-3.272956 -1.173534 -2.865797
-0.653497 -2.590355 3.419699
-2.241769 0.696074 3.521673
-4.202103 -1.205351 -1.971040
-4.374793 -2.123418 1.649029
-2.879194 0.598295 3.293773
-2.571633 -2.501403 -2.777857
-4.210372 -2.575557 -1.036892
-2.263281 -2.663496 -2.801848
-4.456614 -1.114986 2.039249
-2.840389 -3.242512 -2.019245
-4.566607 -0.939958 1.858935
-3.892290 -2.005595 2.496272
-1.344854 -1.355061 -3.462793
-1.976059 -0.177279 3.840931
-3.741899 -1.855744 -2.290353
-3.147122 -2.653079 2.780424
-0.875585 -2.216790 3.638515
-3.249714 -3.866254 0.260165
-2.699435 -1.477481 -3.126201
-3.366124 -3.084719 -1.727453
-4.816633 -1.048161 1.160752
-3.420853 -0.545932 3.233360
-3.797565 -3.369465 0.800562
-2.040340 -4.325647 -0.394795
-2.945305 -3.633754 1.820554
-2.381216 -4.153866 -0.728396
-3.210529 -1.425143 -2.860602
-2.957604 -3.276480 2.333651
-3.931102 -2.469124 2.110474
-2.869090 -3.148912 2.544452
-4.741201 -1.954551 0.375482
-4.277648 -1.753839 -1.657188
-2.326585 -0.802508 3.791174
-4.281692 -2.853262 0.449364
-1.499298 -2.914240 3.245638
-2.099877 -4.030116 1.744094
-0.426193 0.118648 3.779117
-1.042343 -3.525867 2.702597
-1.916246 -1.341954 -3.399253
-2.780852 -2.850554 -2.429068
-1.518045 -4.458751 0.252297
-3.203368 -3.809150 0.959347
-4.199485 0.499706 2.102648
-0.966081 -1.918751 3.760576
-0.644251 -2.954686 3.176240
-1.861254 -2.932279 -2.730642
-1.862736 -4.022712 1.874701
-4.632684 -1.034451 -1.254743
-0.223526 -1.636147 3.714678
-2.873911 -3.695789 -1.337342
-4.712853 -0.114573 1.379054
-2.713522 -3.866885 1.599793
-3.885303 -3.059162 1.411247
-3.572775 0.640862 2.776216
-1.875660 -4.394825 -0.131445
-1.831902 0.279388 3.769091
-1.993088 -1.138963 -3.411957
-1.909736 -1.654363 3.778613
-4.930614 -1.020225 -0.027105
-4.903190 -0.153237 0.102288
-2.621847 -2.874622 2.943063
-4.698446 -0.954134 1.552708
-3.966210 0.176056 2.582033
-0.499769 -2.437108 3.474195
-4.018211 -2.078193 2.293366
-1.297270 0.161844 3.853086
-2.652635 -3.675454 2.022492
-1.686122 -0.479068 3.923390
-4.699583 -1.213771 1.478904
-0.786210 -0.685869 3.938024
-2.832985 -3.997783 1.050517
-3.175278 0.835956 2.991641
-4.037594 -1.150294 -2.189584
-2.964446 -1.239814 3.486094
-4.799515 -1.637224 -0.310213
-4.161843 0.353370 2.246732
-1.803482 -1.979993 -3.252785
-4.333589 -2.607142 -0.622466
-3.455559 -3.496992 1.361736
-1.456039 -3.622402 2.582535
-2.804881 -4.088037 0.644873
-2.252501 -3.218328 -2.369325
-4.035859 -2.346167 -1.620393
-2.520322 -3.848061 1.821926
-2.415509 -1.688184 3.631152
-2.789168 -2.566752 3.073080
-1.872773 -4.174328 -1.079859
-2.192939 -3.658283 -1.888521
-4.343976 -1.343081 -1.725064
-3.206585 -0.376782 3.365000
-2.664682 -0.080781 3.605948
-2.063746 -4.297430 0.959676
-1.792119 -3.442410 2.732431
-0.815734 -3.809113 2.310652
-2.574560 -2.628483 3.142620
-0.588549 -1.558452 3.816500
-4.941356 -0.807522 -0.022070
-3.021021 -2.498599 -2.531837
-1.959288 -1.874085 3.703932
-3.705967 -1.630516 -2.413930
-3.702956 -0.796435 3.009736
-2.408049 -4.270623 0.388763
-4.211593 -2.962303 0.273638
-2.324618 -2.406006 3.375464
-4.868191 -1.347332 -0.254043
-2.912817 -3.567380 -1.523048
-0.151427 -1.084706 3.792008
-1.561707 -3.855773 2.248076
-4.750275 -1.854329 -0.218464
-1.470095 -0.322948 3.930918
-3.998387 -1.555501 -2.130112
-4.794247 -1.350503 1.093388
-3.582148 -3.314306 1.522631
-2.665288 -2.445298 3.211259
-2.177657 -1.931028 3.630161
-1.774508 -2.504448 -3.021967
-3.381532 -1.937960 3.018336
-3.528210 -3.189491 1.826374
-2.086793 -3.895968 -1.568020
-1.071633 -0.641968 3.958768
-1.108088 -2.272299 3.628774
-0.339163 -0.621455 3.857913
-4.691824 -0.444748 1.557744
-1.874883 -2.256322 3.572157
-0.330125 -1.236157 3.822211
-2.227380 -4.330405 0.256552
2.607197 2.565344 2.739244
3.777272 2.613050 -2.248553
1.986299 0.379189 -3.877900
0.688383 -0.367976 -3.756155
1.901059 3.884765 -2.127360
3.204756 2.081568 -3.118851
1.583974 0.976326 -3.943768
0.823388 1.974162 -3.725986
4.631147 -0.300617 -1.470496
3.415916 3.735945 0.310120
3.690253 1.653216 2.460078
2.942047 2.187359 -3.230198
4.744941 2.074537 -0.355026
2.088768 1.062695 -3.857449
3.550696 -0.294867 -2.997904
1.946286 2.337109 -3.531876
0.324167 2.386021 -3.446472
3.468215 0.535438 -3.236924
3.859370 2.784873 1.503579
3.339833 2.888468 2.007339
4.680637 0.839726 1.276888
4.961824 1.213677 -0.045445
4.678799 0.902230 -1.727655
3.114708 1.906132 -3.251726
4.103951 1.049019 2.178847
2.918140 1.230268 3.087280
4.191349 1.604217 1.922153
1.305709 2.412712 -3.565413
1.133383 0.951412 -3.957546
1.870019 2.010087 -3.686202
4.877414 0.905312 -1.150784
4.363313 2.356044 -1.528425
3.102111 3.520817 1.444444
2.728985 3.983438 -1.335785
3.891316 2.965415 1.205562
3.982720 2.125402 1.921333
4.597780 2.361019 0.183868
1.864519 3.545194 -2.611176
0.289269 1.217973 -3.805402
3.744013 0.612434 -3.017790
4.295251 1.052931 1.931626
3.713417 3.228963 -1.532807
0.855541 2.703379 -3.376988
0.003439 0.870662 -3.746772
1.511174 -0.129945 -3.857471
4.140611 3.004742 0.479032
4.945213 1.263871 -0.549177
3.412032 -0.863543 -2.836033
3.116135 3.972196 -0.349102
4.074590 1.345736 -2.607992
4.695707 0.440527 1.217761
3.358686 3.788075 -0.690142
3.984139 2.437290 1.680575
2.279592 -0.269172 -3.682745
2.984793 0.546857 -3.538633
1.142807 1.723190 -3.829819
3.680146 3.502956 0.425158
3.463045 3.525943 0.914335
3.834920 3.280740 -1.139503
1.023453 0.440995 -3.947778
2.820512 -0.448912 -3.413450
4.846584 0.147018 0.651001
4.146652 1.509719 -2.469537
3.811908 3.005654 -1.736346
3.886456 1.230191 -2.838982
3.232413 -0.223066 -3.256465
1.705439 1.768146 -3.790954
2.067534 -0.502226 -3.663725
2.586346 3.761699 -1.965378
0.472789 -0.193846 -3.764598
3.962759 2.254879 -2.310010
3.043040 2.324329 2.646914
4.076806 3.185206 -0.141177
4.616121 1.666795 -1.578842
1.461180 0.121922 -3.911055
2.967040 3.693742 1.282295
4.856413 0.147341 -1.062483
4.710875 2.163253 -0.146363
4.191232 2.751044 -1.363516
1.913082 0.719830 -3.908378
4.707238 1.037597 1.185699
2.282783 3.207705 -2.832478
2.859190 3.894489 0.957849
4.831013 0.692996 0.877553
3.106585 3.961038 -0.576604
2.515385 1.453545 -3.673116
4.986009 0.897139 0.017999
4.160434 2.741373 1.003448
1.521828 2.819715 -3.315958
3.317492 1.590349 -3.226761
3.537718 3.351339 -1.609092
1.176834 0.638191 -3.964269
0.953453 -0.899618 -3.579296
2.401636 -0.938828 -3.372343
1.382754 0.647324 -3.963267
1.917209 2.755635 -3.299526
4.578928 2.193010 -1.128447
4.720651 1.652619 -1.295307
2.485774 1.374354 3.246941
2.684756 3.201932 2.189415
1.509758 3.601137 -2.608323
4.103195 0.797172 -2.652475
4.051722 3.178358 0.199927
4.541037 2.005465 1.030029
4.389884 2.635804 0.509441
3.197318 1.300799 2.919981
4.433949 1.254412 1.677284
2.907729 -0.036502 -3.494191
1.179779 -0.885195 -3.599115
0.467478 -0.417127 -3.697507
1.241484 -0.575621 -3.731326
2.046815 3.766513 -2.260420
2.221927 1.835863 3.213616
-4.276834 0.776824 1.980872
-2.876020 1.140409 3.120373
-2.651621 2.387453 -3.274790
-0.375394 2.443990 -3.430384
-4.769564 0.915067 1.046983
-3.045799 1.009606 3.046701
-3.011361 1.636389 2.950096
-4.641718 2.314054 -0.381243
-2.080359 3.581917 -2.500070
-2.391446 -0.817130 -3.437633
-4.199259 2.978909 -0.748324
-4.709858 0.652783 1.211060
-4.571023 2.138535 -1.237758
-3.417024 3.519324 -1.466482
-4.066078 1.720504 -2.488548
-4.053798 1.272426 2.197587
-2.612168 1.972842 -3.482870
-3.256752 1.641794 2.800059
-3.607862 2.491893 2.088163
-4.023035 1.689215 2.101650
-4.163419 2.790226 -1.364512
-4.345705 2.003773 1.455209
-3.179979 3.936913 -0.250638
-2.927362 4.023814 -0.811667
-2.997251 0.055664 -3.468036
-1.025895 0.452112 -3.948771
-2.539550 4.188434 -0.838793
-4.909649 1.239883 -0.851548
-3.073650 0.606830 -3.493618
-1.610741 -0.251299 -3.818268
-4.585847 2.167983 0.690735
-2.925958 2.071643 2.839983
-4.407144 2.439170 0.843419
-0.924897 0.691930 -3.951199
-2.537846 3.902662 -1.734650
-4.204041 0.904914 -2.523363
-4.573775 1.179328 1.443947
-2.920535 2.724135 2.464767
-4.720057 0.285027 1.116978
-3.162674 3.224395 -2.258709
-2.428114 0.930208 -3.772725
-1.974715 1.616802 -3.787843
-2.789707 -0.296777 -3.480395
-2.670913 3.154175 -2.697686
-1.964249 -0.903397 -3.516360
-3.981766 0.230317 -2.740149
-4.987666 1.002719 -0.263056
-2.747916 4.018571 0.745471
-3.972575 1.947361 -2.491848
-4.525482 -0.333418 -1.703532
-3.942514 2.912183 -1.644986
-3.553241 1.152289 2.696022
-0.399286 2.090713 -3.601929
-4.861211 -0.185409 -0.636292
-3.196336 3.013666 2.011846
-2.437540 1.528929 -3.683934
-2.871958 3.972946 -1.152139
-1.788428 0.445760 -3.917587
-4.320757 2.739705 -0.976149
-4.320855 0.761986 -2.372113
-3.942359 3.123234 -1.249707
-4.081457 -0.130048 -2.523553
-4.112406 2.432706 -1.939641
-2.895796 3.558406 1.589714
-3.946720 1.061289 -2.804457
-2.337628 0.739444 -3.806971
-3.178275 1.960222 -3.189867
-2.455865 2.786942 -3.110004
-4.730014 0.751101 -1.616026
-1.653150 0.669918 -3.944826
-0.218747 0.946137 -3.812387
-3.842129 1.058196 2.457194
-4.412858 2.282208 -1.499205
-1.662243 2.622795 -3.425691
-2.187713 4.251734 -1.069619
-4.454524 1.516584 -2.000617
-2.338545 4.261267 -0.810009
-1.906199 2.565775 -3.418800
-3.941400 0.806287 2.377687
-3.303549 -0.132599 -3.236398
-3.022263 -0.319213 -3.352973
-3.956749 3.303067 -0.502740
-2.640411 3.121114 2.294207
-2.951106 2.359708 2.682454
-3.184232 1.344660 -3.372254
-3.792302 3.343068 -1.080341
-3.343453 1.065915 -3.312390
-4.909455 0.943167 0.553346
-2.835458 3.105669 2.192223
-4.342808 2.803089 0.183472
-4.558231 1.191853 -1.923556
-2.300911 1.726937 3.223875
-3.757821 2.761330 1.672821
-4.310939 2.587015 -1.327700
-0.820721 -0.512691 -3.727009
-4.782848 1.249505 -1.362503
-1.268057 0.288565 -3.940232
-3.173563 2.807856 -2.674694
-3.291822 3.410321 1.404617
-2.734671 2.088215 2.929470
-4.868462 -0.026570 -0.843487
-4.494810 0.998181 1.627786
-4.153688 0.754952 2.140476
-4.588397 0.741391 1.475302
-0.640409 1.966822 -3.700910
-3.338433 0.534859 -3.328074
-4.298098 1.745982 1.699885
-2.277607 1.250904 -3.786446
-0.904621 2.451324 -3.527048
-2.467375 2.448254 2.866969
-3.390510 1.660117 -3.154039
-0.968755 3.172437 -3.042643
-1.237624 2.349602 -3.596676
-1.337099 2.672112 -3.420681
-3.722461 2.546655 1.920527
-1.796328 -0.436947 -3.738920
-1.152167 1.964805 -3.754474
-1.743218 2.951457 -3.194640
-3.834111 -0.123546 -2.800027
-4.382831 1.073481 -2.251952
-1.646088 -0.649565 -3.681273
-1.900194 1.790058 -3.754489
-2.922355 1.677817 -3.438145
-4.220727 2.183271 -1.985064
-4.460054 2.498448 0.549529
-0.350311 -0.377115 -3.681817
-4.983023 0.767506 -0.557215
-4.884428 0.569920 -1.126614
-1.881970 3.662815 -2.459868
-2.438805 0.361039 -3.755808
-4.319350 -0.113127 -2.202707
-1.168646 -0.433312 -3.780015
-4.727262 2.000975 -0.802813
-3.696134 1.462876 -2.965505
-2.777503 4.080692 -0.891495
-4.814651 1.770458 0.275621
-3.919270 3.158578 0.773970
-1.551013 1.449785 -3.884339
-3.631415 1.661915 2.509298
-4.393919 0.533783 -2.254778
-3.635160 2.158326 -2.734702
-0.669601 0.180544 -3.878772
-4.345130 1.542162 1.721812
-4.920985 0.142238 0.248597
-2.916616 3.759745 -1.657681
-1.643115 3.597817 -2.594227
-1.975148 -0.366129 -3.729733
-4.533160 -0.099480 -1.830722
-2.870916 2.690239 -2.971804
-4.510890 -0.548620 -1.558190
-4.602527 1.767751 1.085804
-4.149145 0.614496 -2.595888
-4.188010 3.043715 -0.019432
-1.137644 -0.172177 -3.854120
-2.527027 3.685470 -2.132655
-2.735304 3.367583 1.974034
-3.255324 2.233335 -3.007237
-3.788624 2.244940 2.072473
-1.047148 2.927451 -3.244295
-2.799235 1.500203 3.092902
-0.624541 4.307549 -2.140210
-0.423853 5.189569 0.273188
2.020494 3.765389 2.377062
0.035109 2.792510 3.719354
0.469770 4.372416 2.536150
1.399077 4.856565 0.986699
-1.241676 4.832678 -0.860010
-2.484890 3.454227 2.192538
-1.827713 4.723173 0.520618
1.085480 3.038777 3.438443
1.413534 4.888251 0.796141
-0.024629 5.115054 1.074039
-1.903457 4.535060 1.217147
-0.381098 0.512846 3.813882
1.347602 4.767670 -0.930685
-1.714203 4.573335 1.421242
-1.320321 2.616904 3.526982
1.774946 2.202673 3.429916
-0.787187 4.810056 -1.276717
-0.103568 2.030249 3.916603
-0.892192 5.091918 -0.100876
0.037213 1.164204 3.946599
1.657310 1.819018 3.554540
1.900202 4.541547 1.202900
-1.155728 3.816134 2.896717
-1.484261 4.701966 -0.948852
-2.469597 4.055056 1.327605
-0.101303 0.928242 3.918218
-1.082771 4.533101 2.079098
-0.721829 0.636049 3.792386
-0.540941 1.211248 3.910989
1.144008 3.613451 -2.626672
-0.578735 3.867637 3.034508
-0.871563 4.985815 1.165998
0.432490 0.719994 3.857206
-1.996272 3.230506 2.849805
0.913687 4.844683 1.558043
-0.414349 3.028768 -3.156572
1.053278 4.225813 -2.083769
2.113217 3.411340 2.621371
1.305355 4.971792 0.441151
-0.529656 4.315866 2.592655
-0.125682 3.884227 3.076706
-1.841569 3.735066 2.561518
-2.230671 3.998377 1.844422
-2.038044 4.507889 -0.574191
-0.436276 4.095259 -2.412193
-1.134403 4.996167 0.763322
-1.264698 1.546040 3.738624
0.048497 3.714884 -2.774326
1.212710 4.923711 1.004762
0.135231 4.523522 -1.941359
1.750260 3.894618 2.470106
2.095194 1.764422 3.303952
-1.589528 4.785800 -0.482909
1.167521 4.415262 -1.773704
0.041872 5.156286 -0.433717
0.469373 4.728709 2.001298
-0.114931 4.456478 2.473408
-1.130408 5.035431 0.056844
-0.345889 4.350141 2.585242
0.461774 4.622878 2.184092
-1.320449 4.312740 2.265631
-0.242931 5.041050 -0.878108
1.157917 4.756796 1.587144
-0.544693 4.957334 -1.028427
-2.035062 2.209493 3.270163
-0.216507 3.359758 3.442192
-0.305135 1.591582 3.945329
-0.057266 5.022843 -0.959473
2.230304 4.472565 0.366877
2.147815 2.242206 3.183411
-0.334738 2.775944 -3.270439
-1.193894 3.523515 3.111376
-2.396059 4.340753 0.049412
-1.273127 4.129834 2.524804
0.620245 3.012918 -3.132164
1.440083 2.018135 3.628073
-2.005666 4.598080 0.673191
1.254538 4.855285 -0.770618
1.672368 1.115759 3.545608
0.923903 3.594314 -2.719444
-0.203338 3.492105 -2.922603
-1.335333 2.273486 3.620475
2.177104 4.208416 1.550244
2.539693 3.162760 2.384176
-1.934090 1.391323 3.419718
-0.300089 1.819906 3.931513
1.232803 3.492565 3.116721
0.142975 4.246325 -2.286659
-2.337747 3.294195 2.502202
-0.078051 5.194849 0.589890
-0.539595 5.124654 0.827549
1.481724 4.326871 2.130951
-0.762682 3.278305 3.405659
1.906506 4.184218 1.953808
1.024631 1.411100 3.815965
-1.159839 2.529336 3.615076
1.539135 4.631308 -1.064866
0.551764 1.644939 3.914750
2.601798 3.755400 1.638461
-0.731461 3.503157 -2.835747
-0.116936 0.279914 3.761961
-1.386619 3.951069 -2.215417
2.500829 4.119227 1.077469
-0.133930 5.206553 0.024670
-0.107993 5.032368 1.366046
-1.028810 2.168783 3.747631
0.557366 4.862410 -1.262165
-2.067292 4.544690 -0.314641
-0.372948 4.766081 1.954877
-1.902306 4.220258 1.901167
-0.942210 1.083969 3.817961
0.573272 3.530064 -2.851447
1.168280 5.026787 0.198867
0.998094 3.845882 -2.494311
-0.748958 1.114765 3.866250
0.791225 3.983629 -2.438052
2.092103 3.195465 2.797805
0.358475 5.051198 1.250631
1.446340 1.463632 3.668594
1.299244 1.002971 3.694893
2.375431 4.353100 -0.015724
0.961594 2.537902 3.673757
1.403378 4.481137 -1.505226
-1.508071 3.010270 3.278015
1.435055 4.904974 0.615332
1.201009 2.443394 3.626291
0.463951 5.134750 0.829088
-1.797608 4.334098 -1.385555
1.428726 4.925231 0.031803
2.410327 3.871613 1.778172
-2.445455 2.705650 2.767391
-2.174474 4.448882 0.859992
-2.436164 3.344816 2.353519
-2.452582 3.881135 1.695741
0.202036 2.839401 -3.256350
1.228664 3.797971 2.879913
1.002139 4.501439 2.173595
1.423552 2.452133 3.536886
-1.598891 3.317851 3.053694
1.622030 4.476079 1.750656
0.733356 4.839951 1.675750
0.255154 5.198268 -0.009576
0.000351 3.584911 3.307005
1.647471 4.831278 0.174826
0.971168 3.433461 3.253596
-1.365571 1.838364 3.682356
-0.884441 4.661486 -1.525561
0.701442 3.377126 -2.922599
0.264299 3.727205 -2.753727
-1.143533 4.443831 -1.745177
1.817241 1.197840 3.476718
-1.645454 4.789806 0.754544
0.512653 2.175321 3.857344
-1.247406 0.767083 3.673925
