4.241243 -0.454326 1.048648
3.711185 -0.721874 1.754625
2.903203 -0.167316 2.428176
3.044103 0.511152 2.460955
2.814153 1.970872 0.706823
3.786612 1.513590 1.345286
3.811153 1.033730 1.898556
2.594707 1.952969 1.043800
2.558584 1.853498 1.417482
4.196346 -0.053193 1.610271
2.372132 -0.719329 2.102649
3.760653 -0.824686 1.566126
4.337088 0.857720 0.890702
2.881601 1.950757 1.079507
2.189496 1.675658 1.593229
2.823323 0.617292 2.467557
4.412565 0.565256 0.881173
3.607567 1.071390 2.042573
3.888800 1.534476 0.878412
3.613511 0.791757 2.176517
2.637142 -1.037389 1.915579
3.801588 -1.554078 0.566144
3.477393 -1.671942 -0.898292
2.675518 2.075073 0.049124
3.162467 -1.048299 -1.745355
2.517083 -1.314970 1.764451
2.564480 2.052874 -0.402573
2.386250 1.970440 0.746687
2.110852 -1.554012 1.564792
2.727828 -1.688924 -1.383805
2.635674 -1.841180 1.209538
4.405524 0.532209 -0.174225
4.401434 -0.606703 0.336536
3.720824 -1.026526 -1.357852
3.725897 -0.968307 1.392129
3.315425 -1.900718 -0.605232
3.744513 -1.368821 1.001277
2.310959 -2.166427 -0.545555
4.357243 -0.832151 0.010370
2.331895 -1.095178 1.910510
3.996953 -1.355100 -0.508613
2.335053 -2.233462 0.108372
3.800583 -1.463413 0.764892
4.238661 -1.084368 0.132532
4.260298 -0.709701 0.746294
3.530435 -1.109792 -1.473570
4.132988 -1.246439 -0.232648
4.237365 0.929807 -0.259255
3.853538 -1.203967 1.041096
4.450620 -0.075819 -0.445906
1.956590 -2.105441 -0.642784
3.132019 -1.990822 0.597109
2.265231 -2.200092 0.389275
3.944349 1.374877 -0.127505
4.471820 -0.337661 -0.186365
3.663890 -1.743044 -0.331114
3.520695 -1.876618 0.078770
2.683115 2.002456 -0.550243
2.733574 -2.095123 -0.653429
4.010788 -0.894873 1.089434
3.705230 -1.403532 -1.010321
0.985802 2.351774 0.324716
1.048944 2.315377 -0.515047
2.027546 2.072648 -0.389800
1.363436 -2.317096 0.369897
1.809406 -2.066176 -0.807929
1.778677 -1.948819 1.084191
0.634133 -2.364896 -0.082899
1.871053 1.875683 1.117714
0.325839 -2.303316 -0.115067
1.029295 2.372175 -0.050177
0.982482 -2.347237 0.421922
1.875053 2.180500 -0.045601
0.611026 -2.284852 0.603123
0.843445 2.371569 -0.077336
1.499026 -2.134626 -0.901405
1.770984 1.957183 -1.055172
1.292055 -2.307736 -0.485907
0.744915 2.350524 -0.279059
0.734255 2.307105 -0.525749
1.045130 -2.374525 -0.198910
1.970355 1.859129 -1.056165
-0.142483 -2.123848 -0.126967
1.599724 -2.269837 -0.307718
2.564607 1.712824 -1.701941
2.251468 1.744189 -1.505822
2.333524 1.216601 -2.160297
4.266246 -0.111806 -1.431442
3.913540 1.412147 -0.335429
4.124821 0.838664 -1.627762
3.677522 1.306572 -1.794887
3.340048 0.730946 -2.333699
2.283390 1.878626 -1.126539
4.293269 -0.367913 -0.950890
3.892206 1.532245 -0.854677
3.959667 1.217596 -1.542803
3.272843 1.774992 -1.425377
2.553658 1.054131 -2.305444
4.305987 0.092613 -1.434024
3.779715 0.183120 -2.146900
3.155444 1.385004 -2.034871
3.359744 -0.648064 -2.071622
2.867682 1.137568 -2.269533
2.010893 1.671419 -1.432775
3.288061 1.830905 -1.246555
2.746676 -0.706664 -2.168185
1.786536 -1.547539 -2.111276
1.382501 1.656845 -2.451910
0.639381 2.278777 -0.650841
-0.090249 -2.329137 -1.574817
2.295950 -0.739778 -2.109648
0.715851 1.649889 -2.838087
1.780082 -1.377260 -2.360070
0.537223 1.488639 -3.025057
1.301551 1.862888 -2.212200
-0.421095 1.337998 -3.053038
1.316792 -2.116462 -1.225695
0.378315 -2.022396 -2.442380
-0.433572 1.587262 -2.840064
0.688592 -1.875268 -2.587368
0.367531 -2.372423 -1.340859
1.092327 1.601593 -2.726892
0.667060 2.252621 -1.820598
-0.414705 2.279984 -0.971647
0.589529 -1.671246 -2.851385
1.638409 -1.668449 -2.139030
1.796216 -1.776739 -1.413302
1.005957 2.129868 -1.913473
-0.439277 -2.273899 -0.959897
-0.245212 2.098666 -2.211454
1.673351 1.535003 -2.295882
1.966108 -1.524570 -1.758457
0.984439 -1.512125 -2.870465
-0.330981 0.151869 -3.503842
0.003475 -1.732958 -2.812292
1.854904 1.724638 -1.381706
-0.037875 -1.489944 -3.032993
-0.324999 -2.107112 -2.156790
-0.190266 -0.660988 -3.443500
0.218784 2.376358 -1.084906
-0.040752 2.338070 -1.543468
-0.126348 -2.347751 -1.376707
-0.289833 2.145377 -0.306040
0.214847 -2.073705 -2.364946
1.662636 1.825920 -1.709106
-0.092075 0.704579 -3.445668
-0.360214 -2.004996 -0.053027
0.281108 2.163766 -2.182492
1.048095 1.849475 -2.446106
0.565966 -1.401255 -3.089516
0.598199 2.324296 -0.850266
1.954290 -1.601869 -1.536903
-0.065903 -2.199183 -2.059531
0.798907 -2.287631 -0.865756
-0.194226 -0.359004 -3.510129
-0.288651 2.064333 -0.130683
0.123595 2.346704 0.818661
-0.418186 -1.152905 3.175531
-0.136693 -2.234012 0.455911
0.986439 -2.082849 2.063004
1.376946 -2.003612 1.770335
0.317065 2.375056 1.094087
1.845378 1.386604 2.252567
1.944063 1.218136 2.303329
0.565681 2.342520 0.956470
0.078932 -1.081091 3.310826
0.972733 -1.707185 2.677295
-0.258583 2.001184 2.386763
1.155070 2.190202 1.171194
0.558249 -2.320764 1.611574
0.187992 1.565834 2.986136
0.874705 -2.290500 1.248456
1.889227 -1.255236 2.347093
-0.122939 -2.149243 2.158263
0.379920 1.685428 2.867429
0.328643 -2.278311 0.510894
1.600569 -1.694695 2.148099
1.451939 2.038906 1.231474
0.130647 -2.291863 0.556776
-0.201670 -1.913051 2.546192
0.508497 -1.910442 2.587692
0.103828 2.087564 2.329555
0.271955 -2.375487 1.038566
-0.392253 0.001018 3.493273
1.247432 1.762376 2.424949
1.292926 -2.123364 1.347293
1.152023 2.129260 1.714347
2.048684 -0.011730 -3.205002
1.859043 1.084805 -2.769238
1.565855 0.521905 -3.501905
2.206406 -0.346890 -2.912667
1.744406 -0.712095 -3.294689
2.358393 0.167635 -2.610784
1.544414 1.316051 -2.794181
2.006611 0.992422 -2.636715
2.165815 0.646006 -2.769716
1.725296 -1.158448 -2.885393
1.479618 -1.418689 -2.696511
1.326727 0.272297 -3.683701
0.937743 -0.836751 -3.580496
0.774136 1.066234 -3.416843
1.889077 0.169044 -3.358260
0.907712 -1.264586 -3.237163
1.258472 -1.272331 -3.119734
0.447117 -0.535411 -3.693514
1.397043 -0.444902 -3.620666
1.431762 -0.941133 -3.355212
0.571509 0.949354 -3.493423
1.865452 -1.054438 -2.842819
-3.138446 0.951436 -2.103111
-0.924547 1.200180 -3.236835
-2.118459 -1.952081 -2.130521
-2.778102 1.316254 -2.336098
-1.204720 -2.328730 -0.746190
-2.650659 1.813443 -1.597335
-1.293617 -1.612637 -2.925270
-0.581965 -1.858844 -2.548676
-1.685542 -2.042037 -2.272424
-0.553563 0.832131 -3.340177
-1.132220 -1.748257 -2.793866
-0.754777 -1.224398 -3.185020
-2.755918 -1.474520 -2.134891
-1.796082 -2.244632 -1.603384
-1.415287 1.619862 -2.921461
-1.353409 -2.012673 -2.428627
-1.018239 2.279355 -1.890670
-1.752432 -1.834454 -2.569808
-1.514911 2.330720 -0.809702
-2.403067 -1.992009 -1.501748
-0.731884 0.722769 -3.420075
-2.029947 1.990741 -2.173456
-0.496629 2.016018 -0.090995
-0.799536 -2.264298 -0.580142
-2.570687 -1.901431 -1.259967
-2.932146 1.488932 -1.745997
-2.462640 -1.847581 -1.897917
-0.561795 2.244235 -0.624298
-0.898190 -2.192057 -0.320663
-3.223101 -0.798493 -2.042207
-2.624733 -1.492905 -2.303946
-3.419579 -0.159288 -1.896037
-1.753728 -2.213804 -1.790988
-1.355327 2.371902 -0.986700
-1.581464 2.350279 -1.200294
-1.240574 -2.175434 -2.129455
-1.708365 2.257405 -1.738190
-1.923010 -2.233153 -0.979249
-0.825278 -2.179221 -2.065322
-0.788208 2.353596 -1.375224
-0.957759 2.380913 -1.218663
-1.078797 1.905078 -2.625788
-0.482854 2.217309 -1.771219
-3.371464 -0.582229 -1.816948
-1.842349 -1.567418 -2.833419
-0.657603 -1.715903 -2.752017
-1.548633 2.179977 -2.080970
-2.354789 1.887076 -2.022161
-0.513304 -1.263642 -3.095561
-0.720712 -2.006605 -2.378171
2.354266 0.163062 2.625878
1.901125 1.136542 2.575985
0.253917 0.170474 3.719971
0.550229 -1.290760 3.196796
2.022175 0.836526 2.841066
1.164691 1.182835 3.237943
1.643401 1.240616 2.815855
1.065301 -0.461334 3.717558
2.141546 -0.958543 2.248758
1.144561 -0.781038 3.570906
1.489736 -0.036712 3.640770
0.968518 -0.075957 3.793785
1.751667 -0.686644 3.303510
0.220091 0.411356 3.662069
2.035360 0.359923 3.155715
0.539824 0.712158 3.628348
-3.458323 0.060855 1.779320
-3.357059 0.730607 1.724928
-1.481363 1.710890 2.820226
-2.092311 2.142631 1.669468
-0.793761 -0.440437 3.498364
-0.948114 -2.339252 0.861374
-1.033238 2.322752 0.643863
-1.134114 1.623821 2.937412
-2.337740 -1.870814 2.041782
-2.426106 1.953736 1.701703
-0.927047 2.378211 1.216129
-1.386240 2.217688 2.044860
-3.395894 0.366253 1.901415
-1.337991 -2.175313 2.115546
-1.558420 2.135063 2.179336
-2.835438 -1.645626 1.499581
-0.826501 0.851438 3.390882
-1.342267 2.379303 1.293977
-0.928162 -1.657844 2.872740
-2.173637 1.781182 2.406862
-1.461919 -1.702745 2.813397
-2.697088 -1.739313 1.662234
-0.553234 -2.032199 2.255464
-2.609457 1.785192 1.813174
-3.132521 1.093635 1.944561
-0.783066 -2.333395 1.388702
-0.597606 0.638518 3.416028
-0.627208 1.326447 3.100145
-1.246858 -2.328195 0.750284
-2.727120 1.756167 1.556849
-3.054115 -0.997928 2.207353
-1.377931 -1.879596 2.619620
-2.253928 2.051604 1.719400
-1.625431 2.211050 1.959134
-2.157064 2.005442 2.008527
-3.049067 0.238011 -3.072793
-3.044040 -0.316477 -3.049223
-0.913457 -0.245034 -3.596439
-3.023098 -0.961184 -2.391960
-2.882251 0.742698 -3.044326
-2.274115 -0.659169 -3.545119
-2.148556 -0.089140 -3.734678
-2.100125 -1.032894 -3.370434
-1.892370 0.382135 -3.749570
-3.173981 -0.405141 -2.770831
-2.253616 1.382617 -2.910678
-3.265714 -0.119865 -2.665406
-1.298937 1.109032 -3.338940
-2.282551 1.194821 -3.155604
-2.142060 0.509271 -3.661652
-2.812690 -0.916616 -2.947185
-1.413319 0.875521 -3.540986
-3.491742 1.590274 0.715518
-3.597771 -0.794867 -1.407613
-2.554308 -1.918243 1.201264
-2.722485 -2.033587 -0.849267
-2.437714 2.090075 -1.010328
-0.807478 2.150232 0.026957
-3.063330 1.755622 -1.086318
-2.719840 2.107299 0.736297
-2.844893 2.178928 -0.077246
-3.140763 -1.800384 -0.850789
-2.799628 2.148258 -0.474443
-3.549990 -0.348887 -1.633570
-3.331071 1.371729 -1.285356
-3.005013 -1.961131 0.666617
-1.964961 -2.277744 -0.630649
-2.672369 1.964308 1.095323
-1.288914 2.325398 0.037219
-0.943549 -2.182541 -0.029510
-1.589679 2.349616 -0.374955
-3.613199 -1.199940 1.052385
-3.374979 -1.432321 1.126330
-3.378085 1.822176 -0.293136
-2.677140 2.248042 -0.071277
-3.388573 1.494123 -1.064060
-2.611235 -2.210983 -0.378295
-2.533981 2.206707 -0.634126
-3.714025 -1.199970 -0.862139
-3.222181 -1.318368 -1.423280
-2.302051 -2.227004 -0.664731
-3.515253 -1.415173 0.934142
-3.398679 -1.769555 0.326289
-1.860079 2.348429 0.466896
-2.208640 -2.339243 -0.018518
-3.351334 -0.836920 1.645721
-2.695364 2.211165 0.371806
-2.365133 2.145612 0.930632
-2.437481 2.320108 -0.115321
-2.123431 -2.227946 -0.751309
-2.092277 2.372104 0.227881
-2.963826 -1.670323 1.265614
-2.265305 2.284661 0.587765
-1.287755 2.306642 0.293931
-3.028949 2.003631 0.580304
-3.201526 1.731987 -0.953684
-1.762978 -2.362280 -0.074167
-2.013105 2.389370 -0.033029
-1.599842 2.299686 0.613686
-3.643160 -0.401247 1.517802
-1.896394 -2.306691 0.523605
-0.841195 2.158563 -0.186445
-3.589476 1.607882 -0.356691
-1.037865 2.238976 0.211371
-2.633936 -1.981807 -1.037302
-3.254604 -1.874679 -0.378871
-1.200682 0.510620 3.655441
-2.265463 1.284099 3.054276
-2.909050 0.850433 2.906910
-2.390563 -0.133957 3.639942
-1.058879 0.767503 3.490479
-2.548910 0.176310 3.553359
-2.932689 -0.961338 2.677392
-1.285852 -0.684919 3.600624
-3.233483 0.553181 2.470300
-2.058815 0.214435 3.748817
-2.498797 -1.383940 2.573688
-2.975530 0.429308 3.110595
-2.164401 0.801515 3.526740
-2.385072 -1.286664 2.922682
-1.805702 -0.880688 3.541451
-1.289043 0.702426 3.605424
-2.919419 -0.862760 2.846345
-0.943600 -0.699851 3.455084
-1.335776 1.045236 3.404110
-2.105632 1.450796 2.882335
-1.655561 -1.135173 3.350538
-1.519290 -0.588571 3.684629
-1.907574 -0.562618 3.686292
-4.063007 1.075403 0.656633
-3.976614 1.137013 -0.697115
-4.270020 -0.856110 0.504324
-4.392620 -0.750620 -0.291703
-4.599586 -0.105568 -0.136773
-4.186308 1.134404 -0.094377
-4.393736 0.199694 -0.805551
-4.532840 0.454527 -0.259465
-4.153855 -1.009691 -0.508492
-3.938637 -0.521752 -1.228250
-4.252782 -0.557690 0.857798
-3.784458 1.069089 -0.998985
-3.999134 0.328314 1.259479
-4.084926 -0.681447 0.996324
-4.024472 0.971017 0.851957
-3.845344 -0.889244 -1.073643
4.561622 0.936588 0.936000
4.503201 -0.386562 1.227797
4.264565 1.454695 0.563578
3.704268 -0.993800 1.879878
3.598001 -0.717742 2.216234
4.019752 -0.294267 2.139062
3.071078 2.066944 1.490497
2.681447 0.248685 2.738015
3.803470 0.424087 2.423636
3.045508 2.131145 1.303211
4.159360 1.285817 1.677432
4.068740 -0.630789 1.870386
4.545285 0.984435 0.727383
3.509951 1.243443 2.309634
3.594984 0.982872 2.404131
4.575630 0.572116 1.364969
2.879551 -0.281788 2.646898
2.527670 -1.213571 -2.189433
3.031938 -2.011853 1.366663
3.846248 -1.394719 1.441226
4.685318 -0.807950 0.195673
3.568777 2.013527 -0.532033
2.583771 -2.395346 0.812068
3.191304 -2.362757 0.359235
2.843735 2.240978 0.748553
2.208082 -2.246902 1.175052
2.492816 2.327190 -0.628205
2.723837 2.380191 -0.090134
2.921449 -2.353998 -0.750255
2.312740 -2.049217 -1.489223
2.424928 -2.492369 -0.504416
4.779858 0.298224 -0.029083
4.435153 -1.316128 0.378843
4.685075 -0.717539 -0.406672
2.706943 -1.287811 2.124532
3.188003 -2.214629 0.890604
2.965965 -1.814340 1.638907
2.261359 2.403421 0.217126
2.765067 -2.478979 -0.369974
3.315449 -1.322242 -1.896204
2.451569 -2.350640 0.957151
3.294352 -2.343530 0.168029
3.631824 -1.318315 -1.697020
3.809439 1.920616 0.072424
2.737402 -2.036494 1.449073
4.723932 -0.191509 0.623837
4.714008 -0.401704 -0.582906
3.432916 -2.280561 -0.154209
2.693503 -2.287323 -1.040475
4.529033 0.967982 -0.481381
4.752423 0.360110 0.292838
4.165530 -1.558931 -0.736026
2.063397 -2.344521 0.943466
2.950245 2.309825 -0.341287
2.264062 -2.063692 1.468473
4.627073 -0.743766 0.633022
4.400423 -1.328119 -0.508561
4.206272 -1.323750 1.018371
3.530392 2.101579 -0.054082
2.225435 2.369005 0.458194
4.212183 -1.673245 -0.116866
4.344198 -0.902348 1.175561
2.561015 -2.474687 0.542894
4.353924 -1.088847 -0.997968
3.078621 2.189364 0.705613
0.314178 -2.645702 -0.205269
0.524101 -2.694219 -0.009297
1.361102 2.634995 0.494853
1.332208 -2.691127 0.165658
1.969621 2.155185 1.288152
2.065806 2.459004 0.214112
1.272033 2.626338 -0.598771
1.005183 2.643957 0.611762
0.458690 2.645964 0.376673
1.002081 2.599479 -0.779986
1.514376 2.537622 -0.771641
1.315138 -2.650970 -0.504784
2.089894 2.182595 -1.129934
1.617185 2.615669 0.250293
1.996596 2.321147 0.926326
1.244822 2.665568 -0.410017
1.572646 -2.642594 -0.192001
-0.271173 2.431923 0.058226
0.495343 -2.677738 0.252963
2.030689 2.453385 -0.389498
1.835664 -2.478039 0.687748
1.509021 -2.620810 -0.477917
0.018238 2.550660 0.157393
1.794821 2.569434 0.169981
1.350504 2.550320 0.832938
2.601938 0.262707 -2.733587
3.269433 -0.837207 -2.282451
2.790771 0.326863 -2.739441
3.090461 1.559500 -2.226086
4.517608 0.998453 -1.115627
4.329874 1.284446 -1.299629
3.409024 1.505994 -2.159601
4.069639 0.401129 -2.215803
3.864271 1.091917 -2.170203
3.904875 -0.012936 -2.326661
3.132041 -1.026702 -2.160089
2.810739 0.573935 -2.718950
3.566844 0.198145 -2.557410
2.866892 -0.359929 -2.621160
4.611373 0.767485 -0.959332
3.552939 1.862783 -1.591205
4.265753 -0.705149 -1.455369
2.851945 -0.737717 -2.435291
4.002549 0.593958 -2.249079
3.019749 -0.122397 -2.675209
3.871438 0.168958 -2.377234
3.593403 -0.552127 -2.325145
1.026435 -2.016092 -2.837782
0.421827 -2.628404 -1.871456
2.100122 1.769962 -2.062073
0.333424 2.025252 -3.006475
0.232380 -2.184573 -2.817073
1.078085 2.342774 -2.281257
2.114729 -1.746755 -2.081595
1.355764 1.871959 -2.812238
1.566910 2.103365 -2.278269
0.659837 2.652921 -1.603749
1.626384 -1.954189 -2.469587
0.841285 2.635784 -0.935352
-0.007159 -2.560310 -2.086249
0.434505 -2.691044 -0.849828
-0.215891 1.032866 -3.671740
-0.132873 2.359558 -2.497672
0.260557 0.907354 -3.758720
0.121092 -0.696814 -3.822528
0.379459 1.641175 -3.358006
2.116364 -1.422046 -2.539706
0.945358 2.511647 -1.948757
-0.422822 0.065890 -3.835625
0.755577 -2.652665 -0.899130
2.296992 -1.236187 -2.454578
1.313969 -1.610934 -3.098888
-0.255281 1.212595 -3.581179
1.319090 2.487043 -1.313633
1.063179 -1.819370 -3.036942
0.133131 -2.704712 -1.478014
0.071572 1.373227 -3.537280
0.757791 1.347052 -3.497030
0.375435 -1.155277 -3.653595
1.744124 2.207020 -1.663862
-0.320396 2.481474 -0.227561
-0.082172 -2.575727 -0.374000
0.098967 -2.716924 -1.274412
1.987547 -2.044083 -1.546479
1.140644 -2.211698 -2.489734
1.225533 2.528522 -1.155246
1.773179 -1.530377 -2.828411
1.730936 2.004310 -2.250440
-0.093959 -2.701926 -1.227938
0.850221 2.350167 -2.412136
0.753949 -1.571152 -3.352702
-0.055470 2.699640 -1.037038
0.920077 -2.308010 -2.458255
0.500855 2.548262 -2.102895
2.130865 1.621087 2.263123
0.038635 -1.901175 3.132319
2.182886 1.385786 2.478797
0.868163 -2.041212 2.875781
1.337360 2.397234 1.837496
1.321474 1.919653 2.779542
-0.089336 -2.582752 1.991092
1.664031 2.175804 1.965371
1.691466 -1.829529 2.576870
0.930844 -2.618147 0.964209
0.633680 -2.087792 2.891675
0.911630 2.625558 1.022283
0.897839 1.573888 3.308722
0.659102 -1.622874 3.335474
0.480747 -2.687050 0.849685
2.026039 -1.869631 2.012917
1.521189 1.833129 2.730717
0.243355 2.717778 1.117986
0.383844 2.519889 2.204286
0.809892 2.492498 2.111761
-0.129100 2.613562 0.535146
1.467224 2.243006 2.102461
1.093312 1.865626 2.973489
1.795957 1.646465 2.685432
-0.304267 -2.667912 1.127259
0.044229 1.256924 3.599831
1.055577 -2.095340 2.719986
1.226863 -2.443265 1.853541
-0.380848 2.459183 0.206906
2.084438 -1.388299 2.617205
0.875569 2.631136 1.415693
-0.346664 1.316885 3.504413
1.073319 2.463327 1.974950
0.473761 2.702636 1.030093
0.535779 -1.973751 3.042109
0.885839 -2.632267 1.396590
1.618461 2.328240 1.383012
2.186133 -1.208783 2.644237
1.744236 -2.088645 2.053683
0.326235 2.302635 2.637828
0.645009 -2.636598 0.668514
-0.429956 -2.486542 2.083862
2.167853 -1.640330 2.166018
-0.424413 -1.813683 3.115829
-0.191657 -2.065229 2.916397
-0.301364 2.649655 1.500617
1.341366 2.081094 2.544269
1.010471 -2.583963 1.530653
1.997122 0.401368 -3.536518
1.965098 -1.259055 -2.950131
1.520267 -1.318461 -3.310870
1.410659 -0.072487 -3.933197
0.961673 -0.902593 -3.816689
0.364402 0.222194 -3.992510
0.405876 -0.581149 -3.927284
1.720713 1.310651 -3.135099
2.153640 -0.788017 -3.195317
0.965879 0.557287 -3.950276
2.055779 -1.074509 -3.063644
2.223556 -0.875077 -3.020441
1.277084 -1.198291 -3.545724
2.156628 -0.266171 -3.419923
2.250718 0.917621 -2.901859
-1.117948 -0.834143 -3.774762
-1.327887 -2.705244 -1.192791
-1.138351 2.719576 -1.416465
-0.779389 -0.196991 -3.875312
-0.656633 -2.440766 -0.116785
-0.509248 2.628407 -0.838185
-2.194909 -2.153827 -2.467678
-0.490271 -0.815946 -3.694635
-1.326632 2.028592 -3.002910
-0.664667 2.673924 -1.431116
-2.072365 2.413729 -2.067447
-1.016878 -0.555866 -3.846200
-2.774595 1.595344 -2.690247
-1.284771 1.733270 -3.288668
-1.012351 -2.648960 -1.748524
-0.830863 -0.754577 -3.779624
-0.566292 -0.004625 -3.844903
-1.197572 2.724810 -1.042115
-1.089460 -1.041590 -3.697073
-2.175694 2.251403 -2.340250
-1.332325 1.257153 -3.599174
-2.993650 1.842603 -1.995136
-1.877972 2.619146 -0.941875
-1.737584 2.057906 -2.880046
-3.642015 -0.066859 -2.283907
-2.812160 1.434744 -2.805856
-1.188022 2.346936 -2.578960
-2.124473 -2.527590 -1.330986
-2.542299 2.318105 -1.560084
-2.971229 -1.467138 -2.572505
-0.527964 -2.626076 -0.937985
-2.638312 -1.676376 -2.722674
-0.860600 2.417116 -2.419641
-2.769480 1.807333 -2.435129
-1.485123 -1.246635 -3.578860
-0.888949 -2.010547 -2.991635
-0.757176 1.097812 -3.649985
-1.131288 1.059628 -3.697891
-1.634101 -1.559731 -3.358322
-1.329018 2.671236 -1.718903
-3.331244 1.412495 -2.016927
-1.179929 1.469193 -3.483791
-1.358552 2.390326 -2.487573
-3.467425 1.163228 -2.032330
-0.579453 0.773236 -3.735652
-2.269653 -2.469227 -1.090184
-0.991251 2.680124 -1.676889
-0.944730 1.282178 -3.583666
-2.487990 -2.319793 -1.628322
-2.411144 2.135622 -2.326669
-0.872865 -2.694983 -1.102531
-2.301846 1.762385 -2.922609
-3.230658 -1.667393 -1.710637
-2.118729 2.544558 -0.994221
-1.302195 -1.682871 -3.313484
-1.843873 -2.595202 -1.561660
2.086017 1.198137 2.808508
0.946105 -0.908411 3.815403
0.950994 -1.363098 3.478173
1.917071 0.859637 3.387884
2.068142 0.185255 3.518957
0.792366 0.261541 4.028329
1.758091 0.153323 3.759533
1.641027 1.397120 3.089773
0.562665 -0.733134 3.896434
2.170851 0.298817 3.392016
2.492492 -0.244951 2.920348
-2.163705 -1.751585 2.999346
-0.706142 0.715903 3.777264
-1.011925 -1.430341 3.492571
-2.704388 -2.220190 1.339034
-2.032994 2.266391 2.425679
-0.539142 1.370163 3.462543
-1.217194 -2.658317 1.717210
-2.190499 2.383816 2.015753
-1.771523 1.858412 3.085435
-2.469010 2.271133 1.931063
-0.742000 2.634130 1.771004
-2.262890 -2.266993 2.182177
-1.014702 -2.062994 2.945573
-1.279665 -2.687907 0.859862
-1.490883 2.708062 1.204730
-1.571412 1.831329 3.164677
-2.200489 -2.067012 2.600166
-0.794333 2.696746 0.973729
-2.516552 1.896580 2.595241
-1.047674 -2.703032 1.011928
-1.623933 2.436629 2.322245
-1.368181 -2.617479 1.862135
-1.087165 2.599201 2.017053
-1.004311 0.802855 3.786379
-1.059016 -1.196644 3.625336
-2.916000 -1.519232 2.587329
-2.016886 -1.892292 2.931758
-1.022112 -2.637428 0.575134
-0.726111 1.373331 3.503099
-3.068768 1.434694 2.491740
-0.551400 -0.622754 3.765239
-0.666951 2.504852 2.155117
-2.935813 -1.883041 1.989386
-1.404519 -2.334299 2.546804
-1.375656 -2.694016 1.393674
-2.574026 1.710288 2.765717
-0.867243 2.554961 2.103029
-0.567468 -2.568390 0.547492
-3.121635 -1.466393 2.349512
-0.658709 1.909101 3.071570
-2.663125 2.223852 1.651402
-3.511654 0.262478 -2.645930
-3.081239 0.169862 -3.428381
-2.881414 -0.028467 -3.622067
-2.758398 1.301340 -3.054526
-3.508826 0.002138 -2.711317
-1.705856 -0.316355 -4.015729
-1.987416 -0.850934 -3.811373
-2.139074 0.974504 -3.721787
-3.226384 0.576440 -3.114301
-2.678468 -1.043290 -3.379476
-3.565669 -0.106037 -2.469942
-2.681811 -1.289551 -3.118225
-3.349478 -0.817572 -2.584844
-2.387000 -1.425921 -3.181354
-1.756057 -0.891457 -3.816316
-3.122372 -0.783129 -3.111490
-2.862689 -1.082755 -3.167847
-1.557492 0.386159 -4.003690
-1.588684 1.113712 -3.694786
-1.986952 -1.386026 -3.403209
-3.313625 0.752425 -2.812403
-3.382407 0.161445 -3.001173
-1.880795 -1.148211 -3.640285
-3.333975 0.433077 -3.005742
-2.648464 -0.891619 -3.514211
-1.052978 -0.542891 -3.851568
-1.239396 -0.839044 -3.787375
-3.976904 -1.681939 0.170571
-2.161827 -2.682117 0.182332
-3.820850 -1.389787 -1.253846
-1.688575 2.659769 0.610951
-2.730121 -2.541392 0.322320
-3.392832 2.048287 -0.952026
-3.876827 0.859787 1.614782
-4.038244 -1.326807 0.918845
-2.886998 -2.455178 -0.488750
-2.882093 2.435176 0.700219
-2.108769 2.722827 -0.036162
-3.908806 -1.201067 -1.309024
-1.555349 2.697784 -0.328457
-1.457599 -2.637332 0.452917
-1.124093 2.627812 0.177949
-4.100535 1.346597 0.770915
-2.414296 -2.467193 -0.963840
-3.863472 -0.122654 -1.832110
-2.438079 2.457117 -1.046950
-3.989233 0.914968 -1.429917
-1.466973 2.692531 0.273466
-3.580577 1.457142 1.532829
-3.835758 -0.339162 1.833219
-3.431846 1.952184 1.080134
-1.267462 2.652805 -0.300385
-2.652227 2.564601 0.514871
-3.661068 -1.702253 1.094808
-3.771776 1.836487 0.644915
-3.158880 -2.230106 0.816344
-3.523491 2.106194 -0.499263
-3.874081 0.880617 -1.607160
-2.245020 2.660493 -0.498074
-2.815205 -2.292195 1.077046
-3.175645 -1.797755 1.541639
-4.046281 -0.534175 -1.519047
-3.712383 -1.970948 -0.126648
-2.608219 2.549223 -0.641302
-4.081373 -1.466950 0.508622
-3.734815 1.229120 -1.549245
-3.878108 -1.454582 -1.076031
-3.864911 -1.646238 0.781716
-3.750442 0.471964 1.899214
-3.843503 -1.165941 1.435736
-2.201602 2.698606 -0.276925
-3.124533 1.922955 -1.467015
-3.655759 -1.374805 1.494963
-1.475283 -2.650136 -0.388453
-1.552512 2.683004 0.430409
-3.318801 1.749257 1.501653
-2.527086 -2.492375 -0.815531
-4.106608 -1.272261 -0.827551
-3.537862 -1.840801 1.064346
-0.655282 -2.425088 0.004574
-4.119654 0.015182 1.510695
-1.919500 -0.464390 3.968676
-2.824915 -0.726393 3.477384
-3.002296 -1.105142 2.954911
-1.932879 -1.232639 3.563555
-1.036535 0.363349 3.898772
-3.276519 -0.800677 2.815728
-2.270545 0.668422 3.829914
-3.142448 -0.401055 3.298450
-2.611352 -0.714804 3.637884
-2.605173 1.060845 3.441104
-1.430153 0.001617 4.027886
-1.494467 0.905370 3.814112
-2.376649 -0.483203 3.843646
-1.983625 1.293061 3.522934
-2.496284 -1.396326 3.141821
-1.635566 -0.366051 4.006024
-3.149008 -1.034521 2.782741
-2.371398 1.366251 3.298259
-2.608375 -1.238834 3.246386
-2.048489 1.409308 3.389819
-3.351131 0.627667 2.844397
-4.631451 -0.821770 -0.279863
-4.342242 0.087480 1.299262
-4.621152 -0.589480 -0.672103
-4.594810 0.583696 0.775015
-4.220907 -0.695398 1.226480
-4.350958 1.312511 -0.066889
-4.572062 0.707787 -0.722007
-4.801449 0.046560 0.428821
-4.454145 -0.065712 1.164401
-4.283179 -1.153467 -0.686821
-4.166742 1.229588 0.837276
-4.409877 0.428440 -1.154208
-4.607398 -0.880847 0.237275
-4.315297 -1.239814 -0.416133
4.837796 0.829637 1.030713
3.984852 -0.986545 2.048835
4.100999 1.985345 0.803492
4.489410 0.385993 2.104875
3.178064 -0.310875 2.849562
3.699011 0.259747 2.762700
2.898970 0.057602 2.962052
3.290182 1.951408 2.100002
3.856683 -0.967841 2.182486
4.603301 -0.473243 1.632281
4.673433 1.283632 0.924860
4.165984 1.111482 2.237954
4.154459 -0.849390 2.002017
4.092819 0.910894 2.400721
3.679559 -0.972803 2.304097
4.613595 0.090114 1.901984
3.334543 2.337223 1.223150
4.252992 0.305293 2.376584
3.513517 1.925930 2.017246
2.652327 1.322252 2.717699
2.795831 2.390445 1.345460
3.125427 1.234064 2.730052
3.871643 0.235556 2.668290
3.212913 2.199208 1.732739
4.235254 1.807127 1.257561
4.103475 1.815742 1.553485
4.598567 0.774049 1.839696
4.851550 0.581170 1.256491
4.744114 0.003040 1.610701
4.389186 1.687062 1.066367
4.585100 0.502611 1.949266
3.006773 2.364544 1.387820
4.594018 1.173491 1.537517
3.321648 0.131280 2.897995
4.765550 -0.269549 1.372829
4.312449 -0.322502 2.183535
2.329128 2.538029 -1.001080
3.937251 -1.240631 1.952360
5.083181 -0.206474 -0.409403
4.274632 -1.999251 -0.503879
5.008520 -0.655258 -0.496259
4.417024 -1.879157 -0.358922
2.359659 -2.852446 0.140645
3.375531 -1.517131 2.139938
2.681608 -1.313768 2.470193
3.110001 2.509343 -0.733203
2.195662 -2.763410 -0.701316
2.709613 2.433582 1.178487
3.867035 -1.828686 -1.518495
3.948704 -2.324381 0.233596
2.851223 2.645937 -0.391957
4.583467 -1.044809 1.317014
3.360669 -1.100928 2.375886
3.091957 -2.727883 -0.337981
2.464119 -2.797501 -0.552447
4.453941 -0.940051 1.579989
3.351599 -1.622178 -2.076796
3.825495 -2.135483 -1.120924
2.599855 2.700737 -0.231870
4.300115 -1.871057 -0.795713
2.176473 -2.834851 0.309753
4.132307 2.048007 -0.234472
4.929697 0.727340 -0.616545
4.097020 -1.861668 -1.194652
3.150796 -2.731576 0.032727
2.866966 -2.702117 0.737798
3.950768 -1.601478 1.670387
2.948875 -1.378434 -2.382291
5.019294 -0.729745 -0.308333
3.930147 2.162549 -0.496591
2.341774 -2.180930 -1.819817
2.979412 -1.526238 -2.286184
4.903468 0.924006 0.406416
4.473065 -1.692165 0.731079
3.713559 2.337854 0.286370
2.778713 -1.532986 2.329915
5.051996 0.532177 -0.013697
5.116769 -0.034477 0.000879
3.865212 -1.243154 -2.008132
5.051128 0.227365 0.526101
3.588295 -2.468711 0.648829
2.680815 -1.884432 -2.086351
4.655550 1.466731 -0.109041
4.355713 -1.142379 1.584307
4.764261 -1.269258 0.629467
3.553091 -2.554024 -0.302222
3.331002 2.520048 0.295592
3.880929 2.228615 -0.321153
2.132140 -2.770004 0.659935
3.544656 2.443974 0.019768
3.799891 2.253513 0.483265
3.225121 -1.757403 -2.029082
2.590972 -2.631494 -1.064699
2.553118 2.693843 0.339394
3.031670 -2.586689 0.966710
5.106553 -0.276623 -0.116711
3.233220 2.426751 0.864895
2.903146 -1.772864 2.130574
4.334459 -2.002653 -0.064037
4.074895 -1.639206 1.501463
3.985380 -1.388129 1.812781
1.821880 -2.640312 1.278292
1.778847 -2.946446 -0.039363
2.051325 -2.730461 -0.831339
1.319116 2.949405 0.696359
0.435229 3.012896 0.061655
1.840169 2.891213 -0.391695
1.733238 2.882816 0.619833
1.582590 2.984344 0.072667
2.160030 2.773061 0.377435
1.691252 -2.856284 -0.814833
1.181181 3.011973 0.445239
0.281608 -2.985648 -0.234905
1.409280 -2.974142 -0.570223
2.075309 2.516172 -1.305533
1.173075 3.045204 0.022859
-0.170995 -2.856973 0.097249
1.521805 -2.838464 0.996436
1.580995 2.945038 0.490747
0.220018 2.965014 0.170915
1.549034 2.957469 -0.455643
0.520160 -3.036186 -0.078296
1.929502 -2.783767 0.809292
3.490919 0.973409 -2.734550
3.243021 1.913507 -2.165618
2.303592 2.215936 -1.699894
2.975335 1.356543 -2.688682
3.485812 0.586656 -2.831867
3.351389 1.718785 -2.331754
3.444846 1.910164 -2.078552
3.520092 2.148036 -1.626150
4.443095 1.537441 -1.344993
2.609338 1.452649 -2.638193
2.926413 0.645419 -2.944656
4.574379 1.458191 -0.896013
4.178025 1.865872 -1.240157
4.359843 -0.676326 -1.890847
4.345311 1.197946 -1.970648
2.677489 1.793874 -2.374062
3.533811 2.027845 -1.849338
4.344120 1.595238 -1.493069
4.520658 -0.503369 -1.774546
3.783654 0.745639 -2.665549
3.987671 1.857644 -1.661228
4.168976 -0.776581 -2.051983
3.057731 -0.472113 -2.816181
3.111897 1.595855 -2.507678
3.670246 2.238995 -1.049001
2.869983 -0.732531 -2.716117
3.222910 2.244272 -1.626383
4.560783 1.399940 -1.252553
4.737936 0.845821 -1.477864
3.532389 1.742779 -2.222869
4.504405 1.232629 -1.673821
2.584890 1.643325 -2.499441
2.911373 0.430607 -2.970157
4.343587 1.418247 -1.759895
0.003871 -1.223938 -3.991308
1.718492 -1.892543 -3.081949
0.486620 -0.974555 -4.084473
1.575314 -1.543070 -3.468170
1.926977 -2.531359 -1.459414
0.272961 1.585717 -3.811144
-0.127191 -3.023529 -1.516437
1.043184 2.527189 -2.713220
1.286580 2.067593 -3.185246
0.134580 -0.884938 -4.123256
-0.365516 0.424464 -4.166991
0.668099 2.396772 -3.044175
1.681246 -2.679940 -1.461916
0.028678 -2.517418 -2.925003
-0.031049 -3.031938 -0.861793
-0.292263 0.991117 -4.042931
1.983316 -2.372929 -2.002424
0.765498 -2.929715 -1.899557
-0.184050 1.414983 -3.876505
0.104517 -1.998501 -3.510080
-0.294795 -2.892602 -0.340223
-0.327578 -2.727109 -2.469990
0.718124 -1.372751 -3.885941
0.768635 1.811595 -3.600120
1.354328 -1.541990 -3.586221
-0.074658 -2.216772 -3.284042
2.166195 1.212967 -3.226758
0.736667 -2.030366 -3.427923
1.216796 1.415637 -3.720195
0.470959 -2.118696 -3.390478
0.395233 3.030153 -1.578280
0.805164 1.525053 -3.783517
-0.412567 -1.832122 -3.562065
0.852582 2.064848 -3.363920
1.328098 2.217087 -2.992341
-0.392414 2.398803 -2.989858
-0.221953 -0.788999 -4.117733
-0.215220 1.660701 -3.726320
1.510731 2.728743 -1.707572
0.103396 -2.997802 -1.801813
-0.004111 3.043607 -1.395882
2.556755 -1.476435 -2.520688
2.316217 1.957746 -2.272141
1.500459 -2.666559 -1.992611
0.326408 2.088742 -3.428130
2.103026 -2.095138 -2.402348
-0.274742 1.914794 -3.527883
0.214849 1.228336 -3.997273
1.097410 2.258466 -3.065876
0.529765 -2.317291 -3.171696
-0.213815 0.267942 -4.211302
1.847858 2.195071 -2.577856
0.290855 0.890180 -4.121753
-0.296499 2.963816 -1.742331
1.224974 1.674866 -3.552668
0.461899 2.935973 -2.020936
0.377138 1.932921 -3.561684
-0.443121 -2.967196 -0.852695
-0.064234 -2.892806 0.237560
0.888228 1.525621 3.763201
2.375849 -1.956144 2.155265
-0.323853 1.988671 3.453790
-0.373192 2.922558 0.519656
0.166430 3.046129 1.468132
2.031676 2.427806 1.648659
1.035422 2.882071 1.825053
1.781834 2.476399 2.093374
1.891911 -1.582306 3.217484
0.796792 2.995101 0.947423
0.669218 3.015852 1.451642
2.067177 1.990976 2.611977
0.337753 -1.465751 3.879522
0.775926 2.294322 3.142678
0.124376 2.272390 3.240738
2.231327 2.072679 2.216918
0.323396 -2.976876 1.901413
2.130931 -2.319750 1.795729
0.530475 1.907022 3.567975
0.150355 -1.508410 3.857034
-0.126663 -2.322344 3.157411
1.944154 2.171916 2.495736
1.284690 -2.330865 2.873236
-0.234456 3.023366 1.256897
2.245904 -1.436085 2.991403
-0.051138 1.527802 3.831228
0.933976 -2.822461 2.145365
1.868961 2.518266 1.759962
1.906544 1.805610 3.005417
0.758804 -2.524452 2.842214
0.434174 2.994856 1.782403
1.393187 1.611937 3.519085
1.371057 -2.020303 3.189232
1.149421 -2.596571 2.527544
0.590919 3.013241 0.814685
0.963571 -2.632804 2.571508
0.118929 -3.007077 0.633012
-0.033727 2.819217 2.353488
1.580866 -2.681806 1.780912
2.755672 -0.473882 2.851526
-0.088957 3.007246 0.732475
-0.016087 -3.023892 0.786101
1.867962 -2.512748 1.795880
0.570671 -3.021870 1.541527
1.401229 2.823709 1.261051
-0.417308 -0.832202 4.068848
1.910236 -1.801736 3.007988
1.026710 -2.943125 1.455329
-0.348592 0.305048 4.184960
-0.414622 -2.937875 0.622682
-0.051601 -2.889762 2.165550
-0.465922 -2.567160 2.711467
0.911220 1.980507 3.424068
2.033282 -2.223130 2.273011
1.642329 -1.915679 3.116975
1.056594 -2.899825 1.716565
-0.373010 -0.646484 4.125584
2.460863 -1.670040 2.454514
0.892738 0.911439 -4.076473
2.371726 -0.263507 -3.542998
2.056570 0.977542 -3.543887
2.390683 0.119475 -3.537652
1.786307 0.599567 -3.927387
2.101315 -1.167171 -3.364508
1.232780 -1.311798 -3.786556
2.755246 -0.092723 -2.949617
2.546539 -0.752945 -3.087935
2.034361 -0.871543 -3.644639
2.348241 0.432226 -3.522310
1.836497 1.285384 -3.478425
2.687753 -0.459302 -2.991696
1.580259 -0.942762 -3.895641
2.097681 1.215945 -3.297584
1.838766 -0.622226 -3.896486
0.843829 0.434076 -4.239984
0.656376 0.855007 -4.104053
2.406931 -0.986200 -3.128358
0.595896 -0.172477 -4.275911
1.036100 0.503051 -4.207603
0.955394 -0.526572 -4.216603
2.504168 -0.597471 -3.258301
2.577240 -0.436241 -3.214367
1.731056 1.113053 -3.695491
1.826242 -0.354566 -3.974556
-0.923678 -2.082362 -3.410851
-2.791435 1.899596 -2.951467
-2.043679 -2.632544 -2.450876
-0.716432 2.814017 -2.331592
-1.957655 1.784708 -3.547826
-2.369798 -2.670349 -2.028063
-1.122279 1.629074 -3.784882
-2.081479 2.120479 -3.200067
-3.266744 1.515581 -2.809971
-2.577001 -2.338700 -2.539665
-0.996092 2.750024 -2.540495
-0.601474 -2.381617 -3.017523
-0.899180 0.291895 -4.225323
-2.139080 2.905667 -1.232794
-1.414405 -3.003614 -1.656687
-1.809811 -2.528834 -2.767390
-3.447546 -1.924294 -1.790449
-0.634677 -0.749882 -4.107683
-1.342606 -2.418510 -3.042203
-2.999730 -2.395288 -1.604831
-0.912696 -3.040878 -1.133338
-2.514295 2.722773 -1.572971
-0.820975 0.745259 -4.140522
-1.390883 2.575143 -2.839112
-2.386081 2.357004 -2.715892
-3.542273 -1.342035 -2.542014
-3.579963 -1.072722 -2.707026
-2.915350 1.751240 -2.984510
-2.414007 -1.648212 -3.431195
-0.529957 -0.376960 -4.159888
-1.207083 -0.763622 -4.149355
-1.907331 -2.941214 -1.489672
-0.757225 -2.868603 -2.150970
-2.559427 2.145947 -2.868427
-2.958695 2.436897 -1.647323
-0.760517 -1.776192 -3.642990
-2.393023 2.520926 -2.420916
-0.532036 2.325454 -3.089651
-2.583771 -1.844797 -3.158843
-1.825728 2.573130 -2.717870
-0.573285 -1.493408 -3.790866
-1.080995 -0.200280 -4.240997
-0.532520 2.986012 -0.847674
-0.964590 -0.973406 -4.080844
-1.325157 -3.035407 -1.443539
-1.995758 -2.828168 -1.965867
-1.556046 1.349621 -3.910146
-1.817106 2.754698 -2.365820
-1.310871 -1.751541 -3.686778
-3.377892 1.600933 -2.560466
-1.431996 -2.185347 -3.303296
-1.047668 3.061444 -1.378502
-2.212148 -2.542093 -2.505679
-1.217721 -2.895236 -2.150293
-1.549760 3.043292 -1.170920
-0.611224 -2.866632 -0.294760
-1.191416 3.014967 -1.761010
-0.787322 2.977123 -1.837698
-0.635546 0.014449 -4.204908
-3.228936 -1.419073 -2.925518
-1.960459 2.456113 -2.839595
-0.558697 -2.972507 -0.842830
-0.889049 2.974529 -0.481730
-1.123468 0.653617 -4.180242
-1.693332 3.005594 -1.494319
-1.419301 -0.857506 -4.111655
-1.707322 -2.999156 -1.106749
-1.655154 1.867779 -3.567510
-1.151751 -3.012528 -0.706214
-1.333795 -1.946050 -3.535990
-0.662687 3.029561 -1.189811
-0.616979 -2.804077 -0.111162
-2.568194 -2.493161 -2.237865
-0.983546 1.050043 -4.061539
-0.677333 -2.654894 -2.617312
2.554808 0.031007 3.327974
0.982604 -0.045310 4.276273
1.337271 -0.164694 4.203686
2.288604 0.210306 3.637228
0.688297 -0.023608 4.286924
2.131680 -0.807642 3.593729
2.206084 0.571283 3.622313
0.547402 0.440414 4.229686
2.643927 0.197904 3.162354
2.099418 -0.356288 3.786596
0.994915 -0.583104 4.197723
1.216914 0.881479 4.040925
1.084956 -0.313993 4.241876
0.862166 -0.793204 4.139054
2.446790 -0.590166 3.345810
2.307550 -0.142052 3.628522
1.914005 -1.310496 3.410507
2.671085 -0.306958 3.088861
2.625777 0.442378 3.115845
-1.655562 2.327566 3.121955
-2.644157 -2.654279 1.405901
-1.981744 -2.862934 1.843553
-1.168040 -1.278764 3.964758
-1.944436 -2.097522 3.262580
-3.788275 0.939254 2.436114
-2.566483 -2.639641 1.780947
-2.931458 1.374584 3.271624
-0.800729 -2.248514 3.224293
-0.951841 2.954541 1.993796
-0.591168 -2.841478 0.229021
-1.249828 1.789559 3.675871
-2.377410 -2.544026 2.349375
-0.501279 -2.883347 1.945347
-2.159483 -2.807787 1.834037
-3.671447 0.470728 2.865127
-0.704498 3.030107 1.378702
-3.119893 1.596666 2.914065
-3.360884 1.224238 2.924991
-2.361820 -1.794803 3.345131
-1.042801 3.040319 0.784843
-1.970925 2.942889 1.485957
-0.510939 -2.827377 2.140435
-1.026425 2.820557 2.390468
-3.267064 1.659461 2.662767
-0.723225 2.994598 1.704504
-3.603346 1.346747 2.442633
-1.508535 -1.664146 3.726249
-1.666888 -1.375714 3.868947
-3.074230 -1.909256 2.600853
-2.721600 2.325702 2.428981
-0.498608 -0.474432 4.138803
-1.205490 2.021525 3.493629
-1.470958 -1.162749 3.997825
-2.808762 -1.578132 3.214737
-1.906452 2.974438 1.246768
-1.431935 3.016464 0.697131
-1.228863 -0.224122 4.239187
-1.294585 -2.704874 2.595351
-1.626646 -2.990035 1.569090
-2.519702 2.623404 2.002716
-0.985593 -1.589350 3.792930
-0.537084 2.980492 1.582725
-1.109693 -3.050419 1.160934
-3.142242 -2.245776 1.757291
-1.665454 2.670719 2.609335
-3.973438 -0.399333 2.304100
-2.847341 1.794511 3.007316
-3.119222 -2.214494 1.933384
-0.576702 -2.782519 2.301594
-3.368895 1.390790 2.784534
-0.680462 1.745402 3.663994
-1.954528 -1.449029 3.757163
-3.036408 2.367843 1.692924
-1.769235 2.215092 3.218305
-1.002736 2.438832 3.043091
-1.158303 -2.763093 2.484516
-1.600269 -3.004623 0.904406
-0.945618 -2.947674 0.428949
-2.379239 -2.655400 2.061272
-1.734187 1.211007 3.942508
-2.326002 2.561633 2.402735
-0.671848 1.917963 3.531727
-0.817684 -3.029852 1.313533
-1.762077 2.428527 2.960898
-2.651304 1.967615 3.001173
-2.350447 2.769313 1.747433
-1.259352 -2.966159 1.896084
-1.452189 2.532762 2.893607
-1.985988 -2.748909 2.220208
-0.875001 0.885316 4.107673
-1.654999 -2.863436 2.116476
-0.937911 -2.490590 2.940758
-0.921899 -0.480550 4.200717
-0.511937 -2.104743 3.306523
-0.572476 1.274174 3.914092
-1.592349 -2.251806 3.203705
-0.962936 -2.854655 2.250179
-0.600422 -2.228534 3.201680
-0.945732 -3.025776 0.857666
-2.023062 -1.087304 -3.951327
-3.000995 -0.506306 -3.753149
-2.274948 -1.213471 -3.800183
-2.659129 -0.105206 -4.046449
-2.457259 0.900616 -3.933978
-2.961397 0.063169 -3.863055
-3.412314 0.009270 -3.415619
-2.919311 0.245671 -3.878626
-2.784143 -1.305565 -3.431892
-1.604064 -0.298979 -4.260327
-2.178109 -0.663626 -4.114446
-2.962298 2.793300 -0.650248
-4.173597 0.841859 -1.821051
-4.163462 -0.502004 1.944310
-4.280387 -1.854523 0.023046
-4.060845 -1.052082 1.836303
-4.305217 -0.346142 -1.800923
-3.898686 1.261388 -1.908900
-3.525869 -1.872225 1.737985
-4.172347 1.635581 1.174273
-2.836686 2.866970 0.519333
-4.464289 -1.183362 1.065020
-2.543214 2.987736 -0.233782
-3.890668 2.050538 -1.042170
-3.628109 1.718212 -1.824117
-2.649372 2.965767 0.167321
-3.438753 -2.120381 1.518410
-4.208350 1.107462 -1.626070
-2.268953 2.966852 -0.692220
-3.232893 -2.260306 1.515600
-2.634559 2.910647 -0.611163
-0.969400 -2.909427 0.155095
-4.025444 -1.336066 1.685293
-2.678483 2.961419 -0.081883
-4.248011 -1.827535 0.506480
-3.774284 -1.455073 -1.878921
-3.636809 1.812161 1.722674
-4.532755 1.174999 -0.928229
-3.844572 -1.846961 1.396588
-3.784698 -1.581059 1.761848
-4.552389 -1.006899 1.029037
-4.117139 -1.372144 -1.528234
-4.429221 1.610313 -0.452866
-1.019778 -2.914113 -0.289128
-2.104366 -2.997891 -0.476681
-2.089077 3.021713 0.517513
-4.030153 0.911325 -1.959667
-2.796027 -2.897709 -0.035392
-3.770878 -2.356869 -0.281642
-3.418110 -2.302390 1.249034
-3.682229 2.431102 -0.442457
-4.032162 1.350168 -1.688786
-2.438954 2.996417 0.367453
-3.846433 1.986318 1.233441
-3.823763 2.297158 0.537286
-4.459806 1.581969 0.369469
-3.065724 -2.765457 -0.418649
-3.540687 -2.388210 0.870327
-2.843653 -2.874261 0.213645
-3.499552 -2.564615 0.123897
-4.464197 0.998543 1.265721
-4.247919 1.226152 -1.477507
-2.474286 -2.949167 0.446227
-4.446630 -1.299817 -0.966135
-3.882217 2.137177 -0.871854
-3.995641 2.202600 -0.077560
-3.061592 -2.794559 -0.150225
-3.123364 2.785967 0.285957
-4.444662 -0.545474 -1.535490
-1.258267 3.015374 -0.005224
-3.153648 2.755714 -0.413474
-3.376223 2.655390 0.290644
-1.820306 3.053271 -0.359359
-4.127899 -1.775020 1.003504
-3.947226 2.171008 -0.589855
-4.133966 0.396778 -2.009091
-4.411591 1.563187 0.666049
-3.886189 1.838832 -1.386181
-2.415694 -2.818533 -1.012535
-2.869465 2.868645 -0.441472
-2.259334 2.909636 0.906389
-4.135697 -1.385527 1.487952
-3.409667 2.215866 -1.452556
-3.318942 2.387916 -1.263431
-2.784716 2.773285 0.945734
-1.334980 -2.984452 -0.309096
-1.710537 3.039951 0.435478
-3.626606 2.398741 -0.742287
-3.279809 2.536062 -0.991951
-3.255597 2.308250 -1.465997
-4.250679 -1.480849 1.183599
-2.837258 2.912876 0.067852
-4.112732 0.582075 1.989151
-2.672840 0.471318 3.987499
-3.307296 0.405053 3.490480
-3.121197 0.449362 3.673657
-3.086997 1.014961 3.422101
-2.266464 -0.966293 3.958368
-3.383525 -0.535249 3.335019
-1.827276 0.615351 4.193472
-1.351016 0.305767 4.238852
-2.483097 0.736182 3.994869
-2.810819 1.259465 3.478915
-1.935775 0.384030 4.236904
-3.590623 0.238065 3.107930
-2.689690 -0.689432 3.900394
-1.570078 0.281615 4.264716
-2.837010 -0.716677 3.796579
-2.481948 0.375767 4.097190
-2.355704 1.073652 3.880771
-3.282261 -0.380085 3.519473
-3.465887 -0.675465 3.126874
-2.841302 0.730901 3.798671
-4.889633 0.108097 0.904747
-5.043404 0.068050 0.444412
-4.819900 -0.170119 -1.028102
-4.734790 -1.112216 -0.346683
-4.773714 -0.124503 1.115775
-4.880042 0.911333 0.272059
-5.060564 0.095166 -0.348561
-4.781620 0.506968 1.001574
-4.920510 0.739492 -0.436306
-4.707344 0.942596 0.813122
-5.039397 -0.441464 0.028654
-4.839767 -0.886129 0.438659
-5.013725 0.425473 -0.402540
-4.722374 0.390014 -1.148294
-4.980473 0.616255 0.330910
-4.843122 0.723226 0.717977
3.921532 1.968781 2.085375
4.689783 1.673496 1.166583
3.217536 0.718419 3.136871
3.846944 -0.787600 2.662592
4.376600 -0.255300 2.501765
4.800342 1.296503 1.579540
3.268262 2.522515 1.553778
3.375518 2.176570 2.175717
2.942320 1.529773 2.869943
3.081769 0.048437 3.184838
3.224568 1.162405 3.008348
4.221234 1.562760 2.236387
3.713945 2.318990 1.684697
3.385300 2.389319 1.810033
3.140069 0.948431 3.097306
4.433799 1.464604 2.075753
3.780397 0.796017 2.931700
3.869891 2.404557 1.086159
4.545564 1.886422 0.978689
5.064221 0.344314 1.473657
3.765090 0.242697 2.996674
3.935263 -0.355621 2.805923
3.574226 2.219922 1.997751
3.420813 0.010015 3.108178
3.022519 2.468617 1.803475
3.064205 0.531277 3.188391
5.002073 0.601752 1.606819
4.930398 1.574064 0.376353
4.834638 -1.336747 -1.306588
5.247774 -0.072602 -1.038627
5.137152 -1.002308 -0.914571
3.070454 2.942820 0.055549
4.335786 -2.314779 -0.720002
3.932164 -1.324090 -2.334730
3.735386 -1.624987 -2.279571
4.036558 -2.502756 0.866237
5.408787 -0.228054 0.293389
2.790508 -2.251557 2.149248
2.816745 2.994856 -0.011207
5.128263 1.261003 -0.034889
5.410750 0.137262 -0.242451
4.409672 -1.775752 1.532857
3.126387 2.768052 -0.968502
2.565312 3.018637 0.192493
2.792391 -1.871595 2.476663
4.692710 -1.393408 1.500552
3.241089 -2.274769 1.973958
2.636455 2.564538 1.610434
3.212594 -1.957568 -2.290918
4.567266 2.066522 -0.206258
3.824112 -2.753278 0.384754
2.264228 -3.034358 0.892197
2.394886 -3.120678 0.524840
3.326326 -1.269214 2.676559
3.751199 -2.732963 0.685426
3.650979 -2.452648 1.470286
3.257465 -2.744610 1.253070
3.670751 -1.063708 -2.609434
5.257465 -1.067312 -0.140807
3.677948 -1.069732 2.603401
3.484404 -2.082057 -2.050990
4.356274 2.277169 -0.023196
3.407973 -2.971493 -0.023990
3.070228 2.683592 -1.223218
4.556490 -0.742445 2.044951
3.219466 -2.678129 -1.411086
3.895378 -2.023105 1.822223
4.665297 1.955872 0.231125
3.448511 -2.242264 1.901783
2.898898 -3.066386 -0.530728
4.055037 -2.635083 0.156454
3.741646 2.658901 -0.427242
4.434940 -1.050801 2.048635
4.335470 -2.141863 -1.125793
2.841012 -2.325632 -2.059282
5.036839 -1.564737 -0.144383
4.257779 -2.452799 -0.431247
5.136465 0.937036 -0.842717
5.209100 -0.878596 -0.801996
3.002761 -2.557777 1.716172
4.754754 -1.893602 0.613444
5.208220 1.071395 0.119140
4.257833 -2.111043 1.303935
2.247198 -2.778706 -1.498624
2.604584 -3.098358 0.582105
5.399487 -0.324519 -0.320592
3.314707 2.869144 0.134820
3.142302 -3.047465 -0.239106
3.317415 2.722336 -0.923648
5.112664 -0.788083 1.152676
3.423322 -2.121518 2.045379
2.738970 -2.833028 -1.335973
3.743085 -2.355523 -1.537367
2.845346 -2.744961 1.471538
4.121479 -2.277568 1.224521
3.232060 -2.547723 1.622575
3.982777 -2.529037 -0.895879
4.255917 -1.795125 1.702896
3.601957 -1.704412 2.302297
2.926105 -1.418619 -2.724323
4.591846 -1.587435 -1.471750
4.046872 -1.603494 2.070881
3.552504 2.776741 0.160584
3.612793 -2.791438 -0.727739
3.831996 -2.133827 -1.752055
5.348985 0.067081 -0.677898
4.860360 -0.604433 1.703562
3.559541 2.745418 -0.430821
3.111510 -2.048451 2.250575
2.094997 -3.200768 0.060727
2.317702 3.071125 -0.427152
1.767177 3.113460 1.067587
0.703027 -3.349330 -0.569685
1.763235 -3.222717 0.722974
2.029284 -3.206132 -0.342844
1.418472 3.319597 0.519927
0.876461 -3.353216 0.590640
0.725431 3.380427 0.228498
2.322962 2.766177 -1.396875
1.274302 -3.369995 0.352660
2.198948 -2.872062 1.320716
2.184524 3.155461 -0.083827
2.068093 3.016614 -1.069093
1.194966 -3.306692 0.770659
0.548969 3.362742 -0.258112
1.258347 3.319041 -0.635043
0.480161 -3.368383 0.209242
4.402512 0.759341 -2.502951
3.972450 2.108207 -1.816920
4.935272 1.080117 -1.447014
4.217284 2.179204 -1.094863
3.847484 0.785996 -2.900188
3.158160 1.745134 -2.690052
3.212244 1.997168 -2.449869
4.227723 -0.827415 -2.346781
3.529418 2.297772 -1.893686
3.204988 0.921658 -3.092929
3.510437 -0.209058 -3.041551
3.965831 1.736621 -2.309579
2.880408 1.277175 -3.006598
4.240899 0.879271 -2.612483
3.587375 2.417794 -1.571486
2.843598 2.207522 -2.268203
3.852206 -0.297365 -2.870724
3.541562 2.048555 -2.258629
4.538002 1.620622 -1.729503
4.023025 1.139406 -2.675136
4.709096 0.370861 -2.212011
4.479840 1.954726 -1.004932
3.309112 -0.814598 -2.874444
4.309877 -0.339766 -2.534643
3.237374 2.574620 -1.398259
4.939621 1.251949 -1.093960
4.773235 1.501581 -1.304232
2.061651 2.540686 -2.511141
0.077309 1.542924 -4.220652
-0.249386 2.548035 -3.394108
-0.042901 2.652920 -3.303138
1.739978 -2.013973 -3.479382
-0.477627 -1.699574 -4.055063
2.198691 -1.515810 -3.513810
2.247141 -1.051897 -3.719614
0.103667 -0.637494 -4.532773
0.391897 1.586106 -4.197381
0.317551 -1.029056 -4.434724
2.639650 1.492109 -3.067934
0.709838 -2.899558 -2.905463
-0.331106 -3.168292 -2.298647
0.826425 3.339917 -1.389894
1.116402 -2.860120 -2.805734
0.887782 -3.168880 -2.238108
1.296672 -3.212936 -1.509479
-0.180445 0.141979 -4.567648
0.772586 2.926119 -2.836283
0.893347 2.386107 -3.522521
1.012180 1.955781 -3.862246
0.795382 -1.794298 -4.027230
2.946618 -0.206223 -3.224710
0.768315 -3.140560 -2.382622
0.079766 -3.350030 -0.626836
0.753411 -3.355118 -1.013935
0.430414 0.401948 -4.564998
0.292722 -1.560750 -4.215566
2.847143 0.347761 -3.333085
0.473183 1.315326 -4.320231
-0.005290 -1.629112 -4.170990
0.812788 -3.341196 -1.439945
1.164037 3.068616 -2.316792
1.243001 -0.932513 -4.303066
-0.429694 -2.059297 -3.820592
0.354662 2.054450 -3.900384
-0.218023 -3.233868 -2.149803
0.387735 -2.192267 -3.789874
1.391004 3.032360 -2.196297
-0.010624 0.740510 -4.504781
2.104176 -2.808053 -1.589387
2.088775 1.645203 -3.515026
0.200805 -2.803787 -3.119745
0.101022 2.466274 -3.531028
0.828349 1.206274 -4.316051
1.852705 2.518690 -2.797138
2.152814 1.769468 -3.366470
2.431074 2.204216 -2.550417
1.521455 -3.061505 -1.914170
-0.105633 -2.346318 -3.634286
2.214925 -1.802332 -3.283640
0.617828 -2.084419 -3.853435
0.442373 2.423193 -3.569228
2.477846 -1.979744 -2.800302
0.738439 2.198080 -3.737116
0.004383 -2.081337 -3.875269
0.368221 3.394817 -1.106561
-0.374118 1.527874 -4.171956
0.115047 1.369240 -4.304759
0.445610 2.238901 -3.743564
1.828035 1.724275 -3.648381
1.338896 2.986897 -2.376114
1.686652 -2.970566 -1.976320
-0.415670 -3.313796 -0.778688
-0.252192 -2.075655 -3.845962
0.592028 3.294607 -1.946733
0.508791 -1.415335 -4.274125
-0.320536 -3.230780 -0.284251
0.519363 3.060202 -2.645248
0.001444 -1.053295 -4.420366
1.633675 -2.649941 -2.796235
1.804592 2.764188 -2.388081
1.654825 -3.077250 -1.434312
2.030660 1.037430 -3.883387
-0.427535 -1.876614 -3.954571
0.725994 -3.031621 -2.653333
0.157633 1.093617 -4.413342
0.627378 1.010125 -4.416436
-0.017973 -3.082990 -2.610052
0.394345 -2.176626 3.802585
0.142301 1.781827 4.088943
-0.193591 3.364000 1.439545
1.820676 -2.985281 1.531747
-0.424309 1.937127 3.911697
0.874059 -3.304181 1.674962
1.471860 2.216825 3.451264
1.624322 3.098052 1.236018
1.157209 2.797405 2.886991
0.641410 -2.986509 2.768370
2.549341 2.241384 2.260990
1.876196 -2.781563 2.247551
-0.160329 3.137375 2.444307
-0.429241 -1.864091 3.962636
1.579162 -1.057869 4.130032
0.370028 1.623639 4.178369
1.347042 -2.914686 2.542495
-0.477667 -3.113834 2.367647
0.526279 -1.561960 4.200759
0.505401 3.188335 2.339640
-0.092892 2.075937 3.867949
0.588463 2.557426 3.404902
0.439261 -3.260727 2.138225
1.862226 -1.837230 3.543135
2.950037 -0.596493 3.141446
1.663058 -3.038177 1.717132
1.627907 -2.462863 3.075509
1.923734 -2.660405 2.463029
-0.007505 0.195128 4.581383
-0.327205 3.295156 0.572073
0.871862 3.337104 1.207120
0.746900 -2.366899 3.580947
-0.059795 -0.152226 4.579675
0.485847 -3.386328 1.376348
0.107750 2.847504 3.047554
1.584734 -3.116861 1.280252
2.192469 -2.734885 1.665755
2.898787 -0.218955 3.285997
2.804582 -0.982914 3.182539
0.188142 3.245687 2.203619
1.050659 -3.296078 1.040781
0.991666 2.935756 2.727980
0.254561 2.777189 3.154839
2.819885 -1.551230 2.754516
1.167512 1.697970 3.985802
0.246279 -3.236604 2.239622
0.012969 -3.305529 1.966469
0.739824 3.344218 0.870213
1.017373 1.409922 4.185731
0.478433 3.388279 1.101120
1.743586 -1.104501 4.030809
0.643600 -3.181057 2.323756
-0.119734 -3.374520 0.950271
-0.114081 -2.834768 3.042871
1.559027 -2.643583 2.868953
1.342443 -3.207426 1.379849
2.232124 2.603849 2.062356
2.039357 -2.699022 2.192553
0.839334 0.789368 4.444699
2.149580 -2.093087 3.062074
0.096357 -2.495938 3.501362
0.105018 -0.389372 4.570696
2.166838 2.734791 1.752224
1.453375 2.760162 2.754133
1.750062 2.243078 3.245182
0.384472 -0.774727 4.502171
2.641649 1.305029 3.200481
-0.272157 -3.325668 0.686827
-0.331378 -3.003564 2.689709
0.955024 3.247267 1.886223
1.927280 -2.033056 3.325530
2.453766 -0.424205 -3.776795
1.957782 0.771532 -4.054361
2.480510 -0.196745 -3.790292
2.229609 -0.704309 -3.893872
1.164095 -0.189349 -4.487025
2.580922 0.308681 -3.657471
1.502949 0.148888 -4.404338
2.307503 -0.531270 -3.886696
2.623515 0.082348 -3.636628
-1.080508 0.547384 -4.545365
-1.616194 1.715156 -4.093372
-3.005381 2.757172 -1.949296
-1.414731 -3.365964 -1.505722
-0.803008 -3.356848 -0.861261
-3.049761 -2.127533 -3.032375
-3.732483 0.653232 -3.308649
-0.899300 3.399589 -1.169797
-1.237525 3.356405 -1.779563
-1.078675 -0.998727 -4.435354
-1.701000 -3.187026 -2.211035
-1.944738 -3.269346 -1.619247
-1.477975 -3.355731 -0.825439
-4.124220 -1.115118 -2.401247
-1.024969 1.728065 -4.119700
-0.552558 0.883201 -4.419379
-1.080430 -0.510331 -4.548320
-3.803672 1.743800 -2.424469
-2.565499 1.891113 -3.643368
-1.798234 -3.323631 -0.997613
-0.705497 1.824916 -4.028476
-1.385733 -0.501475 -4.542418
-1.982824 -2.360828 -3.481423
-2.557354 -1.868066 -3.651675
-3.752390 0.114156 -3.378441
-1.973679 -3.285163 -1.003348
-3.278573 0.997568 -3.651971
-1.732362 -0.654601 -4.472942
-1.868649 2.188102 -3.699080
-0.733212 -2.337417 -3.613325
-0.589841 -3.094436 -2.458026
-3.384636 -2.428999 -1.986811
-2.242122 -2.712629 -2.911339
-3.561662 2.197980 -2.173215
-1.544633 3.271161 -2.064280
-1.738359 2.083286 -3.818779
-3.507598 2.173544 -2.343364
-1.880895 2.797282 -2.993698
-0.554193 3.224798 -0.261308
-2.880064 2.691173 -2.365837
-1.800040 3.346757 -1.233897
-3.233055 1.556794 -3.388858
-1.408137 -1.521554 -4.214257
-1.872212 -0.515833 -4.470417
-1.615302 -0.140387 -4.554167
-3.511416 -1.483096 -3.131284
-0.743648 -3.329594 -1.684058
-1.296798 -2.987967 -2.788007
-1.779456 -3.290812 -1.716462
-0.771786 1.461556 -4.239432
-0.968787 3.360121 -0.644138
-3.923142 1.292730 -2.685756
-0.688755 -1.566144 -4.166057
-1.483983 3.059675 -2.653568
-0.950236 -3.071029 -2.614274
-2.741061 2.362107 -3.060515
-0.909294 -0.225085 -4.572165
-2.748927 1.527883 -3.778872
-1.875181 -1.811075 -3.968533
-2.644510 -2.795870 -2.400680
-1.853997 1.219204 -4.288177
-2.625807 3.017441 -1.773633
-3.968166 0.065167 -3.095124
-0.862939 2.219570 -3.756073
-2.234662 -1.469511 -4.053320
-1.464795 -2.733876 -3.173669
-2.115399 2.163614 -3.636997
-0.691787 2.688720 -3.230326
-0.521577 -2.147947 -3.740093
-2.429760 -1.704636 -3.833557
-1.350953 0.098535 -4.582098
-2.658682 1.327017 -3.938015
-1.140749 1.284015 -4.340939
-4.145033 0.733558 -2.632828
-2.048637 -3.149501 -2.072931
-0.577971 -3.286814 -1.793765
-1.397323 -1.330877 -4.304278
-0.484394 0.710582 -4.447953
-2.391116 2.748524 -2.777586
-0.491729 1.570581 -4.135938
-2.446509 -3.047877 -1.925344
-0.725105 3.154111 -2.407981
-0.774887 1.199150 -4.351418
-3.631097 -1.152118 -3.206907
1.309367 -0.532055 4.405466
1.046675 -0.041370 4.510657
1.974040 0.481183 4.138477
1.675074 0.452613 4.297422
2.278563 -0.745640 3.834736
2.613387 -0.425084 3.594731
2.201326 0.365000 4.009242
1.152528 0.503041 4.439100
-4.066025 0.737481 2.784447
-2.335730 3.181753 1.499384
-0.619546 0.370995 4.527321
-1.054454 2.464081 3.539243
-0.740759 -2.336266 3.615733
-0.934707 2.557735 3.428873
-3.547985 1.215362 3.279568
-3.704874 1.786131 2.564386
-0.979058 3.063105 2.673265
-3.417760 1.545034 3.207222
-2.066483 -2.765611 2.928792
-2.966023 -1.542553 3.611043
-1.990540 -0.672049 4.413148
-1.966269 -3.291430 1.116582
-3.147996 -2.273133 2.729248
-0.845025 -3.281782 0.392282
-2.692339 1.120877 4.009542
-0.924142 -1.960730 3.950750
-0.876285 0.623428 4.521585
-1.803910 2.604068 3.287366
-4.290805 -0.084638 2.495573
-1.067133 3.404476 1.344866
-2.680680 -1.785914 3.639493
-0.595909 3.342703 0.819266
-2.472337 1.676421 3.842372
-1.485582 3.361902 1.645717
-1.389941 -0.796272 4.483765
-2.985715 2.329836 2.867275
-1.530958 0.747440 4.486340
-1.036633 1.400681 4.289031
-3.486485 0.629032 3.583152
-4.170616 -0.795842 2.533500
-3.447241 1.905638 2.832497
-1.489179 -2.055931 3.869072
-1.781368 -3.327827 1.362599
-1.255092 -3.381863 0.963819
-1.796421 0.660415 4.463504
-1.019382 2.080989 3.881522
-3.896249 -1.495355 2.520395
-1.212773 -3.094788 2.575418
-1.263443 -2.692634 3.250160
-2.533024 -3.097229 1.271042
-3.563598 2.140667 2.287622
-1.152121 -3.340518 1.771933
-2.868899 -2.698382 2.323012
-3.572243 -2.203957 2.089444
-1.531607 0.308227 4.554649
-1.339918 -2.151988 3.807172
-4.107059 0.127210 2.868661
-1.519987 2.206028 3.757920
-3.197302 2.639894 1.868047
-2.026121 -2.294509 3.532383
-3.807754 -1.798199 2.305815
-0.965931 -3.017548 2.726575
-0.745401 -0.950807 4.425097
-0.511825 -3.285396 1.731770
-3.031719 2.028154 3.177748
-2.574221 2.668294 2.760588
-0.995488 -0.327185 4.568671
-3.968217 -0.881188 2.875257
-0.769929 -3.332909 1.682738
-1.649807 2.834656 3.013834
-1.315199 1.958982 3.969658
-1.060984 2.651922 3.326129
-0.739937 -1.874230 3.989397
-3.114448 -1.884118 3.221104
-3.669984 1.589236 2.841130
-1.927713 3.300136 1.549017
-2.335626 -1.714970 3.870345
-3.060857 -1.113436 3.769904
-1.698117 3.269868 1.983262
-1.731646 -0.818010 4.435764
-0.848561 3.394992 1.132693
-1.303437 0.762920 4.501016
-1.762885 0.264072 4.524200
-0.878583 3.322456 1.900716
-0.749493 -3.363297 1.035332
-3.213817 -2.050061 2.942259
-1.764323 -3.335398 1.163247
-2.592128 -2.996590 1.863753
-2.610389 -2.881833 2.227805
-3.971732 -1.203419 2.653933
-1.260949 3.404490 1.047558
-2.768052 -1.621277 3.697853
-1.632263 1.101175 4.373055
-2.254837 2.305426 3.441498
-3.054829 1.756882 3.400242
-1.316086 2.981542 2.831686
-3.499082 -1.553984 3.090025
-0.646697 3.304951 1.853130
-2.682671 -2.675920 2.607255
-1.479007 -0.274635 4.561470
-3.595610 -0.638640 3.463965
-2.877341 2.758334 2.203678
-0.521303 -3.065967 2.494527
-2.404783 2.017159 3.630662
-1.020453 -3.385872 1.061582
-1.131402 1.780225 4.091232
-1.187370 -2.439514 3.547612
-1.290695 -2.298078 3.682589
-2.797337 2.707476 2.444427
-0.732461 3.091187 2.561587
-1.041824 -3.256865 2.127525
-3.315706 2.384832 2.302559
-3.171278 -0.624505 -3.894109
-3.519939 0.490349 -3.590500
-2.236112 -0.076416 -4.457505
-2.959029 0.641309 -4.055997
-2.244144 0.743920 -4.339823
-2.435620 -0.052911 -4.401601
-3.065125 0.821291 -3.910462
-3.422519 -0.552547 -3.675652
-2.601468 -0.789936 -4.190186
-2.659785 0.264559 -4.301101
-2.808923 0.780984 -4.098542
-1.974824 -0.520313 -4.445803
-3.592329 -0.189580 -3.561344
-4.419824 0.570634 -2.164878
-4.133538 -1.846160 -1.708241
-2.750985 -3.168697 -0.792636
-1.843938 3.336673 -0.723981
-3.666433 2.602875 1.260910
-5.021757 -0.826544 0.917290
-4.572452 -1.817684 -0.912613
-3.897861 2.287678 -1.493793
-3.176224 -3.003310 0.844626
-1.335444 -3.315397 -0.444760
-4.146745 -1.975307 1.536384
-4.290756 2.366222 0.332745
-1.331110 -3.334902 -0.250958
-3.947423 2.695996 -0.061640
-3.406884 2.913556 0.869875
-4.997964 -1.288801 0.004181
-4.101557 2.404643 0.901886
-3.520570 2.743246 1.161871
-4.664691 1.776039 0.760717
-1.029200 3.310801 -0.095186
-4.085859 2.304395 -1.163067
-4.155546 -1.565355 -1.945159
-1.976421 3.384183 0.438568
-2.792717 -3.215711 -0.500442
-2.705281 -3.207656 0.676958
-1.743232 -3.380564 0.138669
-1.960919 -3.377128 -0.212184
-4.774282 1.761199 0.059222
-4.426184 0.747523 2.103827
-2.634649 3.287647 0.494056
-3.732351 -2.410324 -1.471480
-4.489788 2.033263 -0.746788
-4.449563 -0.133067 2.195606
-3.757720 2.676728 -0.929301
-2.991924 3.007992 -1.146173
-5.051374 -0.242242 -1.137879
-4.565870 -0.689268 1.931465
-4.945916 1.398573 -0.328738
-4.289338 -2.329362 -0.390998
-4.363039 2.180819 0.768997
-3.077110 2.873873 -1.377737
-4.767533 1.179569 1.317649
-3.099060 -3.103282 -0.545428
-4.839407 -0.250325 1.612298
-4.549376 1.759108 -1.127882
-3.340962 -2.605073 -1.580190
-3.366021 2.687413 1.463420
-2.605689 3.212586 0.879750
-3.763110 -2.693974 -0.769953
-2.851282 3.068573 1.116518
-1.888103 3.370127 -0.547748
-4.776855 1.719802 0.362467
-4.460599 -1.349935 1.709686
-3.957237 2.686149 0.124072
-3.648062 -2.574924 1.284041
-1.040757 -3.279117 -0.208439
-4.708330 -0.033550 1.852533
-3.914348 2.079605 1.751136
-2.764995 -3.025650 -1.222017
-4.720854 -1.638211 -0.794110
-1.549852 3.400282 -0.053557
-5.068023 0.959544 -0.601151
-4.974449 0.085347 1.356911
-3.802377 -2.075036 1.847035
-1.542029 -3.346326 -0.404953
-4.149166 2.286795 1.070933
-4.444188 2.179592 0.428353
-2.241802 -3.350190 -0.300302
-0.767797 3.232620 -0.129759
-4.831240 -1.624794 0.174664
-4.906132 1.167915 -0.968205
-3.998171 -2.346723 -1.184231
-4.356333 2.200955 -0.732992
-4.485483 1.096406 -1.866786
-2.890962 3.240844 0.290367
-4.750531 -1.065956 -1.422696
-4.476572 -1.353369 -1.682330
-4.655376 1.576400 -1.137680
-4.794093 -0.548313 -1.618932
-3.776317 2.614890 1.057353
-4.758680 -1.368805 1.109322
-4.813604 1.520516 0.745241
-4.668554 -1.378658 1.310729
-4.743703 1.806214 -0.147236
-1.895204 -3.311632 0.703045
-3.327674 2.725696 -1.431677
-4.685685 -1.576973 -1.014618
-4.039700 1.763539 -1.934058
-4.672309 1.921597 0.043832
-4.627943 -1.103779 -1.623300
-3.928300 2.667185 -0.486853
-2.830405 -3.217753 0.406635
-4.450408 -1.225893 -1.816348
-4.885003 -0.113784 -1.542481
-3.468496 0.212525 3.713137
-3.439524 0.465510 3.693433
-2.499597 0.178163 4.374293
-3.370488 -0.167738 3.819115
-5.250174 0.410933 -0.476115
-5.223315 0.470446 0.548512
-5.278670 -0.095776 -0.479716
-5.158212 0.724059 -0.551267
-5.166573 -0.725174 -0.445603
-5.093090 0.944566 0.481676
-5.149951 -0.346861 0.833982
-5.296109 0.290999 -0.300198
-5.237230 0.275192 -0.611141
-5.151205 -0.590007 -0.671583
-5.312854 0.044116 0.286406
-5.123357 0.957218 -0.276905
-5.270842 -0.376677 -0.348218
-5.319432 -0.163205 0.128256
4.552927 1.368975 2.428377
4.558932 1.659073 2.183228
4.055241 1.615825 2.700837
4.566411 -0.081904 2.703485
3.428586 0.679924 3.343683
5.087800 0.412280 2.051353
3.460266 0.147898 3.359899
3.493402 -0.077460 3.327163
2.880299 2.333035 2.494340
3.878217 1.387608 2.945292
4.085273 2.333351 1.844342
3.751954 2.348802 2.147210
3.040241 1.744056 3.008811
4.633122 1.754560 1.967081
3.667275 0.906395 3.221114
4.008295 2.472679 1.632937
3.328728 2.078195 2.681130
4.370390 2.015024 2.005589
4.085155 1.227694 2.901586
4.863383 -0.339068 2.277171
4.787375 1.094054 2.304460
5.028876 0.235815 2.160755
4.107341 -0.618278 2.895258
3.804227 0.321451 3.242624
3.221988 2.262742 2.517890
3.818643 -0.217099 3.181428
3.261744 -1.681923 2.853709
3.752022 -1.098507 2.920887
2.754376 -3.449266 -0.013186
3.585427 3.040499 0.626773
5.601826 0.217327 -0.907141
5.641868 -0.489853 -0.678178
2.597654 -2.824752 1.986235
3.905439 2.950221 0.194334
2.887004 2.704142 -1.907806
5.736241 -0.106506 -0.056638
5.515067 -1.059220 0.691295
4.551240 -2.493519 -0.888080
4.563756 -0.705561 -2.493190
4.646879 2.431205 0.095231
5.233369 1.603700 0.626346
3.503731 2.793863 -1.436457
5.501575 -1.218053 -0.472291
3.552639 -3.059871 -1.078717
5.584025 -0.575217 -0.872036
5.284433 -0.740860 -1.557628
5.637136 0.361615 0.698393
5.639568 -0.831053 0.263894
5.318075 -1.523905 -0.745871
4.250934 -2.182203 1.857109
3.711291 -2.468461 1.985137
5.086523 1.936657 -0.038456
3.469355 -2.956226 1.403808
2.770406 -3.269745 -1.081042
2.820877 3.002093 -1.403496
4.677504 2.247513 0.865908
4.019434 -2.990410 -0.460988
5.020536 -0.746568 1.977315
3.216836 3.084588 0.953327
5.508082 1.065463 -0.477355
2.849521 3.009170 1.377392
4.591060 -2.601692 0.270390
3.946702 2.634084 -1.308836
5.153244 -1.251635 -1.494949
5.237434 -0.884871 1.577002
5.435103 -0.304913 1.382205
5.098255 1.827525 0.601521
4.750290 1.998687 1.221401
3.991602 -2.800920 -1.173992
5.700615 -0.217365 -0.472890
5.322368 -1.124289 -1.239349
3.447953 -1.603212 -2.830018
4.796541 2.121037 -0.863293
5.664776 -0.291156 -0.660610
4.822529 -1.845141 1.495160
4.478996 2.560219 0.314315
3.831933 -1.878343 -2.465605
4.440894 -2.229244 1.574965
4.204543 2.566532 -1.082378
3.642004 -1.594535 -2.750069
4.743015 -1.354728 -2.032336
5.720387 -0.255972 0.276885
4.091489 -2.804866 -1.007040
3.040084 -3.338608 -0.640926
4.117536 -1.209880 -2.667183
3.879650 2.944472 0.391358
4.656099 2.202898 -1.026852
3.809056 2.998299 -0.200994
3.013625 -3.406305 -0.013325
3.525513 2.983135 -0.945087
3.586596 -3.003615 1.188653
4.188452 2.719371 -0.635284
4.378721 -2.789474 -0.045088
3.220216 -3.355032 -0.116887
4.090727 -0.848904 2.811502
3.050438 -3.392393 0.202503
4.569900 -2.195861 1.435882
5.292357 0.763359 1.465031
3.099911 -3.222674 1.033057
4.822788 -2.219214 -0.873704
5.711524 -0.416318 -0.223980
5.284628 0.466686 1.611300
4.921921 -1.396963 1.767274
2.828380 -3.387489 0.587889
2.339149 -3.427334 -0.575006
3.271919 -1.348321 -3.015172
5.224327 1.046654 1.412408
3.813051 -1.897811 2.462672
4.745324 -1.982880 -1.451155
2.860404 3.267277 0.481198
5.404904 0.872250 1.128555
5.584447 0.775309 -0.555603
5.113867 -0.525708 -1.910506
5.479676 -0.450175 1.241357
3.311421 -3.321811 0.244574
2.953492 -2.733242 -2.030358
3.446228 -1.771937 2.732348
5.030755 -1.557685 -1.446709
3.633316 -2.375326 2.142283
3.473732 2.891496 1.251043
3.796922 -2.826942 1.358493
5.499618 1.173857 0.156762
3.741108 2.934090 -0.791581
5.215129 -1.727725 -0.725124
4.170757 -1.764590 2.311687
3.744119 -2.324313 -2.126168
5.074958 -2.072122 -0.229711
4.363232 -0.968311 2.582213
4.876820 -1.560985 1.700540
2.349952 3.453194 -0.151456
1.620875 3.531212 -1.004560
0.796523 3.695028 0.524569
1.102920 -3.685733 -0.643918
2.128251 3.206866 1.498164
0.575169 3.716607 -0.069169
2.520883 3.004878 -1.552435
0.538476 3.701538 0.298319
1.812317 3.613762 -0.345094
2.181782 -3.334012 -1.163232
2.052043 -3.477325 0.827793
2.575864 3.166538 -1.110494
1.280118 -3.620196 -0.895402
0.978707 3.706590 0.454596
1.252491 3.716830 0.177581
1.480752 3.689072 -0.200681
0.702975 -3.734257 0.172136
1.654292 3.655928 0.253906
2.304361 3.362622 -0.876471
1.945476 -3.454104 1.035717
1.635268 3.530562 0.996883
1.530384 3.657261 0.466535
2.064439 3.298505 1.339999
1.969755 3.587073 0.102309
1.801024 3.471797 1.070617
2.416403 3.108525 1.447690
3.740867 0.869673 -3.201015
3.701646 0.043130 -3.271656
3.398100 0.658945 -3.354713
4.901229 0.158701 -2.351843
3.492652 -0.444171 -3.244623
3.721129 -0.322042 -3.198138
4.616493 0.104372 -2.682687
3.473308 -0.221690 -3.307302
3.365611 1.727440 -2.952502
4.415539 1.758249 -2.260410
4.501524 1.998782 -1.830177
5.024492 1.433797 -1.545177
4.131802 1.027646 -2.950642
4.177344 0.758473 -2.995724
4.948725 -0.135345 -2.224781
3.879574 1.525683 -2.867736
3.058869 2.153151 -2.671365
3.955261 0.836732 -3.108549
4.342876 -0.133277 -2.885366
4.254262 0.480832 -2.985408
4.635364 0.820702 -2.597640
0.697863 3.460266 -2.531014
1.987079 -3.157607 -2.156631
0.966894 3.644966 -0.813182
2.777379 -1.968616 -3.095052
2.721858 -0.642428 -3.906173
1.910120 -3.124325 -2.377729
0.290231 2.587613 -3.893691
0.975302 -2.146404 -4.165744
2.321673 1.455253 -3.929578
-0.106854 -1.024451 -4.776908
2.056479 -1.158693 -4.244542
1.372711 1.450265 -4.445906
0.848308 2.150438 -4.190462
2.932694 -2.061596 -2.750345
2.946900 -1.363642 -3.370162
0.679516 -3.710194 -1.037408
0.113003 -3.655602 -0.408274
1.291255 -1.451618 -4.473841
2.214257 1.229861 -4.114282
-0.033327 0.077115 -4.925269
2.337283 2.162655 -3.397564
2.742104 1.439787 -3.558084
1.741539 -2.716941 -3.272751
1.863735 1.540540 -4.183553
-0.469246 0.158709 -4.866358
2.160795 -3.125110 -1.892799
3.130195 -0.986740 -3.336384
0.758668 -0.675600 -4.835112
1.985165 -2.182317 -3.672446
1.909092 3.078336 -2.488927
2.312055 -3.070281 -1.662341
-0.027554 3.690715 -0.653181
2.140613 -1.639118 -3.959332
2.044852 1.407132 -4.144428
0.628303 2.662645 -3.789506
3.158116 0.037276 -3.517221
0.363321 1.020674 -4.790254
3.173909 -0.350678 -3.470764
2.207594 1.866774 -3.759158
2.468205 -1.519235 -3.775404
1.517366 -3.290832 -2.419436
1.925479 0.821866 -4.423758
0.875555 -3.512148 -2.308133
3.122449 -0.679195 -3.462634
-0.284445 1.487608 -4.587812
2.905971 0.402060 -3.773082
0.986566 -0.921013 -4.739661
0.357557 3.036005 -3.373794
0.965837 0.513250 -4.825079
-0.221596 1.886525 -4.392584
1.856364 -3.273168 -1.985541
0.602210 3.715703 -1.016115
1.737736 2.195166 -3.818194
3.094201 -0.215176 -3.586446
1.220134 -3.426154 -2.321740
1.942714 -1.891954 -3.927709
1.017771 3.653688 -1.129621
-0.086120 3.572122 -2.254418
-0.011034 2.021523 -4.332045
1.952474 2.066012 -3.790504
-0.102392 -0.495594 -4.887668
2.762748 -0.976844 -3.764804
0.317280 -2.323588 -4.125198
1.121387 2.417140 -3.904210
1.400036 -3.256442 -2.613982
0.059574 2.547641 -3.927118
-0.381274 -2.510357 -3.900983
2.461293 2.337929 -3.071995
1.538402 -2.490171 -3.659084
-0.044946 1.355592 -4.669800
0.188940 -3.218346 -3.101791
2.423239 -2.030337 -3.441081
1.434430 -1.077112 -4.567190
1.080601 -1.420331 -4.548326
2.220376 -2.356430 -3.308090
1.095137 3.502745 -2.173092
2.982215 1.593701 -3.157437
0.654973 3.600022 -2.109544
0.429859 -3.098841 -3.280823
2.315986 2.518589 -3.004324
1.756799 2.693016 -3.289846
0.271577 2.743637 -3.735233
1.752675 2.857947 -3.061827
1.088655 2.980671 -3.281653
0.256827 1.733939 -4.508195
1.200098 1.038309 -4.653380
-0.249883 2.067106 -4.274614
1.203429 2.155862 -4.090116
0.461706 -3.509107 -2.470285
1.174505 3.573730 -1.751695
2.637371 -2.542426 -2.505522
0.671001 -1.158229 -4.723736
0.765817 3.538434 -2.276180
0.866608 2.326335 -4.051893
2.307776 0.330606 -4.284810
1.288091 3.515383 -1.898883
1.947955 -1.615033 -4.096774
1.561098 -0.553851 -4.644919
2.576415 -0.475632 -4.065770
0.197430 3.699502 -0.654314
0.272856 0.115940 -4.933012
2.314656 2.754005 -2.622358
1.568770 -3.455108 -1.700830
3.104143 -1.593443 -2.975994
2.509982 2.566109 -2.672676
1.434711 -3.389846 -2.216995
2.626951 0.510753 -4.017142
0.413047 3.727864 -0.976425
0.503103 3.368662 -2.793876
0.326958 3.414251 -2.716005
-0.303454 -3.309906 -2.855951
0.714366 3.320390 -2.843617
1.442108 0.324870 -4.717032
1.531995 -2.836949 -3.254562
2.810475 2.270669 -2.661472
2.192417 -3.061680 -2.064445
-0.160327 3.715905 -1.343354
-0.360730 -0.513331 -4.853036
2.885303 1.450870 3.388424
0.147995 3.662612 1.942674
1.890646 2.338835 3.591634
0.597003 -2.891925 3.538921
0.429831 -3.540964 2.384864
0.284827 -3.699764 0.643849
2.825485 1.312983 3.541709
2.151183 -0.893381 4.275262
0.326304 3.427949 2.684907
0.422211 -3.714660 1.593395
2.024637 2.051947 3.752397
1.748068 1.309101 4.350450
2.631796 1.936046 3.304632
1.495301 2.326519 3.833348
1.907842 0.659847 4.469892
0.455195 3.541212 2.373062
0.362128 -3.305767 2.941050
0.667300 3.562864 2.239966
0.670456 -3.548772 2.292583
1.013376 -3.389698 2.568359
0.767912 1.682563 4.490565
2.440708 -0.653742 4.137777
-0.240924 3.701590 0.951560
1.391071 1.686377 4.323071
-0.039367 -3.731000 1.127706
0.026514 -0.763612 4.851099
-0.183870 -1.432010 4.626102
0.167996 -3.347385 2.864376
1.656139 -3.044257 2.833101
0.999650 1.920480 4.309219
2.536478 -2.767664 2.194064
1.655070 -3.441818 1.524152
2.185940 0.253815 4.370576
2.780177 -2.401148 2.501382
3.065745 -1.596160 3.034242
0.147791 3.500968 2.505506
2.290812 -0.179436 4.308753
2.184889 -2.958661 2.380557
-0.128032 2.461575 3.987478
0.792555 -1.403603 4.615680
1.508811 -1.802485 4.211478
-0.119301 3.706964 1.539258
2.673598 2.361210 2.750511
1.731241 -0.694229 4.548198
2.542139 -1.379643 3.788437
1.214909 3.490406 2.100845
-0.262298 3.493226 2.435481
1.032176 3.237481 2.883422
0.522607 -2.628618 3.840120
-0.206334 0.099663 4.908625
-0.142008 -3.605017 0.265953
2.584416 2.824177 1.863009
-0.471571 -3.427627 2.521386
2.041833 2.890644 2.721675
0.229068 3.735795 1.348086
2.822496 -1.856198 3.146343
0.132223 -3.454639 2.627470
-0.285872 -3.205490 3.054361
2.029993 -1.706800 3.992580
-0.408082 -0.905262 4.768261
2.143033 -3.045891 2.216810
0.931861 1.247800 4.649179
-0.316344 3.696376 1.342460
2.593131 1.456501 3.697610
2.781142 -0.617383 3.856309
0.193329 -1.858005 4.441405
1.402478 2.878923 3.271286
2.000658 2.809294 2.910355
2.286843 2.407674 3.180264
0.073484 2.275918 4.158146
0.797564 -3.696755 1.135905
-0.259509 -3.639415 0.478313
1.387063 3.554187 1.225775
0.842929 -3.621163 1.904111
2.607912 1.671704 3.544293
0.216820 3.332172 2.891291
2.563605 2.680810 2.349820
1.541610 -3.404819 2.015357
-0.341664 3.617785 0.441092
2.500893 -1.072644 3.964019
2.306115 2.641480 2.832184
0.178553 -3.738069 1.337181
1.679105 -3.255747 2.328633
0.454038 -0.038689 4.928015
2.144999 -0.667539 4.335673
0.918900 -2.655658 3.737069
-0.090581 3.616245 0.299578
-0.421199 0.086484 4.877566
1.426359 -3.404604 2.177005
1.791640 -3.110827 2.561721
2.793066 -2.147289 2.866780
0.700979 2.266026 4.131586
0.805844 -1.974204 4.319036
0.623683 1.477294 4.607506
0.588565 3.016728 3.374444
1.355710 -0.808467 4.667987
2.376397 -2.451528 3.028455
0.161929 3.693597 0.618227
0.311607 3.723501 1.523606
0.006682 -1.747669 4.494926
1.173293 -2.838292 3.440458
1.266753 -3.255799 2.715779
2.266041 3.088228 1.728345
0.874633 0.377402 4.859056
-0.372880 1.917532 4.349050
-3.432920 0.960111 -3.997308
-1.828036 3.679953 -0.949369
-3.980734 -0.409584 -3.601019
-0.814824 3.553046 -2.335242
-1.746622 -1.239283 -4.664220
-1.769162 2.227148 -4.136692
-1.057131 -0.848616 -4.828067
-1.719383 -3.342860 -2.748257
-3.365783 0.168055 -4.200193
-2.402987 1.218353 -4.500162
-1.895433 2.030239 -4.247125
-0.699709 3.715303 -0.973959
-2.195640 -2.477619 -3.780760
-2.515200 3.456071 -1.690444
-2.225206 3.570356 -1.584379
-3.978998 -1.605457 -3.031828
-1.815913 -3.433619 -2.491294
-2.136078 -2.917573 -3.299956
-4.287116 -0.602371 -3.136499
-0.553449 -0.468421 -4.849595
-1.262293 -2.322223 -4.111433
-1.287739 3.433742 -2.686235
-2.106534 2.128205 -4.119634
-2.964160 -1.757890 -3.943273
-3.473681 1.875063 -3.452128
-0.548010 -3.362680 -2.689721
-3.675268 2.403187 -2.565858
-1.288437 -3.710483 -1.554705
-3.649107 -0.889807 -3.825366
-2.855956 -2.826671 -2.934483
-4.155118 2.008484 -2.178532
-3.079629 1.682279 -3.923501
-4.240417 1.350602 -2.819239
-2.298364 3.513973 -1.815540
-3.941526 -0.814792 -3.541547
-1.169291 -1.390855 -4.657075
-2.669706 2.711315 -3.283371
-2.542867 3.479872 -1.292225
-1.717647 -1.763739 -4.433403
-2.029932 -3.155258 -2.979455
-1.305164 3.538615 -2.416770
-2.277710 3.457190 -2.102370
-2.247028 1.837280 -4.262983
-2.706667 -0.045817 -4.590723
-2.188169 -1.117523 -4.601828
-2.170519 -3.589696 -1.154883
-3.198062 -2.426407 -3.157407
-2.249934 0.297061 -4.753017
-4.586743 -0.553518 -2.560981
-1.913009 -1.963012 -4.274640
-3.540746 -0.289168 -4.052340
-0.980342 -1.268180 -4.699889
-2.730870 3.028601 -2.732283
-2.948992 0.862832 -4.356707
-2.416703 0.487620 -4.676489
-0.693540 2.055067 -4.285872
-3.080581 2.251884 -3.478824
-2.501876 -3.473673 -1.386145
-1.752064 3.700407 -1.249070
-0.694703 0.780474 -4.819780
-3.550162 -2.660077 -2.246270
-1.088868 2.169057 -4.241604
-2.580096 -2.125088 -3.908738
-2.018064 2.962436 -3.314535
-3.602529 1.521312 -3.576926
-1.096684 -0.577880 -4.882238
-0.553858 -2.488997 -3.907044
-0.762222 0.427487 -4.884927
-2.432543 3.248105 -2.552910
-0.577289 -1.451381 -4.583541
-2.174725 2.665339 -3.615721
-3.211087 -0.777360 -4.211344
-1.375846 1.740546 -4.496640
-2.990473 3.155273 -2.034094
-0.973815 3.194373 -3.140874
-2.965108 -3.122572 -2.136235
-2.108655 0.087057 -4.804102
-2.080023 -0.266989 -4.801848
-2.979059 -2.104455 -3.676354
-1.043419 0.547069 -4.888510
-3.244615 -1.372088 -3.965008
-0.712074 1.410201 -4.628502
-4.047908 -2.178248 -2.096760
-2.072486 3.632534 -1.072129
-2.005561 -0.777383 -4.744668
-0.570314 2.483385 -3.932363
-4.312381 -1.417136 -2.593780
-3.149085 -1.687749 -3.858273
-1.005624 -2.515520 -3.944365
-1.806293 -0.792803 -4.783195
-3.776684 2.419379 -2.327465
-1.286786 3.736192 -1.469875
-2.795414 -0.656859 -4.482566
-2.693107 0.264856 -4.587719
-0.957054 1.675361 -4.531604
-3.268417 2.985650 -1.997820
-0.844741 -3.469755 -2.526819
-3.909097 -1.220071 -3.398561
-2.433636 -0.340996 -4.685549
-2.077038 3.531868 -2.040294
-3.095680 -1.140140 -4.171273
-0.698189 3.664002 -0.539025
-1.224279 -2.178903 -4.221356
-0.507264 -3.434355 -2.497694
-1.942393 -1.574666 -4.483938
-3.874918 2.250224 -2.437133
-0.554847 -3.669445 -1.501261
-4.562603 0.008573 -2.726569
-2.669318 1.751527 -4.130674
-4.157408 -0.836410 -3.250041
-0.706942 -1.590196 -4.540223
-3.367414 -2.783500 -2.323181
-3.743352 -2.464420 -2.266316
-1.503876 1.434492 -4.628948
-2.627737 -1.511613 -4.271372
-4.511934 -1.079381 -2.422752
-1.865569 0.007381 -4.860570
-2.551887 2.552616 -3.547459
-3.101959 2.861413 -2.622468
-4.262402 -0.321572 -3.241223
-4.418443 0.080343 -3.011432
-0.508597 3.587889 -2.063427
-1.783908 -3.654983 -0.783956
-0.880497 3.698039 -1.741513
-3.493376 -1.796721 -3.480392
-1.181314 1.944538 -4.389193
-4.258114 1.478659 -2.668233
-1.657947 3.605906 -2.081323
-1.172822 -3.694384 -0.668345
-1.888064 0.494059 -4.823932
-3.059486 -0.092659 4.405169
-4.255994 0.863693 3.094396
-1.814384 -3.071795 3.203562
-2.948038 0.547055 4.425855
-2.538316 -3.331748 2.141759
-0.975170 0.746283 4.851336
-1.123016 -3.177774 3.146131
-2.123351 3.620862 1.233898
-4.438524 0.662663 2.852638
-2.026284 2.109408 4.157921
-1.777531 -2.951253 3.387654
-0.791604 3.669940 1.863833
-1.001842 2.090991 4.292345
-1.086857 1.210118 4.730334
-2.600240 -3.176174 2.511006
-2.033231 3.342834 2.638082
-3.040446 -2.644234 3.029069
-3.852670 -1.309911 3.416340
-1.603884 -3.051839 3.290203
-1.022503 3.695694 0.572719
-1.659861 2.804629 3.621355
-2.456421 -1.799527 4.192044
-2.147129 2.619108 3.676580
-2.884943 -2.323520 3.544358
-0.617971 -2.635143 3.779166
-2.851163 -2.058615 3.802288
-1.243157 3.627746 2.129894
-4.336581 0.564906 3.071908
-2.436296 0.623349 4.647956
-4.525251 -0.266509 2.783186
-2.182222 3.595235 1.451307
-1.656134 3.715181 1.189100
-2.609438 0.734794 4.556608
-0.683650 -2.359878 4.044690
-3.435189 -2.691569 2.408286
-4.176398 -1.357052 2.915816
-0.778347 0.927738 4.795025
-3.002102 3.216259 1.721768
-1.208116 3.691016 0.534509
-2.621391 2.391614 3.670164
-0.952470 1.393662 4.657512
-3.274262 -1.826748 3.662585
-3.478561 1.493274 3.714490
-3.418722 0.053059 4.164492
-4.322825 0.076667 3.173201
-2.504478 3.489363 1.412394
-2.897264 -2.455991 3.395653
-1.790837 -3.172731 3.048272
-3.108527 -2.473954 3.188726
-2.926301 1.598841 4.072915
-3.359015 -0.793142 4.100834
-2.447672 -3.042143 2.921591
-3.954795 -1.531807 3.129264
-2.209185 -2.474541 3.778228
-1.417953 3.708079 0.703842
-2.691452 -1.538355 4.226599
-1.159082 -3.663162 0.480682
-2.597447 0.204900 4.633389
-2.894195 -1.060121 4.321670
-0.689183 3.718015 1.060614
-1.093225 2.675878 3.810576
-0.880254 -2.523329 3.927577
-1.121925 -0.839422 4.831357
-2.336993 2.217584 3.965568
-3.431713 2.190818 3.198150
-1.220144 -3.691685 0.653296
-0.507440 2.183970 4.162347
-1.888505 -3.654453 1.347452
-1.796655 3.384789 2.665055
-2.349984 -0.227771 4.724469
-0.981590 -2.997848 3.406264
-4.271375 -0.905692 3.040536
-2.580328 2.116507 3.929486
-4.557614 0.646510 2.600334
-2.157732 -3.291735 2.632239
-1.357279 -2.981515 3.425532
-2.037702 -0.357720 4.804382
-1.536115 -3.703433 0.948574
-2.445239 -0.642485 4.637765
-1.487961 3.121444 3.235771
-1.783406 3.615847 1.952051
-2.259760 1.780030 4.291805
-1.331603 -3.542984 2.345832
-4.455601 0.264609 2.925957
-3.021827 0.171872 4.424704
-3.762672 -1.145677 3.606671
-3.465882 1.081874 3.925569
-2.785978 -0.434370 4.524467
-4.119848 -1.815203 2.552392
-0.522651 -0.923281 4.755610
-2.861064 1.954465 3.888425
-1.162061 2.947803 3.502423
-2.312953 -3.544461 1.068045
-1.888624 3.459123 2.431800
-2.735303 -1.792500 4.059367
-1.154393 0.104288 4.927817
-1.580125 -1.987449 4.322558
-0.981922 -3.685535 0.634406
-1.500369 -3.264659 2.963667
-4.195696 0.186965 3.356885
-2.505332 -2.114984 3.954459
-1.669207 0.615360 4.843328
-3.064273 -1.274857 4.136400
-1.289408 2.820035 3.652348
-0.924276 -0.596349 4.872578
-1.189831 -3.492142 2.503286
-3.621644 -0.330813 3.978140
-3.353675 0.280971 4.200989
-3.628925 -0.571741 3.931525
-3.766412 -0.393077 3.834268
-1.655856 -2.377327 4.024477
-2.355375 1.486686 4.407630
-0.728865 0.392364 4.885056
-3.836666 -2.477342 1.966437
-1.624446 3.345044 2.813019
-0.897845 3.420384 2.700911
-3.364627 1.933220 3.511830
-0.662194 1.313986 4.659450
-3.949355 -2.019305 2.622519
-2.107119 3.158550 2.966385
-4.402508 0.899493 2.813006
-1.334888 -2.217077 4.188788
-1.020069 0.503168 4.893862
-0.560086 -3.469692 2.427354
-3.301279 -3.017766 1.648890
-3.713192 -2.029289 2.999880
-4.116436 1.316235 3.059518
-1.839135 -1.079715 4.700662
-3.374818 -1.429733 3.831366
-0.902385 1.184051 4.730814
-1.389884 3.741223 1.245496
-1.136438 -1.887208 4.412562
-3.118742 -2.122457 3.551399
-1.283412 3.743975 1.041765
-2.806878 1.736881 4.064456
-4.141126 -0.990052 3.204446
-2.518232 1.223031 4.452606
-4.635821 2.437350 -0.632915
-5.545881 -0.548849 -0.260279
-4.719265 2.420637 -0.103413
-5.480395 0.079469 0.927287
-4.831228 2.233907 0.470160
-5.520701 -0.267181 0.700685
-3.339442 -3.165879 1.294706
-5.055104 1.167125 -1.560897
-4.037181 2.503391 -1.744702
-4.752293 1.355090 1.952569
-1.731629 3.751475 -0.089570
-5.296660 1.438351 0.366961
-4.760726 -1.273558 1.975043
-5.205692 1.331262 -1.022495
-5.040782 1.978274 -0.014154
-5.500639 0.330971 -0.785446
-5.281182 0.475713 -1.433586
-2.205114 3.733529 0.192534
-4.354757 -1.604340 -2.265249
-3.062729 -3.321047 -1.186839
-3.947685 -2.918260 -1.008794
-3.639759 -2.838722 1.634066
-4.884522 -2.181356 0.060873
-5.549613 0.607718 0.077862
-4.840998 -2.234747 -0.167143
-4.450606 1.374491 2.327146
-3.776214 2.802144 1.592835
-4.538318 -2.239069 1.312555
-4.982940 -1.472184 1.417760
-2.983701 3.414145 1.078633
-2.589107 3.501331 -1.138401
-4.820916 -2.201409 0.544266
-4.019930 3.040293 -0.397774
-4.248685 2.077510 2.003934
-1.854757 -3.658646 -0.703062
-5.294623 -1.001155 1.069394
-3.633851 3.176226 -0.915246
-5.295872 0.656915 -1.324560
-2.654629 3.646687 -0.401352
-5.473770 -0.809053 -0.483205
-2.699459 3.638376 0.384617
-1.822641 -3.680077 0.578941
-3.800733 -2.540943 -1.918656
-4.374272 -2.029200 -1.864751
-4.434445 -2.652995 -0.481443
-4.410778 1.826673 2.046052
-4.358441 -2.345974 -1.470200
-4.850952 -1.845168 -1.252730
-4.147605 2.800143 0.992647
-3.615508 3.291498 0.400412
-5.279571 -0.344861 1.466114
-4.876687 0.062798 2.207106
-4.892747 -1.336671 -1.717633
-4.270484 -2.722564 -0.820879
-4.508841 -2.450374 -0.939605
-5.369416 0.201041 1.273217
-2.362955 3.636671 0.783278
-5.390067 1.227188 -0.200417
-5.241571 1.600028 -0.155008
-2.292761 3.663263 -0.697266
-4.799111 2.264882 -0.522090
-5.357790 -1.226321 0.444135
-4.552324 -2.514733 -0.573563
-5.309711 -0.061243 1.437295
-4.673676 0.472810 -2.418322
-4.016876 2.805298 -1.240247
-4.665930 1.006478 -2.262314
-4.622887 0.975189 2.327884
-4.994530 -0.131609 2.031459
-4.763271 2.076200 -1.138277
-4.945557 1.289747 1.681444
-4.718663 2.376882 0.471984
-5.386394 -1.224065 0.042481
-3.527215 3.309788 -0.585432
-1.864814 -3.721776 0.162735
-3.139402 3.474408 -0.612558
-4.476378 -1.683823 2.060462
-5.509502 0.525856 -0.625313
-3.651721 -3.160534 -0.829046
-5.295141 -0.698524 1.289692
-5.006997 1.725143 1.069654
-4.442787 -2.487495 1.021926
-3.137699 3.188635 -1.508416
-4.803893 0.190888 -2.297129
-2.794856 -3.547464 0.648534
-3.555781 3.032652 1.412841
-2.498271 -3.666938 -0.151850
-5.587519 0.288692 -0.036821
-4.268431 -1.792001 -2.216335
-3.347768 3.304545 0.971705
-4.572428 1.233335 -2.265614
-4.542367 2.198156 -1.418751
-3.625520 -2.963143 1.412511
-4.960762 0.192924 2.080181
-3.471810 3.258920 -0.925904
-4.920609 2.025679 -0.749914
-1.467456 -3.704702 0.038699
-4.542211 2.409208 -1.023472
-4.681309 -0.844074 -2.297319
-4.712258 1.718680 -1.713407
-5.068208 -1.903747 -0.015080
-4.577717 -1.494281 2.076641
-1.138299 3.664170 0.388825
-2.527736 -3.628528 0.515544
-5.255312 -1.433476 -0.589102
-5.329866 0.037075 -1.389791
-4.965370 -0.777813 1.924129
-2.998063 -3.435804 0.884012
-4.640749 -1.946794 -1.547631
-5.012711 1.568182 -1.272970
-2.787565 3.537708 -0.843384
-2.099668 3.639173 -0.890000
-2.938397 3.547241 -0.583774
-4.810303 2.294424 -0.269794
-4.556601 2.589041 -0.276506
-3.329759 -3.121973 -1.407917
-3.693492 -3.238440 0.186808
-4.080710 -2.864805 0.868703
-5.509307 0.229141 0.779581
-4.001303 -2.967460 0.706862
-4.820360 -0.270585 -2.264770
-5.158084 0.477827 -1.697322
-4.910791 1.872989 -1.101465
-1.118139 -3.640210 0.287029
-2.954279 -3.560147 0.076629
-5.094662 0.284155 1.854021
-5.188249 0.027365 1.701537
