4.783043 -1.158343 0.228630
4.252985 -1.425892 0.934607
4.328412 0.809572 0.525267
4.352953 0.329712 1.078537
4.399066 0.628933 -0.729769
4.738146 -0.757210 0.790252
4.248454 -1.781639 -0.177659
4.179878 -0.897269 -1.343238
4.106964 -1.291155 -1.177854
4.302453 -1.528703 0.746107
4.878888 0.153702 0.070683
4.632157 -0.252244 -1.008012
4.734522 -1.105912 -0.519618
4.631870 -1.421266 0.122906
4.103405 -1.852068 0.296746
4.427923 -1.572849 0.433379
4.954365 -0.138762 0.061154
4.430600 0.830459 0.058394
4.840701 -0.788399 -0.543786
2.578686 -1.297572 2.100958
1.608553 -0.146241 2.293508
3.154849 -1.309537 -1.914260
2.987833 -0.420600 2.251097
4.197003 0.862046 -0.794229
3.762136 0.299222 -1.749359
3.327541 0.454957 -2.001475
3.767240 -1.285658 -1.489257
3.453478 -1.926116 -1.148664
3.064359 -0.450068 -2.221470
2.477251 0.321614 -2.302276
3.580663 -0.712727 -1.905833
1.706560 0.022853 -2.305715
3.840197 -0.111018 -1.756177
2.685276 -0.038018 2.329591
3.440442 0.125088 2.022843
4.079226 -0.400650 1.499241
2.920961 -0.696521 2.232305
3.858621 1.039173 -1.192761
1.899443 -0.126497 2.353348
3.802450 0.261594 1.724636
3.854718 -1.764824 0.838914
1.945168 0.069608 -2.342472
2.089705 -0.429739 -2.367133
3.134599 -0.137027 2.202787
3.824155 0.878232 1.384399
4.084054 0.953318 0.923233
2.693470 -0.706134 2.287561
3.991528 -0.586396 1.570312
3.558426 -1.376981 -1.616174
3.101853 0.109105 -2.191430
3.192125 -0.856815 -2.089266
3.912797 -1.480271 1.141847
2.777055 0.366575 2.239550
3.436898 0.721622 -1.821555
3.809751 -0.902601 1.657196
1.747282 0.125428 2.301109
3.582829 0.709396 1.723418
3.704797 -2.071515 -0.363158
2.989165 0.337163 2.185517
3.826895 0.062259 1.747716
4.094479 -0.008297 -1.472902
2.968248 -1.157779 -2.067721
2.366533 0.033570 -2.361625
1.381600 -0.273521 2.220016
3.750137 -1.699148 -1.108095
3.690375 -0.754821 1.812028
1.933317 0.066172 2.341398
2.462390 -1.063593 2.218862
3.342214 -1.873395 1.324097
2.843136 -1.575174 -1.869677
3.262390 -0.767900 2.080677
1.209608 -2.625753 1.975261
1.184492 -3.299433 1.289354
2.466100 -2.544738 -1.706429
2.729236 -2.075026 1.789888
1.902738 -0.931757 2.287112
1.030481 -2.465670 -2.052265
2.654352 -2.383855 1.683165
2.237794 -2.138234 -2.050691
1.796670 -2.509083 2.007383
2.157386 -2.672319 1.779441
1.130978 -0.838561 -2.322065
0.478076 -3.099977 -1.291642
2.071022 -1.977043 -2.170677
0.782298 -0.947375 -2.280278
1.572816 -1.083653 2.360081
2.430860 -1.546339 2.112730
1.706625 -1.282134 -2.354724
2.384987 -1.532070 -2.136881
1.476057 -1.350742 -2.376838
1.068427 -2.225766 -2.175767
2.897600 -2.660615 1.213329
1.442226 -2.734113 -1.902802
1.964812 -1.433481 -2.298792
3.323429 -2.240664 -0.971279
1.481656 -1.870670 2.309117
0.946830 -1.621553 2.322352
1.429737 -1.101768 -2.370173
0.889518 -0.453744 2.171146
1.219389 -2.355760 2.131632
0.747541 -3.492402 -0.714487
0.870669 -1.856513 -2.263013
3.053709 -2.189771 1.421761
1.166630 -1.874180 2.303144
3.267705 -2.272069 1.048465
2.186107 -2.220295 2.037167
1.809209 -2.653482 -1.910615
1.973088 -1.375288 2.299076
1.073014 -1.159436 -2.357843
0.844435 -0.711570 2.245592
3.259421 -2.407716 0.922236
1.912373 -0.894227 -2.278333
0.849527 -0.392737 -2.136987
1.722161 -1.952765 -2.262099
3.419111 -2.153544 0.844940
1.544334 -2.817993 1.829555
0.804557 -3.040666 1.532263
2.571417 -2.659535 1.539725
2.201609 -1.815901 -2.167842
0.854800 -0.940785 2.296438
0.449207 -3.466324 -0.410406
1.192381 -0.354723 2.174704
1.428209 -2.992918 -1.678376
0.730824 -1.900040 2.216895
1.757418 -1.550568 2.334154
0.620223 -3.033827 -1.460195
3.540134 -2.246937 -0.185401
1.366586 2.143901 2.083276
2.253955 0.711090 2.301146
1.382264 0.591146 -2.302637
1.471811 2.136009 -2.104352
2.634566 0.816035 -2.198907
2.356991 1.177578 2.300388
3.189820 2.280859 -1.458353
1.891343 2.010980 -2.178347
1.198552 0.713308 2.287020
2.076197 2.001159 -2.163369
3.208725 0.902077 -1.879749
3.163384 1.764818 1.787148
2.324341 2.604746 -1.721041
3.643951 1.042092 1.451221
1.916679 2.254212 -2.053479
1.881351 1.195916 2.372987
2.559084 2.116245 1.977340
1.902272 1.496247 2.335502
2.911185 1.464875 2.042355
1.500260 0.639381 2.328061
2.720745 1.063813 -2.176448
3.440903 1.959489 1.423017
1.814757 1.996009 2.188151
2.449361 2.257434 -1.938028
3.409063 1.406560 1.678800
2.138508 1.546585 2.298730
2.821765 2.017227 1.902342
1.920466 0.822326 -2.362342
2.068355 2.551306 -1.829928
4.083955 1.423267 -0.349413
3.228504 1.145408 -1.869247
1.517267 2.919910 -1.467393
2.623459 2.664260 -1.531764
2.365762 1.359955 2.281585
1.550978 3.064197 1.269346
1.449079 2.794469 1.601965
1.485901 1.588001 -2.305086
2.700984 0.808493 2.170378
4.128656 1.260428 -0.058241
2.282457 2.325361 1.947282
2.295631 2.789557 -1.545689
2.265607 2.163666 2.047401
2.474985 1.856364 2.125612
2.898717 1.698749 1.989093
2.354807 1.839845 -2.168450
3.019605 1.792244 -1.880989
1.609633 0.314088 -2.254710
3.607212 1.169181 -1.494020
1.177602 1.255728 2.300045
2.130797 1.083381 -2.350472
2.653270 2.514278 -1.658927
1.455388 1.901864 2.206117
2.751572 1.572811 2.101251
1.447703 0.952695 -2.357212
3.066972 -3.266338 0.391838
2.643031 -3.207441 -1.098071
1.493726 -3.965979 -0.128172
3.124928 -3.260869 -0.084431
2.216049 -3.620601 0.937813
1.458731 -3.937369 -0.302879
3.086955 -2.804629 -0.877838
1.734570 -3.772535 -0.825753
0.922576 -3.757645 0.229025
1.439047 -3.606081 1.024205
2.400241 -3.713651 0.646984
1.328645 -3.724035 0.806190
3.185094 -2.613325 0.806219
3.090261 -3.029271 0.699132
2.962412 -3.439474 -0.241253
1.536393 -3.861108 -0.610166
2.146848 -3.923541 0.232498
2.438334 -3.362015 1.109461
1.787150 -3.325752 -1.337039
2.125624 -3.745764 -0.782961
2.489805 -3.429849 -1.004622
3.348888 -2.688748 -0.314924
-1.737566 -1.625708 1.531158
-1.354347 -1.115579 1.955052
0.019540 -0.435515 2.289462
-0.412489 -1.285607 2.334967
0.035677 -0.790683 2.361438
-0.145043 -2.165512 2.115697
-0.754393 -1.432562 -2.229558
-0.700878 -1.224752 -2.269394
0.160699 -2.911515 -1.518242
-1.108515 -0.820673 -2.087995
0.132900 -1.412886 -2.353770
0.179243 -2.255334 2.065109
-0.773967 -2.258652 -1.919654
-0.800530 -1.009098 -2.239100
0.046256 -2.784322 -1.666279
-0.008247 -2.367938 -2.004901
-1.108303 -2.180692 1.797464
-0.440961 -0.658237 -2.298938
-0.284190 -1.708387 2.279072
-0.830764 -1.270169 2.221672
-0.535787 -1.589613 -2.262835
-0.979446 -2.680687 -1.468122
0.091965 -3.166131 -1.152116
-1.483461 -2.223709 -1.469878
-1.550650 -1.150813 1.802109
0.104669 -3.362732 -0.684235
0.700101 -0.245250 2.114677
-0.093328 -3.376284 -0.638353
-1.435415 -1.258893 -1.888515
-0.425644 -2.997472 1.351063
-1.126361 -2.330360 -1.685288
0.284522 -2.994864 1.392563
-0.540466 -2.351588 -1.940749
0.254211 -1.921854 2.213954
-0.430204 -1.450388 -2.311698
-0.463224 -1.839753 2.208737
-0.707517 -2.089325 2.037765
0.400722 -2.329272 1.989701
0.047980 -3.459908 -0.156563
-0.332729 -0.939473 -2.351732
-0.880565 -2.580571 -1.627636
-0.616228 -1.083403 2.298144
-1.048050 -0.872883 2.124938
-1.067260 -2.486072 1.599444
-1.412503 -2.032059 -1.663113
-1.452176 -1.467750 -1.844438
-0.969329 -2.406907 -1.724430
-0.067186 -1.780495 -2.275194
0.134069 -0.774696 -2.355953
0.451906 -1.580629 2.284153
-0.249522 -0.608708 2.318084
-0.001653 -1.051760 2.379757
3.223521 3.218067 -0.666058
3.685718 2.894438 -0.508592
3.844922 2.548022 -0.641593
2.271108 3.501503 0.446495
3.495481 2.929219 0.791226
2.083924 3.512756 0.255618
2.453243 2.968250 -1.288720
3.568184 2.071060 -1.230137
4.114769 1.782624 -0.016476
3.503279 3.169771 0.227877
2.006720 3.429715 -0.516889
3.807714 2.862523 -0.049864
3.260141 2.634168 1.262571
2.258951 3.498248 -0.453454
4.083865 1.592030 -0.159550
4.091965 2.151910 0.139887
3.092897 3.014699 1.063147
3.620191 2.346776 1.103389
1.932001 3.447809 0.375592
3.462688 2.502360 -1.182706
3.682615 2.381839 -1.016266
2.232650 3.125326 1.120489
2.408051 3.563280 -0.153455
2.454402 3.125286 1.139138
4.009768 1.674266 0.553321
3.896144 2.654235 -0.337611
3.890162 1.871036 -0.845089
0.992302 2.105236 -2.151150
-0.886424 2.494938 -1.599339
0.979833 1.865515 2.231447
0.991349 2.931495 -1.608067
1.289953 3.117837 -1.220558
0.130577 2.892967 -1.732434
-0.845119 2.331326 1.741233
-0.380338 1.705533 -2.210837
0.142894 2.709309 1.888265
-1.210196 2.483027 -1.285916
0.813981 1.995873 -2.231048
0.792604 0.538902 2.225272
-0.120382 1.577126 2.305276
-0.122644 1.846728 2.253949
1.049235 3.289123 1.098032
0.553059 1.398688 -2.371728
-0.450677 2.420062 1.912764
-0.451731 1.549261 2.209121
0.641595 1.906256 2.283203
0.428965 1.758694 -2.331539
0.598322 0.922039 2.343572
0.236316 1.806296 2.316322
0.587722 1.664231 -2.341029
-0.866978 1.968051 -1.899353
0.630054 2.851454 1.773585
-0.587104 2.287832 -1.921818
-0.926389 1.522561 -1.966450
0.307325 2.394449 2.102412
0.163081 1.916274 -2.282484
-0.289881 1.995114 2.165743
1.222237 3.271174 -1.010083
0.703895 3.303343 1.217647
1.070121 2.916328 1.592213
0.288943 1.593343 -2.357303
0.290640 2.565963 2.001519
0.467068 3.178183 -1.436761
1.063011 3.490413 -0.582192
1.282001 3.376879 0.697049
1.130203 3.538077 -0.177676
0.849894 3.252749 -1.253954
0.037299 1.059502 2.342765
-0.915907 2.689361 1.404367
1.203732 2.621042 1.792788
0.759966 2.230093 -2.151982
-0.173855 1.029066 -2.297701
-0.488237 1.176793 2.208486
-0.598399 2.730463 -1.607793
-0.278359 2.304988 -2.041622
-0.881538 1.951424 1.895569
0.490232 1.104433 -2.371339
0.991958 1.812540 -2.241418
-1.607047 -2.513484 -1.268853
-1.667064 -3.105458 0.650190
-1.369087 -3.337086 -0.552089
-1.398533 -2.383651 1.445792
-2.008204 -2.135684 -1.016316
-0.772323 -3.478576 0.576293
-1.386379 -3.037251 1.025359
-1.440484 -3.400095 0.134649
-0.896085 -3.547014 0.276149
-2.073435 -2.265229 0.882962
-1.571791 -2.645645 1.222459
-0.715032 -3.402520 -0.756370
-2.159259 -2.331211 0.694800
-0.925060 -3.157404 -1.092285
-1.679829 -2.307230 -1.296452
-1.141040 0.438252 2.277257
-1.387723 -0.694999 -2.006405
-0.171553 0.607554 -2.326037
0.232559 0.456501 2.255778
-0.125493 -0.246877 -2.306816
-0.981187 0.929110 2.215561
-1.284311 -0.142439 -2.213780
-0.847661 1.399651 2.031943
-1.312421 -0.526884 -2.105505
-0.990633 -0.130196 2.300372
-0.324115 -0.032493 -2.361596
-0.588000 -0.562902 2.247262
-1.032038 0.310200 -2.314664
-0.669378 -0.045615 -2.358701
0.315035 0.283611 -2.239864
-0.981119 -0.354003 -2.257643
-0.391308 0.479154 -2.363289
-1.149267 0.069576 -2.281300
-0.786336 0.737215 -2.302397
-1.172333 3.378171 0.479169
0.185176 3.426855 1.221612
-0.156179 3.333333 -1.303407
0.909203 3.706554 -0.025445
0.393373 3.382785 -1.214592
-0.087509 3.900736 0.455563
-0.590241 3.468574 -1.031256
0.883706 3.525536 -0.725974
0.825551 3.642210 -0.567811
0.514949 3.784029 0.571864
0.089441 3.918468 0.392077
-0.813730 3.584109 -0.676849
-0.131767 3.457029 1.196762
-1.447486 3.037482 0.360596
-0.397856 3.751706 -0.713172
-0.059361 3.825972 -0.669383
-0.597004 3.763864 0.519739
-0.026816 3.138438 -1.447585
-0.685277 3.814425 -0.054527
-1.028461 3.244638 -0.907310
0.084684 3.649252 -0.980076
-1.433740 -0.771294 1.964734
-3.932889 1.547000 0.748204
-1.941776 0.091284 2.349653
-1.730953 0.585211 2.367404
-2.840929 0.333940 2.201417
-2.193345 1.449887 -2.154903
-2.175109 0.124949 2.343736
-1.988202 -0.926502 -1.926696
-1.617136 0.723324 -2.343429
-4.017076 1.170782 0.941833
-3.477533 1.949555 -1.064060
-1.276424 1.467106 -2.054534
-1.605267 2.323246 -1.453855
-2.669301 1.432160 -2.053466
-3.142081 0.340878 2.053970
-2.105861 2.139702 -1.688648
-3.407805 1.294617 1.688133
-2.127963 0.489695 -2.373008
-1.220855 0.945924 -2.216107
-2.598746 1.030782 2.219211
-3.146505 0.695426 -2.043069
-1.557716 0.964964 2.295256
-2.351445 2.083911 -1.701833
-3.823139 0.957380 -1.380576
-4.170886 1.243833 0.344678
-1.646893 1.145188 -2.262471
-3.948848 1.695225 -0.393631
-2.141808 -0.220954 2.269090
-3.228292 0.718283 1.990067
-3.126693 1.134275 1.957276
-2.450283 0.486519 -2.326058
-2.122327 1.237201 2.246136
-1.928813 1.467885 2.160676
-1.462125 -0.071469 2.266334
-2.744382 2.005348 1.634369
-3.138595 1.341732 -1.866571
-2.655902 2.115774 -1.566280
-1.266573 1.175120 2.169048
-3.686761 1.656520 1.108629
-3.650918 1.575403 -1.240326
-4.124728 1.267137 -0.534224
-2.750210 -0.198381 -2.138203
-3.334386 1.834099 -1.370508
-1.387230 -0.518561 2.091390
-1.398551 2.496837 1.120844
-2.390687 0.852969 -2.306665
-2.082205 2.270485 -1.550705
-3.780941 1.059928 1.397182
-3.804029 1.448986 -1.120970
-2.631841 1.587221 1.986721
-2.464197 -0.135165 -2.242823
-3.671908 -2.017445 1.011223
-2.938039 -1.503209 1.794996
-2.568374 -1.599149 -1.725092
-2.201779 -1.498878 1.709597
-3.016300 -2.478894 -0.174017
-4.348747 -1.480500 0.914529
-3.316899 -1.772625 -1.508661
-4.742237 -1.109269 0.364102
-4.221652 0.081332 1.498210
-3.582655 -1.900487 1.243078
-4.891099 -0.433421 -0.258756
-1.846042 -1.274149 1.685598
-3.540393 -2.189534 -0.802325
-3.685830 -2.239324 0.466684
-2.700432 -2.272473 -0.952591
-2.874071 -0.372870 -2.125911
-3.960574 -2.092288 0.414958
-2.216188 -1.076829 -1.926882
-2.225318 -0.852562 1.997314
-4.215154 -1.941156 -0.059569
-4.803966 -0.824120 0.475460
-4.263990 -1.701796 0.745132
-2.747860 -1.825557 1.553174
-2.575250 -1.133194 1.976355
-4.063346 -1.357953 -1.381058
-3.133476 -2.443247 0.331846
-4.286713 0.836532 -0.893801
-2.485439 -2.477271 0.079992
-2.473793 -2.472474 -0.139973
-3.067077 -1.100320 1.978462
-2.420420 -1.393301 -1.831566
-2.498502 -2.196406 -1.057380
-4.214822 0.961916 0.831735
-4.105392 1.039955 -0.883012
-4.477039 -1.484667 0.638811
-2.791063 -1.398655 1.863516
-2.299392 -1.680029 -1.607694
-2.607147 -1.139540 -1.976942
-3.190728 -2.447134 -0.224111
-4.755223 -0.399662 0.790758
-4.552044 0.638987 -0.605785
-2.834463 -1.941719 1.434927
-2.042500 -0.999589 1.894717
-2.107842 -2.103812 1.036857
-3.262418 -0.313228 2.071739
-4.632331 -1.351047 -0.369491
-4.371004 1.036650 -0.119544
-4.615313 -1.447954 -0.000009
-3.354999 -1.961558 1.291685
-4.633746 -0.147316 -1.020364
-3.268922 -0.912691 -1.998997
-2.728694 -1.967587 -1.406227
-4.329897 -1.679204 -0.644090
-3.077611 -0.234374 -2.102608
-2.958597 -2.108811 1.215440
-4.192729 0.791314 -1.086499
-3.085243 -0.253956 2.102697
-3.470169 -1.069347 1.887972
-4.057287 -1.061147 -1.555783
-2.740952 -2.459660 -0.406706
-4.022988 -0.711450 -1.693264
-4.812248 -0.446576 0.626008
-3.656605 -2.309961 0.031603
-4.455204 -1.106669 1.086544
-3.711615 0.430484 -1.737049
-4.169661 -0.570170 -1.599098
-3.531720 -0.022422 -1.959931
-4.187995 -0.144923 -1.579291
-2.681139 -0.347230 -2.125576
-4.242587 -1.263428 1.262010
-3.100667 -2.474107 0.058446
-3.766194 -1.161993 -1.711766
-3.939116 -1.526637 -1.359948
-2.845116 -1.068827 -2.009354
-3.172760 -1.131563 -1.948305
-4.242454 -1.314900 -1.224158
-2.459367 -1.830047 -1.515787
-4.084610 -1.198642 1.463314
-4.422112 0.289475 -1.180955
-3.085853 -0.708346 2.078722
-3.141657 -2.245841 -0.939867
-2.152050 3.200992 -0.138113
-3.102887 2.710301 -0.811673
-3.203453 2.610353 0.835984
-3.415441 2.472058 -0.721256
-3.118764 2.551474 -0.990443
-2.933585 3.041786 0.182089
-3.693224 2.233017 -0.420694
-2.526811 3.115468 -0.462411
-3.003898 2.837583 0.710832
-1.479339 2.951536 -0.487376
-2.996212 2.975580 0.369845
-3.725910 2.250757 0.234027
-1.890285 3.165288 -0.171212
-2.893183 2.186947 -1.394739
-2.789687 2.256162 1.405865
-3.379207 2.102612 1.079718
-1.479775 2.785002 -0.827324
4.729757 -0.535499 -1.272069
5.123089 -0.982569 0.151488
4.800200 0.127361 -1.068002
4.759696 -0.766251 -1.191444
5.209690 -0.279695 0.111617
4.628769 -1.135078 1.176973
4.929414 -1.375997 0.293298
4.813122 0.028694 1.094343
5.056808 -0.193468 -0.737715
4.738231 -0.454048 1.268029
1.679074 -0.582969 2.638666
4.617220 0.900160 0.676257
2.513312 0.467077 -2.614120
4.521112 -0.157424 -1.477278
3.941331 1.005856 -1.722048
4.192358 0.918226 1.502280
1.985995 -0.165710 -2.707436
4.653663 0.901868 -0.527967
4.254982 -1.869586 -0.807254
4.059134 1.030841 1.577299
2.450352 -1.172161 2.543683
4.568848 0.512207 1.188846
3.638520 0.370757 2.252665
2.687005 0.407034 -2.605450
1.172425 0.051746 -2.486204
3.144364 -1.256323 2.351448
3.270374 0.777538 2.305135
4.299667 -1.611646 1.116923
4.189037 -0.724163 1.830808
3.975948 -0.347465 -2.089580
4.140409 0.827327 -1.630358
4.574105 0.896064 -0.818441
4.139180 0.676640 1.720292
2.573163 -0.543799 2.681306
4.071454 -0.520014 -1.988934
1.776164 -0.156666 -2.679354
4.471267 -0.144057 1.550884
4.683374 0.935861 -0.236814
2.444896 0.202170 2.677117
1.923124 -0.377354 -2.697765
1.666365 0.275073 2.610284
4.087977 -1.983137 -0.955299
4.109900 0.132460 -1.939861
4.197359 0.345295 1.796515
4.421893 0.296291 -1.533491
3.741703 -1.399495 -1.943335
2.445111 -0.084492 2.708105
1.881353 -0.354040 2.693708
3.942169 -1.695300 1.534827
2.803355 0.220127 2.621936
4.054489 0.411849 -1.919756
3.851495 -2.030177 1.250799
4.171855 -2.069596 0.533930
4.544718 0.769315 1.037425
3.141079 -0.577704 -2.542530
3.456038 -1.471286 2.093097
3.089966 0.244572 -2.538874
2.299793 -0.660336 -2.685423
3.349767 -1.130758 2.314379
4.506854 0.048424 -1.474452
3.669306 -0.313916 2.311812
3.014271 -0.896865 -2.520913
4.277147 -1.068073 -1.594941
3.638769 -2.609483 -0.718156
1.042717 -1.857715 2.644470
1.928468 -2.621422 2.312742
2.760202 -1.663550 -2.305416
2.062564 -3.022141 -1.991127
1.447347 -1.467448 -2.713896
0.519728 -3.627624 1.141692
1.917970 -2.822334 -2.189053
2.333060 -1.220866 2.539137
3.678287 -2.730164 -0.072259
3.780619 -2.529520 -0.226984
1.188136 -2.594800 2.389427
0.908179 -1.521454 2.673343
3.445728 -2.321002 1.423394
3.124588 -2.403608 -1.757029
2.712790 -3.057758 -1.583262
1.305104 -2.095476 2.602536
1.413766 -2.205273 -2.566790
1.144082 -1.353559 -2.710888
0.754989 -2.533398 -2.350725
1.329995 -3.092712 -2.051317
1.411595 -1.262672 -2.719182
3.789227 -2.455017 -0.431796
1.439883 -0.912654 -2.690152
3.044865 -2.956946 1.357168
0.550415 -3.062689 1.912399
1.498258 -2.770826 -2.288302
2.698205 -3.210282 -1.410153
2.160698 -1.303145 2.599957
0.832921 -1.041540 -2.654915
1.801016 -1.229429 -2.683151
1.032694 -0.896486 2.668687
1.735981 -1.899124 -2.628186
0.647351 -3.871866 0.555612
1.074776 -1.437844 2.701662
2.161441 -3.321811 -1.642653
3.590205 -2.474573 1.033373
1.770659 -2.518320 2.400677
1.237613 -2.976493 2.143629
1.367386 -3.490292 -1.621944
3.640043 1.243641 1.954996
3.658723 1.837945 -1.783747
1.315241 2.095532 -2.476611
1.791688 1.970020 -2.563591
1.652223 0.365852 -2.627399
2.649618 1.163835 2.567570
1.771359 0.789565 -2.706329
2.274110 2.574058 2.200944
2.115715 2.375977 2.354274
1.707595 1.886870 2.591294
1.108310 1.128556 -2.640496
3.038696 1.267175 2.390641
3.473987 2.024883 1.877444
2.522192 1.492404 2.574556
4.312424 1.388588 -0.874536
3.312951 1.117669 2.230790
1.046335 0.806546 -2.612915
2.442337 1.993329 -2.462017
1.611084 1.238728 -2.710264
2.658195 2.841580 1.849090
2.381353 3.412833 -1.217007
4.053874 1.264331 -1.443898
1.883841 3.074626 1.824876
2.031986 3.610928 -0.907766
2.361199 2.833776 1.973205
2.354699 1.413653 2.630216
4.192307 1.871448 0.902870
2.026378 2.530456 2.273465
2.270800 1.690025 2.596188
2.464107 2.182678 -2.375403
2.852606 2.982319 1.584413
4.103659 1.851802 1.127121
2.776890 -3.600175 0.975347
2.030217 -3.782479 1.197562
1.032451 -3.876536 -0.852148
1.453529 -4.085278 -0.670315
1.013709 -3.893605 0.803362
1.922264 -4.205484 -0.243843
3.013059 -3.628483 0.577262
1.666188 -4.105852 -0.673537
3.423401 -2.960771 0.661783
3.237285 -3.394628 0.524910
1.368136 -4.191976 -0.047908
3.091757 -3.190077 -1.044704
2.328026 -3.787807 1.076370
2.448935 -4.033401 0.464762
3.395993 -3.124393 -0.537990
3.054281 -3.288719 1.003819
1.157725 -4.118306 0.268839
2.143275 -4.128870 -0.464705
2.404991 -3.438961 -1.404378
-0.040232 -1.488371 2.689658
-1.664147 -1.506941 2.107793
-0.510666 -1.203285 2.668539
0.311804 -3.058172 1.846980
0.038101 -1.356798 -2.706203
0.216582 -2.921626 -1.995304
-0.570346 -1.722651 -2.581508
-0.171696 -0.944055 2.710723
-0.267725 -2.985491 -1.927526
-1.445330 -0.927105 2.297140
-0.253888 -1.538222 2.669768
-0.799120 -3.266835 1.413306
-1.069201 -1.655352 2.434120
0.676256 -0.160461 -2.467565
-0.415632 -3.149650 1.721268
-1.504752 -1.129389 2.263716
-0.402160 -3.607696 -0.934394
-0.039818 -3.574953 -1.095084
-1.619355 -2.600305 -1.572599
-0.621921 -3.343191 -1.382466
0.512387 -0.600294 -2.627372
0.098906 -2.756419 -2.144094
-1.605113 -2.435695 -1.729355
-0.497977 -1.892587 -2.548812
0.084878 -3.789455 -0.283262
0.090884 -2.723574 2.169633
0.295360 -0.279802 -2.581383
-1.038033 -1.637517 -2.451691
-0.126531 -2.254271 -2.452692
0.192565 -2.199836 2.473976
0.791233 -0.117221 2.416377
-0.212255 -3.634134 -0.925578
-1.801815 -1.941147 1.846728
-1.237984 -0.954285 -2.417058
-0.082838 -3.802962 -0.080553
-1.024958 -0.939652 -2.514217
0.090336 -3.076462 1.851150
0.193379 -0.770275 2.694927
-0.262303 -2.595553 2.246768
-0.091348 -1.182183 2.716658
-1.286070 -1.633723 2.331784
-0.382560 -0.985153 2.690724
-0.166788 -3.493836 -1.252843
0.153543 -3.747743 -0.536708
-0.188702 -3.071168 1.849032
0.376464 -1.291630 -2.686285
-0.159400 -3.387308 1.440078
-1.652192 -2.240206 1.823941
3.218293 2.857070 1.464219
2.892923 3.739470 0.247654
3.106452 3.482914 -0.839325
2.674771 3.701059 0.593843
3.427433 2.733512 1.413336
3.560149 3.443781 -0.124345
2.783215 3.771600 -0.170886
3.041314 3.552562 0.748736
3.146000 3.399457 0.953349
4.258429 2.328758 -0.426151
3.671500 2.930254 1.041510
2.407048 3.807520 0.103703
2.804499 3.573060 0.849452
3.203565 3.642861 0.174085
4.035131 2.923602 0.263551
3.992402 2.669646 -0.815038
3.053802 3.663288 -0.406303
3.094565 3.380681 -1.017514
2.326600 3.574934 0.914802
2.413788 3.540785 -0.981129
4.292994 2.341921 -0.207071
-0.704449 2.481952 2.180733
-1.352154 2.649051 1.576734
0.788688 2.370917 -2.460957
-1.345563 2.767099 -1.473911
-1.268275 2.501579 1.775706
1.229344 3.712413 0.890252
0.414577 2.332732 -2.508864
0.365935 2.742298 -2.294764
-0.977005 1.648602 -2.321287
1.288589 3.806978 0.470463
0.966412 2.046341 -2.546625
-0.598901 1.803722 -2.478587
-0.755982 3.035490 -1.733581
-0.392989 2.372070 2.365067
-0.052164 1.579942 2.666827
0.836330 2.361943 2.456778
-0.787894 2.665279 -2.022885
1.093938 2.937647 2.041121
0.753930 0.404154 -2.548881
0.411511 3.486789 1.593122
0.601219 3.656672 1.310336
0.854090 0.433102 2.542514
0.247196 3.092413 2.024983
-0.335965 3.260454 -1.718806
-0.485884 2.166884 2.417455
-0.125559 2.501359 2.375643
0.642422 3.299857 -1.806997
-0.715544 1.590894 2.464784
0.117401 2.603507 -2.361554
0.778668 3.561566 -1.433198
-0.104660 3.039994 2.015306
-0.786223 1.504490 -2.441186
-0.217310 2.743361 2.211687
0.037801 3.231536 1.863542
0.439562 1.668967 2.691959
-0.199937 1.563267 -2.639760
-0.142394 2.071156 -2.547510
0.782268 2.876495 2.169085
1.117528 2.881606 -2.077240
1.058003 2.356575 -2.408621
0.192369 3.452387 -1.627514
0.254293 2.118487 -2.584565
0.989035 3.314459 -1.706686
0.839722 1.989008 2.588237
1.006723 2.643268 2.273515
1.132781 3.769012 -0.816411
0.855018 1.350810 -2.679528
-0.486189 1.703928 2.539354
-0.225658 3.131517 1.896408
-1.536815 -3.075198 -1.263305
-1.480470 -3.628080 -0.292924
-2.140708 -3.095994 -0.400522
-1.460346 -3.021660 1.357257
-0.780164 -3.806411 -0.232352
-1.717072 -2.923341 -1.261574
-1.430157 -3.368132 0.996098
-0.597626 -3.662076 0.762875
-1.518157 -2.780953 1.493530
-2.254531 -2.990678 -0.240207
-0.842646 -3.756697 0.475134
-1.303323 -3.708556 -0.223502
-0.830242 -3.817516 -0.011661
-1.935224 -2.981464 0.987036
-1.300555 -3.244801 1.230163
-0.524880 0.502940 -2.704363
-1.018628 1.318070 -2.428345
-0.605894 1.148876 -2.551587
-0.815404 -0.368507 -2.636418
0.014664 -0.328462 -2.617755
-0.587934 0.937439 2.620132
-0.177229 -0.081976 -2.686069
-0.294308 0.066888 2.709192
-0.522108 -0.252311 -2.679456
-0.311926 0.742917 -2.662401
-1.210871 -0.676801 -2.465741
-0.135355 4.164737 0.371308
-0.711535 3.995306 0.494272
0.224990 4.180677 -0.231852
-0.398114 4.010794 -0.739023
-0.579942 4.111480 0.082509
-0.740508 3.802395 -0.907504
0.287372 4.176969 0.193035
0.317336 4.119765 0.482518
-1.099597 3.654371 0.762447
0.065185 4.205957 -0.006572
0.428204 4.148927 -0.212036
-0.549277 4.086665 0.363438
0.143640 4.082945 -0.665220
0.572189 4.071744 0.430979
0.501177 3.911390 0.898379
-3.963041 1.336050 -1.607160
-2.385942 1.571044 2.448146
-2.621492 -0.408110 2.484312
-3.928961 2.172229 0.756227
-1.776755 1.785994 -2.374439
-1.910174 1.826016 2.357664
-3.823775 1.684553 -1.549245
-3.839403 0.927396 1.899214
-2.730095 0.176397 2.588136
-3.626868 1.956898 1.537833
-3.213494 2.378388 -1.467015
-2.032969 1.453602 2.534502
-2.819626 0.112747 -2.551218
-1.045118 1.332290 -2.417058
-4.286304 1.318527 -1.097679
-3.407762 2.204690 1.501653
-2.896207 2.202938 1.869268
-3.543284 2.126564 -1.451039
-2.468682 1.017489 2.612723
-4.317356 1.265065 1.070745
-2.763011 1.147063 2.504754
-1.710785 2.844174 -1.306351
-2.319541 1.599798 -2.446058
-3.398385 1.503399 -2.055081
-2.905388 0.235592 2.534629
-3.252465 1.394925 -2.199574
-1.261948 1.407855 -2.459701
-3.627349 0.943750 2.085552
-1.449183 -0.661133 -2.423047
-2.284898 -0.206144 2.612798
-3.042981 1.963669 -1.991449
-2.973675 1.497588 -2.299572
-2.113206 2.424177 -1.884753
-1.887632 2.252811 -2.053505
-2.782212 1.398672 2.416218
-4.250782 1.907851 0.150200
-3.426850 0.864944 -2.247598
-3.554064 2.278824 -1.242324
-3.256268 1.954605 1.865404
-1.591657 0.454032 2.696679
-1.682768 1.734349 2.393832
-2.932526 -0.232796 2.435672
-2.375742 2.283577 1.981329
-1.009724 1.535022 -2.320864
-3.055233 0.134194 -2.461045
-1.792623 0.397284 -2.714655
-1.882658 -0.066832 2.665707
-3.390836 1.838273 -1.855003
-2.532631 0.924097 -2.617059
-1.549455 0.225232 -2.679668
-2.925087 2.387263 1.663041
-2.467633 2.448261 1.792750
-1.759537 0.088766 -2.686623
-3.026996 2.367714 -1.621876
-1.531940 0.892725 2.654762
-5.017583 -1.138190 0.564598
-4.228687 -1.307538 -1.714271
-2.218085 -1.898976 -1.806971
-3.720443 -1.872245 1.666384
-2.899617 -2.743218 -0.523477
-3.570212 -2.509526 0.847141
-4.579561 1.262252 -0.084726
-2.996423 -0.917823 2.359864
-2.390627 -0.988478 -2.319955
-3.725510 -1.851077 -1.682371
-3.830661 -2.429322 0.758063
-4.859625 0.496269 -0.914542
-5.150182 -0.341285 0.543173
-3.534499 -2.262056 1.330378
-4.357610 0.086673 1.793171
-4.654191 0.142429 -1.461997
-5.170309 0.029104 -0.199583
-3.750933 -2.594832 0.164950
-4.904384 -1.516000 0.300549
-4.608465 0.946081 -0.913931
-3.348474 -2.725751 0.218070
-4.698426 0.707318 1.034510
-3.246121 -2.427500 -1.212023
-2.702677 -2.650694 0.844276
-5.182175 -0.724688 -0.135366
-2.126415 -1.159019 2.206156
-4.867730 0.465724 0.924484
-3.027091 -1.322499 -2.224544
-5.131699 0.153027 0.329172
-2.787299 -1.113691 2.315890
-5.045660 -1.231455 0.201411
-3.330680 -0.802980 -2.329113
-3.717450 -1.549069 -1.910022
-4.612844 -0.739716 -1.555256
-3.125746 -2.395343 1.303069
-4.795187 0.192238 -1.239089
-4.620669 -1.956316 0.115771
-4.867086 0.253386 -1.080607
-4.932170 -1.255524 -0.707109
-3.187971 -2.764444 -0.143666
-2.303980 -1.054227 2.285116
-4.347526 -2.230190 -0.034782
-4.340618 -1.580989 1.419511
-2.618219 -0.639348 2.411770
-5.166095 -0.834115 0.077454
-4.063783 -2.436599 -0.018731
-3.631142 -0.105937 -2.262622
-3.969125 -1.307169 -1.903731
-4.372150 -0.090062 1.816589
-3.975926 -1.101781 1.987521
-3.410855 -1.960930 -1.728963
-5.000125 -1.345640 -0.188048
-3.975677 0.014044 -2.082321
-2.838869 -1.025636 -2.341562
-3.355336 0.121618 -2.310946
-3.671870 -2.577212 -0.502560
-3.330624 -0.507767 -2.364865
-4.194978 0.814912 1.582698
-2.493687 -1.498262 -2.136024
-2.201716 -1.734446 -1.929282
-3.041406 -2.604194 0.927437
-3.322694 -2.669278 -0.582197
-2.332032 -2.568913 -0.940422
-5.178104 -0.117448 0.313639
-2.787195 -2.446162 1.268583
-3.040461 -1.926140 1.851755
-4.428087 0.832194 1.322693
-2.714422 -1.887742 1.900157
-4.424687 -1.093869 -1.639147
-2.169284 -2.155452 1.535742
-4.892644 0.814972 0.208362
-4.419955 0.374951 -1.633315
-3.203872 -1.579118 -2.067811
-4.753957 0.976062 -0.449558
-3.833898 2.558049 0.212256
-2.003922 3.367328 0.504712
-3.461567 2.949974 0.376915
-2.610523 2.918106 -1.268144
-1.701362 2.998198 1.117759
-2.361017 3.427912 0.245497
-2.472503 3.218393 -0.877558
-1.718347 3.196198 0.803558
-2.394009 3.022830 -1.193819
-3.755947 2.587923 0.476478
-1.963976 3.248641 0.811002
-3.431840 2.403399 1.212371
-1.866524 3.394778 -0.269734
-2.889296 3.204431 0.662575
-2.736358 3.362479 0.251639
-2.039509 3.432490 -0.159566
5.312286 0.206042 -0.477325
5.291980 0.358300 0.314645
4.958765 -1.667123 0.565997
4.899862 -1.359762 -1.091776
5.248343 -1.184152 -0.506867
5.138366 0.121955 0.997369
5.457117 -0.383751 0.000680
5.406297 -0.181035 0.407304
5.301475 -1.213330 -0.025163
4.867911 -1.241482 1.226560
5.184207 -1.339711 0.487329
5.319348 -0.905215 0.574300
4.996373 -0.406523 -1.333641
4.789366 -1.836894 -0.631131
3.087677 -0.757028 -2.892612
4.440259 -2.356248 -0.070234
2.403334 -1.003030 -2.956775
4.155577 -1.957629 1.646766
3.363792 -0.421258 2.839293
2.360942 -0.026166 -3.050586
4.178988 -2.103216 -1.448441
3.540815 -1.140522 2.615873
4.293716 -1.077721 -2.103564
2.745379 -1.246757 -2.842128
4.768317 0.882757 1.311476
4.177852 -2.448282 -0.831984
3.080078 -0.033507 -2.935261
3.305617 0.295360 2.818918
2.535830 0.164425 3.019557
3.129531 0.218047 2.892531
3.495017 -2.087850 2.083731
4.506785 0.520068 1.911070
2.595817 0.285372 -2.994635
1.409957 0.113697 -2.925301
4.387770 -0.664396 -2.134830
3.745016 0.688689 -2.499113
3.939185 0.130056 -2.517901
2.141240 -0.826154 3.000263
3.143553 -0.437981 -2.915847
2.243909 -0.195057 3.059768
4.859004 1.187906 0.692253
3.871832 -0.202299 -2.587439
2.860351 0.195482 2.965435
3.385134 -0.136266 2.835407
3.421334 -1.079811 -2.691897
4.774376 -1.508130 1.142485
4.741734 -0.046858 1.750108
3.802617 -1.902035 -2.032072
4.247691 -2.366817 0.877973
3.482634 0.282630 -2.747805
4.979305 0.462896 -1.169635
4.921631 -0.355824 1.465959
3.549570 -0.411063 2.759113
2.280120 -0.528755 3.045329
1.505397 -0.481354 2.960441
2.468616 -0.350427 3.049049
4.188233 0.718833 2.158064
1.800094 0.255120 -2.988940
5.037786 0.640534 0.874918
3.576036 0.806990 2.548380
4.261507 -0.930885 2.187015
3.695477 -0.725418 2.645309
4.565784 0.140688 -1.951423
1.680893 -0.506371 2.996270
4.190347 -2.239804 -1.234523
2.190278 -0.898930 -2.986133
2.147106 0.186991 -3.029749
4.802619 1.436916 -0.047042
1.652680 0.041715 2.990872
4.007771 -1.140449 2.325641
2.566145 0.071648 -3.027177
2.873524 -0.532171 2.978328
4.492229 0.741056 -1.826641
3.716376 1.003910 -2.377182
4.043925 -2.265276 1.404026
4.934524 0.850009 -0.960913
2.874401 -0.426459 -2.986894
5.115119 0.573464 0.662672
4.219917 0.936855 2.017518
4.515337 -0.275327 -2.043931
4.324310 0.827623 -1.972127
3.566673 -1.730201 2.314309
3.832475 -0.461132 2.602006
4.256958 -0.469767 -2.287570
4.050053 -2.545412 0.855378
4.031702 -0.106359 2.476299
3.452766 -1.974571 -2.203151
4.149260 -2.388586 -1.031154
3.888328 -0.823658 -2.508382
4.920242 -0.615294 -1.423061
4.518348 0.792231 1.765206
1.190495 -2.842668 -2.641103
1.106309 -4.065301 -1.299647
1.429016 -1.253076 3.058785
1.765474 -2.596143 2.745549
1.104899 -1.025375 3.036202
3.733226 -3.056143 -0.823776
3.548033 -2.999443 1.310688
2.781193 -2.893478 2.197884
1.295198 -3.669178 -1.943794
0.839013 -1.559004 -3.004485
1.021331 -3.250120 -2.339086
1.817163 -3.368715 2.214614
1.159980 -2.868987 2.623456
1.603755 -0.811383 -3.009902
0.919417 -4.271515 0.615252
0.818259 -1.247122 3.010790
3.992856 -2.615335 0.853016
3.146688 -2.915465 1.894497
1.150690 -3.184044 2.407294
0.336547 -3.385949 -1.997511
3.364053 -2.825884 -1.745283
1.789788 -2.394555 -2.827897
1.820624 -3.748992 1.785646
1.568419 -1.573285 3.041348
0.759490 -1.276253 -3.000029
2.226992 -1.577963 2.922517
2.070804 -3.303443 2.207708
1.201003 -1.546083 3.046401
1.059191 -4.085464 1.245458
1.523812 -2.763480 -2.686139
3.417823 -2.659066 1.818452
2.035502 -1.690195 2.960138
1.632662 -2.187656 2.917908
0.680710 -2.454980 2.753490
0.716493 -3.010203 2.458837
0.436062 -3.300442 -2.128947
0.505667 -3.696812 -1.708465
0.722826 -1.917597 -2.929596
1.582447 -1.115701 -3.046030
3.248029 -2.554377 2.061163
1.138877 -2.529657 -2.796179
1.621626 -2.280274 -2.889344
2.710320 -2.848788 -2.273041
1.629379 -1.761835 3.014102
1.902181 -1.012878 2.997490
2.973100 -1.919051 -2.528181
2.874447 -3.179443 1.888909
0.741827 -1.698112 2.970925
3.072269 -2.691019 2.126268
1.269586 -2.190657 -2.928127
2.314552 -2.100150 -2.797500
1.509663 -4.008410 1.429315
3.956491 -2.834794 0.543307
2.100496 -2.423454 -2.751482
3.140918 -2.571039 -2.144572
0.769490 -0.881254 -2.971862
3.515759 -3.240342 0.992192
3.531882 -2.330493 1.898781
0.881496 -3.196065 2.358768
3.498495 -2.500112 1.836607
1.163684 -3.823137 -1.729874
0.585445 -3.419873 2.072711
2.452312 -2.292325 2.683767
0.842743 -0.314602 -2.847802
2.315487 -1.911714 -2.843889
2.081545 -1.997552 -2.892764
1.239522 -3.304219 -2.314951
0.807428 -4.032828 -1.274861
2.489334 -2.847708 -2.391092
4.294901 1.787084 1.549138
2.238552 2.464345 2.676687
1.950125 4.068124 0.536027
3.020779 1.164304 -2.785258
3.040008 1.574788 -2.730548
4.187965 2.492643 -1.187205
3.686605 2.234915 2.065479
3.697326 2.275634 -2.031629
2.083574 2.334733 2.763423
3.207984 2.223694 -2.431001
1.926364 4.092819 -0.383152
2.316422 3.090802 2.221198
2.336295 2.587719 -2.588388
2.383713 3.127515 -2.168791
2.976572 2.315377 -2.511165
2.859229 3.279753 -1.797212
2.314219 3.415453 1.874355
1.309178 0.273667 -2.922604
1.512569 0.350466 2.966111
3.535740 2.188441 2.220890
3.558507 1.498795 -2.435060
3.492133 1.765189 2.420798
3.165807 2.846873 2.047823
4.371815 2.265444 1.039566
1.506797 2.821140 2.490911
4.029469 1.911394 1.865599
3.875152 1.594753 2.143758
3.440912 2.698759 -1.962154
1.857540 3.151408 -2.233001
2.414657 1.518707 2.953480
1.745981 2.291002 -2.802144
2.628542 3.321132 -1.870747
3.654443 1.286281 -2.390700
3.774293 1.442546 2.269756
1.144550 0.913500 2.994282
1.787591 2.771410 -2.537562
3.378989 3.257737 -1.382727
1.115636 1.192450 2.989020
4.362206 1.604266 -1.511822
1.821987 1.952847 -2.926624
4.773958 1.491059 0.285124
2.756105 2.737533 -2.357539
1.993031 3.998640 -0.825808
1.908269 2.995588 -2.366555
2.099511 3.518028 -1.792393
4.639107 2.038656 0.326169
1.674143 2.906093 2.440170
3.329511 1.162704 -2.623502
4.738332 1.695208 -0.279126
1.876071 1.622026 -3.005911
2.419360 2.588287 2.568072
3.100474 1.671567 2.681131
4.529995 1.659266 -1.149225
2.068810 1.305850 3.034328
2.876664 0.842133 -2.839602
1.997219 1.216477 -3.046676
2.921122 2.145891 2.614254
1.432967 0.606603 -3.008511
1.697561 4.108795 0.273003
0.966543 0.480009 -2.898180
4.164461 2.058977 -1.605080
4.543875 1.484043 -1.192608
1.440277 0.903698 -3.039394
2.327924 4.057768 -0.247706
4.273447 2.169288 -1.344464
2.200350 4.078519 0.256513
2.728599 1.812745 2.802982
1.670669 2.611458 2.637032
3.598309 3.053643 1.416848
1.655507 3.335056 2.045609
1.381731 1.837733 2.935959
2.061606 2.969689 2.372846
1.793415 1.247366 -3.054147
4.488874 2.178874 0.809888
2.348353 0.711207 -2.981937
4.133269 1.567780 1.861184
2.621440 1.948656 -2.798331
2.702394 1.461100 -2.882972
2.810233 -3.931446 -0.946345
2.242190 -4.301069 0.670755
2.118540 -4.090710 1.162648
2.998923 -4.036932 -0.322246
3.063662 -4.018311 0.031620
2.245949 -4.363059 -0.442025
1.949041 -4.052356 1.259183
3.239417 -3.863626 -0.102717
2.394270 -4.141617 0.940528
3.404581 -3.578240 0.542693
1.666864 -4.431386 -0.396788
2.698819 -4.201783 0.413494
3.335111 -3.708777 0.415089
2.829323 -4.097817 -0.535800
2.751158 -4.088362 -0.696096
2.901475 -4.082448 0.424059
1.985740 -4.441828 0.244516
2.119402 -4.352626 -0.591139
2.538743 -4.021897 -1.048733
2.307650 -4.386244 0.183670
3.255897 -3.848272 0.091887
1.290239 -4.382537 -0.404080
3.525299 -3.469784 -0.377069
3.028970 -3.965443 -0.518966
3.018171 -3.878011 0.760858
-1.291029 -2.573424 2.340136
-0.391345 -3.095493 2.273397
-1.068185 -1.782096 2.780612
0.652183 -0.564682 -2.944550
0.381216 -0.711289 -3.013338
-0.596985 -1.730905 2.930455
-0.557913 -1.369978 -2.994747
-0.169446 -2.838305 -2.502333
0.490817 -0.250005 -2.902961
-0.286376 -2.551081 -2.670611
0.082665 -3.849953 -1.309567
0.363751 -1.916667 2.922724
0.366152 -0.840705 3.028448
-1.837007 -2.525481 1.976347
-1.998356 -2.661348 1.696032
-1.383519 -2.411638 -2.384044
-1.367602 -1.809722 2.638500
-1.698871 -1.823598 -2.433897
-1.009515 -3.706351 -1.212590
-0.211863 -3.138330 2.259090
-0.271409 -3.537958 1.809409
-0.566761 -2.464465 -2.671683
-0.949091 -2.376347 2.606074
-0.689208 -3.760827 1.314393
-0.931681 -3.395581 -1.776024
0.626875 -0.138311 2.841954
-1.578792 -2.289357 2.326707
-0.923180 -1.091473 2.916595
-0.197347 -3.872496 -1.247503
-2.037928 -2.256076 -1.956949
-0.458878 -3.908569 -1.086698
-1.993848 -2.856866 -1.496698
-0.759714 -3.279056 -1.992687
0.122455 -0.454351 -2.991803
-1.368887 -1.086072 2.735446
0.451325 -2.208645 -2.810831
0.180440 -3.293838 2.110734
0.746125 -0.634798 2.933875
-0.769360 -3.927961 -0.829517
0.661995 -0.334925 2.892304
-0.228783 -1.313635 -3.042700
0.280506 -1.815270 -2.958681
-0.147161 -3.007504 -2.376355
-1.331585 -3.171883 -1.797382
-0.759980 -3.079930 2.191879
-0.453708 -0.534086 2.975121
-1.421148 -3.433339 -1.350637
-1.525898 -3.322497 1.422382
-1.599666 -2.089767 -2.405792
-0.440305 -0.651253 -2.996478
-0.135650 -0.888830 -3.050543
-0.258552 -4.098253 -0.467659
-0.653959 -3.623473 -1.578363
-0.441166 -3.587404 1.705036
-1.156866 -1.405076 -2.813742
0.314427 -1.182294 3.042530
0.120331 -1.387757 3.042758
-0.029181 -3.689121 1.607400
-0.982628 -1.482439 -2.869737
0.334877 -0.349380 -2.951494
-0.355795 -1.788522 -2.956505
-1.258154 -2.742851 -2.242167
0.625896 -1.471599 -2.970860
-0.051230 -1.858261 -2.960328
-1.352283 -1.839062 -2.638195
0.092603 -2.661722 2.621261
0.395335 -2.870831 -2.453962
-0.215998 -2.717899 2.578970
3.565052 3.718100 0.237147
3.011288 3.968359 -0.141884
2.876495 3.991897 0.240956
3.852929 3.512228 0.186366
4.120320 3.243055 0.085348
4.389611 2.775072 -0.275202
2.512861 4.045144 -0.133746
3.865469 3.509532 -0.088511
4.109581 3.170233 -0.484738
4.309779 2.762255 -0.635155
3.439338 3.686357 -0.662376
2.992921 3.770838 -0.906994
2.696635 3.985623 -0.457885
3.383791 3.831988 -0.051099
2.892273 3.722544 1.050442
3.158929 3.911651 0.248166
3.162291 3.792637 0.723629
2.624828 3.983792 0.499269
3.290878 3.537006 -1.108161
0.164018 3.871041 1.615394
-0.109290 3.140884 -2.378482
-0.239382 1.748355 -2.957524
-1.215182 2.632929 2.225827
0.883178 4.302666 -0.000783
0.562318 2.323148 -2.872511
-1.107542 3.195683 -1.857941
0.709065 1.234262 3.043213
1.359163 4.104590 -0.680978
-0.625277 3.564892 1.765521
0.109940 3.231634 -2.341707
0.292131 1.265007 3.058302
1.254064 4.214528 0.152334
-0.644352 3.508525 -1.825383
0.057708 2.216425 -2.894609
-0.903932 2.141618 -2.635165
0.092530 1.922370 2.977214
0.605559 1.609526 3.034985
-0.273451 2.455383 -2.746585
0.415978 3.580576 2.020084
-1.084492 3.232556 1.837961
1.128799 3.908532 1.387167
0.364098 0.690833 -3.002169
1.037354 2.111772 2.873983
-0.982932 1.682036 2.704013
-0.592714 3.714977 1.573082
1.446275 4.143773 -0.255017
-0.342456 2.373450 2.762711
1.048909 1.394693 2.986672
-0.247774 0.999252 2.978832
0.236924 4.101584 1.179280
1.041005 2.547213 2.709802
0.830907 3.972752 -1.390205
0.854064 0.853627 2.994484
-0.072368 3.359865 -2.197933
1.446948 3.603917 -1.691684
0.463616 1.551282 -3.047323
-0.949650 2.904058 -2.220743
-0.441950 2.000987 2.854916
-1.007970 1.735694 -2.682610
-0.870624 2.862402 2.295862
-0.557859 2.748092 2.512276
0.927332 0.400845 2.881109
0.525333 3.973294 -1.450602
0.784145 2.541940 -2.761062
-0.547614 3.110806 2.266269
0.944896 4.061001 1.156327
-0.109698 3.600671 1.932928
-0.116500 1.401782 3.014985
1.361305 3.049492 -2.302619
1.161893 2.239060 2.802908
0.257380 3.419085 -2.186147
1.140609 3.349313 -2.128689
-1.385593 2.647689 2.082596
0.376687 3.790858 -1.752204
0.594024 4.227646 0.804768
0.296036 3.062664 2.486844
-0.662557 1.892990 2.806643
1.172874 2.820820 2.527363
0.955649 3.798939 -1.647068
0.923667 3.431435 -2.112476
-0.647679 3.045082 -2.274607
1.320229 3.438539 -1.963034
-1.175735 3.598807 1.239954
-1.875166 -3.694745 -0.226871
-2.094924 -3.494318 0.401127
-1.846515 -3.209922 -1.273260
-2.374284 -2.979363 0.820102
-1.914416 -3.681839 0.055315
-1.006473 -4.029975 -0.200910
-1.556333 -3.783465 0.615702
-2.337709 -3.119008 -0.688578
-1.197284 -3.823528 -0.848115
-1.278745 -3.849471 0.727892
-1.045105 -3.930314 0.654670
-1.347179 -0.664906 2.801804
-1.070131 0.757707 2.954268
-0.157046 -0.389399 2.981718
-0.164988 0.745135 -2.996383
-0.169024 0.772531 2.991831
-0.691664 0.704327 3.013527
0.239399 -0.067725 2.959232
-1.029360 1.168791 2.856187
-0.853936 0.966341 2.943294
0.151980 -0.213527 -2.961902
-0.377903 -0.227695 -3.025970
-1.191133 -0.744279 -2.819305
-1.029294 -0.384381 2.951396
-0.620925 0.190600 3.056958
-1.079075 -0.447483 -2.928258
-1.163088 0.382977 -2.979508
-0.867422 1.121706 -2.897420
-1.242447 -0.453514 2.889013
0.445023 0.228328 2.914706
-0.958395 1.302138 -2.820894
-0.698436 -0.040890 3.041979
-0.071487 -0.194444 3.004045
-0.122424 -0.367751 -2.981994
-1.392246 3.678465 0.870664
-1.376244 3.897882 0.379260
-1.417506 3.784954 -0.615426
-1.497570 3.831136 -0.054749
-0.586276 3.962173 -1.225187
0.491707 4.327846 0.518487
-0.231934 4.397022 0.391079
0.434694 4.404858 -0.003688
-1.596725 3.687348 0.342574
-0.019460 4.388270 -0.498116
-0.903221 4.221569 -0.291864
-0.021371 4.051162 1.245495
-1.060333 4.150752 0.205161
-0.800321 3.970684 -1.082017
0.037961 4.431609 -0.253665
-1.463395 3.808835 -0.416368
0.092575 4.266739 0.859389
-0.936749 3.806984 -1.206301
-1.288150 3.976479 -0.348057
-1.420309 3.574358 -0.978481
-1.145170 4.007224 -0.606226
-0.702622 4.301285 -0.311627
-0.271941 4.330219 0.639804
-1.083941 3.840500 -1.025334
-1.019899 3.961946 -0.891834
-0.427124 4.231056 -0.832308
0.359890 4.354777 -0.517084
-0.642799 4.233972 0.667577
0.115445 4.422206 0.307396
-0.410995 4.399415 -0.153573
-3.344558 2.763682 -1.465997
-2.435214 1.002633 2.973446
-2.260504 -0.023684 -3.003549
-2.164329 2.960485 -1.764729
-1.903962 3.169285 -1.440908
-3.408904 2.484773 -1.779528
-1.407731 1.446886 -2.849387
-4.201693 1.037508 1.989151
-4.232318 1.732878 -1.595312
-3.352130 1.119442 2.639463
-2.124061 2.842180 -1.924948
-1.895187 -0.138087 -2.998507
-3.987303 1.088338 2.194854
-3.938852 1.889602 1.838482
-2.909565 1.814326 -2.574800
-1.547974 1.929040 -2.660099
-1.790283 3.078470 1.592350
-3.323707 0.561081 -2.731156
-3.766852 0.662876 -2.452251
-2.154248 1.323488 2.931258
-3.083327 1.494666 2.649904
-3.547600 2.235983 1.918970
-1.274148 2.028121 2.546341
-1.582762 1.402400 -2.891708
-2.577455 2.082697 -2.522959
-3.409323 0.429407 2.687511
-2.145458 0.373681 -3.052016
-3.111409 -0.286132 -2.726753
-1.912805 1.996760 -2.651752
-1.789883 0.850695 3.032187
-4.106073 1.965858 -1.569553
-3.922439 2.717445 -0.639987
-4.372016 2.081964 0.939906
-2.349294 1.792099 -2.730177
-3.051185 0.250222 -2.845240
-3.081700 0.984077 2.794860
-1.723735 2.234698 2.490001
-2.645677 -0.242802 2.892543
-2.902854 1.972748 2.488266
-1.996411 2.014715 2.641083
-3.262412 0.841679 2.737603
-3.788482 1.221067 -2.325413
-3.995759 2.561749 -0.888846
-1.234330 1.604874 -2.751076
-3.590785 1.487184 2.371958
-2.259504 -0.114527 2.987300
-1.955428 2.981288 1.748571
-4.004185 2.526779 0.948954
-4.403264 2.129363 0.758834
-2.726239 -0.115940 -2.900429
-2.102337 2.711701 2.077172
-4.190013 1.490887 -1.813619
-3.744459 2.645709 -1.182569
-3.751258 2.775307 -0.890661
-2.437198 -0.022596 2.979978
-2.998546 0.643263 -2.868321
-1.539938 2.744196 2.006654
-1.534327 1.171634 -2.949814
-4.166733 2.543009 0.371743
-1.894241 -0.437297 2.921894
-1.804207 -1.047816 2.653149
-2.960676 1.316293 2.760335
-2.830010 -0.451732 2.780934
-3.875203 2.065435 1.760527
-1.344802 1.851482 2.663290
-4.709133 1.728714 0.385417
-2.322921 2.141147 2.535685
-3.999081 2.089857 1.589906
-1.811264 1.651887 -2.819336
-1.957062 2.345475 2.417952
-1.862431 0.227417 -3.049196
-3.711637 2.037078 -1.947626
-4.219345 2.511049 0.182498
-4.569701 1.155864 1.418897
-1.890678 -0.892115 2.739491
-4.001106 1.650891 1.936187
-4.339855 1.866979 1.298161
-1.895900 1.819134 -2.746115
-2.765069 0.464675 -2.948536
-1.258781 0.431299 -2.981417
-2.958850 1.084525 -2.821643
-1.087253 1.141560 2.859035
-2.854025 1.176003 2.835859
-1.500526 -0.309063 -2.925305
-4.490208 -1.738715 1.640199
-4.412346 -2.550142 0.270055
-3.413519 -2.580698 1.484059
-4.368533 -2.513809 0.609158
-2.745917 -1.282521 2.579560
-4.324842 -0.404372 -2.257755
-5.070477 -1.805631 -0.425513
-4.744347 -1.658671 -1.403144
-2.295224 -2.231516 1.946864
-4.059721 -2.185474 -1.598780
-5.202968 0.515825 0.909438
-3.494847 -2.268477 1.837099
-3.418609 -2.591234 -1.466046
-3.795973 -0.604157 2.529595
-4.661397 -1.639973 1.528281
-5.384142 0.096514 0.695932
-4.050369 -1.036624 -2.329944
-4.705369 1.117699 -1.249375
-5.363864 -0.597059 -0.870253
-2.816125 -3.088096 0.321113
-5.264983 -0.335229 -1.143806
-3.143344 -2.192410 -2.009206
-4.469100 -1.637165 -1.740527
-4.817755 -0.312181 1.824546
-4.636994 1.097341 1.371055
-4.307821 -2.170882 1.382817
-3.949130 -2.669912 -0.913521
-3.718611 -1.597754 2.258322
-5.330462 0.532187 -0.404541
-5.404089 0.212384 -0.508134
-5.284979 -1.319511 0.557310
-3.821120 -1.103741 -2.421737
-2.654410 -0.938964 2.673513
-2.688615 -3.104855 -0.069102
-3.115588 -2.901153 -0.986169
-3.735492 -1.320893 -2.381288
-4.972832 1.042634 -0.822961
-3.773439 -0.510223 -2.545403
-2.450182 -2.170820 2.034352
-4.456209 -0.814999 2.116235
-4.344049 -1.064902 2.134873
-3.846070 -2.475515 -1.385943
-5.076132 -0.197713 1.477316
-4.203243 -1.516206 2.036809
-3.522634 -2.895684 -0.749083
-3.646832 -1.955683 2.055122
-2.750929 -2.413831 1.820087
-5.031193 -1.614620 0.933260
-2.370942 -1.446000 -2.482627
-4.443202 0.110425 -2.118207
-2.488724 -3.034064 0.557115
-4.750622 -0.675856 1.873177
-4.384992 0.934808 -1.789773
-4.374949 -0.051819 2.199812
-4.976368 -0.399869 1.630946
-2.807632 -2.668558 1.485695
-2.802041 -1.733883 2.372431
-4.016728 -2.327821 -1.458609
-4.945378 -0.803577 -1.615265
-5.085577 -1.840991 -0.094713
-4.803587 -2.097651 -0.639948
-5.501674 -0.140360 0.154325
-4.019969 -2.796017 -0.261124
-4.778893 -2.210367 0.327079
-2.274129 -1.169325 -2.567696
-4.226401 -2.517787 -0.886244
-5.063263 0.065794 -1.442397
-4.010863 -1.443676 -2.195470
-4.880439 1.069547 -0.998569
-4.498130 -2.361169 0.757144
-3.870640 0.335260 2.407617
-5.493819 -0.049026 -0.126472
-3.558828 -2.633463 -1.327104
-2.221599 -2.029867 2.103113
-4.563526 0.769409 -1.732898
-2.916604 -1.532204 2.473694
-2.411390 -2.855279 1.086073
-3.065222 -1.274563 2.566760
-5.070103 0.527570 -1.196812
-4.444203 -0.097391 -2.154176
-5.456532 -0.734870 -0.434289
-5.386182 -0.275791 0.826670
-5.447668 0.140266 -0.326430
-5.509905 -0.486595 0.137638
-3.418142 -0.630013 2.647879
-4.837121 -1.038368 -1.675738
-4.291286 -0.686093 2.258759
-3.269828 -1.787858 -2.288841
-4.824864 -1.111085 1.660142
-3.004709 3.505734 -0.388966
-2.263006 3.633488 0.482504
-1.886038 3.661226 -0.007809
-2.617361 3.592891 0.501219
-3.517568 3.068011 0.793950
-3.060455 3.170688 -1.128836
-2.427861 3.183952 -1.372747
-1.670287 3.503195 -0.674827
-2.061229 3.677796 0.134124
-2.011659 3.361392 1.122109
-3.641049 3.160036 0.067996
-2.568953 3.657744 0.121055
-3.022823 3.286685 -0.970104
-2.829150 3.543681 -0.491852
-3.446735 2.938786 1.090570
-3.595601 3.136410 0.455631
-1.709417 3.444345 -0.852307
-3.973140 2.796854 0.092970
-3.497250 3.268875 0.153332
-2.785693 3.252727 -1.174909
5.395235 -1.568468 -0.111780
5.528598 -1.037263 -0.620900
5.675995 -0.608300 -0.248200
5.453938 -0.967188 0.892395
5.681354 -0.499709 0.260235
5.636896 -0.305126 -0.524824
5.525759 -0.603159 0.869371
5.557875 -1.202089 -0.139642
5.617057 0.172380 0.203313
5.578710 -0.211153 0.718403
4.767413 -2.504610 -0.038053
5.214577 1.264334 -0.680192
4.191370 -1.092727 2.646886
3.285678 -0.760052 3.191384
4.228144 -0.194978 -2.756777
3.263272 0.250991 3.205642
2.791753 0.093022 -3.338862
4.417299 -2.387600 -1.472330
4.724706 -2.450176 0.678263
4.869050 -1.352408 -1.840004
2.698118 -0.079754 -3.365328
5.460487 0.380011 0.896447
4.546472 0.191514 2.460379
1.393888 -0.282440 -3.293048
2.628256 0.506344 -3.295809
5.222336 0.741363 -1.307057
3.248636 -1.317163 -3.059873
5.316211 1.209940 -0.085162
4.774591 1.196505 -1.756817
5.045475 -0.941748 1.782569
5.013693 0.076974 1.939707
5.343741 -0.862967 1.232755
3.750875 0.975622 2.795242
4.554672 0.873685 2.229765
3.948864 0.852554 -2.730840
4.864633 -0.360146 -2.155684
3.516715 0.885637 -2.945529
3.730282 -2.297529 -2.251594
5.064263 1.531641 -0.680552
4.762794 1.047812 1.883858
1.669165 -0.546300 -3.337265
5.239441 0.902677 -1.125098
4.916948 -0.650111 -2.052141
5.005878 -2.183015 -0.310657
3.226428 -1.101618 -3.135024
4.733827 -0.253500 2.309280
5.119810 0.895710 -1.409015
3.023585 -0.803972 3.258356
4.506647 -2.662030 0.715680
4.761166 -1.265004 2.032171
5.046641 0.859803 -1.575227
4.387228 -1.686472 -2.197380
4.943873 0.789304 -1.788010
5.504759 0.235281 -0.820171
4.970525 -1.641885 1.452309
4.786674 -1.600095 1.787748
3.408984 -1.092292 -3.074161
3.716372 -1.078165 -2.942868
3.369932 -1.943596 2.711374
4.380502 -2.853647 0.317303
4.876267 -2.343043 -0.383611
5.011683 1.516047 -0.901289
2.786597 -1.115292 -3.237288
5.371367 0.090142 1.281002
4.559896 -2.693790 -0.335364
4.725521 -0.515087 -2.301018
4.401633 -1.452474 2.322094
3.865856 -1.827674 -2.523226
2.193462 0.238914 -3.366876
3.245072 -0.480780 3.238064
1.523579 -0.113226 3.321856
5.054327 -2.081380 0.460628
3.785514 0.462180 -2.946906
4.795364 -2.009936 1.364777
2.045240 -0.751184 -3.354624
5.019558 -2.167425 0.284918
3.833144 0.355266 2.944775
3.984498 -0.822368 2.857152
2.697596 -0.325574 3.367569
2.875311 0.654368 -3.219956
2.289294 -0.808520 -3.350445
3.487429 -2.248415 2.480737
1.607553 -4.645082 -0.596096
1.046475 -3.916516 -2.156402
1.524192 -1.619126 -3.381716
1.229333 -2.332643 3.238850
2.915295 -2.146995 -2.905166
0.775604 -1.346407 -3.348892
1.704723 -3.996610 -2.051130
3.683812 -3.179060 1.631501
1.875834 -3.974654 2.044028
1.883080 -1.153876 3.356283
1.540531 -3.201564 -2.817414
4.100030 -2.970682 -1.136790
0.625776 -4.126633 1.751320
2.258814 -1.677680 3.258434
1.078019 -2.046684 -3.306383
1.565381 -3.969085 2.104915
2.248742 -3.211105 2.673298
2.145912 -2.879742 -2.910436
1.621438 -3.071553 2.894494
1.385796 -2.110160 3.303637
1.735078 -2.134214 3.276563
1.192376 -0.426597 -3.279730
3.581795 -3.577693 1.213919
3.760035 -3.264788 1.404851
0.890470 -0.298823 3.212797
1.370494 -1.020929 -3.387949
3.197472 -3.163583 -2.177564
0.959571 -3.491725 2.573806
0.831251 -1.361028 3.357949
1.128902 -2.145800 3.286630
3.217949 -2.240848 2.690982
0.248110 -4.517425 -0.109841
2.874984 -3.319692 -2.284253
0.657379 -3.005292 -2.859934
1.238673 -1.943213 -3.337644
1.277353 -4.581123 0.911966
0.922630 -4.478283 1.144112
1.452557 -2.334774 -3.239595
0.649008 -3.370281 2.606585
1.844844 -4.205276 -1.710334
0.803900 -4.474010 -1.103518
2.022788 -4.474598 -1.042979
1.139721 -1.345147 3.392538
0.954561 -1.163739 -3.372519
1.658335 -4.580739 0.867878
1.930388 -3.100016 -2.832101
2.978904 -1.828761 -2.944787
1.205071 -4.474508 1.225194
1.214772 -4.655748 0.568293
3.205283 -3.743051 1.491765
1.569811 -1.905439 3.340398
0.724486 -1.916388 3.283676
1.565420 -0.903771 -3.369869
0.595225 -2.810581 2.951499
0.627147 -2.526958 3.087366
2.620054 -2.824466 2.769996
1.306954 -2.963104 2.968781
3.156403 -2.475756 2.640471
2.378007 -2.238231 -3.107937
0.705312 -3.365015 -2.625463
0.648234 -3.681424 2.326433
2.282220 -4.218019 -1.495715
2.887324 -4.112666 1.165824
1.522741 -3.497986 -2.594745
2.767677 -3.932787 1.639211
2.768380 -3.177591 2.465967
1.029373 -3.652036 -2.439157
3.349931 -3.108051 -2.088511
2.916339 -1.711651 2.996460
3.612852 -3.285463 -1.605173
2.086318 -2.163027 3.209611
1.809838 4.412738 -0.571922
4.057631 2.850953 1.751701
4.473704 1.410540 -2.015318
3.245750 3.000271 2.363726
3.723648 1.424401 2.750161
1.810874 0.432290 -3.340831
4.113494 3.194409 -1.208834
3.058563 4.097359 -0.807370
2.857833 1.954116 -3.090807
4.440593 1.949213 -1.890547
1.646178 2.431906 -3.109630
2.469565 1.364696 3.310795
4.353140 2.387871 -1.750608
1.976741 3.301567 -2.548435
3.359167 2.786941 -2.453252
2.503090 3.086598 -2.627494
2.596653 1.339432 -3.283131
2.870027 4.049564 -1.180985
3.814999 1.858624 -2.586933
4.948717 2.227544 -0.133824
3.664491 3.513831 -1.382257
3.212039 2.655954 2.627333
2.123160 4.357274 -0.751604
4.918062 2.257745 0.375866
3.074195 3.532323 1.929326
2.067852 1.394952 3.369373
3.026502 4.120734 0.769263
2.050494 4.122869 -1.450119
1.878323 3.085036 -2.729674
2.764855 3.238606 2.409611
4.159306 2.928904 1.518352
3.335723 3.826854 -1.192952
3.561791 2.100096 -2.688258
4.588714 2.229003 -1.477315
5.034666 1.957419 -0.137581
3.116718 3.956849 1.153486
2.730483 4.122571 1.115382
1.708491 3.490618 -2.378530
1.688765 2.156283 -3.218213
1.262069 0.715435 3.345824
2.158509 2.072791 -3.221307
4.633183 2.032040 -1.532898
2.957883 2.318681 2.922202
4.263303 3.120247 1.021687
1.129917 0.181873 -3.223662
1.673433 2.844493 2.893814
2.433450 3.993883 -1.582723
3.002991 3.279491 2.256135
2.688340 3.860072 1.691862
3.636688 1.590972 2.783726
4.080473 3.304050 1.065861
1.514207 0.816833 -3.382427
1.901159 2.686306 2.983240
2.036532 4.251002 1.144511
2.927592 1.009163 3.191956
2.073911 2.707000 -2.958485
1.380620 1.834360 -3.289475
2.119595 3.620092 2.209773
5.092522 1.688481 0.214283
1.523626 1.257795 3.386254
3.028081 2.921587 -2.546866
2.628015 2.650613 -2.877073
2.828658 3.656922 -1.917626
4.465692 2.077729 1.787232
2.667907 1.530654 3.242142
2.402993 4.399770 0.011991
1.471336 0.910440 3.384547
2.617659 1.643276 -3.237607
1.797742 1.864264 -3.303651
1.638881 3.910170 1.852425
2.129997 1.877810 -3.279508
3.542295 1.827102 -2.790911
4.518849 2.432418 1.434169
3.047497 3.759340 -1.618194
4.537562 1.904931 1.766662
4.042596 1.729139 -2.427672
1.719273 4.308354 1.008490
1.256383 1.116953 -3.362384
2.522797 3.998422 1.532851
4.193689 2.883533 -1.518697
1.785693 3.839855 1.959710
1.974761 3.975018 -1.739201
3.210998 0.964909 -3.072223
2.698643 2.760636 2.790673
2.944674 1.404811 -3.167534
2.270956 4.406884 -0.324916
2.548505 2.472588 2.990602
2.009565 4.450945 -0.094009
2.127375 1.278564 -3.372871
1.901509 0.938661 -3.394732
3.828311 2.258624 -2.416536
1.941560 2.283741 3.167419
3.519464 1.771257 2.820024
4.091165 2.527526 -1.991465
3.022460 -4.213935 0.704064
3.262019 -4.057971 -0.628451
2.878486 -4.394420 -0.351316
3.452092 -3.985241 0.174227
2.756194 -4.485053 -0.009518
3.327850 -4.053342 0.454711
2.404894 -4.530205 -0.624632
2.798534 -4.382573 0.589817
2.169658 -4.637400 0.398397
3.062159 -4.296257 -0.268705
-1.428002 -3.848228 1.371398
-1.546800 -2.636556 2.598773
-2.214688 -3.200977 1.472563
-0.798173 -3.321008 -2.433367
-1.173908 -2.993682 2.556304
-2.372360 -3.319142 -0.964605
-0.964657 -4.268433 0.702396
-0.606024 -4.138223 1.367648
-0.528101 -2.958025 2.787832
-1.140038 -2.429243 2.906675
-1.652221 -3.454846 -1.791034
-1.565351 -2.303772 -2.759961
-0.674525 -4.411285 0.201628
-0.831370 -2.225238 3.092816
-1.598346 -3.170729 -2.156114
-0.454758 -0.895643 3.363747
-1.990262 -2.378527 -2.432413
-1.462940 -2.087260 2.899777
-1.165664 -1.587452 3.153290
-0.372925 -3.916837 1.844587
-1.446965 -1.875519 -2.972317
0.051512 -3.259599 2.613597
0.051990 -0.864177 -3.392429
-1.792724 -2.225880 2.652620
-0.016252 -4.175526 1.418226
-0.225564 -4.373069 -0.836552
-0.356266 -4.258089 1.168712
-1.651951 -1.751326 -2.894682
0.115969 -0.608165 3.364417
0.075345 -0.547255 -3.356338
-0.630416 -2.381544 3.078892
-2.119721 -2.846967 1.988224
-0.872608 -3.491565 2.237157
-1.893909 -3.222172 -1.843348
-1.161696 -1.124334 -3.194204
0.077177 -2.093365 -3.246327
-0.545148 -4.281665 -1.022008
0.441296 -0.471212 3.315145
-0.322122 -4.450369 0.363588
-0.698050 -3.501325 2.287549
-1.415162 -3.561155 -1.849624
0.603295 -0.211438 -3.230351
-1.138057 -1.841450 -3.112470
-1.116309 -4.171075 0.887290
0.064035 -3.068637 2.761047
-0.229880 -1.596114 -3.353391
-0.826972 -3.455467 -2.292395
0.365114 -2.377511 3.123984
-1.401502 -2.962705 -2.462647
-0.380084 -3.402702 2.458480
-0.261181 -3.641761 2.226194
-2.194430 -2.266357 2.310561
-1.086269 -3.807268 -1.722311
-1.873773 -2.900598 2.178230
-1.926682 -3.387895 1.592761
-1.554091 -2.267905 2.781846
-1.469942 -1.026969 3.064023
-0.927717 -3.314689 2.392747
-0.122660 -3.358191 2.525703
-0.252284 -2.616193 -3.025229
-0.716360 -1.610471 -3.281390
-0.459449 -1.235026 -3.365140
-0.623604 -4.385451 -0.527434
3.635270 3.772165 -0.887097
3.123264 4.189362 -0.080282
3.228586 4.127585 0.362326
3.325195 4.112654 0.189291
4.229268 3.277738 0.792652
4.464221 3.129698 0.346860
3.770943 3.884552 -0.090455
4.335253 3.141172 -0.773087
-1.503624 3.821308 -1.231875
0.319615 0.460225 -3.298326
0.237969 4.359080 -1.438468
-0.162788 3.280006 2.694533
0.340271 4.151143 -1.823924
-0.286129 2.261590 3.184371
-0.518615 3.200181 -2.655414
0.156479 2.862391 3.001232
0.913961 4.036818 1.923673
-0.326067 1.139722 -3.320122
-0.298936 4.113724 -1.750576
-1.110514 3.998165 1.387244
0.163181 4.519414 1.013961
0.579083 1.942162 -3.330126
1.068596 2.977259 2.868791
0.272488 1.908653 -3.339639
-1.737302 3.811427 0.791694
-0.431577 2.430657 -3.092231
-0.577359 4.313738 -1.195512
-0.382510 3.038050 -2.806486
0.637444 0.514095 3.303028
0.386659 2.132565 3.291948
-1.610652 3.871279 0.918644
1.525019 4.318482 -1.029029
-0.246966 4.225437 1.577527
0.463226 3.854697 -2.222052
0.350863 3.360482 -2.690576
-1.034992 3.907279 1.622095
0.637869 1.188825 3.389855
-0.915804 2.600420 -2.847895
0.593080 4.559144 0.884167
-0.393921 4.391300 -1.129238
0.926318 1.644100 3.338294
0.491411 3.737186 2.350215
0.611157 3.830840 2.239845
0.566807 4.336210 1.484237
-1.146475 2.393982 2.820515
1.507015 4.359654 0.920675
-0.780805 2.444722 -2.971831
0.669580 1.896533 3.332557
-0.258046 3.877173 2.098339
-0.891794 4.088099 -1.427422
-0.138203 4.066697 -1.877523
-0.926473 2.949526 2.653344
0.632023 4.535263 -0.959459
-1.030918 3.302033 -2.335394
-1.439850 3.602941 1.678247
0.014906 2.020545 3.297312
0.509231 2.673786 3.100003
-1.337958 4.038493 -0.984017
0.813970 4.293262 -1.521919
-0.588911 2.570122 -2.989652
1.259010 3.667520 2.262698
1.144067 2.760442 2.968204
0.596938 4.181659 -1.763989
1.108387 2.969503 -2.863706
1.216040 3.962469 1.923110
-0.250557 1.933520 3.274477
-0.745817 1.589048 -3.189026
0.526483 3.354094 2.692495
-0.646420 3.877442 -1.935306
1.305278 2.941046 2.824075
1.047430 2.186775 -3.211390
1.558693 4.447145 0.428530
-0.795966 2.996128 -2.685131
0.014257 1.581331 3.365622
0.800464 0.322298 3.236069
0.550376 0.945920 3.379644
0.383060 0.912806 -3.379855
0.259605 4.056243 -1.961442
-0.103942 4.107761 1.824807
0.230666 3.232087 2.780630
0.484880 3.925026 2.137101
-1.170589 3.556897 -1.985552
0.784390 4.210920 -1.682074
-1.738580 3.673525 -1.140120
0.570893 2.586464 -3.134841
-1.709282 -4.064248 0.224305
-1.719498 -3.943300 0.733254
-2.217865 -3.715644 0.376061
-2.458319 -3.358573 -0.718717
-2.186876 -3.774887 0.129497
-1.525890 -4.149134 0.126487
-0.811157 1.094338 -3.268035
-0.844593 0.898898 -3.311050
0.030206 0.517790 3.346756
-1.310412 -0.450873 3.230937
-1.165900 0.305820 -3.330186
-0.803084 1.038038 3.283468
-0.903147 -0.541252 -3.288728
0.494982 0.031460 3.250096
-0.645280 0.425655 3.389707
-0.889676 0.348343 -3.373356
0.249439 0.313641 -3.317889
-1.038289 1.232403 -3.196707
-0.363568 0.944909 3.318278
-0.039666 -0.195248 3.345534
0.668555 0.060682 -3.194069
-0.168372 -0.391497 -3.330442
-0.717796 4.564013 0.204965
0.070151 4.647923 0.425763
-1.359252 4.209270 -0.429831
-0.289324 4.499103 -0.880251
-1.342752 4.122164 0.746367
-0.350374 4.496201 0.864416
-0.846678 4.436448 -0.634149
-0.504226 4.625939 0.148473
-0.537034 4.502916 0.739963
-0.193419 4.674313 -0.131873
-0.658038 4.532001 -0.519984
-2.087079 2.777816 2.492947
-1.583218 1.188949 -3.303202
-1.843503 3.288702 1.898652
-1.920979 -0.308042 3.309656
-2.563924 0.667399 -3.337683
-2.051864 0.241738 -3.390692
-4.438265 1.111214 2.222870
-3.218135 0.990442 -3.110102
-1.863718 -1.268493 2.920681
-1.403785 0.180395 -3.343844
-2.919996 2.964530 -2.095371
-2.290649 0.075806 -3.359499
-4.461086 0.880030 2.251642
-2.590541 -0.719700 -3.119269
-4.858458 2.216914 -0.174386
-2.472062 0.011514 3.327717
-2.989156 2.401557 2.596694
-3.640968 2.222725 2.370198
-4.748976 2.386375 -0.187717
-3.686674 2.876539 -1.655786
-2.299717 1.627517 -3.177388
-1.464121 2.457844 -2.715881
-2.901376 0.599250 -3.260666
-4.031723 0.947572 2.642869
-3.576282 0.380326 -2.982691
-4.798919 2.037141 -0.984546
-3.845552 1.059349 -2.758116
-1.997109 3.663555 1.165917
-3.476212 1.484833 -2.861986
-3.402076 3.192738 1.424502
-3.169818 2.093552 2.725517
-2.440435 2.772057 -2.453013
-2.803645 1.961971 2.932578
-1.941640 -0.981845 -3.074379
-2.661253 -0.742669 3.094932
-3.688266 3.125910 1.213965
-5.103206 1.463410 -0.780962
-1.588594 0.554436 3.380036
-4.547763 2.527478 0.749511
-2.929077 3.356319 1.504908
-3.439036 1.803594 2.748597
-2.539661 1.293326 3.245108
-3.542383 0.721031 -2.991801
-2.296277 3.171835 2.034324
-3.336339 2.291363 -2.512364
-2.140125 -0.858604 -3.123638
-5.010950 1.775795 0.682374
-2.264187 1.331697 3.273664
-2.129798 -0.950065 3.083762
-2.161335 -1.053869 -3.031737
-4.196158 1.980501 2.053950
-2.414779 2.765355 2.464297
-2.752705 1.747629 3.046033
-3.465323 0.476803 3.042002
-4.446631 2.488071 -1.112758
-3.839310 2.207421 2.227065
-3.871197 0.800358 -2.783396
-2.037726 3.544763 -1.448522
-3.883360 1.363314 -2.647939
-1.989550 2.519956 2.712248
-2.010014 3.171877 2.063114
-3.917396 2.767457 1.548740
-3.113080 2.289541 -2.624739
-2.243214 -0.480444 3.250929
-3.193999 2.545756 -2.386622
-2.507491 3.177884 1.978252
-4.286090 2.050448 -1.894686
-5.053829 1.793718 -0.392281
-3.063140 2.055584 -2.792823
-3.828244 3.086515 -1.083631
-3.257917 1.550807 -2.944968
-3.759339 0.410496 2.875905
-4.230057 1.153690 -2.424676
-3.067281 -0.075078 3.163400
-4.375653 0.752513 2.362307
-2.569508 0.059283 -3.317130
-1.729369 2.115135 -2.967600
-2.636983 -0.336660 3.229962
-4.766680 2.298631 -0.514088
-4.045655 2.743013 1.410086
-2.922068 3.130704 -1.878807
-3.619253 1.378054 2.817489
-4.078644 0.772534 -2.631237
-2.703302 0.790763 -3.299205
-3.164602 2.663551 2.294679
-1.846624 -0.642441 -3.211264
-2.162490 0.225836 3.384342
-2.177446 1.300146 -3.289042
-3.892008 3.240944 -0.313520
-1.288528 1.609902 -3.134911
-2.526706 2.953960 2.248130
-1.723576 -0.925030 3.092539
-3.280859 2.493505 2.384517
-3.705212 1.134581 2.833047
-3.119433 1.154297 -3.117148
-2.032799 3.751745 -0.885130
-2.237600 2.893505 -2.366967
-2.975676 -0.522564 3.084775
-2.450318 0.627303 3.358820
-4.495277 2.197465 -1.442586
-1.780590 1.914663 -3.073380
-3.957515 1.656336 -2.471748
-3.408029 -1.502649 2.750794
-4.750983 0.302609 2.214040
-5.132654 -1.767898 1.324790
-4.918596 -1.822661 -1.600180
-3.519349 -3.228314 0.729281
-4.053066 -2.195891 -2.071493
-5.287258 -0.457548 -1.716634
-3.618316 -3.285130 -0.218610
-4.118580 -2.689409 -1.440628
-5.300772 -1.977414 0.553676
-5.313874 -2.045986 -0.123890
-3.932099 -1.009129 2.739877
-4.534516 -2.575104 -1.142632
-5.714934 0.377555 0.256731
-3.673404 -2.456617 -2.023442
-2.664412 -3.349176 -0.600194
-4.190864 0.136559 2.644361
-5.777874 -0.407362 0.501874
-4.595252 -1.011070 2.352952
-5.170944 1.224902 -0.988109
-5.519233 -1.266574 -0.967226
-4.278553 -2.566797 -1.474761
-3.806069 -3.088245 -0.897947
-3.018978 -0.720299 -3.010409
-2.900576 -1.773909 -2.694356
-4.033328 -2.533018 -1.731194
-3.147501 -3.353762 0.459356
-4.154728 -1.574549 -2.429661
-2.192517 -1.842770 -2.594478
-2.753253 -1.463858 -2.836741
-5.717901 -1.131391 0.177128
-3.247534 -1.507385 -2.780651
-3.360714 -0.930755 -2.931057
-3.075602 -2.526408 -2.123532
-5.010790 -1.343884 -1.821616
-4.202588 -0.106733 2.673447
-5.297806 -1.003386 -1.581668
-4.119461 -1.295590 2.567589
-4.447085 -2.529433 -1.343137
-2.346096 -1.448983 2.809268
-3.983063 -1.733482 2.436820
-4.726281 -0.465674 -2.333220
-5.166351 0.708655 -1.542662
-4.659607 -1.095032 -2.276858
-5.799272 -0.030385 -0.090716
-4.754562 0.229120 -2.231925
-4.514160 0.675155 2.266859
-5.557037 -0.751970 -1.176278
-5.629372 0.104463 0.946185
-4.626643 -0.668929 -2.396283
-2.312404 -2.606988 -2.006142
-4.674202 -2.625315 -0.756333
-2.917314 -2.819314 1.797127
-4.918465 -1.329696 1.936262
-3.057137 -2.132305 -2.462390
-2.689958 -1.816997 -2.672702
-4.604928 -2.317662 1.456707
-5.761316 0.217993 0.070596
-3.837444 -2.881377 -1.349908
-4.655250 -2.762704 -0.072433
-5.488858 0.909396 -0.512425
-4.466212 -2.173616 -1.774571
-2.719053 -2.849892 -1.759044
-5.401388 1.144831 0.265338
-3.372165 -3.334955 -0.327338
-2.538473 -2.830498 1.770720
-5.328290 -1.297737 1.374206
-4.511929 -2.618539 1.091344
-5.470935 -1.129992 1.193201
-4.818884 -0.118404 2.240497
-5.215924 -2.167116 0.285979
-5.462041 0.408270 -1.199816
-3.164805 -2.729377 1.879522
-5.798178 -0.731940 -0.030445
-4.347777 -0.663900 2.587937
-2.808088 -3.383762 0.406891
-3.493223 -1.941883 -2.503146
-4.954480 -0.683197 2.101208
-4.238812 -2.805992 -1.088541
-5.713656 -0.027701 -0.718395
-5.129014 -0.089136 -1.908725
-3.693177 -0.205067 2.894777
-4.444630 -2.045366 -1.915016
-5.253479 0.849960 1.277180
-5.484064 -0.933594 -1.269783
-4.482194 0.346648 2.414145
-2.785852 -3.407523 -0.150335
-3.525762 -2.738866 -1.754860
-3.523808 -3.270491 0.531462
-5.615625 -1.239128 -0.668215
-4.278672 -2.368097 -1.734241
-5.194598 0.607233 1.566190
-4.926455 -2.301782 -0.952120
-2.481416 -2.164205 2.436775
-4.111173 -0.943016 -2.672478
-3.778180 -2.613441 1.793717
-4.888026 -2.457794 0.665830
-2.628279 -2.722737 -1.920713
-3.333056 -3.087588 -1.247802
-4.501809 0.097955 2.460925
-5.676577 -1.198501 0.407388
-2.860019 -2.584938 2.082005
-3.895107 -1.595013 2.549529
-5.563397 0.656447 -0.661103
-5.729315 -0.898120 0.514194
-4.523240 -2.842917 0.304775
-3.426009 -3.339457 0.117300
-2.168725 3.915199 0.244171
-2.211145 3.797628 0.781162
-2.530483 3.869756 -0.431284
-2.205768 3.853570 -0.594128
-3.416487 3.601055 0.223271
-2.463077 3.852612 0.549837
-3.145434 3.642609 0.668622
-2.679916 3.868551 -0.280550
-3.222817 3.668702 -0.433542
-2.714811 3.775478 0.687648
-1.851863 3.874504 0.338673
-3.354874 3.433878 -0.926094
-2.912507 3.629805 0.935140
-2.317129 3.754391 -0.892620
2.557171 0.373832 -3.676757
3.726135 -0.189791 3.431130
4.415721 -0.654717 3.011450
5.964283 -0.100454 -0.297570
5.138792 0.951822 2.042897
4.647761 1.301982 2.414265
2.843935 -0.851964 3.638288
4.020798 0.687854 3.156595
5.101044 -0.485337 2.393598
1.648450 0.045930 3.682664
5.797098 0.381461 -0.973140
3.004021 -1.232623 -3.521513
2.259618 -0.909182 -3.678192
4.293622 -1.216033 2.965873
5.550151 0.841677 -1.366310
1.809155 0.268424 3.681369
3.340457 0.733656 3.440932
5.036268 1.282994 1.965604
4.005451 -0.169900 3.295678
5.106581 -0.367205 -2.396538
4.904548 -1.132391 2.463663
2.959455 -1.348657 3.495957
3.772432 -1.040593 -3.313815
3.119213 -1.680083 3.334076
5.793316 -1.191204 -0.656782
5.390366 1.659530 0.688378
2.574141 -1.161571 -3.607150
5.348317 -1.154056 -1.861988
5.060149 -2.573158 0.739271
5.429325 -0.999597 -1.793727
2.151134 -0.116822 -3.737194
4.549601 -1.203314 2.775533
5.491729 0.769968 -1.548947
5.223926 0.643321 2.075532
5.021582 -0.547654 -2.478411
5.794351 -0.569922 -1.108788
2.378591 0.446848 3.675135
3.084813 -0.988431 3.563664
3.747126 0.923367 -3.221152
3.320347 0.899797 -3.396370
4.787490 0.045284 -2.722687
2.369656 -0.051840 3.733336
5.886741 -1.054188 -0.048870
2.870349 0.440608 3.624282
3.352132 0.026583 3.560942
5.624513 -1.049791 -1.361687
5.040491 -1.419155 2.174368
5.799929 -0.264265 1.141330
5.487463 -2.069159 -0.240678
4.257927 -2.749263 1.890692
5.874586 -0.624811 0.782493
4.410478 -2.681999 -1.808141
3.513105 -1.393842 3.318724
4.215971 -2.481526 2.240191
5.697333 -1.329539 0.905620
5.709000 -1.530525 -0.507816
5.906979 -0.415345 -0.704417
5.875701 -0.921940 -0.531695
5.057714 -2.255739 -1.394816
4.274485 -1.881443 2.668869
5.965444 -0.330166 0.296210
5.426213 -1.709263 1.282476
5.377816 -1.390708 1.670455
4.619040 -2.947407 -0.974241
4.529136 -2.972468 1.110135
5.838599 0.104449 -0.955645
5.419781 -1.603697 -1.409392
2.014950 0.072583 3.720838
5.811072 -0.318941 -1.103022
2.098336 -0.565454 -3.722502
5.385009 -1.042885 1.852028
5.610508 1.385285 0.012183
5.339431 -2.323220 -0.007798
4.489913 -0.966717 2.894716
4.240975 -0.148792 3.157627
3.572624 -1.339339 -3.313954
3.520257 -0.300521 3.512833
5.216580 0.249791 -2.210430
5.544077 -0.737701 1.674887
3.272125 -1.520868 -3.355439
5.170382 -0.858660 -2.235911
5.231149 -1.873976 -1.528617
5.383075 0.337725 -1.942697
5.091369 -2.649302 0.084220
3.932260 -0.714762 -3.299395
3.634473 0.580723 -3.373078
2.867893 -0.506511 -3.676450
3.780142 -2.063075 2.873921
3.756980 -1.571326 3.144673
3.578911 -0.590213 -3.473153
3.148887 0.282192 -3.590817
5.272592 0.085742 2.163455
3.239319 -1.851941 -3.219151
5.564910 0.109356 1.675006
5.330983 -2.245399 0.609714
3.282836 -1.280556 -3.434856
1.862772 -0.287654 3.720671
3.518042 -2.081676 -2.988380
3.606512 -1.107540 -3.369002
5.202877 -2.217505 1.122143
4.874943 -0.503454 -2.638779
4.628639 -3.044598 0.605104
3.255431 -0.965375 -3.523652
5.500219 -0.585723 1.795487
5.740188 0.548287 1.056490
4.417551 -1.658624 2.684224
1.701625 -0.519943 3.690081
3.962057 -2.273117 2.617683
4.756654 0.625129 2.628889
5.361178 -2.260405 -0.351348
5.043904 -1.733444 1.965701
2.653071 0.339031 3.672765
2.503273 -0.387399 -3.727392
5.531606 -1.597155 -1.131497
5.398391 -1.442976 -1.592794
5.318746 -2.014563 -1.150374
5.452942 1.379899 -1.027307
2.605144 -0.488943 3.713130
5.780215 0.968942 -0.022505
4.188298 0.804518 -3.018383
4.252816 0.423190 -3.082249
5.345606 -0.843053 -1.990080
4.922043 0.021384 2.592618
5.816610 -1.319016 -0.061428
1.859234 -0.611745 3.701332
4.143789 -1.076768 3.105542
3.930905 -1.257093 3.173838
4.371144 0.681290 2.933348
5.315553 0.002182 -2.112859
5.970636 -0.367694 -0.200672
5.383077 1.385500 1.217187
4.773977 -2.093830 2.023323
3.938199 0.534057 -3.242085
1.472214 -4.267725 2.282157
2.655745 -4.810806 -0.186013
2.697847 -4.195035 1.964692
0.334522 -3.967104 2.419820
0.827976 -1.163409 -3.698962
3.051712 -4.313826 -1.445258
3.368813 -2.835574 -2.760687
1.200825 -0.684683 3.684391
1.326964 -4.853985 -1.184838
2.091314 -2.828970 3.337372
3.122085 -4.463325 -0.961502
3.308714 -2.130518 3.085076
3.640430 -3.617584 1.858663
3.912385 -3.274335 -1.899923
0.990122 -1.568669 3.712284
0.630638 -4.786991 -1.158264
3.216140 -4.529879 0.399854
1.790257 -1.803015 3.682063
2.110308 -3.452122 -2.970615
1.028152 -2.330169 -3.581779
3.191485 -2.464411 -3.049413
2.104069 -1.190020 3.663694
4.488148 -3.272998 0.588329
1.814522 -5.015912 0.157721
2.785899 -4.551088 1.197259
1.248009 -4.961321 0.786855
2.426261 -2.757337 -3.278712
2.563931 -2.674095 3.266865
1.101679 -1.228604 -3.730140
0.171198 -4.377819 -1.771844
2.090383 -4.658418 1.490989
4.578605 -3.191336 0.294549
1.254983 -2.757214 3.445652
2.876545 -4.022659 -2.077622
1.207697 -2.331275 3.593656
1.893674 -1.981319 -3.639983
3.405898 -4.171331 1.265991
3.120171 -3.488035 -2.477317
2.761049 -4.716313 0.635789
0.132715 -4.758294 0.751451
3.603211 -2.824953 -2.580275
2.652371 -4.596550 -1.224307
0.637800 -4.843094 -0.978952
2.319717 -3.818531 2.600140
1.499511 -3.857136 2.732092
2.010561 -4.817866 -1.113004
2.121572 -2.226731 -3.544532
2.991370 -4.578887 -0.790412
2.355140 -4.731872 -1.126611
3.077720 -3.197673 -2.732580
2.149043 -1.930911 3.602493
0.634650 -4.019669 2.469718
1.032614 -1.801313 -3.692539
0.814189 -4.818104 1.165626
1.864882 -2.857595 3.365901
1.378456 -4.696918 1.579360
1.452286 -3.629307 -2.930069
2.368895 -4.804971 0.857700
2.535042 -4.562160 -1.418853
2.618162 -3.927391 2.353941
0.753732 -3.816075 -2.705854
0.477194 -4.268945 -2.105030
4.285611 -3.517835 -0.740851
1.199358 -1.737205 3.711608
2.673408 -3.795890 -2.463955
1.457199 -3.229187 3.206690
0.754271 -4.168079 2.330631
1.323946 -4.524064 -1.906662
3.894754 -3.965818 0.707212
4.607790 -3.095991 0.498400
2.569436 -2.382830 -3.372061
2.215607 -2.726050 -3.353197
0.360043 -4.731771 -1.119859
3.355381 -3.662148 -2.112962
1.564865 -4.404560 -2.085694
0.151413 -4.723716 -0.920749
2.901501 -3.576383 2.542669
3.186377 -3.837903 2.061833
0.431852 -3.712966 -2.708057
1.689690 -1.205934 3.724213
0.300829 -4.482719 1.666114
2.360256 -2.366540 3.444874
3.083827 -4.078071 1.827961
1.569944 -4.691237 1.577886
2.606290 -3.109548 3.031228
0.916285 -1.191658 3.711613
3.772377 -3.848145 -1.310393
0.741965 -2.402361 3.521850
2.457507 -4.559790 1.484767
2.774831 -3.211847 2.891549
1.720880 -3.299895 3.144208
1.806006 -2.463947 -3.528607
0.348618 -4.218922 2.116849
3.082961 -2.920751 -2.901645
2.696104 -1.859569 -3.449790
1.423633 -4.571935 1.822800
0.915302 -3.759378 2.788060
1.407862 -1.189778 -3.737882
4.195359 -3.112435 -1.642217
4.239149 -2.899162 -1.780865
4.336977 -3.538281 -0.393690
2.569717 -4.695564 -1.021866
0.546209 -3.745640 2.715662
3.088203 -4.622682 0.105897
0.618717 -2.978108 3.262283
0.681287 -3.863201 2.643786
3.360191 -2.438008 2.951856
1.763302 -1.511850 3.712703
2.501856 -1.877759 3.515870
3.580971 -4.267816 -0.542395
4.126145 -3.319377 1.514667
3.972009 -3.829345 -0.899957
1.199619 -4.672138 1.623525
2.078359 -2.259402 3.544904
4.341606 3.333335 -1.466343
4.190994 3.607527 1.258907
3.949828 2.379247 -2.728721
2.788689 4.467422 -1.151068
4.985018 1.978199 1.652815
2.341700 1.103703 3.693882
2.596892 3.086137 -3.030603
1.867009 0.647306 3.715376
4.800126 2.421245 1.697803
1.170402 0.549335 -3.657907
3.707108 2.108323 3.015249
4.416434 2.513536 2.193295
1.679126 4.725278 0.747545
2.273540 4.561109 -1.214445
3.421777 3.401502 2.396505
3.469419 3.677102 -2.053458
4.113141 3.253985 -1.906008
4.356616 2.375649 2.346580
1.857436 4.490616 1.489778
3.555769 3.114613 2.557268
3.279199 2.371767 3.155321
4.162927 2.998712 2.109503
2.091914 1.632031 -3.681099
3.377744 3.726930 2.063733
1.619588 0.868244 -3.732445
3.026433 3.389185 2.638219
3.438973 1.722513 3.274763
1.986327 4.603878 1.177933
2.198432 4.625530 1.044837
4.928470 2.865412 0.824616
4.053261 3.638011 -1.442227
2.299044 2.745229 3.295436
1.541678 3.262366 -3.016211
2.406868 3.245134 -2.966194
4.892441 2.567870 -1.375524
2.922203 2.749043 3.127942
3.450183 4.396468 0.040840
1.557645 0.299054 3.655971
3.851644 4.157295 -0.139918
2.530781 2.983146 3.114090
4.060500 2.233285 2.704035
3.061947 2.466956 -3.211147
2.252351 2.928746 -3.202599
4.936519 3.028412 0.119465
3.271147 0.999477 -3.419531
1.427615 1.826245 -3.646087
3.717071 1.316482 3.175447
4.434263 1.585603 -2.559097
1.678923 4.563634 1.310377
1.351236 1.194947 -3.715456
4.278547 3.252155 -1.683542
5.287415 1.693245 -1.062858
2.351988 4.370483 -1.638793
1.858652 4.163886 -2.086426
2.322471 4.608634 -1.042643
2.126539 2.616781 -3.381262
4.202483 2.615473 -2.365596
4.204729 3.423877 1.555382
3.956998 4.053990 -0.442940
2.953889 1.793906 3.467049
4.319493 1.664006 2.657418
2.746041 4.553072 0.905716
2.037118 4.117408 -2.138106
3.323671 1.408316 -3.378623
1.503394 3.033027 -3.168023
3.031834 1.425955 -3.497342
1.764495 2.041897 -3.609232
3.804942 4.024549 1.008582
2.563308 4.300147 1.688293
4.169046 3.681681 -1.143719
3.406133 3.049896 -2.704974
4.703548 3.128949 -1.017623
1.324797 1.162329 3.713496
2.251587 4.670231 -0.849341
4.115547 3.886843 0.667880
1.859165 1.734568 3.677554
3.572964 3.953310 1.526546
1.760199 4.798460 0.152957
1.123050 0.157404 3.573133
4.277124 3.673911 -0.903239
2.462992 2.310466 3.454050
2.446166 2.050801 -3.540490
4.124263 2.519167 2.502481
2.274297 4.305294 -1.788606
4.489279 3.415343 0.992914
1.839484 4.454567 -1.571185
2.933609 3.941589 2.076157
3.781653 2.219975 -2.923923
3.531789 3.871960 1.715226
4.803895 2.563279 1.566261
1.899966 1.807531 -3.662094
3.381568 2.262518 -3.147761
3.817974 3.470340 1.985134
1.865457 0.849119 3.732404
4.797477 3.217812 -0.313070
2.813075 4.290959 -1.563631
1.604616 3.338584 2.963017
2.918194 4.616854 0.030646
4.139044 2.734370 2.349164
1.747952 4.394838 1.696162
4.094737 3.743476 1.154691
1.432911 0.501322 3.683506
3.837247 3.704146 1.637055
4.555619 3.517856 -0.354911
1.713111 0.976089 3.738757
1.985170 1.023977 3.732886
2.062736 3.531130 -2.792118
5.032268 2.826493 0.387134
1.867676 2.989331 -3.203017
4.333932 3.745405 -0.384349
2.677679 4.142897 -1.909653
2.318581 4.431517 1.522039
3.715364 2.886296 -2.612579
2.029655 0.435979 3.677261
5.151535 1.917659 1.317793
1.109933 1.149150 3.682437
3.901512 1.920600 2.941723
5.001918 2.365883 1.327183
2.106591 1.183862 -3.721682
1.798657 2.207803 3.559792
1.823252 1.416864 3.722510
2.232110 3.328692 2.936457
1.221123 1.657040 -3.653099
2.154814 2.539960 3.412377
4.141121 3.152133 1.984061
5.411371 1.848437 -0.138206
3.345747 1.687146 -3.327816
2.119696 4.079394 2.179315
1.693061 4.756263 -0.576902
1.561125 3.657308 -2.685370
1.295565 0.194672 3.608669
1.842739 4.786167 0.328477
3.562303 4.150184 1.091591
2.382700 3.472626 -2.789959
5.233297 1.849507 -1.134440
3.205548 4.500328 -0.257677
3.106811 3.383093 -2.603479
-0.780375 -1.492892 -3.634364
-1.022613 -1.294185 3.590685
-0.697023 -2.008293 3.556205
0.019740 -2.732457 -3.357801
-0.365113 -4.802636 -0.187825
-1.409134 -3.228551 2.720655
0.593929 -0.354440 -3.619871
-0.473409 -0.832997 3.700983
0.426503 -1.039799 3.715616
-1.620272 -4.351713 0.828110
-1.751733 -1.593743 3.263687
-0.590769 -2.333922 -3.475193
-0.563531 -4.437499 -1.559229
-2.242846 -3.850921 1.139328
-0.243326 -3.976331 2.360128
-1.592168 -4.441966 0.422466
-1.039788 -3.572258 -2.591733
-1.307608 -4.201991 1.599518
-1.202795 -2.042114 3.408745
-1.576454 -2.920681 2.850672
-0.980226 -4.012212 -2.110929
0.602404 -1.563060 -3.660567
-0.106441 -3.416862 -2.922405
-0.579406 -3.796340 2.510023
-1.361846 -2.982412 2.920212
-1.808308 -2.852529 -2.754245
-0.132584 -4.805122 -0.365677
-1.195335 -4.624552 0.166356
-1.111905 -2.759935 3.153057
-1.776435 -3.916386 1.675933
-1.700104 -3.921310 -1.745455
-0.348994 -4.209702 2.025669
-0.257382 -0.676877 3.708510
-0.013438 -2.485494 -3.468047
-2.369435 -3.668235 1.300224
-1.452575 -2.799228 2.988852
-0.964943 -2.284958 3.407753
-0.561795 -2.858378 -3.244375
-2.315497 -3.543420 1.603966
-0.874080 -4.249897 -1.790427
0.141080 -0.995898 3.736361
0.104625 -2.626228 3.406367
-1.550815 -1.140456 -3.401695
-1.032317 -2.212161 -3.412800
-0.662170 -2.610252 3.349750
-2.042210 -3.521045 -1.968379
-1.094082 -0.797578 -3.563990
-0.757156 -3.057651 -3.085612
0.175511 -2.362819 -3.510861
-0.910276 -1.866376 3.541823
-2.394310 -3.754716 -1.057243
-0.919137 -2.088040 3.483236
-1.424243 -3.219727 -2.719710
0.059168 -1.672519 -3.693211
-1.825414 -4.333335 0.312351
0.393631 -0.667152 -3.695899
-1.318330 -1.664881 3.450666
-2.055234 -1.871999 -3.022316
-1.809255 -4.217211 -0.947207
-0.924171 -1.361628 -3.612821
-1.823206 -3.199094 -2.487327
-0.523393 -4.018343 2.260389
0.112434 -0.547570 -3.699482
-2.088762 -2.466727 -2.775981
-2.162498 -2.532968 2.684183
-0.699947 -4.258574 1.850845
-0.849709 -1.872022 -3.555640
0.650497 -1.283737 3.678113
-1.993232 -2.782388 -2.669246
0.040047 -3.704768 2.669385
0.150229 -3.610159 -2.755337
0.694514 -0.147679 3.553777
-0.650440 -1.887442 -3.594168
-1.639562 -1.751498 -3.293539
-0.150593 -4.328926 1.855885
-1.484996 -1.708308 3.374434
-1.277784 -1.435634 -3.496521
-1.939827 -2.234778 -2.982245
0.260402 -2.474872 3.462769
-1.426929 -3.733732 2.220572
0.062831 -4.434409 1.663958
-0.786541 -2.669304 -3.294910
-0.238704 -4.420115 1.676216
-2.211562 -3.878139 -1.134153
-2.350148 -3.968393 -0.375707
-2.587500 -3.559059 -1.077289
-2.402943 -3.929011 0.339795
-0.470225 -4.678860 0.922924
-1.471884 -2.606252 -3.082344
-0.709716 -1.087258 -3.671542
-0.568529 -1.320788 3.688640
-0.705025 -3.304242 2.926442
-0.628056 -4.749621 0.405071
-0.214303 -3.848260 2.511513
1.177768 2.546703 3.431072
0.853557 3.986785 2.541769
-1.796697 4.296018 -0.334326
0.002691 4.915175 0.798377
1.081096 2.890468 -3.305631
-0.541022 2.939380 -3.220227
0.570694 2.019387 3.662309
-0.480420 3.382513 2.968893
0.754261 4.943044 0.674806
0.544022 3.364096 3.103317
0.459007 2.483222 3.541306
-1.344903 4.570260 -0.397069
-0.487367 4.615939 1.449054
0.440520 2.966071 -3.339168
0.523361 4.968799 -0.616309
-0.113996 4.077734 2.432327
1.524490 4.759918 0.782448
0.268193 1.504771 -3.731301
-0.997561 1.940323 -3.409105
-0.986315 1.620296 -3.460047
-1.551909 4.473981 -0.139019
-0.925627 4.459476 -1.468025
1.004829 2.563446 -3.459957
-0.601264 3.892213 2.487552
1.208190 4.588475 -1.546371
1.421521 4.187212 2.118984
0.302708 4.900850 0.940866
-0.890432 1.896454 3.458929
1.250429 4.602768 1.491933
0.999330 4.098553 -2.384931
-0.575921 1.771332 -3.579158
1.507388 4.595629 1.329038
-0.636357 4.868340 0.262279
-0.110270 4.988286 0.000072
-1.063573 2.007899 3.367580
-0.009649 3.256738 -3.150743
0.767518 2.200843 3.605998
-0.861750 1.424021 -3.520527
0.645985 0.423414 -3.631226
-0.196575 4.047696 -2.448014
-1.456238 4.489364 0.532740
0.337748 4.964121 -0.654519
-1.075527 3.664719 2.481137
0.593395 2.666767 3.468485
-1.384178 3.369128 -2.544720
-0.958614 4.762468 0.223367
-1.380437 2.871946 2.883888
0.277618 2.276549 -3.603574
0.805853 4.691415 -1.481348
0.127912 4.981184 -0.485185
-0.935691 4.695412 -0.757336
0.158264 0.994354 -3.721533
0.856682 4.991120 -0.128413
0.452639 3.948983 2.621548
-0.970655 4.533250 -1.249048
1.148006 2.081892 3.574567
1.218405 4.916028 0.318243
0.423940 0.433683 3.642329
-0.791129 3.490689 2.776540
0.840249 2.321505 -3.564709
-1.225567 4.654022 0.016596
-1.024870 4.621532 -0.909704
1.038425 3.457075 2.973320
-0.250790 4.657894 1.476028
-0.965189 4.766318 -0.072581
0.595991 0.675281 -3.684810
-1.034464 3.389612 2.740458
-1.459918 4.531198 0.010368
-0.479272 3.987321 -2.431053
-0.953765 3.796312 -2.419584
0.057904 4.394548 2.046744
1.047893 1.273189 -3.682133
1.417593 3.761064 -2.606233
-0.237541 4.888952 0.763024
-0.713896 3.053135 3.102777
0.656638 3.373074 -3.089713
-1.315200 3.227570 2.699398
0.311644 1.191550 -3.738024
0.383803 4.220907 2.313395
0.235674 4.408497 -2.046836
-0.342760 4.732228 1.242773
0.391471 1.377393 3.738790
0.517564 1.200683 -3.737022
1.052019 3.308995 -3.073281
-0.859329 4.774132 -0.476466
-0.415876 4.119599 -2.298566
-0.125359 4.625653 -1.594039
-0.123343 1.888465 3.654300
0.256457 4.093140 2.463320
0.621589 0.676756 3.683551
0.644568 4.154496 -2.382078
-0.809510 2.759791 3.218602
0.816999 1.665468 3.696028
-0.078582 4.618149 1.623991
-1.724472 4.170313 1.079208
0.883670 2.587090 3.470423
0.525795 1.776273 3.704834
0.643480 2.457156 3.541786
-0.208799 4.826229 -1.032527
-1.180114 -0.233751 3.647730
-0.903777 -0.450194 3.656788
-0.513341 0.246819 3.739762
-0.254580 -0.062364 -3.722536
-0.696305 0.405646 3.729206
-0.153583 0.177454 -3.724964
-1.017113 -0.068717 -3.691353
-1.064881 0.557556 3.679035
-0.881836 0.155442 -3.718591
-0.251669 -0.341397 3.691030
-0.496742 -0.225911 -3.713997
-3.361091 2.272090 2.956349
-4.887158 2.349675 -1.344846
-3.272474 1.869279 -3.205040
-5.107259 2.421074 -0.438495
-3.642728 3.613425 1.109366
-2.505114 1.111549 3.642025
-1.504959 1.475949 -3.575016
-4.296231 0.810490 -2.889897
-3.187940 -0.345579 -3.432435
-1.688448 0.688707 -3.724663
-1.798766 3.041771 -2.711506
-1.207111 1.095243 -3.612450
-1.665626 -1.123178 -3.371947
-1.327547 1.890393 -3.403972
-3.494872 2.962660 -2.319049
-1.528906 1.584336 3.545636
-2.950754 4.062314 -0.274883
-2.023979 0.808909 -3.723821
-2.388556 0.210814 3.704746
-3.244122 3.070488 2.354221
-2.901079 -0.331537 -3.526209
-1.375592 -0.112973 -3.649854
-3.778671 2.417313 2.615325
-3.003883 3.983955 0.723098
-3.230212 -0.713200 -3.307569
-4.074369 2.471232 2.335847
-2.579730 0.183797 3.674903
-4.168156 3.398961 -0.688921
-3.762478 2.837950 2.254756
-4.326513 1.425008 -2.722557
-4.150584 3.328750 -0.979141
-5.348176 2.003696 0.256435
-3.815678 3.219680 1.713017
-3.157448 3.916500 -0.802560
-1.703645 -0.363804 3.637734
-2.608892 0.994090 -3.643427
-1.178231 1.160693 3.594458
-2.447901 4.168275 -0.244899
-2.891395 2.109161 3.226249
-1.365583 -0.323866 3.608254
-3.983654 2.659033 -2.246571
-2.770318 -0.830534 3.408461
-1.882191 0.655481 -3.734846
-3.807704 3.405124 1.382025
-1.537979 -0.889865 3.459915
-3.869701 1.970718 2.835117
-2.477596 3.362555 -2.310739
-2.780404 4.000833 0.909145
-3.847246 2.276328 -2.667047
-5.422881 1.527332 0.886640
-4.808300 2.518082 1.266778
-4.371840 2.236790 2.232754
-4.074073 3.202488 1.412812
-2.642751 3.966134 1.131783
-5.223891 1.335461 -1.580781
-2.935232 3.853844 1.249305
-4.967055 2.675796 0.008561
-1.822593 2.609961 -3.064837
-3.601917 0.818389 3.335656
-1.889983 2.763577 2.953707
-4.242317 0.392842 2.951581
-4.721394 2.809277 -0.903899
-5.291522 2.140382 -0.100193
-3.050109 3.222764 2.278817
-3.092584 3.888258 0.995405
-1.785298 3.312919 2.424866
-2.895654 3.562029 -1.878068
-5.082198 1.669196 1.648794
-2.394253 -1.210962 3.310787
-2.818210 1.275847 3.546671
-4.282099 2.009914 2.482453
-4.058950 1.482114 2.915801
-2.606346 2.918406 2.749241
-4.426593 1.144274 -2.717222
-2.640715 3.744886 1.667871
-4.694256 1.829329 -2.142691
-2.270168 -0.645399 3.555084
-2.551856 3.123430 2.565402
-3.918339 2.425665 -2.505212
-3.562549 3.724507 0.886321
-2.520323 0.755582 3.684709
-1.433147 1.200523 3.631852
-4.666226 0.856515 -2.538215
-2.825005 1.343298 -3.528986
-2.646538 -0.677360 -3.490152
-2.276082 -0.617410 -3.563204
-3.409312 2.580510 2.719303
-4.318499 0.747886 2.878380
-2.976964 1.995169 -3.255821
-1.865758 2.521230 3.126331
-4.510802 2.522056 1.789568
-2.322624 0.164249 -3.708469
-3.848533 1.479732 3.057996
-3.555049 3.826621 -0.366984
-3.368937 3.822498 0.852270
-5.200553 1.503740 1.527000
-1.868316 3.579802 2.076357
-3.433198 2.752568 -2.562877
-2.594349 3.861443 -1.437712
-2.496775 3.753604 -1.704021
-1.723515 -1.113368 3.380885
-2.503008 1.510030 -3.549183
-3.868750 1.778054 2.929616
-2.102751 0.864255 3.715899
-1.777789 1.293593 3.644302
-3.984412 0.296196 -3.131315
-3.873275 3.057044 -1.893072
-2.299167 -1.046528 3.400469
-5.451860 1.714149 -0.392309
-5.124134 1.189724 1.836777
-3.334697 3.518371 -1.664090
-2.343512 0.649697 -3.714552
-2.022121 3.819476 -1.662424
-4.201015 3.412043 0.500741
-2.023215 2.536912 -3.116099
-3.182175 3.143771 -2.304943
-3.159270 0.795550 3.522981
-5.223747 2.101580 0.766126
-2.098729 -0.302765 3.656112
-2.223473 3.663717 1.926621
-3.943628 3.325146 -1.359665
-2.014877 3.652715 1.963152
-2.660804 -0.904138 -3.404280
-4.670856 3.031424 0.079419
-1.594413 -0.458353 -3.605752
-2.867482 0.731254 3.615465
-1.876217 -0.241965 -3.670910
-1.878331 3.459070 -2.247006
-2.846144 -0.571059 3.477728
-2.283723 -0.372480 3.628232
-1.716743 1.111353 -3.677434
-4.660636 0.739414 2.559237
-1.626703 -0.243713 -3.657274
-2.662883 4.139791 0.090164
-2.172219 3.855589 1.573299
-2.264918 3.811590 -1.649500
-4.130660 2.204356 -2.492060
-3.216052 -0.171329 3.459037
-2.425663 3.586264 2.011911
-2.160597 3.324439 2.407208
-2.076361 1.466441 3.602515
-3.550564 1.313058 -3.271803
-3.652888 3.574177 -1.200553
-1.724541 1.978688 3.415030
-2.962543 1.458391 -3.461067
-3.648692 2.145761 2.878030
-2.370454 4.185640 0.053546
-1.911492 1.788582 3.499713
-3.188277 3.828750 -1.079651
-4.431491 2.450299 1.972896
-1.586497 0.041394 -3.697844
-3.126836 -0.689155 3.354254
-5.286402 0.694690 1.939867
-3.694404 -2.731368 2.185333
-5.086664 -0.278933 -2.419135
-5.557497 -1.188833 -1.672817
-6.053894 -0.425801 0.678015
-3.120452 -1.230666 3.213673
-3.686942 -3.585740 0.162724
-5.234130 -2.252030 -1.273296
-5.146283 -0.945600 -2.291776
-4.968849 -0.564920 -2.520499
-4.555676 -2.731367 1.567947
-2.579743 -3.324901 -1.555071
-5.762288 -1.298347 1.194831
-5.295154 0.444601 -2.046886
-3.778693 -2.958574 -1.868235
-5.594597 -0.835050 -1.744755
-3.505466 -3.285990 -1.469705
-5.583535 0.645870 1.512252
-5.678701 -0.283278 1.664631
-2.753588 -1.980263 2.931334
-4.980322 -1.019820 -2.432985
-2.777913 -2.927597 2.155786
-4.800519 -2.704933 -1.285678
-6.112593 -0.419178 0.269372
-6.102996 -0.004241 -0.063601
-5.696272 0.428645 1.427140
-5.919104 -0.903413 1.021734
-4.098130 -3.119159 -1.375988
-4.281745 -2.289795 2.290347
-4.585549 -2.113849 -2.210196
-3.425106 -1.120508 3.194453
-3.175997 -2.178108 2.785790
-2.769790 -2.299110 -2.732322
-5.064764 0.184187 -2.377559
-4.217331 -1.962420 -2.565936
-5.457946 -2.296090 0.552160
-3.981350 -1.757867 -2.795696
-3.670395 -3.494187 0.797772
-5.279389 -2.572540 0.297872
-5.626396 -1.554303 -1.296008
-4.592639 -2.962952 -1.085836
-6.024314 -0.755150 0.712822
-5.290175 -2.352486 0.977279
-2.436140 -1.889911 -2.959373
-5.079546 -1.655616 -2.060078
-2.994797 -1.703086 -3.059791
-3.910494 -0.306869 3.146384
-5.874002 0.796895 0.493678
-5.768483 -0.684150 1.467049
-3.640130 -0.882806 -3.190687
-3.233327 -1.997524 -2.886499
-2.996857 -2.371367 2.671095
-5.889423 -0.068510 -1.192040
-6.031879 0.354841 -0.281329
-5.132667 0.859787 -2.032468
-4.962635 -2.397919 -1.519933
-5.411886 -1.542359 -1.697935
-2.384177 -1.858101 2.969021
-4.660952 -2.972774 0.935782
-3.934812 -3.445082 0.632328
-5.675597 0.863354 -1.128044
-3.443913 -2.871583 -2.118873
-5.779869 0.681985 1.035689
-3.517054 -3.631083 0.110791
-4.094547 -3.402607 0.514443
-4.599290 0.286336 2.727525
-4.622560 -0.740919 2.765851
-2.607936 -3.231746 -1.723469
-5.316674 -0.067068 -2.157338
-5.171096 -2.553058 -0.838908
-4.086503 -0.663232 -3.064249
-5.706161 -1.733006 0.874294
-5.459262 -1.563346 1.606781
-3.112005 -3.660671 -0.501671
-4.756036 -1.417883 2.486242
-5.801395 -1.751622 0.383271
-5.111351 -1.208266 -2.246248
-6.027556 -0.968996 -0.526444
-2.897857 -2.671461 2.424339
-3.496744 -2.498747 2.478323
-3.259061 -3.680452 0.042656
-5.857403 -1.434580 -0.761610
-5.288130 -0.447928 -2.210149
-5.085856 -2.194808 1.593454
-4.509009 -0.445205 2.861244
-2.949308 -2.870319 2.215457
-6.035578 -0.491355 -0.753561
-3.943363 -1.735304 2.822733
-4.152207 -1.169187 -2.943151
-2.882794 -3.214835 1.756628
-2.239748 -1.930830 -2.908329
-4.344790 -2.553763 1.992432
-4.047989 -2.527965 -2.218698
-4.512712 -1.075276 -2.771951
-5.272304 1.101702 -1.673381
-5.637399 -0.079227 -1.712080
-3.588593 -3.580149 -0.480781
-4.645123 -0.638791 -2.762489
-5.120419 -2.257666 -1.464682
-3.846963 -2.551573 -2.299934
-5.291066 -0.474120 2.205747
-4.808252 -2.891770 -0.845403
-5.029521 -0.454097 2.472701
-4.788325 -0.985982 2.601977
-4.650396 -3.102202 0.474465
-2.631437 -2.133822 -2.837896
-2.884260 -1.438934 3.167250
-3.620438 -0.650740 -3.224524
-4.796902 -2.537391 1.556111
-3.870940 -1.628969 -2.899982
-5.442519 1.303226 -1.135087
-3.622152 -0.720015 3.217320
-4.265501 -1.697044 2.686505
-5.568348 0.889967 1.347480
-5.151234 0.550932 -2.169849
-4.389492 -0.603130 -2.921896
-3.449362 -0.692480 3.260497
-6.082768 -0.693737 0.410818
-5.599689 0.155703 -1.718403
-4.293744 -1.861660 2.582440
-5.877164 0.763781 -0.548096
-5.300215 -2.435045 0.755387
-5.434608 -2.093250 -1.081234
-2.742084 -3.556118 -1.018587
-5.696074 -1.894084 -0.598897
-2.988470 -3.046633 -1.995271
-4.274704 -2.956136 1.505312
-3.010673 -3.628272 -0.721689
-4.021248 -3.463916 0.276698
-5.338102 -1.272829 1.955659
-3.173604 -1.951426 2.920667
-2.952129 -2.150546 -2.826082
-4.496952 -1.664254 -2.561616
-4.695706 -3.104419 0.203549
-3.028058 -3.539621 1.040251
-3.446619 -3.301421 1.466895
-5.644284 1.086761 0.922661
-4.268209 -3.358632 0.206222
-4.995482 -1.409171 -2.279435
