    0.0226116001
    0.0191288708
    0.0217199622
    0.0180071109
    0.0204682318
    0.0210809912
    0.0218917541
    0.0158603751
    0.0169914656
    0.0202400495
    0.0227765497
    0.0196019692
    0.0219773336
    0.0224018873
    0.0216739238
    0.0215800649
    0.0229641827
    0.0229205865
    0.0221428839
   -0.0025686979
   -0.0122818050
    0.0034892189
   -0.0014468265
    0.0192713903
    0.0076216412
    0.0021811427
    0.0117947291
    0.0140432084
   -0.0006391451
   -0.0066423811
    0.0058666686
   -0.0118425350
    0.0085126342
   -0.0046989817
    0.0030524464
    0.0135314246
   -0.0015376470
    0.0140880535
   -0.0106773761
    0.0081671002
    0.0188849977
   -0.0105086444
   -0.0091741781
   -0.0003147226
    0.0116279824
    0.0176427771
   -0.0036743234
    0.0122138928
    0.0091243602
   -0.0007315990
    0.0017172222
    0.0165939388
   -0.0038829855
    0.0045608509
    0.0101152310
   -0.0116849417
    0.0065295145
    0.0212779695
   -0.0017823371
    0.0083070938
    0.0132726237
    0.0005970946
   -0.0074544891
   -0.0132995123
    0.0157226662
    0.0075597156
   -0.0105810246
   -0.0047638786
    0.0115990517
    0.0021417023
    0.0021943434
   -0.0006494548
    0.0098948044
    0.0062703181
    0.0043031290
   -0.0097409588
   -0.0028261528
    0.0064104888
    0.0001116640
    0.0006517193
    0.0050635549
   -0.0128823495
    0.0063502749
   -0.0023735844
   -0.0133263848
   -0.0105392620
   -0.0025524541
   -0.0089463992
   -0.0030520496
   -0.0095792555
   -0.0050134789
    0.0136292114
    0.0014472299
   -0.0067066742
    0.0157585510
   -0.0063203053
   -0.0098640547
   -0.0109956035
   -0.0139379638
   -0.0033865132
    0.0141004944
   -0.0084797154
    0.0099197960
   -0.0075051768
    0.0148413202
    0.0004277783
    0.0023431282
   -0.0070015210
   -0.0118903694
   -0.0137358054
    0.0163314175
   -0.0098622536
   -0.0139712342
   -0.0045953685
    0.0173373780
    0.0029904635
    0.0044085534
    0.0090409884
   -0.0026417218
   -0.0132047700
    0.0149398317
   -0.0137949516
    0.0050279304
   -0.0084251477
   -0.0071362847
    0.0045874601
    0.0218118217
   -0.0002468318
   -0.0075584030
   -0.0116614963
   -0.0002416523
   -0.0042212268
   -0.0043766147
    0.0134755320
   -0.0004209641
   -0.0114861871
    0.0002694747
    0.0024879994
    0.0067674329
    0.0086356232
    0.0101136506
    0.0021711050
   -0.0067912997
    0.0042672469
   -0.0046637194
    0.0017921213
   -0.0111739972
   -0.0022871428
    0.0128948095
   -0.0008430473
    0.0049942385
    0.0074162103
   -0.0031735604
    0.0054823616
   -0.0087803475
    0.0064128503
    0.0220815013
    0.0035924331
    0.0113613357
    0.0123231220
   -0.0031677117
    0.0143148534
    0.0091281901
   -0.0054281238
   -0.0036549550
    0.0231121086
    0.0046948270
    0.0114473653
    0.0028290714
    0.0012432332
    0.0033605203
    0.0003359460
    0.0053575946
   -0.0122552220
    0.0096519496
   -0.0085565444
   -0.0062729174
    0.0101042790
   -0.0027189152
    0.0011001782
   -0.0097663765
    0.0197217711
    0.0157250396
    0.0179491733
    0.0202297485
    0.0167185166
    0.0176282813
    0.0173263416
    0.0164012768
    0.0165724176
    0.0141341206
    0.0185009650
    0.0153446779
    0.0179548838
    0.0185222407
    0.0199959380
    0.0169228121
    0.0192307944
    0.0156059517
    0.0119707361
    0.0174813819
    0.0165258135
    0.0205787121
   -0.0172057429
   -0.0110354674
   -0.0119705575
   -0.0098997517
   -0.0117905141
   -0.0059709959
   -0.0093481299
   -0.0097417634
    0.0026054485
   -0.0090932654
   -0.0105177616
   -0.0054261492
   -0.0051256996
   -0.0097947921
    0.0004916032
   -0.0043376162
   -0.0062662792
   -0.0104720862
   -0.0085753383
   -0.0096748611
   -0.0088748510
    0.0002873197
    0.0072071602
   -0.0074482139
   -0.0131848145
    0.0119703288
   -0.0136164483
    0.0120176429
   -0.0121021179
    0.0041329372
   -0.0047370217
    0.0044564834
   -0.0042944484
   -0.0081001835
   -0.0094197454
   -0.0078137545
   -0.0063858957
   -0.0046899749
    0.0145638097
   -0.0106668221
   -0.0015331810
   -0.0099819912
   -0.0093539531
   -0.0026758376
   -0.0091299143
   -0.0123576841
   -0.0037179904
   -0.0084917641
   -0.0120749864
   -0.0104730154
   -0.0110949817
   -0.0112573433
    0.0217535513
    0.0222007919
    0.0213382733
    0.0222977242
    0.0210538844
    0.0230330583
    0.0159123076
    0.0160528019
    0.0225559397
    0.0229999851
    0.0222768491
    0.0229350017
    0.0169725163
    0.0222788685
    0.0228725817
    0.0223053220
    0.0191804449
    0.0180608536
    0.0230299600
    0.0176198564
    0.0188680463
    0.0175637255
    0.0229050156
    0.0177508322
    0.0212746078
    0.0224006858
    0.0193499387
   -0.0006309037
    0.0163748124
   -0.0031092733
    0.0104980155
    0.0153518948
    0.0118542424
    0.0137064735
    0.0022432889
    0.0090093421
    0.0230479083
   -0.0014555380
   -0.0118730773
   -0.0009477291
    0.0013658642
    0.0178038070
   -0.0058464083
    0.0097701165
    0.0016804203
   -0.0018371591
   -0.0023830106
   -0.0092976254
   -0.0010943910
   -0.0038218704
    0.0106279435
    0.0092903050
    0.0097590964
    0.0087121485
    0.0043582202
    0.0002604791
    0.0039767036
    0.0183187672
    0.0178349104
    0.0104077803
   -0.0031642741
    0.0064377008
    0.0156214894
    0.0232224507
    0.0215471293
    0.0250517421
    0.0165660986
   -0.0059642735
    0.0199261510
    0.0060744882
    0.0011226800
   -0.0048160930
   -0.0007431216
    0.0157362317
    0.0069316366
    0.0107423437
   -0.0077297943
   -0.0036511725
   -0.0057234613
    0.0003948234
    0.0051132280
   -0.0048453986
   -0.0198224696
    0.0094940336
    0.0018269467
    0.0053627145
    0.0096651152
   -0.0195667144
   -0.0038720802
    0.0089203214
   -0.0214203674
    0.0053727143
   -0.0090765068
    0.0004327475
   -0.0086107004
   -0.0073802384
   -0.0105130173
   -0.0110215091
    0.0031229227
   -0.0038967872
    0.0063191383
   -0.0072133352
   -0.0055582207
   -0.0091833736
   -0.0097924042
   -0.0018413180
   -0.0071201312
   -0.0113796707
   -0.0070629774
   -0.0063423297
   -0.0028766126
   -0.0009649497
    0.0281783551
    0.0199866340
    0.0199784447
    0.0248761075
    0.0193772490
    0.0253242338
    0.0235001477
    0.0226240249
    0.0235649420
    0.0239113535
    0.0251840891
    0.0260195742
    0.0211029356
    0.0321469434
    0.0249689574
    0.0245292995
    0.0260745871
    0.0175292872
    0.0270156814
    0.0256234033
    0.0224655624
   -0.0094413008
   -0.0069240090
   -0.0037481009
    0.0026000626
   -0.0107567975
    0.0088880566
   -0.0053127963
   -0.0178782330
    0.0041513549
   -0.0172675457
    0.0064691897
    0.0106537654
    0.0209980439
    0.0055520315
   -0.0158806744
    0.0164014131
   -0.0041012690
   -0.0004627026
    0.0056394959
    0.0017260802
   -0.0097513066
    0.0064006891
    0.0147189382
   -0.0178051790
   -0.0190534851
    0.0079553199
   -0.0036776153
   -0.0096312147
   -0.0107288092
   -0.0027927733
   -0.0034273112
    0.0072748457
    0.0101810665
   -0.0032925173
    0.0118109112
   -0.0000620163
    0.0138860876
    0.0078649157
   -0.0013491399
   -0.0024787292
   -0.0173201980
   -0.0184807209
    0.0053122227
   -0.0071917798
    0.0265785244
    0.0015647984
    0.0183950959
   -0.0146546780
   -0.0070646611
    0.0075029494
   -0.0125895713
   -0.0409271671
   -0.0326688978
   -0.0300483240
   -0.0255573230
   -0.0378356806
   -0.0433471437
   -0.0371483546
   -0.0454828643
   -0.0345059886
   -0.0397131354
   -0.0449811866
   -0.0193359435
   -0.0408977317
   -0.0421344536
   -0.0339280956
   -0.0225131799
   -0.0432470005
   -0.0225438315
   -0.0203351229
   -0.0442941046
   -0.0452270188
   -0.0436049145
   -0.0329315259
   -0.0268082717
   -0.0405317583
   -0.0388781828
   -0.0283821700
   -0.0296090137
   -0.0293718065
   -0.0310001969
   -0.0272858530
   -0.0311688310
   -0.0254681145
   -0.0223235894
   -0.0444112814
   -0.0307577790
   -0.0276115294
   -0.0271670573
   -0.0394001587
   -0.0432980996
   -0.0346397925
   -0.0342638403
   -0.0196833811
   -0.0237491908
   -0.0264361114
   -0.0452578624
   -0.0270082233
   -0.0454424888
   -0.0384378160
   -0.0408390863
   -0.0314122451
   -0.0334024117
   -0.0440106386
   -0.0234412897
   -0.0360903322
   -0.0274463948
   -0.0237498279
   -0.0341887470
   -0.0390938906
   -0.0344543867
   -0.0370387636
   -0.0441157236
   -0.0422845025
   -0.0428013737
   -0.0244454312
   -0.0377488056
   -0.0268512423
   -0.0355819125
   -0.0197748100
   -0.0415774757
   -0.0386651319
   -0.0371643452
   -0.0403677927
   -0.0288065182
   -0.0321156920
   -0.0417945834
   -0.0300622843
   -0.0399701534
   -0.0356264737
   -0.0281127160
   -0.0382093111
    0.0251764473
    0.0159522473
    0.0146603837
    0.0123460526
    0.0146398451
    0.0193122940
    0.0081567790
    0.0218946948
    0.0174050244
    0.0320747272
    0.0185126899
    0.0081234602
    0.0275078842
    0.0134516363
    0.0145748695
    0.0091649903
    0.0292634234
    0.0152442339
    0.0185920995
    0.0162156678
    0.0156987275
    0.0187353826
    0.0155218390
    0.0182651675
    0.0161302984
    0.0176881370
    0.0152687814
   -0.0091963989
    0.0174588911
   -0.0046608330
    0.0134022711
    0.0087923450
    0.0112635329
   -0.0076677602
    0.0181239122
    0.0165951243
    0.0103339067
   -0.0037928133
    0.0148333082
    0.0036204173
   -0.0035725954
   -0.0112065742
    0.0014068448
    0.0013296827
    0.0151955632
    0.0095895336
    0.0065893168
    0.0101252951
    0.0166875514
    0.0094601899
   -0.0040348370
    0.0078132047
   -0.0087275430
    0.0126038793
    0.0189150839
   -0.0051610917
   -0.0079455196
   -0.0092652907
    0.0151869653
    0.0079681048
    0.0092482287
    0.0120907027
    0.0070674155
   -0.0051160704
   -0.0081717326
    0.0109090593
   -0.0028780872
    0.0077499341
    0.0126886419
    0.0173427456
    0.0154619110
   -0.0001603957
    0.0048049434
   -0.0008711476
   -0.0056165400
    0.0025958145
    0.0131313187
    0.0036948655
   -0.0005321559
    0.0118558877
    0.0156013723
   -0.0066484279
    0.0007066701
    0.0002183018
    0.0045777051
   -0.0071385398
    0.0077105685
    0.0021434883
   -0.0044335401
    0.0174080018
    0.0175431435
   -0.0020628005
   -0.0084483789
    0.0105960519
    0.0073437511
    0.0093877729
   -0.0047196449
   -0.0037894007
   -0.0084621226
   -0.0033821592
    0.0022469699
   -0.0080206898
    0.0171955375
   -0.0091030901
    0.0113851717
    0.0008625344
    0.0001018725
    0.0111918336
   -0.0050095018
   -0.0102261174
   -0.0068372180
   -0.0101614637
   -0.0042304192
    0.0114382439
   -0.0083396281
    0.0084842067
    0.0137499553
   -0.0006490360
    0.0009661251
    0.0066951517
    0.0062133362
    0.0089947716
   -0.0007509668
   -0.0008394785
   -0.0090202886
   -0.0017359493
   -0.0069832545
    0.0050254537
    0.0029029175
   -0.0015750733
   -0.0070085124
    0.0010838416
    0.0083783658
   -0.0008992526
    0.0161084130
    0.0026808563
   -0.0086028326
    0.0014960191
   -0.0054258565
    0.0093433924
    0.0151872955
    0.0115396603
    0.0089518198
    0.0169623080
    0.0077575133
   -0.0020435310
    0.0162332450
    0.0038747981
   -0.0009690678
    0.0028182493
    0.0123468932
    0.0146940177
    0.0139902119
    0.0119739732
    0.0115198129
    0.0130138404
    0.0116897354
    0.0146110496
    0.0154741853
    0.0134148595
    0.0159572153
    0.0158400787
    0.0137641834
    0.0138744977
    0.0130627402
    0.0150943951
    0.0161314195
    0.0140581367
    0.0132695943
    0.0146747112
    0.0111181749
   -0.0086232786
   -0.0137985309
   -0.0089998824
    0.0007720156
   -0.0089807647
   -0.0008230685
   -0.0081030287
   -0.0094261691
   -0.0009619012
   -0.0105997197
   -0.0084349707
    0.0017463209
   -0.0092723600
   -0.0115093580
    0.0004829632
   -0.0116855750
    0.0064781229
    0.0063878256
   -0.0077979544
    0.0026807131
   -0.0107830778
   -0.0024318439
   -0.0092164263
   -0.0075367197
    0.0105296830
   -0.0026985876
   -0.0105699005
   -0.0091987533
   -0.0058143876
   -0.0059839185
   -0.0118463238
    0.0069945614
   -0.0148514956
   -0.0097688279
    0.0101884654
   -0.0092740990
    0.0004391157
   -0.0100656838
   -0.0039579984
   -0.0092074163
   -0.0102925158
   -0.0092154526
    0.0049388553
    0.0100715186
   -0.0000639458
   -0.0094674804
    0.0035162800
   -0.0111280304
    0.0137221782
    0.0189025279
    0.0175314682
    0.0183284368
    0.0140789668
    0.0189102720
    0.0189980970
    0.0178426214
    0.0170749151
    0.0182489263
    0.0165415293
    0.0192795912
    0.0174718492
    0.0189235438
    0.0186209314
    0.0172942551
    0.0186692931
    0.0167755628
    0.0172285106
    0.0168644273
    0.0185603752
    0.0086272814
    0.0173556669
    0.0017258721
    0.0184710365
    0.0147593454
    0.0176090960
    0.0021641088
    0.0056108433
    0.0056788533
    0.0196603286
   -0.0009845349
    0.0031348248
    0.0143859059
    0.0056855989
   -0.0013130962
    0.0015933555
    0.0108470075
    0.0068107544
   -0.0099872191
    0.0137396010
    0.0159481827
   -0.0100641869
    0.0093186812
    0.0140087856
    0.0047658476
    0.0053163934
    0.0108644674
    0.0027490478
    0.0051747358
    0.0143093621
    0.0101074071
    0.0028745571
    0.0077683469
    0.0116506502
   -0.0024433842
   -0.0007477378
    0.0022542248
    0.0061614087
    0.0062486062
    0.0013691742
    0.0139449866
    0.0010690852
    0.0110396722
   -0.0012173958
    0.0038806551
    0.0182190141
   -0.0053644187
    0.0017354588
    0.0117388749
   -0.0029658520
    0.0019229150
   -0.0092999055
   -0.0028560137
    0.0069754967
   -0.0057759124
    0.0001179030
    0.0066841025
   -0.0052016574
   -0.0125921644
    0.0062419926
    0.0035667773
    0.0068136168
   -0.0076590401
   -0.0001147097
   -0.0048091223
    0.0035996263
   -0.0007865727
   -0.0076343967
   -0.0099236288
   -0.0022027394
   -0.0085260793
   -0.0075925577
   -0.0079770893
   -0.0048076061
   -0.0086575770
    0.0210827069
    0.0216529875
    0.0209108378
    0.0206291110
    0.0218614130
    0.0206192091
    0.0208982117
    0.0204829649
    0.0219679688
    0.0211438255
    0.0207985212
    0.0215987475
    0.0202056449
    0.0204371532
    0.0190378186
   -0.0098321252
    0.0044827634
   -0.0153157853
    0.0018193897
    0.0078517894
    0.0079027295
   -0.0039211794
   -0.0137571954
   -0.0099094220
    0.0009222291
    0.0082543163
    0.0048497285
   -0.0114829864
    0.0039332922
   -0.0143795520
    0.0051998719
    0.0076005081
    0.0035043370
   -0.0002387588
   -0.0157150894
   -0.0009294199
    0.0198404933
    0.0049690205
   -0.0023004081
   -0.0110029407
   -0.0022178811
    0.0050635414
   -0.0108328797
   -0.0090577193
   -0.0099357400
    0.0045547453
    0.0007456518
    0.0125970107
    0.0115236310
    0.0010930043
   -0.0047604735
   -0.0094738102
    0.0054272450
    0.0032613431
   -0.0014686588
    0.0075889465
   -0.0169025847
    0.0103785961
    0.0054283165
   -0.0138439919
   -0.0022627123
   -0.0062100308
    0.0012079640
   -0.0013781960
   -0.0030591095
    0.0094799329
    0.0117545189
   -0.0045153571
    0.0088601915
    0.0016530756
   -0.0364449492
   -0.0320101650
   -0.0210682116
   -0.0311135611
   -0.0273580173
   -0.0321954906
   -0.0196117921
   -0.0224651370
   -0.0186358143
   -0.0310682501
   -0.0334623525
   -0.0289227491
   -0.0350861713
   -0.0313257849
   -0.0268152387
   -0.0290284349
   -0.0339411957
   -0.0334587663
   -0.0367360289
   -0.0231628707
   -0.0311849258
   -0.0259947502
   -0.0299864295
   -0.0253739079
   -0.0364730243
   -0.0177538237
   -0.0291762106
   -0.0248245986
   -0.0331048964
   -0.0221819007
   -0.0368778811
   -0.0240811680
   -0.0299206307
   -0.0324654240
   -0.0291104338
   -0.0299904141
   -0.0363078763
   -0.0303132742
   -0.0362048570
   -0.0299971585
   -0.0184290322
   -0.0356313505
   -0.0335932248
   -0.0178217236
   -0.0366540714
   -0.0347391092
   -0.0219847590
   -0.0304577156
   -0.0278906379
   -0.0296863439
   -0.0296760230
   -0.0368824400
   -0.0240513840
   -0.0220259744
   -0.0177946197
   -0.0329588093
   -0.0223053960
   -0.0199910055
   -0.0221241428
   -0.0206772959
   -0.0287357301
   -0.0309274364
   -0.0203392542
   -0.0345515559
   -0.0265167389
   -0.0273407160
   -0.0222714442
   -0.0250606985
   -0.0324672372
   -0.0202700795
   -0.0271609603
   -0.0256149945
   -0.0270458174
   -0.0244417372
    0.0066188945
    0.0216095038
    0.0113402501
    0.0149436597
    0.0212784430
    0.0194514329
    0.0174144666
    0.0229732088
    0.0166244746
    0.0072917814
    0.0209583141
    0.0076733737
    0.0232475123
    0.0153585404
    0.0170272540
    0.0218558594
    0.0156050963
    0.0158264603
    0.0150380059
    0.0138914217
    0.0152863767
    0.0145016949
    0.0157902409
    0.0156166367
    0.0155983032
    0.0134590775
    0.0152586322
    0.0152775419
    0.0132867748
    0.0148889549
   -0.0002379456
    0.0149481156
   -0.0033351030
    0.0097519344
    0.0009452935
   -0.0040176086
    0.0107756238
    0.0028184541
    0.0077024285
   -0.0012655080
    0.0123686755
    0.0133653335
   -0.0006324300
    0.0006630707
   -0.0032120926
   -0.0003152149
    0.0059093768
    0.0089411159
   -0.0028958810
   -0.0077044579
    0.0077386352
    0.0037330966
    0.0042995262
   -0.0047313409
   -0.0002069944
   -0.0045208920
    0.0148371619
    0.0038099064
   -0.0016773664
    0.0009704019
    0.0020179779
    0.0135645090
    0.0105007452
    0.0069098303
    0.0132501636
    0.0016375669
    0.0134789622
    0.0125078401
    0.0019679929
   -0.0042792381
   -0.0075455843
   -0.0035006262
    0.0068468575
   -0.0062457121
    0.0145586706
    0.0029184970
    0.0071595548
    0.0030803852
    0.0089623988
   -0.0068386809
    0.0117803603
   -0.0044468716
   -0.0048911584
    0.0161095937
   -0.0068601154
    0.0057519360
   -0.0030935977
   -0.0015062881
    0.0093328277
    0.0043389007
    0.0107972326
    0.0140201916
   -0.0015623814
    0.0153568762
    0.0077258060
    0.0084714689
    0.0081951998
    0.0046561652
    0.0036719882
    0.0065385707
    0.0132755831
    0.0048363700
    0.0050425325
    0.0126028869
    0.0043957941
    0.0128045151
    0.0097086788
   -0.0010594633
    0.0074636898
   -0.0060995473
   -0.0006845301
   -0.0073803683
    0.0127765957
    0.0106689969
    0.0048348447
    0.0042950682
   -0.0066766112
    0.0008502260
    0.0036052492
   -0.0009951275
   -0.0067033637
    0.0094717041
   -0.0075028737
    0.0132115806
    0.0071189524
    0.0006999731
    0.0011294847
    0.0081517767
   -0.0014493117
    0.0065056089
   -0.0048763052
   -0.0075581924
   -0.0027557641
    0.0040762583
   -0.0058919107
    0.0075878371
   -0.0006215797
    0.0077080251
   -0.0031037405
   -0.0027056182
   -0.0038599960
   -0.0010402951
    0.0005217057
    0.0035639556
   -0.0058366090
   -0.0060449210
    0.0059744689
   -0.0026200034
   -0.0023921397
    0.0042308740
   -0.0041455108
   -0.0053993129
    0.0018301636
    0.0070696921
   -0.0064870001
    0.0054617634
   -0.0036595561
   -0.0007243540
    0.0079045619
    0.0138316546
   -0.0003019322
    0.0053335105
   -0.0083461505
    0.0121220643
    0.0072396282
    0.0002875998
    0.0076352219
    0.0052818612
    0.0014297655
    0.0005545465
   -0.0091281815
   -0.0013681441
   -0.0019515180
    0.0016174677
    0.0067334325
    0.0031724905
    0.0109472806
    0.0030921377
    0.0160393759
    0.0006221000
    0.0019709599
    0.0135298396
    0.0080677159
    0.0083419922
    0.0020634214
    0.0053292047
    0.0163633859
    0.0071511936
    0.0040096358
    0.0075853161
    0.0047313138
    0.0104379700
    0.0096911844
   -0.0076369701
   -0.0069244299
    0.0069109633
    0.0044618220
    0.0049276399
    0.0086426062
    0.0138742515
    0.0042585582
    0.0090936119
    0.0068611415
    0.0091878217
    0.0068436879
   -0.0006041029
    0.0012340256
    0.0098445105
    0.0045228092
    0.0057246587
   -0.0057140291
    0.0041027945
    0.0132525852
   -0.0046736457
    0.0110867396
   -0.0003153009
    0.0158814915
    0.0061686422
    0.0151714164
    0.0057510231
    0.0101754941
    0.0156314200
    0.0049159680
    0.0022228312
    0.0156683530
   -0.0016401117
    0.0042331653
    0.0025809244
    0.0130190035
   -0.0023784281
   -0.0008936979
   -0.0028830860
    0.0037092421
   -0.0062631977
    0.0168138279
   -0.0075757434
    0.0108341266
    0.0128539378
   -0.0052349952
    0.0165278087
    0.0123623628
    0.0164696521
    0.0015747161
    0.0029768486
    0.0129779367
    0.0082716110
   -0.0015169165
    0.0057905063
   -0.0032674456
    0.0146235626
   -0.0034060642
    0.0088486909
    0.0017491164
    0.0001905086
    0.0118412498
    0.0117109126
    0.0103680005
    0.0130154608
    0.0132081409
    0.0120166652
    0.0097695967
    0.0134211905
    0.0113671541
    0.0133534558
    0.0112667065
    0.0125941023
    0.0133775222
    0.0126097193
    0.0122871663
    0.0128160571
    0.0118300794
    0.0116687087
    0.0112634300
    0.0122801673
    0.0134463488
    0.0107187331
    0.0137794032
    0.0128600367
    0.0124753455
   -0.0071770399
   -0.0023196855
   -0.0083415249
   -0.0086770324
   -0.0082804435
   -0.0073550275
   -0.0077340238
   -0.0032909312
   -0.0086809502
   -0.0047115214
    0.0045757905
   -0.0062278358
   -0.0081634723
   -0.0110762251
   -0.0121137644
   -0.0082261870
   -0.0095576087
   -0.0118661606
    0.0011347480
   -0.0017507954
    0.0008625803
   -0.0054781909
   -0.0066431926
    0.0020468258
   -0.0014234055
   -0.0089698146
   -0.0098240326
   -0.0082734297
    0.0039928460
   -0.0148050989
    0.0038349781
   -0.0106679700
   -0.0019005053
   -0.0081489500
   -0.0095351290
   -0.0052202539
    0.0000507934
   -0.0087204491
    0.0036729431
   -0.0088794054
   -0.0075749827
   -0.0065318766
   -0.0023828466
   -0.0040839505
   -0.0031188457
   -0.0076728182
   -0.0022264811
   -0.0035786218
   -0.0105352870
   -0.0077629709
   -0.0078731450
    0.0063168569
    0.0008677328
    0.0009307079
   -0.0089189318
   -0.0077551686
   -0.0074248758
    0.0026824067
   -0.0083784238
   -0.0084222941
   -0.0069629752
   -0.0063010731
   -0.0073294208
   -0.0065766105
   -0.0094383530
   -0.0037387497
   -0.0022040412
   -0.0039191326
    0.0159869546
    0.0161996955
    0.0162150123
    0.0159534360
    0.0159303743
    0.0158132621
    0.0165689235
    0.0159847841
    0.0156341340
    0.0153602592
    0.0155110483
    0.0150578965
    0.0161092571
    0.0160974697
    0.0146421520
    0.0160863420
    0.0154532685
    0.0161033923
    0.0143941029
    0.0132948497
    0.0077735363
    0.0002874127
    0.0097700098
    0.0176218389
    0.0014371703
    0.0129452782
   -0.0040839027
    0.0161704225
    0.0132511379
    0.0078604942
   -0.0032667381
    0.0171743965
    0.0128179264
    0.0018127479
    0.0050623242
    0.0002371593
   -0.0022307158
    0.0040246868
    0.0100603264
    0.0130848770
    0.0132252016
   -0.0058840053
   -0.0001650552
    0.0032760951
    0.0146045977
    0.0170845025
    0.0038057758
   -0.0037718148
   -0.0031907714
    0.0157483422
    0.0023473375
    0.0135906942
   -0.0059047769
    0.0092938702
    0.0109856178
   -0.0022769625
    0.0097402483
    0.0022223248
    0.0036874655
    0.0090082725
    0.0067733183
   -0.0078605406
    0.0137287108
    0.0024392954
    0.0091273780
    0.0146469905
    0.0114336077
   -0.0017096851
    0.0059805346
    0.0005015199
    0.0089820883
    0.0080379048
    0.0112364675
    0.0120473521
    0.0166977594
    0.0063044415
    0.0025932311
    0.0041337539
    0.0118671715
    0.0085487309
    0.0091116974
    0.0090919992
    0.0174139596
   -0.0033739202
   -0.0067028145
   -0.0065161527
   -0.0150544956
   -0.0037603589
    0.0035922639
   -0.0007193245
   -0.0129803850
    0.0013931147
    0.0011594152
    0.0027785853
   -0.0082218912
   -0.0015608809
   -0.0078119068
   -0.0044831023
   -0.0043738469
   -0.0029786994
   -0.0078833311
    0.0005581038
   -0.0012101569
   -0.0080229499
   -0.0069970481
   -0.0082324162
   -0.0068012929
   -0.0051938934
   -0.0070414267
   -0.0032576574
   -0.0003495969
   -0.0071541414
   -0.0077438669
    0.0010447466
   -0.0058711483
   -0.0074940403
   -0.0078235133
    0.0191492802
    0.0197540774
    0.0196737044
    0.0204345135
    0.0164672669
    0.0174617949
    0.0179157843
    0.0178389645
    0.0209308201
    0.0176651190
    0.0186848699
    0.0158331418
    0.0190040549
    0.0171990272
    0.0178668865
    0.0200961406
    0.0169487317
    0.0170203403
    0.0194765640
    0.0190509278
    0.0188184080
    0.0184051119
    0.0176290348
    0.0178497552
    0.0180430574
    0.0174010141
    0.0174850622
    0.0179258752
    0.0177943950
    0.0182050926
    0.0071122576
   -0.0016941986
   -0.0074167283
    0.0122957842
    0.0155404395
    0.0043914609
    0.0026517261
   -0.0129487342
   -0.0065310199
   -0.0054944466
    0.0112720937
   -0.0067071450
   -0.0104745227
   -0.0031335370
    0.0015264001
    0.0055196012
    0.0148260716
   -0.0096249057
   -0.0124080030
    0.0010584231
   -0.0013517969
    0.0017811242
    0.0062592604
    0.0023747092
    0.0044286206
   -0.0113874945
   -0.0044793978
   -0.0150917171
    0.0055093492
   -0.0008756638
   -0.0035095112
    0.0047050455
   -0.0041292075
    0.0032965752
   -0.0101092256
   -0.0048493459
    0.0073562070
   -0.0111065432
    0.0025906509
    0.0054703920
   -0.0070006877
   -0.0077026104
    0.0027494058
    0.0034862407
   -0.0042130127
   -0.0080025152
    0.0131312458
    0.0023524910
   -0.0038501177
   -0.0106864962
    0.0101835006
   -0.0084669781
    0.0045996050
    0.0059292052
   -0.0082806466
   -0.0067940389
    0.0119010940
    0.0011101450
    0.0018038673
   -0.0084599912
   -0.0115445099
   -0.0019483829
   -0.0141292626
   -0.0012640868
    0.0050792846
   -0.0105855572
    0.0055277294
   -0.0017490435
    0.0035929842
    0.0077197771
   -0.0045060146
   -0.0006157463
    0.0012121258
   -0.0156078556
   -0.0111084758
   -0.0055941442
   -0.0060442829
    0.0044549556
   -0.0066989084
   -0.0028812746
   -0.0034878062
    0.0006093545
   -0.0023627575
   -0.0067348355
   -0.0274885822
   -0.0289451168
   -0.0245067075
   -0.0286917536
   -0.0181212517
   -0.0225786784
   -0.0301666945
   -0.0284046782
   -0.0175751107
   -0.0267049506
   -0.0239775751
   -0.0243850931
   -0.0245458259
   -0.0205870790
   -0.0279948690
   -0.0267615187
   -0.0234841141
   -0.0170756170
   -0.0287393544
   -0.0200939084
   -0.0274617857
   -0.0225537046
   -0.0271434210
   -0.0249182693
   -0.0167044311
   -0.0277231186
   -0.0271768785
   -0.0237251549
   -0.0247380158
   -0.0264731724
   -0.0300871646
   -0.0226225733
   -0.0162102120
   -0.0185883686
   -0.0229445211
   -0.0229506775
   -0.0195735651
   -0.0200629229
   -0.0186481781
   -0.0247248143
   -0.0249735820
   -0.0263751900
   -0.0259658460
   -0.0256498158
   -0.0253890901
   -0.0243710159
   -0.0206442123
   -0.0295760912
   -0.0168343991
   -0.0210589776
   -0.0164170680
   -0.0257652948
   -0.0159687669
   -0.0213907628
   -0.0260792071
   -0.0209637118
   -0.0198448223
   -0.0268274914
   -0.0271362352
   -0.0303076324
   -0.0296438788
   -0.0282205242
   -0.0276969197
   -0.0297771595
   -0.0153311567
   -0.0281022348
   -0.0249513858
   -0.0245826211
   -0.0187179751
   -0.0289239042
   -0.0162516033
   -0.0278945261
   -0.0252997075
   -0.0171079453
   -0.0183401283
   -0.0198143682
   -0.0166763925
   -0.0196420649
   -0.0230570168
   -0.0219896042
   -0.0295812522
   -0.0279628497
   -0.0269953934
   -0.0292376965
   -0.0187168686
   -0.0272549728
   -0.0234561325
   -0.0222292386
   -0.0273928875
    0.0128309503
    0.0169589539
    0.0199737315
    0.0148912678
    0.0086249767
    0.0109324082
    0.0136157802
    0.0208325721
    0.0186121086
    0.0168041742
    0.0086568464
    0.0154731689
    0.0116564910
    0.0137202903
    0.0082016820
    0.0086990586
    0.0198590137
    0.0050727104
    0.0097860965
    0.0124259821
    0.0133519340
    0.0131383700
    0.0135075586
    0.0127866449
    0.0135259117
    0.0133920202
    0.0129042221
    0.0134153184
    0.0137311369
    0.0132002522
    0.0125359868
    0.0128701527
    0.0049685971
    0.0006971839
    0.0045708660
    0.0005333281
   -0.0012867673
    0.0097402301
    0.0119550293
    0.0092163130
   -0.0016571278
    0.0126405820
    0.0063254688
   -0.0058974854
   -0.0016350244
    0.0113204098
    0.0011439562
    0.0134477919
    0.0095204562
    0.0097341091
    0.0090575915
    0.0119299497
    0.0034381729
    0.0072951518
    0.0041233228
    0.0080694859
    0.0022357633
    0.0058381346
    0.0130660472
    0.0089713758
   -0.0050919237
    0.0118296873
    0.0085579634
    0.0127150609
    0.0007724525
    0.0072591546
    0.0109310758
   -0.0002847021
    0.0117794248
    0.0083593771
    0.0103286736
    0.0070950573
    0.0094789336
    0.0128932160
    0.0105929729
    0.0092357595
    0.0014954658
    0.0027687743
    0.0029922931
    0.0123771663
    0.0124731922
    0.0125820541
   -0.0009061882
    0.0116833847
    0.0123102113
    0.0072919794
    0.0066428659
    0.0048564261
   -0.0032484109
    0.0003969495
   -0.0054426117
    0.0126734094
    0.0028479867
    0.0105246757
   -0.0038119067
    0.0127545513
    0.0029647152
    0.0036966319
   -0.0016639494
   -0.0006175938
   -0.0029456946
    0.0043944330
    0.0089124658
    0.0028970966
   -0.0037865566
   -0.0027829675
    0.0014982292
   -0.0057988132
    0.0046665970
    0.0083988115
    0.0049874679
   -0.0038084189
    0.0006332987
    0.0104121489
    0.0036027455
   -0.0017963882
   -0.0038072765
    0.0041813041
    0.0024928617
    0.0010209952
    0.0003396601
   -0.0030144155
   -0.0021579627
   -0.0063127466
    0.0096959840
    0.0092261543
   -0.0069232357
   -0.0051681612
    0.0058091190
    0.0006959977
   -0.0056703627
   -0.0034659364
    0.0030237575
    0.0063853033
    0.0050792366
   -0.0017349425
   -0.0037169163
    0.0075994206
    0.0062455916
   -0.0023008355
   -0.0002886930
    0.0062971466
    0.0060858520
    0.0087854460
   -0.0051029387
   -0.0057535626
    0.0085156281
    0.0011958682
    0.0010390077
    0.0066502856
    0.0080781916
    0.0086192024
   -0.0030798719
   -0.0047939683
   -0.0049463259
   -0.0025242982
   -0.0033804457
    0.0023148191
   -0.0007187763
    0.0033554079
   -0.0001496684
   -0.0002343526
    0.0011537709
    0.0077705456
    0.0094953758
    0.0017899927
    0.0077742059
    0.0040948031
    0.0015394984
    0.0063136788
    0.0005399917
    0.0084404908
   -0.0011850748
    0.0139492003
    0.0100569726
    0.0082623879
    0.0072744822
    0.0040810624
   -0.0041618721
    0.0122116101
    0.0133303672
    0.0022840085
    0.0089929822
    0.0017312352
   -0.0003562198
    0.0097819294
    0.0060792238
    0.0067307467
    0.0057277878
   -0.0000909627
    0.0123027580
    0.0054471953
    0.0134039373
    0.0117686813
    0.0057078058
    0.0133673989
    0.0132516645
    0.0094844429
   -0.0011774707
    0.0133976816
    0.0114133687
    0.0048791157
    0.0070297561
    0.0110011151
    0.0123964283
    0.0050443131
    0.0107271920
    0.0134174933
    0.0124587883
    0.0124582600
    0.0070467549
    0.0006905426
   -0.0044706538
    0.0010753318
    0.0104617801
    0.0037208262
    0.0126927688
   -0.0061916664
    0.0035734851
    0.0108608956
    0.0078718875
    0.0104556388
    0.0040383660
    0.0126988245
   -0.0037789614
    0.0030477996
    0.0124357370
    0.0001617021
    0.0033457384
   -0.0007983809
    0.0080178365
    0.0135501375
   -0.0025140724
    0.0062437711
    0.0041059435
    0.0095073947
    0.0094827268
    0.0005871607
    0.0140331959
   -0.0035938930
    0.0007578629
   -0.0002050867
    0.0099009815
    0.0003828364
    0.0042134999
    0.0109748777
    0.0108166580
    0.0095095365
    0.0062403020
    0.0130928337
   -0.0033028171
    0.0110549826
    0.0109701891
    0.0093162681
    0.0102819619
    0.0011027141
    0.0047085989
    0.0010773082
    0.0139174234
    0.0032509740
    0.0141880706
   -0.0013721736
   -0.0027294691
    0.0066453950
    0.0014815786
    0.0039817294
    0.0088493460
    0.0105743107
    0.0109454853
    0.0106956164
    0.0114862985
    0.0106507326
    0.0111764641
    0.0099556470
    0.0104345888
    0.0098633275
    0.0109442670
   -0.0023329714
   -0.0080063544
   -0.0106245732
   -0.0032369705
   -0.0054585641
   -0.0115861206
    0.0016381067
    0.0014447734
   -0.0039279505
   -0.0068165766
   -0.0054373830
   -0.0088205133
    0.0032835560
   -0.0063333531
   -0.0064978840
   -0.0066530512
   -0.0116264838
   -0.0086344909
   -0.0078625032
    0.0005904919
   -0.0087744691
   -0.0017311509
   -0.0065002692
   -0.0103462465
    0.0031618394
    0.0040344211
    0.0028352769
   -0.0099191952
   -0.0065456688
   -0.0065356268
   -0.0056162969
   -0.0113874192
   -0.0026973229
   -0.0079256972
   -0.0077596845
   -0.0051626949
    0.0025705736
   -0.0066845716
    0.0043908127
   -0.0022441808
   -0.0039396140
   -0.0068654636
   -0.0076348032
    0.0006264116
   -0.0024630556
   -0.0061935522
   -0.0027459319
   -0.0042020718
   -0.0063917964
   -0.0019890976
   -0.0006394371
   -0.0140294774
   -0.0016429527
   -0.0091459070
   -0.0072804668
   -0.0088230247
   -0.0086430130
   -0.0035837920
   -0.0016584294
   -0.0044115788
   -0.0068107196
   -0.0066462900
    0.0031830627
    0.0132161415
    0.0141251008
    0.0139579103
    0.0140063284
    0.0132607221
    0.0137198743
    0.0138966641
    0.0132812863
    0.0149724689
   -0.0052424308
    0.0126643735
    0.0065032233
    0.0109761779
    0.0021822076
    0.0068913843
    0.0039986920
    0.0100224322
   -0.0020074883
    0.0118561873
    0.0140138625
    0.0141263683
   -0.0002443716
    0.0040131001
   -0.0000652016
    0.0168074286
    0.0031825963
    0.0143186270
    0.0057660683
   -0.0052923969
    0.0006697778
    0.0162041291
    0.0132007284
    0.0125699336
    0.0089018746
    0.0061874927
    0.0129455268
   -0.0030152896
    0.0052474125
    0.0140013566
    0.0143694839
   -0.0015856514
    0.0081681022
    0.0086752951
    0.0121797748
    0.0051916317
    0.0134876589
    0.0041515392
   -0.0004879678
    0.0101196983
    0.0136950089
    0.0111373297
    0.0068844076
    0.0137795772
    0.0090806881
    0.0129333119
    0.0007078313
    0.0027898748
    0.0156624686
    0.0118261606
    0.0041525883
    0.0079396302
    0.0029916113
    0.0110147226
    0.0039862620
    0.0097980474
    0.0008231109
    0.0006319118
    0.0060144178
    0.0112041273
    0.0039472465
    0.0004765930
    0.0144413130
    0.0066772202
   -0.0009416439
   -0.0060362066
   -0.0037760755
   -0.0037440499
    0.0104039710
    0.0113574673
    0.0056609619
    0.0093314971
    0.0111835799
    0.0112066516
    0.0156648111
    0.0023643472
   -0.0021101105
   -0.0027837447
   -0.0074308447
   -0.0123138542
   -0.0068146947
   -0.0007434595
   -0.0012061967
   -0.0019145898
   -0.0046072912
   -0.0065956084
   -0.0038046121
   -0.0014472086
   -0.0064947653
   -0.0064388574
   -0.0038497136
   -0.0038380342
   -0.0054586697
   -0.0001539301
   -0.0026416278
   -0.0061260190
   -0.0066949999
   -0.0063903989
    0.0158288267
    0.0153542295
    0.0165468066
    0.0149480299
    0.0162191700
    0.0150036637
    0.0156467100
    0.0157029999
    0.0152857073
    0.0155653193
    0.0155997819
    0.0070563174
   -0.0002102835
    0.0112914539
   -0.0070434115
   -0.0043928840
   -0.0049472869
   -0.0111880625
   -0.0051957666
   -0.0108032292
   -0.0042895908
    0.0063319172
   -0.0063509055
   -0.0130497474
   -0.0115503716
   -0.0057357343
   -0.0072732949
    0.0028961355
   -0.0001681202
   -0.0038535286
    0.0036906164
    0.0007640672
    0.0060993890
   -0.0059456327
   -0.0096480694
   -0.0105180470
   -0.0067686870
   -0.0078556338
    0.0144761190
   -0.0036177242
    0.0066824931
    0.0007329581
    0.0062876147
    0.0011451921
   -0.0099689974
   -0.0120458612
    0.0054499275
   -0.0134871961
   -0.0028911611
   -0.0018513397
    0.0090527332
   -0.0017405164
   -0.0013548889
   -0.0082549450
    0.0091975387
    0.0012635841
   -0.0101878764
   -0.0101772222
   -0.0005206829
   -0.0105616800
   -0.0111691646
   -0.0039589072
    0.0063041820
    0.0002332536
   -0.0092944146
   -0.0016980225
   -0.0010102602
   -0.0096239851
    0.0130604405
   -0.0062084153
    0.0057383812
    0.0098929222
    0.0022333142
    0.0019431547
   -0.0088189577
    0.0031138040
    0.0087381438
   -0.0039402464
   -0.0103365047
    0.0008669250
    0.0047739957
   -0.0023984253
   -0.0114511019
   -0.0095146192
   -0.0104021355
   -0.0133551388
   -0.0074007844
    0.0039608684
   -0.0097259175
   -0.0046128408
    0.0016344630
    0.0074226923
   -0.0048396650
   -0.0111124594
   -0.0042509401
    0.0038728605
   -0.0082647792
   -0.0052916514
   -0.0004882934
    0.0058215663
    0.0017277486
    0.0071997941
   -0.0090506388
    0.0025626881
   -0.0066603193
   -0.0039321481
    0.0153613689
    0.0074611555
   -0.0125348545
   -0.0042349511
   -0.0039709430
    0.0029195355
   -0.0048133238
   -0.0177643741
   -0.0173687245
   -0.0243214392
   -0.0236958866
   -0.0204208913
   -0.0214552958
   -0.0220534181
   -0.0208771048
   -0.0224232150
   -0.0252561171
   -0.0254140101
   -0.0183437213
   -0.0236830831
   -0.0215354691
   -0.0205228018
   -0.0146521720
   -0.0154645807
   -0.0239218719
   -0.0208018492
   -0.0154075243
   -0.0247371227
   -0.0228089830
   -0.0216392657
   -0.0139116873
   -0.0165351787
   -0.0219146817
   -0.0183066664
   -0.0205724996
   -0.0139008918
   -0.0152857870
   -0.0252076975
   -0.0171977568
   -0.0159612336
   -0.0182543656
   -0.0230690226
   -0.0164662048
   -0.0233848314
   -0.0197896925
   -0.0233235486
   -0.0137598954
   -0.0203242101
   -0.0198256233
   -0.0177469326
   -0.0212450977
   -0.0230816502
   -0.0176609741
   -0.0146617032
   -0.0238200126
   -0.0219683630
   -0.0200133533
   -0.0143565236
   -0.0242194533
   -0.0175696281
   -0.0227111129
   -0.0177502711
   -0.0158226855
   -0.0235178899
   -0.0222278795
   -0.0216105454
   -0.0243488015
   -0.0185299670
   -0.0228138704
   -0.0164610204
   -0.0170368269
   -0.0196282324
   -0.0153825921
   -0.0241086454
   -0.0236706214
   -0.0242913866
   -0.0191430548
   -0.0252868515
   -0.0202674750
   -0.0187496609
   -0.0247178048
   -0.0189157848
   -0.0157773087
   -0.0190333089
   -0.0213222270
   -0.0229896719
   -0.0227037661
   -0.0203707637
   -0.0146528257
   -0.0225135381
   -0.0175928319
   -0.0239335616
   -0.0159465462
   -0.0154884557
   -0.0202720851
   -0.0204329665
   -0.0250356431
   -0.0225084255
   -0.0182870160
   -0.0245521084
   -0.0154205810
   -0.0188231376
   -0.0211068081
   -0.0246715640
   -0.0160803370
   -0.0195568729
   -0.0170135997
   -0.0251822259
   -0.0173186568
   -0.0197121009
   -0.0198795165
   -0.0247926829
   -0.0240122751
   -0.0199099641
    0.0155120107
    0.0146253054
    0.0134614270
    0.0149573776
    0.0090959616
    0.0136775860
    0.0101624184
    0.0128308196
    0.0100165270
    0.0122710315
    0.0174305432
    0.0085759841
    0.0109075155
    0.0138692172
   -0.0012199781
    0.0019311984
    0.0043246590
    0.0115908802
    0.0081469662
    0.0067480349
   -0.0005688889
    0.0033749113
    0.0070206262
   -0.0036396101
    0.0107857738
    0.0001348686
   -0.0021697354
    0.0042612352
    0.0099879181
   -0.0031326406
    0.0012552388
    0.0083935721
    0.0028361177
    0.0070232337
    0.0065584689
    0.0001085956
    0.0023416126
    0.0009825150
    0.0111692695
    0.0113990971
   -0.0011601754
    0.0086291144
    0.0102126846
    0.0088889714
   -0.0024788566
    0.0051976949
    0.0095663189
    0.0080742908
    0.0066889937
    0.0106269141
   -0.0016301750
    0.0001969855
    0.0027522963
    0.0013858676
    0.0057272659
   -0.0019014708
    0.0116015664
   -0.0003387895
    0.0008316183
    0.0099970047
    0.0074831814
    0.0105708404
    0.0109677660
    0.0074813194
    0.0111520111
    0.0078022023
    0.0018369299
    0.0063802840
    0.0107669613
    0.0111539566
    0.0112619088
    0.0113899765
    0.0092189700
    0.0051237086
    0.0116151651
    0.0098458071
    0.0090721851
    0.0097587183
    0.0095124401
    0.0108588034
    0.0096227150
   -0.0027476117
    0.0106449224
   -0.0026713500
    0.0087017835
    0.0116090033
    0.0108372970
    0.0047698862
    0.0036397735
    0.0019664392
    0.0012887012
    0.0076737890
    0.0092936199
    0.0012372807
    0.0075106794
    0.0091564372
    0.0085293426
    0.0106399981
    0.0026770811
    0.0020086842
   -0.0005976300
    0.0037616980
    0.0028361930
    0.0015083865
    0.0003457384
    0.0078479606
    0.0016207833
    0.0093172645
    0.0105682471
    0.0010109154
   -0.0032474303
    0.0029431240
    0.0018631563
    0.0098263461
    0.0060554780
    0.0102817956
    0.0006885837
    0.0089804164
    0.0106215354
    0.0052728735
   -0.0036942628
    0.0048779479
    0.0060254785
    0.0107733284
    0.0079893503
   -0.0009892313
   -0.0016032659
    0.0102250511
    0.0092542659
    0.0099135271
    0.0107274917
   -0.0013252333
    0.0115096387
    0.0040946868
    0.0039342458
    0.0083385107
    0.0062698444
    0.0114931422
   -0.0032935468
    0.0036091592
    0.0030462442
    0.0046052900
    0.0080214412
    0.0116588333
    0.0103768341
    0.0075353464
    0.0029478385
    0.0032867890
    0.0086574847
    0.0058116826
    0.0005832475
   -0.0047397833
    0.0074123882
    0.0038186487
   -0.0045658641
    0.0056818970
    0.0002899107
    0.0083604080
    0.0023091148
    0.0068716629
    0.0070033078
   -0.0040077404
    0.0044575126
    0.0090413094
   -0.0022030240
    0.0018669938
   -0.0027615892
    0.0024809446
   -0.0023539347
    0.0099969092
    0.0075375229
    0.0076757769
    0.0061245369
    0.0009102150
    0.0010801878
   -0.0042172340
    0.0021876444
    0.0062736719
    0.0103715886
   -0.0015111304
    0.0056633982
   -0.0024414515
   -0.0017171950
    0.0080393036
    0.0046390222
    0.0084636287
    0.0041091680
    0.0046581964
    0.0074923560
    0.0047554011
    0.0034540108
    0.0018624578
    0.0068951576
   -0.0008186683
    0.0084943930
    0.0073317507
    0.0037150580
   -0.0012453778
    0.0011109911
   -0.0036170471
    0.0047900957
   -0.0001281255
    0.0049853763
    0.0010632145
    0.0077635871
    0.0069772821
    0.0045829047
    0.0005458986
    0.0019232577
    0.0095217331
   -0.0034140864
    0.0042853701
   -0.0000364083
    0.0018190812
    0.0040981914
    0.0091930414
    0.0103548765
    0.0005295044
    0.0003479292
    0.0040047894
    0.0059558686
    0.0040095433
    0.0039189780
    0.0042361866
    0.0059705263
   -0.0002173152
   -0.0031868778
    0.0027422091
   -0.0000189647
    0.0065254608
    0.0053054056
    0.0021622331
   -0.0045664305
    0.0082038266
   -0.0031204344
    0.0067475693
    0.0028675424
    0.0006459869
   -0.0010563590
    0.0016008527
    0.0030679502
   -0.0000035662
    0.0044816823
    0.0005884252
   -0.0037274440
    0.0079556084
    0.0077223394
    0.0098650280
    0.0077560377
    0.0000354425
    0.0090699341
   -0.0020731702
    0.0006098184
    0.0030061562
   -0.0026644117
   -0.0004871076
    0.0091611210
    0.0081273530
    0.0090181905
    0.0045765213
   -0.0008568702
    0.0100995147
    0.0106368915
    0.0058443285
    0.0108889671
    0.0093202115
   -0.0006796854
    0.0047077994
   -0.0024149739
    0.0092411188
   -0.0037079162
    0.0045028253
    0.0078182756
    0.0121145158
    0.0108643142
    0.0073977982
    0.0085871121
    0.0089394131
    0.0072598812
    0.0104436131
    0.0067522827
    0.0039726913
    0.0082485816
   -0.0000041485
    0.0085583630
   -0.0023760539
    0.0064781435
    0.0029868317
    0.0110835686
    0.0112183475
    0.0110751435
    0.0102486099
    0.0032235899
    0.0045113502
    0.0049975679
    0.0100387997
    0.0042162687
    0.0120305960
   -0.0036288218
    0.0120480076
    0.0042768663
    0.0058807497
    0.0037261786
    0.0037461896
    0.0116707869
    0.0013687702
   -0.0002915743
    0.0031682104
    0.0061999677
    0.0110357635
   -0.0019852690
    0.0095439590
    0.0107858991
    0.0098456292
    0.0086131481
    0.0111708501
    0.0026302799
    0.0072787002
    0.0099206674
    0.0118895949
    0.0019326622
    0.0058244373
    0.0113049005
    0.0083839305
    0.0021255294
    0.0036155148
    0.0014033690
    0.0006057885
    0.0111811617
    0.0096793516
    0.0108821946
    0.0061648928
    0.0108942121
   -0.0020931414
    0.0115083573
    0.0116504510
   -0.0000807548
    0.0100906421
    0.0125211035
   -0.0046557674
    0.0112841963
    0.0022224053
    0.0015387004
    0.0067593797
    0.0094469992
    0.0110516830
    0.0102376633
    0.0085212263
    0.0049635433
    0.0095966020
    0.0096037249
    0.0001512705
    0.0039610688
    0.0087650374
   -0.0020270203
    0.0116853097
    0.0099861548
    0.0048223773
    0.0119814251
    0.0073770783
    0.0099381430
    0.0108772316
   -0.0034286016
    0.0097862943
    0.0117977855
   -0.0020086638
   -0.0014778094
    0.0057598908
    0.0114870218
    0.0036046224
    0.0118668628
    0.0090415561
    0.0101543125
    0.0064806047
   -0.0024867977
    0.0101564054
   -0.0023434396
    0.0047311787
    0.0101071230
   -0.0009495661
    0.0010986973
   -0.0008819829
    0.0051117207
   -0.0009133636
    0.0024348806
    0.0086795824
    0.0117023681
    0.0026707757
    0.0082236670
    0.0123114203
    0.0062040274
   -0.0042912515
    0.0123488874
    0.0110308832
    0.0058068160
    0.0105660704
    0.0119458844
    0.0066169854
   -0.0061120576
   -0.0065506572
   -0.0057030668
   -0.0035545084
    0.0030168477
   -0.0056888621
   -0.0053162261
   -0.0056584595
   -0.0051563635
   -0.0024073443
   -0.0089825968
   -0.0051709965
    0.0006518769
   -0.0075381124
   -0.0005549366
   -0.0018636218
   -0.0036848259
   -0.0021803032
   -0.0068254532
   -0.0069790643
   -0.0020834253
   -0.0046560970
   -0.0021199384
   -0.0019131188
   -0.0060713986
   -0.0081513136
    0.0036677376
    0.0001228338
   -0.0057213905
   -0.0049109183
   -0.0045920597
    0.0001375657
   -0.0054667077
   -0.0040544313
   -0.0092199120
   -0.0067301306
   -0.0059959953
   -0.0042891473
   -0.0093282541
   -0.0008893089
   -0.0052979234
   -0.0036374556
   -0.0078808382
   -0.0062331120
   -0.0049156737
   -0.0076457264
   -0.0063598019
   -0.0042899658
   -0.0040083148
   -0.0062185483
   -0.0090223919
   -0.0060804917
   -0.0057618665
   -0.0049872981
   -0.0031885963
   -0.0052833802
   -0.0073178837
   -0.0107444652
   -0.0037123773
   -0.0063718871
   -0.0074490848
   -0.0010090017
   -0.0053241739
   -0.0104546000
   -0.0108855229
   -0.0004516535
   -0.0060911021
   -0.0048908820
   -0.0093054513
   -0.0009275348
   -0.0010217340
   -0.0053529961
   -0.0057152719
   -0.0084740245
    0.0011261819
   -0.0078663375
   -0.0071889181
   -0.0097660857
   -0.0037070570
   -0.0043087629
    0.0021874521
   -0.0050782239
    0.0013367100
   -0.0072216289
   -0.0076669640
   -0.0115955252
   -0.0082369792
    0.0020717148
   -0.0071092008
   -0.0059863723
   -0.0058261243
   -0.0036068929
    0.0020793414
   -0.0009600284
    0.0018000955
    0.0072460946
    0.0141958721
    0.0125187357
    0.0029561062
    0.0041789267
    0.0001993645
    0.0057156916
    0.0122625576
    0.0047031242
    0.0016838204
    0.0137822968
    0.0115081123
    0.0033017339
    0.0124360932
    0.0081337909
    0.0120519068
   -0.0011539792
    0.0016128792
    0.0005535325
    0.0140704450
    0.0116542863
    0.0018275273
    0.0080319428
    0.0104952289
    0.0086531026
    0.0121229768
    0.0012818225
    0.0106287473
    0.0078131284
    0.0004157212
    0.0110234753
    0.0134411394
    0.0131613345
    0.0019589677
    0.0046589438
    0.0006905952
   -0.0002756118
   -0.0042568488
    0.0080984957
    0.0137269239
    0.0124974010
    0.0080700263
    0.0022255140
    0.0076717726
    0.0136553195
    0.0057003434
    0.0011341282
    0.0107780599
    0.0127947650
    0.0131364227
   -0.0025356311
    0.0126006163
    0.0071131813
    0.0122229166
    0.0003061234
    0.0124574363
   -0.0041843542
    0.0066911534
    0.0010536973
    0.0138658176
    0.0129411553
    0.0050647676
    0.0113202060
    0.0137028483
   -0.0035746929
    0.0068143162
    0.0140213710
    0.0082459327
    0.0083509483
    0.0094830184
   -0.0020392105
    0.0066235729
    0.0127180689
    0.0048709527
    0.0047090288
    0.0068903629
   -0.0020623719
    0.0083862234
    0.0094004692
    0.0119225928
   -0.0015801017
   -0.0021256276
    0.0044902603
    0.0134251676
    0.0087578232
    0.0109456230
    0.0002664975
    0.0078615982
   -0.0035767697
    0.0079997281
    0.0040013681
   -0.0009109535
    0.0108400949
    0.0130034272
    0.0019048259
   -0.0005004891
    0.0015278336
    0.0122689486
   -0.0051946642
   -0.0054954690
   -0.0039373544
   -0.0046833758
   -0.0034804193
   -0.0042683806
   -0.0046706617
   -0.0029471987
   -0.0040770730
   -0.0051834328
   -0.0049394087
    0.0000117637
   -0.0045348367
   -0.0014085553
   -0.0050368454
    0.0057696473
   -0.0025010556
    0.0000662275
   -0.0097984026
   -0.0102740448
   -0.0027354560
    0.0063625550
   -0.0011856904
   -0.0082184239
    0.0016708003
    0.0027188697
    0.0004421331
    0.0101081406
   -0.0027289018
   -0.0055008830
    0.0037925983
   -0.0090929279
   -0.0050143210
   -0.0004801930
    0.0094350411
   -0.0121170104
   -0.0010998190
   -0.0060778802
    0.0033554433
    0.0014787150
   -0.0069012396
    0.0030010161
   -0.0085757969
    0.0032241466
    0.0086519937
   -0.0061058002
   -0.0031525644
   -0.0009669955
    0.0122085192
    0.0004528203
   -0.0056207036
    0.0000440323
   -0.0106305353
   -0.0030574263
    0.0042299810
   -0.0073747660
   -0.0027192218
    0.0068034819
    0.0100540380
   -0.0013033404
   -0.0119060834
   -0.0033293553
   -0.0031808986
    0.0025029020
    0.0101330002
   -0.0118911654
    0.0087128338
   -0.0030506604
    0.0042587171
   -0.0067995672
    0.0048638834
   -0.0116764670
   -0.0014567850
   -0.0074830101
    0.0049399834
    0.0086016229
    0.0078971368
    0.0070395914
   -0.0091538834
   -0.0106281453
   -0.0025831658
   -0.0039428313
   -0.0055611166
    0.0043865867
   -0.0087326016
    0.0086642769
   -0.0064601725
   -0.0082369434
    0.0054474819
   -0.0008437036
    0.0066011438
   -0.0038296403
   -0.0008633521
   -0.0114628139
   -0.0023437993
   -0.0095566418
   -0.0081559334
    0.0012024864
   -0.0102262552
   -0.0001852089
    0.0038174207
   -0.0022550363
   -0.0055154974
   -0.0048014272
    0.0072555585
    0.0076072380
   -0.0107492832
    0.0094055823
    0.0019027951
    0.0095253434
    0.0090434408
   -0.0083169097
   -0.0010386478
   -0.0035613215
   -0.0026559608
   -0.0007695593
   -0.0108639438
    0.0022579243
   -0.0097172698
   -0.0109092789
   -0.0121731022
    0.0058818001
   -0.0038362219
    0.0107005068
    0.0033518868
    0.0036783601
    0.0042768688
   -0.0053829400
   -0.0073842260
   -0.0066354549
    0.0091005697
    0.0034792122
    0.0095328654
   -0.0104949328
   -0.0000695402
   -0.0062389290
   -0.0047823401
   -0.0059989832
    0.0085946635
   -0.0098683030
   -0.0073182919
   -0.0013429579
   -0.0120807041
   -0.0056358011
    0.0113823599
    0.0105469222
    0.0099883118
   -0.0025138122
   -0.0096256729
    0.0081682986
    0.0072218616
   -0.0005025708
   -0.0045043792
    0.0055201932
    0.0017692422
   -0.0022359662
   -0.0012940700
    0.0125943463
    0.0008679465
    0.0080186051
   -0.0023447150
   -0.0047144212
   -0.0115338705
   -0.0147274436
   -0.0171432061
   -0.0167797540
   -0.0200651118
   -0.0201395860
   -0.0132179475
   -0.0173459707
   -0.0208158108
   -0.0184300952
   -0.0170896310
   -0.0196041535
   -0.0124184456
   -0.0208295822
   -0.0155316942
   -0.0175637732
   -0.0195316724
   -0.0167341682
   -0.0159617783
   -0.0186652165
   -0.0135361262
   -0.0180960899
   -0.0140070187
   -0.0202344337
   -0.0203101976
   -0.0194238879
   -0.0169844856
   -0.0206149874
   -0.0186454079
   -0.0183231995
   -0.0188985558
   -0.0138297815
   -0.0150360483
   -0.0139044300
   -0.0154882968
   -0.0176716331
   -0.0214616754
   -0.0166863875
   -0.0173112977
   -0.0213404011
   -0.0208573138
   -0.0199408394
   -0.0206652640
   -0.0210948408
   -0.0124850339
   -0.0195214266
   -0.0138175516
   -0.0131083121
   -0.0165683531
   -0.0197635628
   -0.0138718657
   -0.0149659079
   -0.0146847147
   -0.0188666482
   -0.0183428094
   -0.0135968914
   -0.0202920544
   -0.0202479483
   -0.0122949031
   -0.0201378839
   -0.0182566411
   -0.0156267162
   -0.0164445338
   -0.0165654678
   -0.0166319552
   -0.0187737587
   -0.0135768093
   -0.0164474878
   -0.0128056976
   -0.0169960920
   -0.0210339552
   -0.0146444432
   -0.0213449618
   -0.0204118004
   -0.0146688314
   -0.0182209835
   -0.0216306358
   -0.0188328997
   -0.0210470739
   -0.0145108072
   -0.0163402505
   -0.0153935979
   -0.0213125001
   -0.0178064897
   -0.0203469625
   -0.0153815911
   -0.0147052226
   -0.0202097308
   -0.0165420640
   -0.0160263914
   -0.0142150967
   -0.0119453105
   -0.0188273899
   -0.0179725096
   -0.0168612778
   -0.0132555925
   -0.0180703893
   -0.0169604219
   -0.0162771330
   -0.0205236665
   -0.0174251722
   -0.0178740326
   -0.0204568564
   -0.0170197244
   -0.0174712343
   -0.0202270556
   -0.0133309347
   -0.0130075982
   -0.0131967568
   -0.0200280470
   -0.0161505129
   -0.0131567899
   -0.0133918356
   -0.0173650270
   -0.0151386913
   -0.0146945536
   -0.0154134819
   -0.0127964493
   -0.0207312254
   -0.0173721013
   -0.0177196687
   -0.0166788164
   -0.0212260849
   -0.0211295356
   -0.0127588072
   -0.0215488764
   -0.0148053746
   -0.0190417861
   -0.0141804007
   -0.0185506724
   -0.0195900114
   -0.0147265119
   -0.0143329647
   -0.0179439000
   -0.0203543281
   -0.0144507709
   -0.0165116361
   -0.0147610310
   -0.0192996556
   -0.0188713769
