    0.0069841351
    0.0018956347
    0.0072808084
   -0.0045003872
   -0.0122998943
    0.0051314708
    0.0011432712
    0.0065374658
   -0.0010650348
    0.0037691165
   -0.0116496892
   -0.0008459133
    0.0028973759
    0.0062789845
    0.0074038376
    0.0040520749
    0.0063637945
    0.0055733731
    0.0070155624
   -0.0052430749
    0.0023423809
    0.0019211195
    0.0055787935
    0.0010810873
   -0.0038659765
    0.0077278013
   -0.0001427886
    0.0086802925
   -0.0048478328
   -0.0028589617
    0.0001531089
    0.0005005287
    0.0073772934
    0.0047564889
    0.0058200758
    0.0079253153
    0.0033644838
   -0.0204281087
   -0.0032112997
   -0.0109686093
   -0.0201158395
    0.0080746466
   -0.0091701047
    0.0048234145
    0.0112246466
   -0.0085548267
    0.0092397549
   -0.0067883765
   -0.0024190028
    0.0076728102
   -0.0110212061
    0.0078100765
    0.0076699550
   -0.0207657826
   -0.0110177877
   -0.0161817820
    0.0090404035
   -0.0004302153
    0.0088029651
   -0.0151074013
    0.0066927051
   -0.0150869706
   -0.0147071924
    0.0004690760
   -0.0017675531
    0.0094971668
    0.0017871953
   -0.0072528385
    0.0079265831
    0.0041162056
    0.0047673066
    0.0063212932
   -0.0036543640
    0.0098945379
   -0.0073070482
    0.0063975219
    0.0058733773
   -0.0070898014
   -0.0008385976
    0.0077570571
    0.0077059010
   -0.0105873801
    0.0078517411
   -0.0004313400
    0.0088569381
   -0.0011719496
    0.0069104941
   -0.0104273168
   -0.0146057484
    0.0109040245
   -0.0069464739
    0.0073840871
   -0.0014885478
   -0.0374104111
   -0.0253106375
   -0.0296011808
   -0.0367646679
   -0.0248264027
   -0.0348734611
   -0.0354366539
   -0.0323949218
   -0.0365627936
   -0.0289667557
   -0.0177407111
   -0.0254225845
   -0.0335221916
   -0.0195803142
   -0.0391072722
   -0.0297287444
   -0.0352511333
   -0.0364745943
   -0.0369904947
   -0.0324182075
   -0.0254830907
   -0.0309280119
   -0.0193549340
   -0.0363495785
   -0.0340043353
   -0.0377715790
   -0.0272103898
   -0.0385939142
   -0.0380834258
   -0.0262077364
   -0.0226370516
   -0.0340056578
   -0.0293444116
   -0.0276615433
   -0.0293911267
   -0.0303017811
   -0.0376921134
   -0.0266301598
   -0.0265511397
   -0.0382119090
   -0.0298498360
    0.0095827397
    0.0059523616
    0.0103890696
    0.0120337854
    0.0084833642
    0.0063905810
    0.0095944187
   -0.0000624654
    0.0026270413
    0.0101405558
    0.0073886788
    0.0090277322
    0.0042079801
    0.0083087098
    0.0024542560
    0.0119866154
    0.0090662400
    0.0103225799
    0.0035661673
    0.0098674523
    0.0106697607
    0.0087055285
    0.0023017073
    0.0114152574
    0.0091084810
    0.0031886664
    0.0108545044
    0.0113131417
    0.0045724399
    0.0097950443
    0.0090451459
    0.0070559144
    0.0067865019
    0.0116011543
    0.0082089220
    0.0084951681
    0.0088446280
    0.0100851778
    0.0099705502
    0.0017292349
   -0.0100873386
    0.0084025608
   -0.0227620223
    0.0102647138
   -0.0050104676
   -0.0027971899
   -0.0067231406
    0.0122891269
   -0.0037431127
   -0.0216230215
    0.0092917231
   -0.0233380566
   -0.0047027708
   -0.0059876453
    0.0061804337
    0.0015941580
    0.0046313997
    0.0027357384
    0.0011323805
    0.0083656081
    0.0037370604
    0.0016331117
   -0.0001877357
   -0.0002866122
    0.0021924301
    0.0000577870
    0.0002689575
    0.0014358717
    0.0085870382
    0.0077700591
    0.0018455938
    0.0030972894
    0.0022384405
    0.0003571738
   -0.0002815782
    0.0016075860
    0.0072705535
    0.0014019850
   -0.0002720261
    0.0011762238
    0.0014698747
    0.0015053113
    0.0014837364
    0.0007421026
   -0.0002601079
    0.0039985720
    0.0042308840
    0.0003795846
    0.0023008625
    0.0012169276
    0.0003150183
    0.0013990927
    0.0047141566
    0.0024779290
    0.0009408502
    0.0047296589
    0.0013652026
    0.0009411973
    0.0006689023
    0.0047721386
    0.0017878277
    0.0043463955
    0.0005853605
    0.0101125000
    0.0005563796
    0.0053671621
    0.0005713065
    0.0011073527
    0.0009582209
    0.0027432952
    0.0005552094
    0.0018117178
   -0.0003197214
    0.0013321394
    0.0062573958
   -0.0001200700
    0.0028880960
    0.0059375007
    0.0028122867
    0.0022809198
   -0.0003569259
    0.0049030185
    0.0030126063
    0.0007496287
   -0.0001800445
    0.0000534649
    0.0021471420
    0.0003893039
   -0.0002052965
    0.0014687923
    0.0006161892
    0.0007388943
    0.0015660268
    0.0004331344
   -0.0003306400
    0.0008120032
   -0.0003380478
    0.0002155640
   -0.0001121237
    0.0045211029
    0.0003449931
    0.0021677862
   -0.0039785737
    0.0058997137
    0.0001670877
   -0.0106641557
   -0.0062893547
   -0.0127038363
    0.0046101210
    0.0003459865
    0.0029909979
    0.0075421681
   -0.0138393397
   -0.0041172318
    0.0078830072
    0.0007896891
   -0.0154560461
    0.0012517908
    0.0053015534
    0.0073470575
    0.0040250381
    0.0076690954
   -0.0032731437
    0.0010097170
    0.0009406145
    0.0071187994
    0.0012431666
   -0.0008106005
   -0.0005308413
   -0.0057178339
    0.0004714714
    0.0040200683
    0.0020996152
    0.0011763161
   -0.0043080723
    0.0006664399
   -0.0145044638
    0.0019104213
    0.0022580473
   -0.0089680806
   -0.0025054603
   -0.0022869794
    0.0032622032
    0.0035934579
    0.0035023949
    0.0024860763
   -0.0067839309
   -0.0174501995
    0.0040639392
    0.0084772774
    0.0090558870
    0.0107468073
    0.0111860654
    0.0090429127
    0.0055044711
    0.0060332253
    0.0116703974
    0.0093446707
    0.0099228704
    0.0038791966
    0.0065484790
    0.0128529477
    0.0123001036
    0.0045385835
    0.0130163833
    0.0048723865
    0.0105275831
    0.0094993545
    0.0117851375
    0.0054496159
    0.0135898445
    0.0122515831
    0.0125754976
    0.0068865926
    0.0067250972
    0.0099331309
    0.0062487542
    0.0071956022
    0.0081708729
    0.0127425287
    0.0067896627
    0.0010993757
   -0.0051716546
    0.0026733133
    0.0034962324
   -0.0119344194
   -0.0051493673
    0.0033449536
   -0.0076106598
   -0.0000446598
    0.0042525938
   -0.0101596425
    0.0000950818
   -0.0111034428
    0.0027442073
   -0.0091676714
    0.0015705132
    0.0035987386
    0.0011956980
   -0.0184952716
    0.0014743383
    0.0021876212
    0.0032515852
    0.0028555466
    0.0041384931
    0.0069622669
    0.0087796864
    0.0112107150
    0.0057304338
    0.0077875682
    0.0082460771
    0.0095602782
    0.0069980419
    0.0093849330
    0.0111694095
    0.0075736112
    0.0074442111
    0.0044916875
    0.0124449326
    0.0043399924
    0.0074822988
    0.0132233938
    0.0102167598
    0.0050494973
    0.0098143995
    0.0112185147
    0.0039708886
    0.0075723497
    0.0133095867
    0.0045253927
    0.0090807728
    0.0145582401
    0.0121098850
    0.0083021723
    0.0086448503
    0.0075300301
    0.0119560469
    0.0044015658
    0.0126097921
    0.0060797702
    0.0084768660
    0.0095324031
    0.0057857841
    0.0072339363
    0.0098913142
    0.0066487055
    0.0087739560
    0.0033423891
   -0.0008004809
    0.0028747331
    0.0043658378
    0.0037677108
    0.0009197845
   -0.0007975560
   -0.0029913751
   -0.0037016527
   -0.0034072508
   -0.0064619925
   -0.0023189817
   -0.0058671850
   -0.0031940246
    0.0049293446
    0.0003399877
    0.0001256127
   -0.0084395997
    0.0004791685
    0.0023019782
    0.0033616030
   -0.0193070126
    0.0044312018
   -0.0041116796
    0.0038234424
   -0.0060135819
   -0.0013668365
    0.0041107147
   -0.0011766634
    0.0015089584
    0.0063650155
    0.0067759457
    0.0018101203
   -0.0184395531
    0.0106930320
    0.0015695478
    0.0048896219
   -0.0102187123
   -0.0002542586
    0.0068798123
    0.0068559083
   -0.0038985341
    0.0050890886
    0.0051315559
   -0.0136695907
    0.0073527478
    0.0060766471
    0.0078701839
   -0.0041588384
    0.0042468800
    0.0053516719
   -0.0022009981
    0.0049618691
   -0.0061769601
   -0.0056872163
   -0.0043952969
    0.0082798329
    0.0050337914
    0.0031052206
    0.0012117894
    0.0021958071
   -0.0138889366
    0.0049656340
    0.0048354937
   -0.0001413559
   -0.0023058400
    0.0007920930
   -0.0207891295
   -0.0194894165
   -0.0041106391
    0.0030923398
   -0.0015751488
    0.0055395019
    0.0065658744
    0.0066551076
   -0.0054108666
   -0.0047612193
   -0.0066117674
    0.0040417259
    0.0105672995
   -0.0092036862
    0.0032445380
    0.0029627922
   -0.0130906145
    0.0056106053
    0.0069360563
    0.0070781206
    0.0062112386
   -0.0043836649
    0.0084824298
    0.0035682688
    0.0072700255
    0.0058956502
   -0.0104665204
    0.0011385515
    0.0038014664
   -0.0062578826
   -0.0154416045
    0.0043739187
    0.0066264853
    0.0061588808
    0.0051690745
    0.0026727073
   -0.0169926686
   -0.0026227578
    0.0012877034
   -0.0015338038
   -0.0284081867
   -0.0258369322
   -0.0291210039
   -0.0222507774
   -0.0250398377
   -0.0282977429
   -0.0237233907
   -0.0223435111
   -0.0255076734
   -0.0210063071
   -0.0211066161
   -0.0296612637
   -0.0190613889
   -0.0230673536
   -0.0270205845
   -0.0277831579
   -0.0270998196
   -0.0244909372
   -0.0205790403
   -0.0292476656
   -0.0242710159
    0.0074006510
    0.0018091033
    0.0065878915
    0.0078760436
    0.0034721298
    0.0074709600
    0.0049405925
    0.0047733476
    0.0027245887
    0.0092547838
    0.0047569266
    0.0034105340
    0.0070871335
    0.0054633512
    0.0032233180
    0.0083558082
    0.0057840080
    0.0072348730
    0.0052287817
    0.0104404274
    0.0067346821
    0.0018001563
    0.0062496304
    0.0044586628
    0.0090363180
    0.0044858700
    0.0052291010
   -0.0127840510
   -0.0049640734
   -0.0166237735
   -0.0132728923
    0.0082493288
   -0.0018850634
    0.0076919617
    0.0070266462
    0.0023557461
    0.0075670191
   -0.0001508913
    0.0005745701
   -0.0010819548
    0.0066879737
   -0.0007413463
    0.0042968416
    0.0028387189
    0.0001610716
    0.0008461688
    0.0005890956
    0.0100480828
    0.0002887440
    0.0009931136
    0.0001525431
    0.0019592215
    0.0025207247
    0.0028065498
   -0.0069675415
    0.0000794943
    0.0015479411
    0.0006284549
    0.0035225980
    0.0009521970
    0.0028774574
    0.0012090012
    0.0001972186
    0.0001121629
    0.0014196019
   -0.0001943792
    0.0023279031
    0.0004053938
    0.0030464108
    0.0036219483
    0.0007297599
    0.0010547982
    0.0093724837
    0.0017758472
    0.0013088355
    0.0039271449
    0.0001126418
    0.0016907899
    0.0025440379
    0.0001174430
    0.0023731100
    0.0031898422
    0.0020162657
    0.0030551286
    0.0038775394
   -0.0003736376
    0.0000960667
    0.0049412175
    0.0017280160
    0.0009463602
    0.0013717595
    0.0031517623
    0.0025379535
    0.0015680115
    0.0018774235
    0.0002653300
    0.0053051136
    0.0021949495
    0.0049377301
    0.0000469979
    0.0020566554
    0.0032609349
    0.0033331772
    0.0001713400
    0.0000470947
    0.0043931504
    0.0005890385
    0.0038724061
   -0.0000705912
    0.0011046291
    0.0006123935
    0.0042322338
    0.0046355514
    0.0002967163
    0.0003713476
    0.0028262169
    0.0004448682
    0.0030467141
    0.0007727295
    0.0000664061
    0.0010179514
    0.0039120985
   -0.0052955410
    0.0028870490
    0.0025296073
    0.0015929898
    0.0027240327
    0.0013959378
    0.0012657814
   -0.0002053994
    0.0000801999
    0.0021719352
    0.0028428254
    0.0003798175
    0.0044202573
    0.0013188013
    0.0030529701
    0.0035784481
    0.0051048255
    0.0050826585
    0.0012025113
    0.0023673715
    0.0049941256
    0.0023216814
    0.0015153943
    0.0009002087
    0.0007792209
    0.0014119558
    0.0017819650
    0.0039871024
    0.0018419743
    0.0000449912
    0.0025016300
    0.0007885312
    0.0041792454
    0.0030033010
    0.0034614527
    0.0017879804
    0.0006931761
    0.0004104538
    0.0010770748
    0.0001825007
    0.0005847360
    0.0000590479
    0.0006916252
    0.0044980261
    0.0007267662
    0.0039117059
    0.0000258363
    0.0038196828
    0.0002806800
    0.0022280562
    0.0047534355
    0.0000647737
   -0.0014772910
    0.0002130843
    0.0007849452
    0.0004129102
   -0.0008949961
    0.0003487690
    0.0018814435
    0.0020062771
    0.0044305376
   -0.0016715663
    0.0002997984
    0.0027423554
    0.0010734161
    0.0001288226
    0.0002252879
    0.0006343682
    0.0014943600
    0.0024134113
   -0.0077689730
   -0.0045822508
    0.0044852592
   -0.0012631622
   -0.0001346077
   -0.0005138211
    0.0025687682
    0.0042484667
   -0.0014452449
   -0.0055748989
   -0.0099812832
    0.0042692354
    0.0021328934
    0.0066064239
   -0.0034940615
   -0.0006283394
    0.0035634502
   -0.0041656339
    0.0027579330
    0.0058591207
    0.0016912122
    0.0005913001
    0.0017387302
    0.0018774299
    0.0001753466
    0.0007029586
   -0.0009147927
   -0.0008479619
    0.0018056895
   -0.0099176879
    0.0012670065
   -0.0087755150
    0.0005442285
    0.0015341203
   -0.0059000388
   -0.0034550625
    0.0013613960
    0.0020940515
    0.0015033085
   -0.0029456013
   -0.0021016564
    0.0014584109
    0.0014145966
    0.0056218013
    0.0075892127
    0.0074419793
    0.0044538726
    0.0084439680
    0.0100228590
    0.0038153603
    0.0064038904
    0.0035979340
    0.0049713048
    0.0058073614
    0.0053784925
    0.0059282854
    0.0077151989
    0.0082519009
    0.0080750924
    0.0090576054
    0.0052924409
    0.0090541404
    0.0090852940
    0.0048432146
    0.0091224088
    0.0081252258
    0.0076584667
    0.0060428328
    0.0104414949
    0.0106312644
    0.0093419361
    0.0084150281
    0.0087741898
    0.0055216450
    0.0109299053
    0.0020694844
    0.0017903097
   -0.0080703577
    0.0017035197
    0.0022862060
    0.0018163319
   -0.0015561067
    0.0015319161
   -0.0023565435
    0.0021981258
   -0.0006082873
   -0.0043814951
   -0.0007491055
   -0.0056529620
   -0.0018477185
    0.0017896834
   -0.0023775107
    0.0008585989
   -0.0036573424
   -0.0021935858
    0.0000425532
   -0.0034732167
    0.0016817758
    0.0000431880
    0.0017205869
   -0.0002597503
   -0.0014945712
    0.0089580489
    0.0092957537
    0.0048365237
    0.0095501359
    0.0077347897
    0.0066828363
    0.0085181369
    0.0077242659
    0.0075983695
    0.0039611336
    0.0070112354
    0.0068875196
    0.0085270984
    0.0064089354
    0.0048661943
    0.0066540146
    0.0073089487
    0.0104776254
    0.0083361790
    0.0057662172
    0.0116207078
    0.0072219430
    0.0097710407
    0.0098836180
    0.0082567236
    0.0104600171
    0.0092414750
    0.0050347011
    0.0099430193
    0.0081227229
    0.0092245341
    0.0051200844
    0.0096002311
    0.0100547069
    0.0081551758
    0.0089245180
    0.0073223938
    0.0058398043
    0.0008721570
    0.0022314288
   -0.0056865254
    0.0025939020
    0.0032391222
    0.0001517357
   -0.0006082069
    0.0033286639
   -0.0039296724
    0.0020306532
   -0.0018540115
   -0.0073376789
    0.0018122787
    0.0029663612
    0.0017666515
    0.0002811107
    0.0009505311
   -0.0040586584
    0.0034087699
   -0.0030316404
   -0.0122109327
    0.0022538993
   -0.0072421758
    0.0051666163
    0.0046529626
    0.0029621192
   -0.0133390312
   -0.0089304038
   -0.0001980240
    0.0021917579
   -0.0019404479
    0.0002051758
   -0.0159828938
    0.0062445188
    0.0032105383
   -0.0098157000
    0.0072909153
    0.0039966094
    0.0092675903
    0.0047903324
   -0.0091543256
   -0.0087324999
   -0.0027936597
    0.0003355479
    0.0079711311
   -0.0009360904
    0.0033440447
    0.0035101766
    0.0065640489
   -0.0040808245
    0.0028052759
   -0.0148168418
   -0.0041314653
   -0.0074560928
    0.0053639125
    0.0015798678
    0.0011575593
    0.0007140579
    0.0003671424
    0.0010148703
   -0.0017305821
    0.0073435470
    0.0043565849
   -0.0004250549
    0.0084178006
    0.0038769846
    0.0064227128
   -0.0050128945
   -0.0008146301
    0.0047003569
    0.0050575137
   -0.0114707443
    0.0020825440
   -0.0140626115
   -0.0035338678
    0.0056365097
    0.0030309290
   -0.0011847640
   -0.0044255408
   -0.0002345442
   -0.0154145573
    0.0038263798
    0.0077867705
    0.0050316971
    0.0003953206
    0.0036579388
   -0.0060364486
    0.0008193841
    0.0021855739
    0.0019708153
    0.0000393151
    0.0063240406
    0.0068454655
   -0.0016324509
    0.0017480700
   -0.0084015147
    0.0029630615
    0.0006439226
    0.0052666238
    0.0072208148
    0.0012147145
    0.0038483804
   -0.0129800072
   -0.0144244965
    0.0052846366
   -0.0022094589
    0.0054917403
   -0.0003791555
    0.0050487054
    0.0054788090
    0.0027236799
   -0.0034974151
    0.0000783711
   -0.0092084963
    0.0044757524
    0.0053385626
   -0.0146702490
   -0.0048509691
    0.0021897819
    0.0050614363
   -0.0002607767
   -0.0045435421
   -0.0111472184
    0.0064031543
    0.0023066745
    0.0030565381
    0.0028571916
   -0.0127364524
    0.0084958486
    0.0058816082
    0.0047936990
   -0.0096875846
    0.0016478422
    0.0050769508
    0.0062014670
   -0.0032168677
    0.0008174067
    0.0067634700
    0.0038364016
    0.0038320855
    0.0080354630
   -0.0182723571
   -0.0207908602
   -0.0230882163
   -0.0164842939
   -0.0171762788
   -0.0195358677
   -0.0222841852
   -0.0200385308
   -0.0174788466
   -0.0193557958
   -0.0176975191
   -0.0186365826
   -0.0189366523
   -0.0139388721
   -0.0207847933
   -0.0164291136
   -0.0191047287
   -0.0179714028
   -0.0214976450
   -0.0191339679
   -0.0142060372
   -0.0175765573
   -0.0206194456
   -0.0226470780
   -0.0186051550
   -0.0199604412
   -0.0231174297
   -0.0149079768
   -0.0160991071
   -0.0235655506
   -0.0194386166
   -0.0178682606
    0.0072748699
    0.0032274126
    0.0072910632
    0.0033553901
    0.0036283989
    0.0085856356
    0.0067898910
    0.0066094434
    0.0058973958
    0.0045868288
    0.0022070804
    0.0054343940
    0.0049803603
    0.0048450962
    0.0052934477
    0.0023182370
    0.0065959625
    0.0047266203
    0.0045658441
    0.0075331070
    0.0016336488
    0.0069376544
    0.0068137140
    0.0034251918
   -0.0148005591
   -0.0144253467
   -0.0107936325
   -0.0121254933
   -0.0131542185
   -0.0029464365
   -0.0053605740
   -0.0142342689
   -0.0135376515
    0.0066588874
   -0.0087291657
    0.0009652517
    0.0058996145
   -0.0075480670
    0.0026377357
   -0.0129957604
   -0.0119309625
    0.0040946982
   -0.0104046696
    0.0001422493
   -0.0111093332
    0.0055987310
    0.0031143674
   -0.0140138925
   -0.0025604970
   -0.0118797007
    0.0060449549
   -0.0112319839
    0.0014624431
   -0.0002738349
    0.0044855236
   -0.0024748621
    0.0001220900
    0.0031328526
    0.0020624061
    0.0027706916
    0.0033836281
    0.0022370579
   -0.0013328884
    0.0008842071
    0.0042818619
    0.0013408943
    0.0035238653
    0.0004608087
    0.0020180444
   -0.0025935743
   -0.0000258304
    0.0014853363
    0.0016293351
    0.0004974706
    0.0007889923
   -0.0001205815
    0.0009896295
   -0.0006296254
    0.0003413324
    0.0005113799
    0.0032519265
    0.0009381600
    0.0008544109
    0.0029274440
    0.0009310266
    0.0072889437
    0.0034843974
    0.0026321849
    0.0028827267
    0.0028430374
    0.0049115540
    0.0023477537
    0.0025973654
    0.0009775377
    0.0009603833
    0.0023805011
    0.0003474116
    0.0008104477
    0.0012219977
    0.0012095160
    0.0020886491
    0.0004858652
    0.0046067473
    0.0002993521
    0.0004067051
    0.0033591431
    0.0014652968
    0.0012600291
    0.0029125422
    0.0017179985
   -0.0066764750
    0.0068285479
    0.0041017151
    0.0022781385
    0.0034388190
    0.0064316091
   -0.0000682198
    0.0002743632
    0.0012131338
    0.0009395440
    0.0009605966
    0.0000229651
    0.0040077067
    0.0015355174
    0.0048553197
    0.0054364829
    0.0018905225
    0.0002178847
    0.0037151279
    0.0042696765
    0.0017952077
    0.0019177573
    0.0031347234
   -0.0004841050
    0.0045242291
    0.0006817909
    0.0024217402
    0.0020834518
    0.0036377192
    0.0045322322
    0.0033148704
    0.0016365616
    0.0003279244
    0.0002253054
    0.0015388520
    0.0003188489
    0.0033382279
    0.0018241006
    0.0015784730
    0.0030192597
    0.0003136546
    0.0006251044
    0.0005656873
    0.0011474927
    0.0007343094
    0.0006631694
    0.0032145056
    0.0019009307
    0.0053067992
    0.0017394708
    0.0056112673
    0.0000809830
   -0.0013245967
    0.0012185156
    0.0030503269
   -0.0004729706
    0.0035054682
   -0.0053494291
    0.0010584400
    0.0014029695
    0.0033944786
    0.0051616643
    0.0026675651
    0.0050172430
    0.0003312049
    0.0003492001
   -0.0015751468
    0.0047914811
   -0.0028019521
    0.0075010865
    0.0003007427
    0.0022627616
    0.0032909604
    0.0004958359
    0.0055646145
    0.0038714404
    0.0048363673
   -0.0089297057
    0.0006209619
    0.0001910392
    0.0053704378
    0.0023994179
    0.0013457450
   -0.0041568307
    0.0009079282
    0.0008191072
    0.0013951039
    0.0019946302
    0.0030028587
    0.0007160015
    0.0008294401
    0.0004452821
    0.0030684883
    0.0011208756
    0.0007929461
    0.0049245665
    0.0010896358
   -0.0003439733
    0.0035631064
    0.0029299693
    0.0003824454
   -0.0008931724
    0.0012851921
    0.0005475824
    0.0009962049
    0.0020075645
    0.0046288056
    0.0025014071
    0.0006232312
    0.0035790076
    0.0001605393
    0.0012408449
    0.0018942154
    0.0034120506
    0.0007595483
    0.0008767521
    0.0016863946
    0.0022874532
    0.0049802444
    0.0024361897
    0.0053137891
    0.0015036603
    0.0026880618
    0.0037449343
   -0.0017215782
    0.0003175063
    0.0013747143
    0.0035975329
    0.0043645074
    0.0009290611
    0.0018855084
    0.0029331938
    0.0026239779
   -0.0002195903
    0.0039686520
    0.0003398512
    0.0034499008
    0.0010315887
    0.0019149978
    0.0004941188
    0.0007763331
    0.0006330281
    0.0002951246
    0.0017465262
    0.0041823023
    0.0012724708
    0.0036682841
    0.0032171703
    0.0009618182
   -0.0043570100
   -0.0019945239
   -0.0053393541
   -0.0052262033
    0.0037375583
   -0.0008942657
   -0.0036719048
   -0.0018130600
    0.0004648625
   -0.0062623115
   -0.0011168461
   -0.0030627539
   -0.0072099043
    0.0018691685
    0.0036715123
   -0.0085101734
   -0.0055363452
   -0.0002980204
   -0.0005789780
    0.0040877465
    0.0023439784
    0.0010444621
    0.0004316446
    0.0009339606
    0.0012764109
    0.0012658117
   -0.0034211660
   -0.0069033588
   -0.0000479036
   -0.0071270422
    0.0012365169
   -0.0007742210
   -0.0108236375
   -0.0013011166
    0.0009788902
   -0.0024152417
   -0.0011442592
   -0.0008481128
    0.0010895215
   -0.0070130559
    0.0009068949
   -0.0036769072
   -0.0044796001
    0.0000667615
    0.0054807573
    0.0042818286
    0.0048061757
    0.0055038143
    0.0059637410
    0.0071079588
    0.0058905365
    0.0075087539
    0.0060561943
    0.0062365922
    0.0053321497
    0.0039154481
    0.0079473723
    0.0075221545
    0.0067192358
    0.0084644780
    0.0056189863
    0.0056822503
    0.0053920562
    0.0076138607
    0.0070805436
    0.0075878427
    0.0074062018
    0.0089676264
    0.0073937623
    0.0089816736
    0.0087405567
    0.0057587660
    0.0064430441
    0.0083055294
    0.0082771497
    0.0070496036
    0.0090130665
    0.0080463985
    0.0066539811
    0.0059009805
    0.0091464774
    0.0083237851
    0.0059496527
   -0.0007109121
   -0.0026298199
   -0.0034133945
    0.0006590839
    0.0007175378
   -0.0081233209
    0.0008785438
    0.0006532119
   -0.0029748725
   -0.0010611889
    0.0012626849
   -0.0003671333
    0.0006596606
   -0.0021052101
    0.0011820238
   -0.0035399791
    0.0003145366
    0.0000204284
    0.0012903036
   -0.0064953246
   -0.0017315951
   -0.0014335429
    0.0067575368
    0.0079695569
    0.0077213988
    0.0045760548
    0.0063843255
    0.0081635283
    0.0075629726
    0.0067208375
    0.0070293814
    0.0038985852
    0.0045805773
    0.0057700851
    0.0045902655
    0.0070049914
    0.0059129818
    0.0063503604
    0.0055955015
    0.0089130532
    0.0056249702
    0.0051685540
    0.0051018659
    0.0083281634
    0.0060005302
    0.0049448789
    0.0063826744
    0.0070772176
    0.0061695671
    0.0049046543
    0.0090280791
    0.0055045928
    0.0071896261
    0.0087642286
    0.0056217841
    0.0076112243
    0.0074800725
    0.0086965581
    0.0090773621
    0.0070721768
    0.0067515893
    0.0090140659
    0.0076946206
    0.0091764757
    0.0083170281
    0.0077921653
    0.0080633127
   -0.0006420454
   -0.0009972522
    0.0016497180
    0.0022581816
    0.0011742458
   -0.0008123313
    0.0010277161
   -0.0010152523
   -0.0023066822
    0.0000534198
    0.0045420888
    0.0004694831
    0.0029781069
   -0.0024052738
   -0.0008506302
    0.0041156683
    0.0053277214
    0.0025433805
    0.0017655348
    0.0017960473
   -0.0000097308
    0.0016986040
   -0.0041798067
   -0.0110144131
   -0.0039442960
    0.0047838385
    0.0024985590
    0.0049219528
   -0.0030748239
    0.0036305372
    0.0012935443
    0.0048175581
    0.0021791098
   -0.0053459629
    0.0031508828
    0.0007571268
    0.0059847957
    0.0057763845
    0.0061195144
   -0.0000432578
    0.0025065458
    0.0048826901
    0.0067817684
   -0.0004779032
    0.0046869440
    0.0018572107
    0.0047056983
    0.0054663342
    0.0062982777
    0.0045147623
   -0.0070500470
    0.0031004785
    0.0059582436
    0.0026364197
   -0.0074724266
   -0.0027031894
    0.0059796585
    0.0038537191
   -0.0017373463
    0.0043979865
    0.0049106948
   -0.0007604122
    0.0020427514
    0.0001254387
    0.0018192267
   -0.0048808093
   -0.0017361846
   -0.0031416807
    0.0017992475
    0.0063960403
   -0.0040472712
    0.0001459128
    0.0068133996
    0.0028574776
    0.0048561859
   -0.0085723756
   -0.0054924409
    0.0033385617
   -0.0011443629
    0.0039729011
    0.0010826678
    0.0062634465
   -0.0037284835
   -0.0112175393
   -0.0075844238
   -0.0014883831
    0.0045464838
   -0.0086946538
    0.0046775158
    0.0028436926
    0.0031512320
   -0.0127457394
    0.0060057519
   -0.0034380368
    0.0045779144
    0.0006203501
    0.0015675752
    0.0062981580
    0.0026843735
    0.0008953790
    0.0037175924
    0.0029044958
    0.0056746414
   -0.0043726740
    0.0012086532
    0.0046703912
    0.0032683275
    0.0022834198
   -0.0052699415
    0.0013392940
    0.0057736414
   -0.0057535627
    0.0019232723
   -0.0006380585
    0.0032202255
    0.0009873347
    0.0040498290
    0.0040934625
    0.0036197562
    0.0040421917
   -0.0041404930
   -0.0015895234
    0.0046076789
    0.0023585701
    0.0062684732
    0.0051445580
    0.0037575588
    0.0066198986
    0.0000262803
    0.0041598655
    0.0035282942
    0.0051204664
    0.0059008981
    0.0062936654
   -0.0013970209
   -0.0017084759
    0.0007638148
   -0.0037071398
   -0.0114177185
   -0.0019632512
    0.0014940548
    0.0045897479
    0.0033530756
   -0.0028845981
    0.0023625477
    0.0043174988
    0.0056851228
    0.0074222125
    0.0054236474
   -0.0084039875
   -0.0040491489
   -0.0156860057
   -0.0183992714
   -0.0170719267
   -0.0159666503
   -0.0175729397
   -0.0175061649
   -0.0166168729
   -0.0146211117
   -0.0171905229
   -0.0141853046
   -0.0110272536
   -0.0182206790
   -0.0143876931
   -0.0136163585
   -0.0143591031
   -0.0162169016
   -0.0165325224
   -0.0180141103
   -0.0161801753
   -0.0188076806
   -0.0156766824
   -0.0164398226
   -0.0152946758
   -0.0152900623
   -0.0143497457
   -0.0170638695
   -0.0168054378
   -0.0170636265
   -0.0169791929
   -0.0170466626
   -0.0174212970
   -0.0152310399
   -0.0130955540
   -0.0148796714
   -0.0183844553
   -0.0153820049
   -0.0178697451
    0.0061587517
    0.0057062908
    0.0048902380
    0.0032701631
    0.0036815776
    0.0054104110
    0.0066679566
    0.0034222315
    0.0040117981
    0.0048300263
    0.0024590888
    0.0058612882
    0.0054025517
    0.0006998348
   -0.0067710769
    0.0014739084
   -0.0117279849
   -0.0078065326
   -0.0085463835
   -0.0024960823
   -0.0029637988
   -0.0027912230
   -0.0061344417
   -0.0052634077
    0.0023776091
   -0.0054120087
    0.0059490526
   -0.0108902245
   -0.0125693849
    0.0013992122
   -0.0049616051
   -0.0084316791
    0.0040432928
   -0.0114835441
   -0.0022208222
    0.0013655258
   -0.0064097449
    0.0052101634
   -0.0110727588
   -0.0071544590
    0.0024320623
   -0.0108605150
   -0.0052495754
   -0.0058561235
   -0.0094346441
   -0.0021477073
   -0.0031321896
    0.0039227368
   -0.0051555394
    0.0036779000
    0.0039110802
   -0.0097432189
    0.0055310683
   -0.0050239374
   -0.0046594692
   -0.0080894701
    0.0007721323
   -0.0029725033
    0.0004820950
    0.0013705119
   -0.0072749307
    0.0015551115
   -0.0012299083
    0.0051911402
    0.0004122330
    0.0008114888
    0.0038506825
    0.0036573918
    0.0048050562
    0.0030095886
    0.0009818298
    0.0003306873
    0.0022658373
    0.0006325262
    0.0046799830
   -0.0005678530
    0.0034366634
    0.0014294141
    0.0024981637
    0.0038856200
   -0.0006428542
    0.0031858812
    0.0008090845
    0.0048257361
    0.0005325499
   -0.0038801293
    0.0010628449
    0.0052630751
   -0.0003378539
    0.0022843985
    0.0020120711
    0.0035863003
    0.0017533912
    0.0027988974
    0.0030230025
    0.0013818807
   -0.0043653056
   -0.0000150961
    0.0028830324
   -0.0030761046
    0.0041910796
    0.0022836935
   -0.0008831007
    0.0005892688
    0.0003935952
   -0.0005655536
    0.0060929177
    0.0003243018
    0.0005634154
    0.0017470985
    0.0015858012
    0.0035179026
    0.0010605635
    0.0035325318
    0.0020928692
    0.0005257310
    0.0012669498
    0.0048703653
    0.0007235286
    0.0004011110
   -0.0099979404
    0.0029638423
   -0.0013876954
    0.0033154573
    0.0004377143
    0.0011611605
    0.0010867693
    0.0030183690
   -0.0064018217
    0.0006837266
    0.0033316749
   -0.0033337558
   -0.0017963260
   -0.0114302985
    0.0026090949
    0.0014910072
    0.0020450134
    0.0008330660
    0.0029988947
    0.0033118793
    0.0033228486
    0.0015522074
    0.0005317951
    0.0009872989
    0.0027213584
    0.0038498026
    0.0032674573
    0.0006541766
   -0.0002582172
    0.0022068352
    0.0037210172
   -0.0015887905
    0.0015048047
   -0.0012039216
    0.0039500335
    0.0057894768
   -0.0000263448
    0.0039656431
   -0.0006208419
    0.0000918728
    0.0037308063
    0.0004536233
   -0.0013150076
   -0.0002723813
    0.0047710094
    0.0029732605
    0.0019030986
    0.0012054689
   -0.0018900699
    0.0007431599
    0.0023391044
    0.0002471676
    0.0002688259
    0.0039776251
    0.0031778663
   -0.0038556404
    0.0006361081
    0.0064272653
    0.0022659359
    0.0008602509
    0.0016374493
    0.0012814276
    0.0002291612
   -0.0026830732
    0.0023402327
    0.0004785554
    0.0028560498
    0.0005235781
    0.0011623751
    0.0035868738
    0.0008875435
    0.0013048434
   -0.0016911109
    0.0018483963
    0.0024927400
    0.0008751036
    0.0006409773
    0.0006650133
    0.0018715738
    0.0067538390
    0.0029968367
    0.0012762978
    0.0031970249
    0.0014429018
   -0.0033386146
   -0.0000530575
    0.0029576689
    0.0006668188
    0.0021206473
    0.0061581700
   -0.0005372763
    0.0004771946
   -0.0073352346
    0.0009649472
    0.0033931914
   -0.0001745428
    0.0004632678
    0.0007997575
    0.0026566356
    0.0008231446
    0.0020749674
    0.0049803035
    0.0027081179
   -0.0003624357
    0.0000530339
    0.0010486481
    0.0014715926
   -0.0033872081
    0.0019023632
   -0.0000632172
    0.0010083026
    0.0050137141
    0.0016040876
    0.0041916327
    0.0018372397
   -0.0010102110
    0.0035697035
    0.0010140305
    0.0014564486
   -0.0005595747
    0.0017927329
   -0.0035414962
    0.0018604936
   -0.0020265896
    0.0005432911
    0.0026814374
    0.0007199215
    0.0033818419
    0.0046131723
   -0.0029417194
    0.0016384612
    0.0039018403
    0.0039310336
    0.0034288301
   -0.0032895858
   -0.0006718391
    0.0039548730
    0.0069964243
    0.0040794616
   -0.0000106485
   -0.0004482324
    0.0007098677
    0.0014379070
    0.0010053793
    0.0014691926
    0.0012114724
    0.0006717434
    0.0027399641
    0.0003784328
    0.0044522364
    0.0012271253
    0.0016299637
    0.0002927228
    0.0040707538
    0.0060109819
    0.0020386652
    0.0032874120
    0.0055618144
    0.0007673607
    0.0065386061
    0.0041080660
    0.0010738561
    0.0038332797
    0.0010035476
    0.0030501747
    0.0004957733
    0.0031015626
    0.0002906988
    0.0011184039
    0.0047022356
    0.0007460620
    0.0002707634
    0.0004204369
    0.0015925809
    0.0045241499
    0.0036486924
    0.0045015167
    0.0005091781
    0.0022393178
    0.0035052272
    0.0040107360
    0.0024993420
    0.0026797917
    0.0036580081
    0.0039980225
    0.0012254084
    0.0029790620
    0.0005006459
    0.0025680340
    0.0006839495
    0.0033913051
    0.0051212831
   -0.0108863180
    0.0006340882
    0.0047377524
    0.0012187393
    0.0052990018
    0.0032310369
   -0.0014729408
    0.0004772861
    0.0006429848
    0.0017016027
    0.0022800715
   -0.0005746814
    0.0020472510
    0.0010345655
    0.0029355883
    0.0006544641
    0.0031597441
   -0.0009118181
    0.0024162052
    0.0007405858
    0.0009857555
    0.0024125262
    0.0023384033
    0.0000362697
    0.0027555721
    0.0023244257
    0.0061383030
    0.0008198363
    0.0010646010
    0.0034566123
    0.0037555445
   -0.0036172860
    0.0008350121
    0.0023794107
    0.0018399280
   -0.0000443831
   -0.0015371265
    0.0024963657
   -0.0018431236
   -0.0036185573
    0.0014052777
    0.0021908651
   -0.0019615529
   -0.0029100734
   -0.0005175869
   -0.0011363891
    0.0000991181
    0.0003641414
    0.0001730141
   -0.0022210519
   -0.0000802993
   -0.0022267253
    0.0005397155
   -0.0008931577
    0.0063652712
    0.0054253386
    0.0059428134
    0.0063161816
    0.0045479325
    0.0057418063
    0.0053846007
    0.0060689093
    0.0061322299
    0.0065957851
    0.0075664896
    0.0072845946
    0.0064198212
    0.0068415819
    0.0061718023
    0.0062305238
    0.0005289253
   -0.0004845634
   -0.0000643138
    0.0003670763
   -0.0013529615
   -0.0022116021
   -0.0004295020
    0.0049859549
    0.0045590834
    0.0061483029
    0.0065585253
    0.0069391218
    0.0053575094
    0.0048177092
    0.0047811548
    0.0076093581
    0.0063821450
    0.0067243305
    0.0075262146
    0.0070844885
    0.0069899845
    0.0073389634
    0.0064328477
    0.0053933543
    0.0023320704
   -0.0062987470
   -0.0028910022
    0.0051695158
    0.0001836662
   -0.0006710507
    0.0006732332
    0.0063279124
    0.0019782626
   -0.0039009648
    0.0020986567
   -0.0011447895
    0.0042087052
   -0.0065247908
    0.0027717923
   -0.0016113429
    0.0020070332
    0.0046231593
    0.0039320590
    0.0050140223
    0.0027888493
    0.0010700069
   -0.0018818699
    0.0060533125
    0.0065522962
    0.0011766737
    0.0018337355
    0.0030899647
    0.0007358813
    0.0025230719
    0.0051213481
   -0.0059196295
    0.0007140797
   -0.0084130253
   -0.0001863448
    0.0036741576
    0.0031280731
    0.0003054508
    0.0021651129
    0.0045714460
    0.0018202377
   -0.0020375503
    0.0039422749
    0.0023789448
   -0.0014667700
    0.0003561684
    0.0002947302
    0.0009484790
   -0.0029474682
   -0.0050932993
   -0.0003221569
    0.0044186908
   -0.0061286862
    0.0035613834
    0.0031257862
    0.0021177365
    0.0036703837
    0.0002016402
   -0.0000994350
    0.0005303676
    0.0060403047
   -0.0009333344
    0.0027473044
    0.0017958341
    0.0044623095
    0.0041541813
    0.0024437852
    0.0034861017
    0.0032596293
   -0.0019702774
    0.0024602037
    0.0013014097
    0.0021606178
   -0.0000233385
    0.0011241196
   -0.0089673770
   -0.0020464835
    0.0016634472
    0.0022703837
    0.0013217956
    0.0021223087
    0.0010884866
    0.0039097387
    0.0000664772
    0.0058262026
    0.0020477715
    0.0007490085
    0.0042871683
    0.0044385474
    0.0020892171
   -0.0039913931
    0.0008916060
    0.0016843868
    0.0033546586
    0.0001962615
   -0.0022156240
    0.0016285758
   -0.0025928271
    0.0052452378
    0.0011981153
    0.0033379143
   -0.0016204431
    0.0035429266
    0.0024911659
    0.0029768678
   -0.0044131501
    0.0037647868
    0.0045359476
   -0.0114614335
    0.0061734577
   -0.0095861373
    0.0002940643
    0.0008448287
    0.0016633398
    0.0047447544
    0.0048845249
    0.0023665353
    0.0028599666
    0.0042983050
    0.0043610955
    0.0044619897
    0.0018851725
    0.0039241234
    0.0011897532
   -0.0021056855
    0.0033646866
    0.0031085738
   -0.0089743596
   -0.0018246696
   -0.0057391988
    0.0022405003
   -0.0083278397
   -0.0002833828
    0.0049023501
    0.0024672148
    0.0029796202
    0.0041058784
    0.0007705631
    0.0057228099
   -0.0109269582
    0.0047663250
    0.0062978763
    0.0037667928
   -0.0021534900
   -0.0093301628
    0.0035858474
    0.0018327535
    0.0034810253
   -0.0013172934
   -0.0012668917
    0.0026808718
    0.0019904879
    0.0043709456
    0.0049862611
   -0.0043487663
    0.0057593130
    0.0004843338
   -0.0047543345
    0.0002723465
   -0.0084802227
    0.0001458643
   -0.0121604096
   -0.0031462816
   -0.0004351668
    0.0015791318
   -0.0123962978
    0.0037229907
    0.0018410563
   -0.0046210094
    0.0041714709
    0.0032260442
    0.0034769977
    0.0029436969
    0.0001745175
    0.0044641843
   -0.0002478911
    0.0026156198
   -0.0003668840
    0.0035152575
    0.0022281222
    0.0024402409
    0.0019831823
    0.0012902028
    0.0047201397
   -0.0071524569
   -0.0073143852
    0.0037300383
   -0.0074682012
   -0.0034300447
   -0.0109106009
    0.0035223774
    0.0047828047
   -0.0053810296
    0.0052933095
   -0.0004516979
    0.0008750320
    0.0024251378
   -0.0005509274
   -0.0019540905
   -0.0074050802
   -0.0023273412
    0.0021386430
    0.0039559930
    0.0052727002
    0.0008353931
    0.0023443784
   -0.0023033379
   -0.0017667592
    0.0035428438
    0.0037098813
   -0.0011251435
   -0.0032646760
    0.0042102455
    0.0045793921
   -0.0026606027
    0.0037705049
    0.0036211150
    0.0042523328
   -0.0029079697
    0.0038208751
    0.0058326671
    0.0055717481
    0.0039808163
    0.0039643260
    0.0044425761
    0.0033222816
    0.0022390570
   -0.0005380856
   -0.0036660789
    0.0047258294
    0.0026129753
    0.0053117816
    0.0035923865
    0.0027754236
    0.0011442550
   -0.0084995090
   -0.0027266099
   -0.0014705542
    0.0000630836
   -0.0053727831
    0.0012380787
    0.0040456533
   -0.0067767261
   -0.0035497389
   -0.0037541501
   -0.0092797590
   -0.0006261388
    0.0038556984
    0.0020847869
    0.0053978916
   -0.0016712246
   -0.0004650351
   -0.0051966712
    0.0063583963
   -0.0036638126
   -0.0017469068
   -0.0114544745
   -0.0131527475
   -0.0122992478
   -0.0135036365
   -0.0145813828
   -0.0148791362
   -0.0120179101
   -0.0147144749
   -0.0114748298
   -0.0140886709
   -0.0145281624
   -0.0130234878
   -0.0139855782
   -0.0137353690
   -0.0131849075
   -0.0132347475
   -0.0123419502
   -0.0143818991
   -0.0129865229
   -0.0154144903
   -0.0107578332
   -0.0106371224
   -0.0124838535
   -0.0148101748
   -0.0134169896
   -0.0129688543
   -0.0145090585
   -0.0117613116
   -0.0123900153
   -0.0152409036
   -0.0130723399
   -0.0134699042
   -0.0094474589
   -0.0138738414
   -0.0130624677
   -0.0151689817
   -0.0114576268
   -0.0138065394
   -0.0129082914
   -0.0151370023
   -0.0147388168
   -0.0025996084
   -0.0085932933
   -0.0114499016
   -0.0025648233
   -0.0060440228
   -0.0050545356
   -0.0101050198
   -0.0097453098
    0.0049225950
   -0.0067532888
    0.0002929490
   -0.0008639848
    0.0030547128
    0.0025903170
   -0.0018156425
    0.0029407228
    0.0002355847
   -0.0006365845
   -0.0032501864
   -0.0095139411
   -0.0007529176
   -0.0021893816
   -0.0062757230
   -0.0019167277
   -0.0017658918
   -0.0010693578
   -0.0007301856
   -0.0018323685
   -0.0027735742
   -0.0048049056
   -0.0089641192
   -0.0111787209
   -0.0115604329
   -0.0053433882
    0.0007702650
    0.0009984540
    0.0033563972
   -0.0118745766
    0.0032888481
   -0.0002360760
   -0.0077925128
    0.0002096838
    0.0015243853
    0.0012953960
   -0.0089054332
    0.0007814277
    0.0023580985
    0.0020306025
   -0.0025659561
    0.0009978588
   -0.0076316190
    0.0004546679
   -0.0014603100
   -0.0029695819
   -0.0017193389
    0.0008120987
   -0.0073893352
   -0.0000974060
   -0.0036476070
    0.0003739903
    0.0029683080
   -0.0053232254
   -0.0106150762
    0.0029927580
    0.0026001425
    0.0006452367
    0.0046659235
    0.0001910908
   -0.0032862932
    0.0032413820
    0.0029924769
    0.0046483061
    0.0023119509
   -0.0043662545
    0.0009916884
    0.0025627639
    0.0024695790
    0.0018581404
    0.0046254665
    0.0009699633
    0.0027121689
    0.0036747494
    0.0030959910
    0.0004789991
   -0.0052104012
    0.0000418755
   -0.0047553471
    0.0016353076
   -0.0057725113
    0.0015930933
    0.0015462209
    0.0026655185
    0.0019514175
    0.0034232141
    0.0007077268
    0.0012587674
    0.0002719871
    0.0024689019
    0.0004751396
    0.0027998657
    0.0002344066
    0.0042708800
   -0.0025830135
    0.0002633729
    0.0009712671
   -0.0024303895
    0.0046080220
    0.0005513563
    0.0039627916
   -0.0004913648
    0.0017100283
    0.0034808515
    0.0007506947
   -0.0014757240
    0.0034089916
    0.0008477510
    0.0012881832
    0.0042189117
    0.0054194971
   -0.0019203634
    0.0023676486
    0.0005640416
   -0.0077973581
    0.0033904288
   -0.0095323417
    0.0064623565
    0.0025569587
    0.0029777740
    0.0033050655
    0.0056789882
    0.0003166603
    0.0026374614
    0.0017411115
    0.0003199456
    0.0021388323
    0.0006619448
    0.0027837557
    0.0031068477
    0.0028626717
    0.0001893354
    0.0020188628
    0.0014597421
    0.0008855547
    0.0001890193
    0.0033145387
   -0.0009164606
    0.0023184624
    0.0017991988
    0.0020161161
    0.0024607329
   -0.0056233580
    0.0002466846
    0.0042275290
   -0.0000859648
   -0.0024734768
   -0.0007564281
    0.0024309719
    0.0028185152
   -0.0029787516
    0.0044595238
    0.0031803908
    0.0041614810
    0.0011373677
    0.0008588126
    0.0015452524
    0.0004832215
   -0.0005591526
    0.0031514351
    0.0035694879
    0.0034290080
    0.0053790401
    0.0013783110
    0.0029299940
    0.0007099214
    0.0007608609
    0.0064609912
    0.0058773844
    0.0021644528
    0.0021141886
    0.0005379758
    0.0056677818
    0.0053928233
    0.0027092218
    0.0002821229
   -0.0008320488
    0.0021900216
    0.0009614474
    0.0016719293
    0.0033790387
    0.0003834162
    0.0032315422
    0.0053403754
    0.0005424097
    0.0031029865
    0.0006908398
   -0.0067331392
    0.0008800613
    0.0018753961
    0.0034977082
    0.0043566478
    0.0019485367
    0.0004855671
    0.0000742646
    0.0063662207
   -0.0000273022
    0.0010861222
    0.0013650799
    0.0036828199
    0.0007394939
    0.0033242353
    0.0045568098
    0.0000908071
    0.0012053596
    0.0038326357
   -0.0011903813
    0.0000750276
    0.0051995045
    0.0008290817
    0.0033178121
   -0.0037657418
    0.0044964629
   -0.0054582514
    0.0012812374
    0.0032358443
    0.0015487867
    0.0010520333
    0.0004342424
    0.0001579119
   -0.0076950180
    0.0041841721
    0.0017874458
    0.0050566615
    0.0013390064
    0.0042862748
    0.0024394347
    0.0045523269
    0.0005899316
    0.0016201209
   -0.0025117389
    0.0005817207
    0.0023252013
    0.0009819350
    0.0023380025
    0.0008585722
    0.0018135047
    0.0002116158
    0.0024482404
    0.0019257272
   -0.0008929866
    0.0045483170
    0.0017320238
   -0.0067704724
    0.0006696838
    0.0030084737
    0.0041883725
    0.0043484166
    0.0027917355
    0.0031575942
   -0.0032369171
   -0.0009431430
    0.0024773737
    0.0023529308
    0.0006759833
    0.0056732614
    0.0032445736
    0.0025569988
    0.0033513392
    0.0023723612
   -0.0018816862
   -0.0002389547
    0.0037166280
    0.0023322737
    0.0034279935
   -0.0002417787
    0.0042049323
   -0.0014294046
   -0.0020875370
   -0.0012317506
    0.0035412257
    0.0018840055
    0.0007846506
    0.0030113193
    0.0012021524
    0.0032677433
    0.0039479946
    0.0054185607
    0.0023040782
    0.0019840518
    0.0043356068
   -0.0073050071
    0.0006676037
    0.0028702642
    0.0038267203
    0.0016689292
    0.0032014847
    0.0022186181
    0.0018391905
    0.0040340396
    0.0021710866
    0.0030256861
    0.0001230806
    0.0002835559
    0.0001657757
    0.0018017081
    0.0055277410
    0.0019709801
    0.0034487933
    0.0019838534
    0.0042521562
    0.0035644541
    0.0021431159
    0.0002682351
    0.0004496252
    0.0025944746
    0.0044402062
    0.0014774178
    0.0052101672
    0.0008672634
    0.0043764891
    0.0012144091
    0.0020493866
    0.0015007573
    0.0008431288
    0.0008634268
    0.0023953259
    0.0005004926
    0.0012039583
   -0.0020727563
    0.0037979445
    0.0006121269
    0.0050219262
    0.0010710746
    0.0020392923
    0.0000633873
   -0.0055271213
    0.0038869149
    0.0020552565
    0.0047739484
    0.0010397585
    0.0006212757
   -0.0053515562
    0.0046267641
    0.0008267423
    0.0004265175
    0.0026283238
    0.0017562450
   -0.0000564479
    0.0016316998
    0.0026586242
    0.0004477067
    0.0030056570
   -0.0079278870
    0.0016862543
    0.0033958538
    0.0050866438
    0.0030194288
    0.0019281866
   -0.0024521313
    0.0004474100
    0.0003109564
   -0.0003999034
    0.0005822112
   -0.0053783101
    0.0030381681
    0.0029456537
    0.0039897354
    0.0016090358
    0.0016182669
    0.0048445739
    0.0007193233
    0.0011108336
    0.0023817503
    0.0004767490
    0.0026956094
    0.0008604306
    0.0049991929
    0.0004208083
    0.0046243471
    0.0030627951
    0.0026621056
    0.0016153343
    0.0021055791
    0.0041344461
    0.0005307243
    0.0027012539
    0.0057209219
   -0.0027710179
    0.0032294103
    0.0046377414
    0.0026681898
    0.0057596050
    0.0032281546
   -0.0006406250
    0.0007376904
    0.0033242076
    0.0011955120
   -0.0004193218
   -0.0017119392
    0.0009895712
    0.0055818769
   -0.0023768837
    0.0018673286
    0.0032983708
    0.0001826605
   -0.0009620723
    0.0003291942
    0.0007051091
    0.0005669688
    0.0004237408
    0.0024387117
    0.0013297867
    0.0029408707
    0.0003326256
   -0.0029347267
    0.0020737558
   -0.0013756121
    0.0019326884
    0.0013576077
    0.0002522622
    0.0044945671
    0.0046109105
    0.0025058395
    0.0044115144
    0.0012970308
    0.0004457651
    0.0029791068
    0.0035174479
    0.0018640589
    0.0016363806
    0.0010471844
    0.0000927437
    0.0008341355
    0.0033884790
    0.0025447588
    0.0030900943
    0.0015358734
    0.0004580728
    0.0009119208
   -0.0006673266
   -0.0001945583
    0.0046554308
    0.0032925375
    0.0027239354
    0.0024048526
    0.0013888339
    0.0031296991
    0.0013423971
    0.0053077818
    0.0008926267
    0.0009101192
    0.0054460348
   -0.0076438735
    0.0010559127
    0.0066182091
   -0.0021791914
    0.0059741261
    0.0002362900
    0.0043329130
    0.0030347069
    0.0029278354
    0.0052260778
    0.0033599584
    0.0053537535
    0.0004175979
   -0.0043656598
    0.0010968027
    0.0010364763
    0.0025566863
    0.0015738428
    0.0028428201
    0.0043269214
    0.0031658058
    0.0020558640
   -0.0063295882
   -0.0047727510
   -0.0035718187
    0.0012099807
    0.0032917482
    0.0028073145
    0.0062165287
    0.0037842836
    0.0036482099
    0.0031804326
   -0.0000866277
   -0.0004681493
   -0.0048130241
    0.0009630175
    0.0021042433
    0.0054202326
    0.0043976921
    0.0015203615
    0.0014212283
    0.0012781276
    0.0054052551
    0.0005315273
    0.0004039413
    0.0002508210
    0.0014942743
    0.0035657853
   -0.0001084944
    0.0048393930
   -0.0021169480
    0.0007932960
    0.0009710778
    0.0026480409
    0.0049231373
    0.0003373720
    0.0033447824
    0.0032498122
   -0.0001558418
    0.0060969496
    0.0026514985
    0.0033079788
    0.0026979142
    0.0010382145
    0.0006240755
    0.0043641870
    0.0016358898
