    0.0107361125
    0.0063161741
    0.0070187122
    0.0141405040
    0.0042450117
    0.0100943100
    0.0065491498
    0.0083957820
    0.0104604061
    0.0062111227
    0.0092673990
    0.0125881298
    0.0117510800
    0.0078420299
    0.0026246528
   -0.0055984903
    0.0055697911
   -0.0124829016
    0.0014610024
   -0.0233556513
   -0.0121655277
    0.0059695292
    0.0078352139
    0.0082675280
    0.0058818232
   -0.0000772220
   -0.0098907714
   -0.0195537895
   -0.0121861504
    0.0069276483
    0.0125255671
   -0.0027282568
    0.0047046474
    0.0071883593
   -0.0017047832
   -0.0055676296
    0.0003001496
    0.0084195695
    0.0032621315
   -0.0026407289
   -0.0161679026
   -0.0178500795
   -0.0036299399
   -0.0045653659
    0.0066615787
   -0.0113614488
    0.0031445502
    0.0011704303
   -0.0043902198
    0.0085186342
    0.0043258553
   -0.0139056508
    0.0029094210
    0.0051125371
   -0.0006927610
   -0.0085085053
    0.0075696649
   -0.0051305172
    0.0075971997
    0.0075690758
   -0.0042412830
    0.0088138685
    0.0070415456
    0.0016196991
    0.0012746456
    0.0076359120
   -0.0058796965
   -0.0020170068
   -0.0149543353
    0.0076032353
    0.0011161323
   -0.0176503946
   -0.0336310880
   -0.0360208513
   -0.0323001150
   -0.0266371397
   -0.0155807110
   -0.0380561633
   -0.0265843311
   -0.0355547266
   -0.0357896335
   -0.0291113462
   -0.0315647446
   -0.0228578091
   -0.0388184842
   -0.0391344967
   -0.0213652371
   -0.0183801619
   -0.0369515962
   -0.0356123919
   -0.0375849072
   -0.0182289282
   -0.0390535248
   -0.0269401712
   -0.0229596856
   -0.0363696211
   -0.0297765067
   -0.0216645479
   -0.0344238994
   -0.0372272695
   -0.0295315309
   -0.0380211227
   -0.0286275604
   -0.0375363919
   -0.0355096211
   -0.0379861541
   -0.0004832042
    0.0013425140
    0.0065789431
   -0.0062578830
    0.0034695587
    0.0006934382
   -0.0021685311
    0.0028915277
   -0.0070733236
    0.0020282783
    0.0063849589
    0.0013208762
   -0.0140509223
   -0.0055860462
    0.0060637720
    0.0113552994
    0.0111155713
    0.0069887295
    0.0038380572
    0.0037995652
    0.0120582414
    0.0087935331
    0.0102660980
    0.0087078076
    0.0086870035
    0.0096786038
    0.0079043131
    0.0058122198
    0.0043160126
    0.0096854740
    0.0100163540
    0.0105005663
    0.0065832222
    0.0104483905
    0.0109995383
   -0.0140972156
   -0.0006651981
   -0.0044523048
   -0.0013646418
    0.0016497391
   -0.0213694050
   -0.0022010848
   -0.0295572410
   -0.0042052676
   -0.0205614884
   -0.0257490228
   -0.0123810347
   -0.0018968154
   -0.0122337896
   -0.0046743445
   -0.0018822088
   -0.0013086163
   -0.0033508790
   -0.0044161424
   -0.0047475147
   -0.0254368020
   -0.0011926426
   -0.0296882447
   -0.0090538115
   -0.0034349163
   -0.0039968843
   -0.0011738744
   -0.0012847715
   -0.0027401695
   -0.0033363989
   -0.0023387458
   -0.0064687978
    0.0041835780
   -0.0147669340
   -0.0049403033
   -0.0014662082
   -0.0013124785
   -0.0037792381
   -0.0058093710
   -0.0055807609
   -0.0015113530
   -0.0253650331
   -0.0032477621
   -0.0034602622
    0.0003514839
    0.0005843876
    0.0019364885
    0.0001487193
    0.0002721908
    0.0000616250
    0.0002624888
    0.0011371991
    0.0014437025
    0.0017430352
    0.0012869328
   -0.0006256121
   -0.0004596210
    0.0019373990
    0.0005249383
    0.0009012814
    0.0013782929
   -0.0002945354
    0.0029627042
    0.0011438465
   -0.0002604078
    0.0030917770
    0.0012859375
    0.0006421773
   -0.0009106667
   -0.0005337135
    0.0003088637
    0.0015980190
    0.0001609723
    0.0069239475
    0.0027159330
   -0.0003201439
    0.0031154669
    0.0004538699
    0.0011643469
    0.0012102061
    0.0019414731
    0.0016557157
    0.0004441541
   -0.0002833564
    0.0005850671
    0.0013500874
    0.0036847664
   -0.0005356877
    0.0025985063
    0.0012511436
   -0.0000327178
    0.0016094685
   -0.0004393754
   -0.0001048452
    0.0004625754
    0.0000869885
    0.0014151119
    0.0019307091
   -0.0001271635
   -0.0000597557
    0.0004109165
   -0.0006821856
    0.0001013339
    0.0015051150
   -0.0001678536
   -0.0004231749
    0.0011749056
    0.0045100275
    0.0011108864
    0.0020831248
   -0.0003242400
    0.0005908398
   -0.0009657026
   -0.0005544554
    0.0024453861
    0.0007876429
    0.0005079883
    0.0056145911
    0.0010575599
    0.0017883429
    0.0000304929
    0.0014530102
    0.0016785564
   -0.0006416387
    0.0018320904
   -0.0002087474
    0.0000940799
    0.0007165518
    0.0010437253
    0.0028819680
    0.0024464471
   -0.0006272932
    0.0013089640
    0.0006451728
    0.0014391595
    0.0031104323
    0.0016731989
   -0.0022031557
   -0.0292237877
   -0.0133009783
   -0.0027964082
   -0.0103266756
   -0.0073691106
   -0.0092466746
   -0.0045830519
   -0.0002605141
   -0.0030415500
   -0.0000795246
   -0.0157515839
   -0.0026820804
   -0.0231741641
   -0.0032076880
   -0.0156306566
    0.0015563324
   -0.0062779119
   -0.0092100540
   -0.0000078313
    0.0007665953
    0.0012466490
   -0.0027807111
    0.0015383450
   -0.0283130443
    0.0020382264
    0.0014801655
   -0.0176907604
   -0.0049546437
    0.0008028933
   -0.0111153268
   -0.0001700294
   -0.0061796725
   -0.0026644130
    0.0038937983
    0.0080154077
    0.0105218721
    0.0055373780
    0.0041854023
    0.0027948923
    0.0050409520
    0.0023566166
    0.0088776543
    0.0109297943
    0.0153114529
    0.0066017147
    0.0014176323
    0.0125117614
    0.0050912648
    0.0037268283
    0.0029673174
    0.0039141299
    0.0034690969
   -0.0006396718
   -0.0080496907
    0.0016335010
   -0.0065993320
    0.0019677079
    0.0027915914
    0.0022104854
    0.0044792473
    0.0012737999
    0.0026125173
    0.0028412629
    0.0039068922
    0.0024040602
    0.0039118074
    0.0003410739
    0.0014010480
    0.0006689744
    0.0018576185
   -0.0102250897
    0.0035180869
   -0.0038356499
    0.0117963308
    0.0062013253
    0.0106738104
    0.0063612252
    0.0130386581
    0.0086913801
    0.0031628653
    0.0047101718
    0.0123070009
    0.0116048599
    0.0109005147
    0.0052233346
    0.0124364914
    0.0089588471
    0.0072343799
    0.0040434372
    0.0067961998
    0.0048146057
    0.0055755974
    0.0127554183
    0.0109668793
    0.0083250976
    0.0080928745
    0.0061236094
    0.0076304295
    0.0135049010
    0.0048762783
    0.0098507586
    0.0090144860
    0.0133962162
    0.0053782184
    0.0104715984
    0.0117402458
    0.0042358861
    0.0130420396
    0.0111365168
    0.0128192080
    0.0055301272
    0.0035120633
    0.0007256596
    0.0019893963
    0.0042606634
    0.0044126956
   -0.0007366757
    0.0038792205
    0.0011565555
    0.0020383699
   -0.0104209844
    0.0017544267
    0.0021260681
    0.0025263983
    0.0029376676
    0.0012900668
    0.0023256281
    0.0035869137
   -0.0059954372
    0.0009299521
    0.0018727621
   -0.0029433225
    0.0034622667
   -0.0004125479
    0.0031773436
    0.0032355133
    0.0045131484
    0.0026699710
    0.0033722569
    0.0087237181
    0.0096803561
    0.0058116873
    0.0124337036
    0.0115698905
    0.0040523946
    0.0050796133
    0.0076034730
    0.0093514729
    0.0038924717
    0.0090241326
    0.0037037343
    0.0099363952
    0.0110405604
    0.0088175400
    0.0086299172
    0.0088053018
    0.0077299812
    0.0068376230
    0.0042471364
    0.0138731607
    0.0125926880
    0.0092215698
    0.0085736480
    0.0117075667
    0.0069493852
    0.0139327108
    0.0042881994
    0.0107433523
    0.0131278362
    0.0055199869
    0.0112563310
    0.0096747497
    0.0085432845
    0.0046461027
    0.0064258931
    0.0043865599
    0.0080540781
    0.0076950988
    0.0101679719
    0.0075202931
    0.0076542583
    0.0067489378
    0.0082271471
    0.0090720983
    0.0064878951
    0.0050389212
    0.0005663696
    0.0106437219
    0.0068764085
   -0.0178723476
   -0.0060208719
    0.0030220920
    0.0079220470
   -0.0084605934
   -0.0052067845
    0.0052321108
    0.0055595261
    0.0047466019
   -0.0033309207
    0.0010217113
    0.0046727026
    0.0051082577
    0.0042725112
   -0.0041862136
    0.0068376661
   -0.0049907075
   -0.0017725182
    0.0085997233
    0.0037156638
    0.0071659381
    0.0071913432
   -0.0011474363
   -0.0016149027
    0.0013961671
    0.0045912078
    0.0038382832
    0.0017875180
    0.0055108617
   -0.0066889625
    0.0033899814
    0.0060063501
    0.0030317361
    0.0049347733
    0.0071971578
    0.0000117322
   -0.0085111137
    0.0020415614
   -0.0096236329
   -0.0038364663
    0.0027428164
    0.0078475319
    0.0015174599
   -0.0056053456
    0.0101308313
   -0.0172637992
    0.0067408348
   -0.0201959677
    0.0049064536
   -0.0085308986
    0.0045501946
   -0.0159678490
    0.0048236546
   -0.0092441857
   -0.0042300471
   -0.0148997390
    0.0013304236
    0.0018758263
    0.0062183008
   -0.0036759851
    0.0020866321
    0.0044460339
    0.0062748475
    0.0069042697
   -0.0058846138
    0.0076025778
   -0.0143101379
    0.0066834094
    0.0015261113
    0.0001197285
   -0.0193705421
    0.0018859690
    0.0049625710
    0.0055036123
    0.0067754916
   -0.0031278808
    0.0032142496
    0.0019046346
   -0.0279224927
   -0.0293493049
   -0.0220395872
   -0.0260338077
   -0.0238908936
   -0.0227866663
   -0.0283478486
   -0.0284349420
   -0.0273974699
   -0.0205705178
   -0.0286668584
   -0.0289306959
   -0.0208423707
   -0.0271708739
   -0.0268276788
   -0.0260712339
   -0.0191868184
   -0.0280261894
   -0.0025235960
    0.0018080129
    0.0023848908
    0.0028521231
    0.0017029204
   -0.0054425968
   -0.0000529893
   -0.0010117362
    0.0010089575
   -0.0105979941
    0.0018021829
   -0.0008685306
    0.0034319529
    0.0008113146
    0.0097017374
    0.0066459603
    0.0016225009
    0.0070704645
    0.0047157258
    0.0073506714
    0.0064399330
    0.0015308761
    0.0079315917
    0.0033897920
    0.0054316813
    0.0060274276
    0.0076529098
    0.0089351224
   -0.0028837577
   -0.0020271316
   -0.0055321854
   -0.0031815479
   -0.0017644220
   -0.0088545486
    0.0024696861
   -0.0078276414
   -0.0014041605
    0.0011864107
   -0.0016974814
   -0.0065889129
   -0.0008500036
   -0.0070459480
   -0.0029164647
    0.0003221621
   -0.0048278907
    0.0017860896
   -0.0188080683
   -0.0169258808
    0.0010594800
   -0.0028396773
   -0.0042576315
   -0.0019882176
   -0.0017353403
   -0.0012719466
   -0.0231987459
   -0.0150742040
   -0.0019197043
   -0.0000437957
   -0.0008754585
   -0.0041926704
   -0.0202726357
    0.0004629244
   -0.0004983598
   -0.0011571921
   -0.0014945904
   -0.0013150836
   -0.0207609062
   -0.0019337919
   -0.0031174745
   -0.0058914537
    0.0036346509
   -0.0005181430
   -0.0153103672
   -0.0006179641
   -0.0031404346
   -0.0041844606
   -0.0016777387
   -0.0004346220
   -0.0002393935
    0.0005162302
   -0.0014585655
   -0.0044588923
   -0.0017470293
   -0.0272140289
   -0.0022551531
   -0.0037747955
   -0.0237378828
   -0.0025201922
   -0.0021983310
   -0.0005036213
   -0.0042053959
   -0.0257367170
   -0.0033956858
   -0.0037511165
    0.0023738301
    0.0002902004
    0.0002289678
   -0.0008256125
   -0.0006469141
    0.0015921901
    0.0025289120
    0.0033209171
    0.0007642467
    0.0010123782
    0.0026502943
    0.0018716488
    0.0008160153
    0.0009916204
    0.0007650473
    0.0035104634
    0.0033030845
    0.0046105448
    0.0010673961
    0.0005397004
    0.0011406747
    0.0005713094
    0.0000081315
    0.0003469625
    0.0041046080
    0.0005873916
    0.0019614595
    0.0024710393
    0.0007030790
    0.0013898681
   -0.0003625526
    0.0005017393
    0.0015449116
    0.0007936406
    0.0030712059
   -0.0001927026
   -0.0000445736
    0.0023689276
    0.0011991990
    0.0008799658
    0.0031824695
    0.0012369071
    0.0007280258
    0.0005899011
    0.0023624945
    0.0002203043
    0.0031505302
   -0.0002295466
    0.0006300009
    0.0008762633
    0.0035529902
    0.0041517577
   -0.0000239250
    0.0064707572
   -0.0001683096
    0.0049339679
   -0.0007026407
    0.0020279984
   -0.0000986731
    0.0020719018
    0.0013802157
    0.0020733941
    0.0023945164
   -0.0005305360
    0.0021764394
    0.0029349230
    0.0015829153
    0.0024899111
    0.0002478568
    0.0007674699
    0.0007857430
    0.0009330381
   -0.0004167938
    0.0001825193
    0.0009473824
    0.0038857924
    0.0003043228
    0.0048181550
    0.0044117796
   -0.0009738067
    0.0006800879
    0.0026220123
    0.0001790765
    0.0009896262
    0.0018598066
    0.0011453770
    0.0013314237
    0.0000663261
    0.0001836214
    0.0014126771
    0.0004115107
    0.0053938499
    0.0014356127
    0.0034414934
   -0.0001780446
    0.0021947653
    0.0030023537
   -0.0003297970
    0.0011584520
    0.0023425673
   -0.0018721832
    0.0006920365
    0.0054945022
    0.0016724926
    0.0001317052
    0.0005802756
    0.0006066256
    0.0001874079
    0.0025889416
    0.0002171843
    0.0024526005
   -0.0034162073
   -0.0001277275
   -0.0007891651
   -0.0037990365
    0.0001791456
   -0.0030576019
   -0.0003225454
   -0.0071952063
   -0.0203683680
    0.0003951322
    0.0004556008
   -0.0092092066
   -0.0002971866
   -0.0058260588
   -0.0147343833
   -0.0036301816
   -0.0081648734
   -0.0006250467
   -0.0083840604
   -0.0092198950
   -0.0151497927
   -0.0012343778
   -0.0018304956
   -0.0019785064
    0.0001707323
   -0.0099154064
   -0.0018082448
    0.0004613551
   -0.0031619426
    0.0001176624
   -0.0171328042
   -0.0007205251
   -0.0018765210
    0.0060358340
    0.0072239378
    0.0020390465
    0.0054569053
    0.0060654880
    0.0056462059
    0.0020218955
    0.0077804562
    0.0084143754
    0.0063622903
    0.0094606750
    0.0081655637
    0.0100611504
    0.0027709687
    0.0059726584
    0.0045484612
    0.0018100173
    0.0022006002
    0.0022324145
    0.0017897912
    0.0015021591
    0.0007830336
   -0.0010202026
   -0.0016659761
    0.0024444537
   -0.0012605502
    0.0011453658
    0.0015779678
    0.0018169896
    0.0023708419
    0.0024038057
    0.0015559116
    0.0012114228
   -0.0027333831
    0.0010038387
    0.0013580897
    0.0002141339
    0.0016353798
    0.0007962088
    0.0080131624
    0.0087663754
    0.0033094950
    0.0096688105
    0.0056854859
    0.0062888943
    0.0083414414
    0.0094033498
    0.0064490362
    0.0086698870
    0.0076066777
    0.0099871864
    0.0093753955
    0.0091733831
    0.0043347890
    0.0079195680
    0.0090119547
    0.0044894501
    0.0080005790
    0.0066045239
    0.0073835902
    0.0084285329
    0.0066667369
    0.0099870216
    0.0089342821
    0.0078434527
    0.0075938328
    0.0052134603
    0.0062437186
    0.0095232771
    0.0077979868
    0.0096562192
    0.0101136356
    0.0100137907
    0.0081353520
    0.0068918908
    0.0090790944
    0.0014982752
    0.0006909952
    0.0016730925
   -0.0003030690
    0.0023271211
    0.0010590806
   -0.0004456898
    0.0010751211
   -0.0005952296
    0.0002061727
    0.0015498830
    0.0012596004
   -0.0008294543
    0.0024311060
   -0.0033729810
    0.0017258904
    0.0011957684
    0.0035264255
    0.0085865737
    0.0053627056
    0.0053744943
    0.0078297543
    0.0060435065
    0.0059021002
    0.0060460459
    0.0042674022
    0.0059926645
    0.0075362974
    0.0066341717
    0.0079594941
    0.0118009936
    0.0104062129
    0.0051737853
    0.0078236903
    0.0070022035
    0.0104500201
    0.0054795564
    0.0071008736
    0.0069760592
    0.0076122369
    0.0072526413
    0.0062755238
    0.0053641953
    0.0097041825
    0.0060933976
    0.0069824657
    0.0061048571
    0.0039523554
    0.0075090538
    0.0020620170
    0.0057088662
    0.0070769502
    0.0081606736
    0.0059257160
    0.0064843490
    0.0050667719
    0.0054278304
    0.0031132367
    0.0064767312
    0.0076727649
    0.0040809664
   -0.0030184360
    0.0000672396
    0.0002819709
    0.0045161564
   -0.0050600755
   -0.0052248025
    0.0038327479
    0.0048804043
   -0.0017315251
    0.0019009739
    0.0076879484
    0.0032752395
    0.0055912860
   -0.0097830237
    0.0090277594
    0.0075644164
   -0.0068136311
   -0.0053873168
   -0.0100705730
   -0.0021663971
    0.0079583832
   -0.0023714697
    0.0051933944
    0.0038467911
    0.0060697663
   -0.0170350965
   -0.0086115970
   -0.0074704074
   -0.0021352396
   -0.0019672569
    0.0061922399
   -0.0011793170
    0.0068220212
    0.0065113275
   -0.0058653743
   -0.0038185126
    0.0042937433
    0.0063602751
    0.0010681307
   -0.0051751869
    0.0022890485
   -0.0027928473
    0.0014612332
   -0.0040647135
   -0.0095903504
    0.0063838179
    0.0035225304
   -0.0134213113
    0.0040166539
   -0.0014909644
    0.0070691705
    0.0044486884
    0.0031449749
    0.0061223136
    0.0032554183
   -0.0155173212
    0.0003800918
    0.0081299088
   -0.0014677033
    0.0032539154
   -0.0101209662
   -0.0131709781
    0.0039182142
    0.0035702423
    0.0017580171
    0.0019116188
   -0.0083636901
    0.0049033125
    0.0067529756
    0.0011515083
    0.0037517962
   -0.0105801169
   -0.0002990352
    0.0037113381
   -0.0012234824
   -0.0050621690
   -0.0002234227
   -0.0110738082
    0.0040752893
    0.0035154463
    0.0046564013
    0.0036818443
    0.0027215345
   -0.0048742792
   -0.0019388081
    0.0012088057
    0.0086164689
   -0.0094868208
   -0.0060029348
    0.0035434214
    0.0025170754
    0.0037728920
   -0.0142969506
    0.0069293130
   -0.0026315577
    0.0042204293
    0.0043179434
    0.0002221164
   -0.0083254262
   -0.0082713450
    0.0068043809
    0.0028535827
    0.0016038067
   -0.0052312999
   -0.0064771624
    0.0040540983
   -0.0115335619
   -0.0035787480
    0.0081300791
    0.0047586386
    0.0041733260
   -0.0024062272
   -0.0008073651
    0.0029965517
    0.0039690547
   -0.0217506517
   -0.0184332282
   -0.0222091858
   -0.0204700917
   -0.0156808387
   -0.0196118775
   -0.0223699267
   -0.0195133043
   -0.0160821469
   -0.0176861032
   -0.0122808253
   -0.0143303000
   -0.0227861356
   -0.0230334223
   -0.0224012357
   -0.0180481044
   -0.0225377508
   -0.0150510225
   -0.0193469311
   -0.0206229222
   -0.0229964302
   -0.0181233448
   -0.0199038914
   -0.0208611095
   -0.0171148318
   -0.0014826525
   -0.0050092668
   -0.0016360337
    0.0025695152
   -0.0060892944
   -0.0021684930
    0.0035564564
   -0.0040773970
    0.0001493132
    0.0030333264
    0.0022599475
    0.0012204380
    0.0012639215
    0.0003653735
    0.0032704301
   -0.0003860015
   -0.0049566168
    0.0030824615
    0.0001158492
   -0.0002671167
    0.0059439645
    0.0062146712
    0.0058756697
    0.0070903971
    0.0060413400
    0.0063550391
    0.0072708916
    0.0051777458
    0.0060618373
    0.0048764398
    0.0066439412
    0.0036239251
    0.0066794636
    0.0069086984
    0.0038909464
    0.0067478433
   -0.0012465355
    0.0003323141
   -0.0016660211
   -0.0010910088
   -0.0008299329
   -0.0096037745
   -0.0016374955
   -0.0026844750
   -0.0006711301
   -0.0020209718
   -0.0030013700
   -0.0082317505
   -0.0017983777
   -0.0147365075
    0.0015528753
   -0.0005775953
   -0.0091893413
   -0.0006704386
   -0.0001866931
   -0.0077381767
    0.0007979358
    0.0029470701
   -0.0008725329
   -0.0144509551
   -0.0103258986
   -0.0010801002
    0.0010487989
   -0.0036974510
   -0.0138347103
   -0.0061019740
   -0.0210067563
   -0.0077358171
   -0.0128171825
   -0.0051705744
   -0.0165035034
   -0.0170803671
   -0.0044665376
    0.0010045170
   -0.0164721286
   -0.0008834536
   -0.0212826509
   -0.0050387632
   -0.0027835766
   -0.0011294724
    0.0009903833
   -0.0023264559
   -0.0007216694
   -0.0032190769
   -0.0029960258
   -0.0024423310
   -0.0019832709
   -0.0003285431
    0.0013050229
   -0.0009342684
   -0.0030157006
   -0.0021429376
   -0.0022945296
   -0.0011991177
   -0.0149612707
   -0.0005192520
   -0.0004067982
   -0.0038990946
    0.0008722168
   -0.0152920131
    0.0000325788
   -0.0007864690
   -0.0007528436
    0.0024372722
   -0.0039670529
   -0.0007465837
   -0.0037728672
    0.0006255876
   -0.0017556002
   -0.0013068845
   -0.0001691889
   -0.0016533139
   -0.0019837570
   -0.0005906677
   -0.0010907403
   -0.0055244393
   -0.0047007803
   -0.0108563286
    0.0013252140
   -0.0022729218
   -0.0002691056
   -0.0136448273
    0.0014682755
    0.0000382832
   -0.0051994915
    0.0006128762
    0.0034137852
    0.0006585736
    0.0006369236
    0.0034996237
    0.0054892484
    0.0006813354
    0.0003873776
    0.0034801035
    0.0014318125
   -0.0000533361
    0.0014310739
    0.0032304482
    0.0007333023
   -0.0069862597
    0.0029274376
    0.0007547676
    0.0007629785
    0.0039688518
    0.0029701807
    0.0010603522
    0.0054368296
   -0.0017373660
    0.0010572603
    0.0027712374
    0.0007196802
    0.0007623600
    0.0043437158
    0.0010838118
    0.0022454339
    0.0050001562
    0.0003664466
    0.0031592018
    0.0001394334
   -0.0001014969
    0.0032123131
    0.0045613180
    0.0018058253
    0.0031314621
    0.0029161696
   -0.0006546304
    0.0058003998
    0.0018664617
    0.0031346283
    0.0020456709
    0.0021950738
    0.0023077302
    0.0028328068
    0.0022581898
    0.0045997413
    0.0019789101
    0.0032381664
    0.0019755695
    0.0053711688
    0.0017746877
    0.0038254878
    0.0008243109
    0.0024916868
    0.0010144391
    0.0008318912
    0.0024732815
    0.0043695922
    0.0054803098
    0.0004491922
   -0.0014508243
    0.0015180146
    0.0031058818
    0.0032747457
    0.0040169504
    0.0007552535
    0.0030023266
    0.0042250352
    0.0036268859
    0.0032368761
    0.0031911000
    0.0017766801
    0.0005283487
    0.0004563393
    0.0023728738
    0.0005792795
    0.0009828312
    0.0031371966
    0.0006348359
    0.0049290773
    0.0043257129
    0.0001421817
    0.0035329313
    0.0012111186
    0.0030428950
    0.0003138863
    0.0000030404
    0.0033931469
    0.0034338879
    0.0024362073
   -0.0005441681
    0.0014139177
    0.0047502815
    0.0001361441
    0.0048463516
    0.0043603028
    0.0004723611
    0.0000539440
    0.0003198321
    0.0040855454
    0.0026769978
    0.0042757113
   -0.0001138804
    0.0003227479
    0.0029846851
    0.0022704100
    0.0005828310
    0.0017759067
    0.0023938375
    0.0032415341
    0.0047029306
    0.0020398758
    0.0033113604
    0.0011831559
    0.0001169101
    0.0033840691
    0.0025381016
    0.0043527675
   -0.0000894885
    0.0004883222
    0.0012144425
    0.0007450913
    0.0009035271
    0.0017191360
    0.0017242547
    0.0004467950
    0.0015402905
    0.0033387680
    0.0052669226
    0.0032089027
    0.0046211834
    0.0010770655
    0.0034903500
    0.0009401112
    0.0014476409
    0.0007169527
    0.0008659157
    0.0005640932
    0.0008469796
    0.0072432531
    0.0015220444
    0.0020015309
    0.0032611870
    0.0029426992
    0.0002317386
    0.0019327304
    0.0050410615
    0.0009754033
    0.0030477130
    0.0037001139
    0.0038910110
    0.0002396064
    0.0045705114
    0.0016563790
    0.0038542028
    0.0054222159
    0.0003429909
    0.0034512173
    0.0001817660
    0.0002618460
    0.0004418881
    0.0034915003
    0.0006704594
    0.0009171020
    0.0007507791
    0.0034211516
    0.0007291019
    0.0025350817
    0.0030589169
    0.0044729466
    0.0050962006
    0.0024509171
    0.0033830588
    0.0003226103
    0.0039974144
   -0.0012994228
    0.0006577358
    0.0026334248
    0.0041601539
    0.0004780106
    0.0008426550
    0.0007983333
   -0.0036573464
   -0.0047142040
   -0.0055276231
   -0.0025346368
   -0.0041188097
   -0.0093410057
   -0.0004398924
   -0.0012840674
   -0.0014635748
   -0.0029062353
   -0.0083745459
   -0.0068719380
   -0.0025175523
   -0.0055641389
   -0.0016607955
   -0.0071937606
   -0.0108608902
   -0.0037740267
   -0.0016654324
   -0.0007123702
   -0.0016393061
   -0.0032400278
   -0.0087956326
   -0.0081629780
   -0.0013240273
   -0.0068813633
   -0.0010684875
   -0.0026552397
   -0.0069441140
   -0.0001692722
   -0.0006404323
   -0.0037327609
   -0.0001450851
   -0.0036536006
   -0.0011292076
   -0.0052706010
   -0.0014817491
   -0.0023205077
   -0.0007997012
   -0.0012420108
   -0.0112556151
   -0.0008656117
   -0.0053015466
   -0.0036141746
   -0.0073741395
   -0.0013683062
   -0.0036267284
   -0.0015329863
   -0.0011071097
   -0.0006097139
    0.0071633746
    0.0028463485
    0.0070895346
    0.0043691965
    0.0049070947
    0.0033154912
    0.0033616884
    0.0060113053
    0.0047730382
    0.0029101313
    0.0055139780
    0.0026792681
    0.0050427891
    0.0045863016
    0.0094649090
    0.0086203936
   -0.0004875869
    0.0001769565
    0.0011086289
   -0.0011885547
   -0.0037161686
    0.0010534658
    0.0007520527
    0.0012321775
   -0.0032496631
    0.0000297345
   -0.0003672573
    0.0008766339
    0.0000875962
    0.0001157029
    0.0012705130
    0.0012104603
   -0.0060856820
    0.0012689873
    0.0001893759
    0.0011420974
   -0.0011075300
   -0.0030206864
    0.0012182647
    0.0069743308
    0.0071431935
    0.0098798228
    0.0040747482
    0.0058246927
    0.0042141068
    0.0060496048
    0.0055104380
    0.0077742662
    0.0071155563
    0.0049136327
    0.0082556162
    0.0091873344
    0.0041674753
    0.0073209240
    0.0054020007
    0.0061394676
    0.0072420752
    0.0085851767
    0.0057208922
    0.0090063849
    0.0083198998
    0.0060560058
    0.0062761969
    0.0082405084
    0.0068705084
    0.0050695272
    0.0072761278
    0.0089143871
    0.0078922854
    0.0051840710
    0.0079016451
    0.0080967064
    0.0067391230
    0.0070430012
    0.0085755486
    0.0087525973
    0.0066110888
    0.0063647745
    0.0003614710
   -0.0023849179
    0.0008200054
    0.0013401558
    0.0011149864
    0.0011066869
   -0.0029784284
    0.0010046806
    0.0004888315
   -0.0027922336
   -0.0016541272
    0.0010201389
    0.0004702716
   -0.0091665559
    0.0002911420
    0.0002649597
   -0.0054708740
    0.0012188618
    0.0000669060
   -0.0038858245
   -0.0000555769
    0.0051342063
    0.0082532777
    0.0074409658
    0.0073101361
    0.0069117839
    0.0070557658
    0.0050590218
    0.0039304556
    0.0064548303
    0.0060250351
    0.0042278967
    0.0054488973
    0.0046489840
    0.0056302083
    0.0050690783
    0.0077209211
    0.0053933389
    0.0052598600
    0.0087467634
    0.0084736304
    0.0077589825
    0.0070772054
    0.0065788908
    0.0072390665
    0.0075096566
    0.0054348339
    0.0059019328
    0.0064995536
    0.0049029677
    0.0077576466
    0.0068156345
    0.0079776482
    0.0052716994
    0.0061708028
    0.0083012767
    0.0084815454
    0.0057035287
    0.0056012087
    0.0053645456
    0.0066964527
    0.0043126833
    0.0046495261
    0.0045872700
    0.0055539521
    0.0040788092
    0.0046495123
   -0.0109730807
    0.0044687192
    0.0021973021
    0.0049187624
    0.0030446426
   -0.0001471636
    0.0044413687
   -0.0100178055
   -0.0049676201
    0.0057460145
    0.0012300234
    0.0040371524
    0.0016725819
   -0.0059126376
    0.0052167151
   -0.0087746902
    0.0040921462
    0.0029841274
   -0.0124809487
    0.0026269331
   -0.0052046794
    0.0061466339
    0.0033854273
   -0.0021630672
    0.0030686649
   -0.0119318968
   -0.0032659977
   -0.0035944190
    0.0037455263
    0.0057272978
   -0.0050213927
   -0.0022085465
   -0.0040199277
    0.0040583306
    0.0025379665
    0.0012009423
    0.0028493699
    0.0015847201
   -0.0034760402
    0.0025157673
    0.0033429254
   -0.0074896029
    0.0020794371
    0.0009227178
    0.0022017252
   -0.0065486245
    0.0026301390
   -0.0004146685
   -0.0016258959
   -0.0087650227
    0.0065740110
   -0.0122745212
    0.0030429653
    0.0038371369
    0.0006996276
   -0.0121423698
    0.0001328705
   -0.0048771784
    0.0033081174
   -0.0054796179
   -0.0096102379
   -0.0071906817
   -0.0028872859
   -0.0132885076
   -0.0008932975
    0.0044883750
    0.0066034934
   -0.0021715300
    0.0028135366
   -0.0050518981
    0.0035989770
    0.0015173436
    0.0041632293
   -0.0012785467
    0.0027399655
    0.0036702312
   -0.0092564738
   -0.0083923293
    0.0005325352
    0.0071841765
    0.0025734861
   -0.0011071827
    0.0047032014
    0.0066154509
    0.0035940646
    0.0030652838
    0.0026976300
   -0.0078978813
   -0.0046375456
   -0.0125791341
    0.0066321700
    0.0019586602
   -0.0042362232
    0.0036349968
    0.0034021204
   -0.0112026108
    0.0055571091
    0.0005125303
    0.0059442191
    0.0014130999
    0.0053995630
   -0.0067245546
   -0.0054369029
   -0.0038702065
    0.0051353130
    0.0069951630
    0.0015537568
   -0.0068776044
   -0.0072661514
   -0.0070464997
    0.0046416305
    0.0007841494
    0.0069003697
    0.0022067892
   -0.0087421205
   -0.0042627063
    0.0055026725
    0.0046098882
    0.0031633546
   -0.0145954939
   -0.0052155474
    0.0012882024
    0.0023057860
   -0.0062453910
   -0.0031077651
    0.0028034862
   -0.0115381427
   -0.0041114184
   -0.0048187201
   -0.0053313819
   -0.0049248597
   -0.0104969902
    0.0048081688
   -0.0077280562
    0.0012146500
   -0.0082965632
    0.0018256005
   -0.0036834072
    0.0052337523
   -0.0034191986
    0.0038396529
    0.0037753656
    0.0026207307
   -0.0119855250
    0.0031495802
    0.0014467641
   -0.0014727779
   -0.0009950356
    0.0004692987
    0.0043832338
    0.0018838805
    0.0062465966
   -0.0167398992
   -0.0149580342
   -0.0139907096
   -0.0151579240
   -0.0140766980
   -0.0142098492
   -0.0150675035
   -0.0169812989
   -0.0183437184
   -0.0132480793
   -0.0162107987
   -0.0183349478
   -0.0157358155
   -0.0127262160
   -0.0136864407
   -0.0160526660
   -0.0158589199
   -0.0176035716
   -0.0095898738
   -0.0117369130
   -0.0116094245
   -0.0161513885
   -0.0156102393
   -0.0103104291
   -0.0152322902
   -0.0156850513
   -0.0004967997
   -0.0021918974
    0.0005623373
    0.0018105474
   -0.0032176255
   -0.0013402247
   -0.0032807648
   -0.0031185493
    0.0021768891
   -0.0001447071
    0.0046336799
    0.0037674104
    0.0056366549
    0.0033096289
    0.0035367989
    0.0055306662
   -0.0019001131
   -0.0095276714
   -0.0116004415
   -0.0008249497
   -0.0022164536
    0.0007320812
   -0.0011889519
   -0.0051003146
   -0.0118760383
    0.0029462151
    0.0006854361
   -0.0105316438
   -0.0020585520
   -0.0030934331
   -0.0085155961
   -0.0138896995
   -0.0004088230
   -0.0097361526
    0.0012953615
   -0.0009785555
   -0.0021991716
   -0.0038006129
   -0.0027466651
    0.0012733290
   -0.0029141417
    0.0020697110
   -0.0102262147
   -0.0004701729
    0.0005118228
   -0.0078051936
   -0.0070762611
   -0.0022626348
   -0.0029117879
   -0.0029640425
    0.0003052164
   -0.0104832697
   -0.0003925723
   -0.0055944484
   -0.0008580575
   -0.0001452016
   -0.0002025768
   -0.0055077503
    0.0015808167
   -0.0000629343
   -0.0015418929
    0.0039299506
    0.0013971367
   -0.0018502402
   -0.0010948222
   -0.0015304631
   -0.0018556365
    0.0018694265
    0.0044865153
    0.0000021278
   -0.0027241116
   -0.0009138683
   -0.0076252040
   -0.0011775514
    0.0007052120
   -0.0019908732
   -0.0073567776
   -0.0048527413
   -0.0015405351
    0.0028029618
    0.0007631292
   -0.0017579342
   -0.0009077828
   -0.0014802006
   -0.0066779205
   -0.0002289697
   -0.0016179236
    0.0013690249
    0.0011239839
    0.0027948152
   -0.0006226856
   -0.0119354326
   -0.0046008392
   -0.0014914609
   -0.0117365753
   -0.0019519393
   -0.0023007864
   -0.0006596311
   -0.0005397939
   -0.0005175892
   -0.0011654901
   -0.0007678703
    0.0001288383
   -0.0007150835
   -0.0094873593
   -0.0032921743
   -0.0003884141
   -0.0136775006
   -0.0008113619
   -0.0013885150
   -0.0014486678
   -0.0004718768
   -0.0001754216
    0.0002143044
   -0.0017355089
   -0.0025196381
   -0.0081266951
    0.0023831088
   -0.0022287967
    0.0056186739
   -0.0005349568
    0.0033272869
   -0.0019891209
   -0.0030408965
   -0.0019884519
    0.0002753251
   -0.0121087288
   -0.0020770781
    0.0016110862
   -0.0005817776
   -0.0021975907
   -0.0073662267
   -0.0006354009
   -0.0008304803
   -0.0120163647
   -0.0057366949
   -0.0099009216
   -0.0002299071
   -0.0013894875
   -0.0017906764
   -0.0006919322
    0.0014733235
   -0.0016581788
   -0.0160469509
   -0.0033401912
   -0.0051410354
   -0.0091480058
   -0.0019517782
   -0.0029452600
   -0.0008628831
   -0.0075582984
   -0.0078955518
   -0.0026937300
    0.0004176263
   -0.0014140274
   -0.0049737413
   -0.0116838202
   -0.0011447008
   -0.0037571261
   -0.0027292000
   -0.0087698802
   -0.0006201287
   -0.0131109788
   -0.0041855591
    0.0007149205
    0.0008650688
    0.0041013747
    0.0005799934
    0.0002711872
    0.0040035443
    0.0028920840
    0.0046483913
    0.0004128593
    0.0013614419
    0.0018572188
    0.0045532665
    0.0010895896
    0.0006989716
    0.0038323665
    0.0030823888
    0.0006125627
    0.0024509624
    0.0018933661
    0.0047032128
    0.0007920330
    0.0021147188
    0.0036334070
    0.0014605890
   -0.0019565607
    0.0033301857
    0.0037600929
    0.0020599234
    0.0019068469
    0.0000624277
    0.0030226680
    0.0006866323
   -0.0003686630
    0.0002836465
    0.0009031286
   -0.0058334677
    0.0015655356
    0.0001865136
    0.0011012585
    0.0002989226
    0.0058550031
    0.0021823320
    0.0014532846
   -0.0005204255
   -0.0010039671
    0.0004976461
    0.0031604806
    0.0003520562
    0.0040330202
    0.0002433773
    0.0023564247
    0.0040035407
   -0.0001627564
    0.0044933881
    0.0006173312
    0.0024210448
    0.0041502634
    0.0019322613
    0.0022403642
   -0.0001703281
    0.0026823619
    0.0033153819
    0.0017443241
    0.0016271719
    0.0027516014
    0.0036529252
    0.0033549920
   -0.0071008131
    0.0039453914
    0.0015547285
    0.0006586748
    0.0008477959
   -0.0071936132
    0.0007630181
    0.0007482406
    0.0010223011
    0.0025915877
    0.0010881042
   -0.0000741707
    0.0006561695
    0.0015686183
    0.0032369028
   -0.0056309595
    0.0032204119
    0.0030863814
    0.0030675983
    0.0005160517
    0.0009881856
    0.0024384213
    0.0025502726
    0.0015173588
    0.0003259101
    0.0023232331
    0.0002385415
    0.0037276949
   -0.0003952368
    0.0041696990
    0.0013415378
   -0.0000345104
    0.0020287954
    0.0002650647
   -0.0055229138
    0.0034210228
    0.0006604287
    0.0041472948
    0.0004507699
    0.0025972780
    0.0011519988
    0.0047054660
    0.0026116154
    0.0049975856
    0.0052168668
    0.0017191643
    0.0023577750
   -0.0055415459
    0.0053511005
    0.0024168514
    0.0040739713
    0.0004455358
    0.0054387404
    0.0048216171
    0.0004765875
    0.0024888895
    0.0040699209
    0.0003712799
    0.0011695494
    0.0014871975
    0.0004035471
    0.0038105455
    0.0006257065
    0.0006679937
    0.0029475179
   -0.0014551508
   -0.0000343985
    0.0030124726
    0.0005565034
    0.0026056554
    0.0027007326
    0.0071627784
    0.0022975789
    0.0021727970
    0.0011677666
    0.0032904459
    0.0028331697
    0.0003563729
    0.0021900281
    0.0004880657
    0.0013577531
    0.0003426312
    0.0006755525
    0.0044940418
    0.0022374447
    0.0011410078
    0.0047111373
    0.0026186813
    0.0014749870
    0.0004915553
    0.0005015407
    0.0007504425
    0.0027682991
    0.0029016363
    0.0012707763
    0.0064030887
    0.0004349707
    0.0018486793
    0.0016797328
    0.0009825748
    0.0034289334
    0.0025990133
    0.0020858107
    0.0009304528
    0.0072588770
    0.0036196834
    0.0012473141
   -0.0032464719
    0.0036982357
    0.0007908617
    0.0013266973
    0.0014840158
    0.0007821057
    0.0022595987
    0.0024904104
    0.0018228845
    0.0050681648
    0.0012317409
    0.0006501159
    0.0017814423
    0.0042813581
    0.0006749071
    0.0009698989
    0.0015968079
    0.0011060198
    0.0013587995
    0.0025984244
    0.0030009483
    0.0000604070
    0.0033688195
    0.0045226233
    0.0029405575
    0.0018226816
   -0.0022514544
    0.0043382056
    0.0032918842
    0.0022108313
    0.0009898512
    0.0018723405
    0.0007609038
    0.0022742984
    0.0008149977
    0.0003927087
    0.0033076096
    0.0039054074
    0.0002950958
    0.0025384545
    0.0033593542
    0.0000741591
    0.0022629538
    0.0027676728
    0.0034857397
    0.0033636402
    0.0005496061
    0.0019291240
    0.0002093285
    0.0001744285
    0.0009182591
    0.0014023771
   -0.0005323333
    0.0005639818
    0.0030491797
    0.0009340492
    0.0009791706
    0.0011004558
   -0.0003703122
    0.0018733644
    0.0004233802
   -0.0041498033
   -0.0057119951
   -0.0045810852
   -0.0013253760
   -0.0013559368
   -0.0023459678
   -0.0015293980
   -0.0036992655
   -0.0075291622
   -0.0022100211
   -0.0053857583
   -0.0052208646
   -0.0021809631
   -0.0037877758
   -0.0051532571
   -0.0012754202
   -0.0028156138
   -0.0058112452
   -0.0027200923
   -0.0043875282
   -0.0046344957
   -0.0025391941
   -0.0057399113
   -0.0060141998
   -0.0060394369
   -0.0014417795
   -0.0013171177
   -0.0042868082
   -0.0077907795
    0.0053276163
    0.0028683298
    0.0048981094
    0.0032420180
    0.0046270896
    0.0044140996
    0.0038017210
    0.0062754787
    0.0025620151
    0.0028183418
    0.0032314316
    0.0067699024
    0.0044521979
    0.0056856455
    0.0048201781
    0.0034096155
    0.0032011702
   -0.0004988674
   -0.0011320208
   -0.0007697704
    0.0000184675
    0.0005404271
   -0.0013089175
   -0.0019474171
   -0.0007015868
    0.0001715882
   -0.0001568865
   -0.0017445896
   -0.0015785761
    0.0001415955
    0.0055893971
    0.0057983549
    0.0051618549
    0.0046753426
    0.0057153496
    0.0043371264
    0.0060554584
    0.0049692395
    0.0069346232
    0.0065347500
    0.0072938978
    0.0070145077
    0.0056289018
    0.0070785163
    0.0057570273
    0.0053674428
    0.0063551952
    0.0070941168
    0.0067255324
    0.0005286245
   -0.0010409648
   -0.0008003435
   -0.0027159429
   -0.0009270801
    0.0004324808
   -0.0028521354
   -0.0033784405
   -0.0019653902
    0.0006709002
   -0.0000005299
    0.0004598734
   -0.0011375794
    0.0067226590
    0.0063505579
    0.0053198907
    0.0047950619
    0.0053154844
    0.0044649532
    0.0040172861
    0.0061385021
    0.0056292213
    0.0072388708
    0.0053982764
    0.0054425940
    0.0064690107
    0.0067759618
    0.0069753251
    0.0052409796
    0.0055232930
    0.0064363423
    0.0055616410
    0.0060580256
    0.0040064574
    0.0014886794
    0.0004773192
    0.0025049258
    0.0017346656
   -0.0063015697
   -0.0013875227
   -0.0029271340
    0.0044063149
    0.0039360739
   -0.0072890196
    0.0040428025
    0.0017231133
    0.0023628200
   -0.0091261184
   -0.0119778832
    0.0059603970
   -0.0082789263
    0.0044540768
   -0.0007823510
    0.0049339995
    0.0031214924
   -0.0024254303
    0.0057598232
    0.0037057524
    0.0026366679
   -0.0004774553
   -0.0092309029
    0.0025961409
    0.0030007743
    0.0028936736
    0.0039846143
    0.0025930455
   -0.0034529183
    0.0000028188
   -0.0002878331
    0.0009377262
    0.0058160050
    0.0033333529
    0.0013853347
    0.0033567299
   -0.0031394881
    0.0001835464
    0.0034378525
    0.0041928352
   -0.0007976083
    0.0007007151
   -0.0007268479
    0.0038097758
    0.0034748907
    0.0045321812
    0.0016423480
    0.0000215087
   -0.0048323142
   -0.0013364401
   -0.0003495038
   -0.0051312314
    0.0026813952
    0.0042991501
    0.0053948409
    0.0038718903
    0.0016112281
    0.0031832158
   -0.0045746474
    0.0066292173
   -0.0009512045
   -0.0017918115
    0.0011932537
    0.0025172425
    0.0021672888
    0.0040521013
   -0.0009720955
    0.0026167862
   -0.0011146212
    0.0035982331
    0.0026806763
    0.0018603293
    0.0046092044
    0.0010956498
    0.0046999173
    0.0061388658
   -0.0027946689
    0.0045733614
   -0.0017813728
   -0.0053838125
    0.0008723947
    0.0052222208
    0.0008270638
   -0.0009295686
    0.0064233927
    0.0043878624
    0.0067647875
   -0.0044631610
   -0.0001505255
    0.0047539139
   -0.0000670402
    0.0049903266
    0.0023712987
   -0.0041258486
   -0.0100645362
    0.0043698600
   -0.0002584663
   -0.0109129373
   -0.0083595531
    0.0010932124
   -0.0012986988
    0.0039639556
   -0.0078112811
   -0.0021527055
    0.0049503348
   -0.0101692828
    0.0037098095
   -0.0024767573
   -0.0015137260
    0.0040835033
    0.0015580457
    0.0030322699
    0.0036392222
    0.0045978648
    0.0057240074
    0.0041336675
    0.0029344056
   -0.0111751082
    0.0034419656
   -0.0003358957
    0.0066010941
   -0.0064718718
    0.0041326697
    0.0002761539
    0.0014337255
   -0.0047567371
   -0.0071065984
    0.0046586368
    0.0028474835
   -0.0037349045
    0.0000695332
   -0.0014983651
   -0.0091900416
    0.0016961363
   -0.0055138890
    0.0029638517
    0.0046017419
    0.0043474490
    0.0030260686
    0.0028274611
    0.0004706885
    0.0030081326
    0.0022146824
    0.0042528617
    0.0003837819
    0.0017921050
    0.0024673458
   -0.0017753645
    0.0040813562
    0.0047858310
   -0.0030736786
   -0.0077984207
    0.0060211492
   -0.0065795523
    0.0011545079
    0.0027104923
   -0.0040457554
    0.0007064123
   -0.0001668209
    0.0022036344
    0.0047078591
    0.0022356263
    0.0010083868
   -0.0054443535
    0.0039528854
    0.0025454192
   -0.0065322000
    0.0054673355
   -0.0023517510
   -0.0037331457
    0.0025651708
    0.0025753843
    0.0057718797
    0.0042564255
   -0.0003063312
    0.0028320167
    0.0019206518
   -0.0091730914
    0.0038909151
    0.0051211627
    0.0017230601
   -0.0099278342
   -0.0009124438
    0.0005419193
   -0.0022164601
   -0.0020370709
   -0.0121798007
   -0.0125033311
   -0.0078147559
   -0.0054574164
   -0.0047774304
    0.0053994544
    0.0008414871
    0.0046025088
    0.0050823246
    0.0010104765
   -0.0039540700
    0.0007151468
    0.0031887812
    0.0047983852
   -0.0045791230
   -0.0012723821
    0.0007595067
   -0.0057020067
    0.0026413146
   -0.0004101101
   -0.0103871660
   -0.0028735713
   -0.0023017465
    0.0038790028
   -0.0114657273
   -0.0123654342
    0.0056311169
    0.0043772131
   -0.0033007213
    0.0013920131
    0.0009477838
   -0.0044111181
   -0.0013680882
    0.0030048472
    0.0019215825
    0.0016336000
    0.0044031203
    0.0020390515
   -0.0000936777
   -0.0012412759
    0.0033381481
   -0.0015559019
    0.0044809844
    0.0028368066
   -0.0022854848
    0.0039662512
   -0.0098208008
    0.0032486613
   -0.0017981284
    0.0042959650
   -0.0078230264
    0.0021166110
    0.0052630666
    0.0019534180
    0.0030918220
   -0.0025513276
   -0.0140783928
   -0.0127675399
   -0.0130172380
   -0.0098069510
   -0.0142119927
   -0.0132434339
   -0.0098654416
   -0.0123844996
   -0.0140108086
   -0.0137193886
   -0.0135932782
   -0.0099138034
   -0.0138287336
   -0.0124205393
   -0.0146167814
   -0.0124877238
   -0.0126172419
   -0.0124358193
   -0.0120839924
   -0.0140635112
   -0.0132527365
   -0.0122364136
   -0.0131224229
   -0.0133394202
   -0.0126913860
   -0.0141893538
   -0.0127401935
   -0.0147871849
   -0.0135502461
   -0.0091476835
   -0.0137051526
   -0.0148122417
   -0.0137296805
   -0.0051523569
   -0.0121757409
   -0.0000310952
   -0.0025421845
   -0.0128202122
    0.0010893892
    0.0028003486
    0.0020719182
   -0.0016444771
   -0.0094763967
   -0.0017379115
   -0.0123155845
    0.0007273322
   -0.0036527010
   -0.0057715760
   -0.0003888694
   -0.0042262261
   -0.0023008918
   -0.0012114126
   -0.0084942239
   -0.0017730302
   -0.0066902399
    0.0027515921
    0.0002457734
   -0.0044613301
   -0.0023614786
   -0.0011249161
   -0.0020339003
   -0.0026686354
   -0.0012409653
   -0.0033304428
   -0.0007486497
   -0.0025128475
   -0.0059093043
   -0.0116550394
   -0.0016553225
    0.0026698355
   -0.0055505522
   -0.0034005911
   -0.0029716273
    0.0017152729
   -0.0044469897
    0.0022279866
   -0.0036812822
   -0.0039029462
   -0.0065397566
   -0.0019759595
   -0.0003285648
   -0.0001695166
   -0.0043332539
    0.0016497037
    0.0008004186
   -0.0040375048
    0.0018185084
   -0.0081677843
   -0.0009147886
    0.0003515872
   -0.0005407244
   -0.0048412554
   -0.0047620140
    0.0041328037
   -0.0032318768
   -0.0001306511
   -0.0056136330
    0.0027912915
    0.0000172469
   -0.0015776531
    0.0030516648
   -0.0073534100
   -0.0035455416
   -0.0006506701
   -0.0015322486
    0.0008503618
   -0.0013744640
   -0.0011847323
    0.0002549308
    0.0002427329
   -0.0018955167
   -0.0047734684
   -0.0010589363
   -0.0038071321
    0.0034889964
    0.0000934823
   -0.0105680530
   -0.0009006576
   -0.0121063043
   -0.0065423004
   -0.0018826689
   -0.0140849043
   -0.0015627739
   -0.0015440129
   -0.0041304969
   -0.0008795199
    0.0017173997
    0.0002262833
   -0.0020868437
   -0.0025340743
   -0.0011645855
    0.0021589359
   -0.0004675361
   -0.0005553846
   -0.0010668458
   -0.0064980400
   -0.0035926103
    0.0048727245
   -0.0009736983
   -0.0009311033
   -0.0032266236
    0.0063436538
   -0.0032056391
   -0.0030842857
    0.0036268141
   -0.0011340291
    0.0005291528
   -0.0048879939
   -0.0099081574
   -0.0046055032
   -0.0037938116
   -0.0004561273
   -0.0022525790
    0.0028901519
   -0.0012059620
   -0.0004800688
   -0.0075556194
   -0.0100849102
   -0.0034596999
   -0.0019967102
   -0.0016000169
   -0.0016186347
    0.0062097038
   -0.0029165540
   -0.0047360382
   -0.0004814167
   -0.0043931029
    0.0026487146
    0.0030481232
   -0.0031653547
   -0.0082815961
   -0.0004071712
   -0.0006172708
    0.0023063727
   -0.0015412296
   -0.0050423497
   -0.0025858641
   -0.0052396090
   -0.0019227603
   -0.0022927554
    0.0019383951
   -0.0023504300
    0.0042092198
   -0.0038023598
   -0.0004953383
   -0.0033184616
   -0.0029870438
    0.0005378604
   -0.0027009715
   -0.0024928924
   -0.0034712041
   -0.0035569126
   -0.0112029069
   -0.0028177482
    0.0016899666
   -0.0056023915
   -0.0142828156
   -0.0016287944
    0.0035182671
   -0.0020614374
    0.0011049298
   -0.0021005095
   -0.0101161726
   -0.0124235185
   -0.0011482295
   -0.0010304340
   -0.0012654574
   -0.0009983068
   -0.0026934945
   -0.0015238106
   -0.0063665832
   -0.0058421235
   -0.0079295783
   -0.0020670765
    0.0051920241
   -0.0044100893
   -0.0126445950
   -0.0122123822
    0.0034789002
   -0.0038717795
    0.0023633914
   -0.0094721515
    0.0011704749
   -0.0036840178
   -0.0013039637
   -0.0020510977
   -0.0024790527
   -0.0009015552
    0.0035837610
    0.0045141478
    0.0007780672
   -0.0048483657
   -0.0002690338
   -0.0085604846
   -0.0040161448
   -0.0008775835
   -0.0028699398
   -0.0015862891
   -0.0091450499
    0.0046601889
   -0.0011326251
   -0.0009144413
   -0.0098753511
    0.0051096520
   -0.0058374850
    0.0014671931
   -0.0010124315
   -0.0129683703
   -0.0067683670
   -0.0010755421
   -0.0056723538
   -0.0049323680
   -0.0001623262
    0.0013075673
   -0.0019364271
    0.0048881727
   -0.0101606306
    0.0024020652
    0.0014193892
    0.0015211349
   -0.0037606716
    0.0036545963
    0.0010235360
    0.0000220837
    0.0049250254
    0.0045972296
    0.0018821855
    0.0057104350
    0.0063459533
    0.0052497881
    0.0020024064
    0.0024269719
    0.0015077246
    0.0063807459
    0.0010012696
    0.0009627454
   -0.0001088675
    0.0053498713
    0.0009408756
    0.0010759440
    0.0004020887
    0.0014867279
    0.0025478306
    0.0026426150
    0.0027177117
   -0.0004035701
   -0.0000021209
    0.0020220689
    0.0005356935
   -0.0004158648
    0.0006190687
    0.0017421360
    0.0036382328
    0.0008058175
    0.0009634052
    0.0009285379
    0.0053913551
    0.0022545389
    0.0004194420
    0.0008198866
    0.0022588300
    0.0017193004
   -0.0059476484
    0.0005862334
    0.0039256419
    0.0058052004
    0.0007274329
    0.0010609055
    0.0057959324
    0.0030804643
    0.0020382187
    0.0003037093
    0.0026779507
   -0.0062870559
    0.0061616229
    0.0010011749
    0.0015403770
    0.0048484692
    0.0021925973
    0.0033373166
    0.0015618044
    0.0031044959
    0.0013504781
   -0.0010430255
   -0.0000742720
    0.0060521389
    0.0023192892
    0.0021285040
    0.0021463798
    0.0049237476
    0.0012885365
    0.0033066641
    0.0033439512
    0.0057476996
    0.0043672842
    0.0013973452
    0.0054236286
    0.0010473974
    0.0013034476
    0.0035730809
    0.0017847828
    0.0020331991
    0.0034276131
   -0.0020281423
    0.0015318852
    0.0043159006
    0.0055445023
    0.0051849546
    0.0013457033
   -0.0001891967
    0.0028150016
   -0.0017038918
    0.0005090629
    0.0019689338
   -0.0000139306
    0.0037002928
    0.0017125592
    0.0047927199
   -0.0039069589
    0.0006068740
    0.0011133426
    0.0017883238
   -0.0000400141
    0.0004567606
    0.0040621316
    0.0040616013
    0.0008533041
    0.0008528130
    0.0029186413
    0.0025619394
    0.0027495746
    0.0017142535
   -0.0012209980
    0.0010411735
    0.0020900627
    0.0006502843
    0.0031500077
    0.0058600271
    0.0019422585
   -0.0006698589
    0.0022580694
    0.0011036578
    0.0002422559
    0.0020340951
   -0.0000568703
    0.0024679337
    0.0037662285
    0.0048903045
   -0.0005548213
    0.0003733634
    0.0040025732
    0.0029907897
    0.0006724577
    0.0026000658
    0.0013544549
   -0.0007180971
    0.0005337185
    0.0003902819
    0.0025063498
    0.0007744611
   -0.0066730508
    0.0002538272
    0.0044925642
    0.0021534071
    0.0022667998
    0.0013984397
    0.0050595475
    0.0024866268
   -0.0012685694
    0.0019293141
    0.0009828639
    0.0030029524
    0.0042404675
    0.0039188275
    0.0040616031
    0.0033031841
    0.0012745239
   -0.0000414305
    0.0011227031
    0.0024864618
    0.0028721078
    0.0020072174
    0.0009150322
    0.0033785734
    0.0028985345
   -0.0008593577
    0.0012199509
    0.0030879146
   -0.0015867957
    0.0030856420
   -0.0000154601
   -0.0033245577
    0.0036838402
    0.0022782695
    0.0004757824
    0.0002532437
    0.0003429020
    0.0018993604
   -0.0003057389
    0.0030536830
    0.0031844813
    0.0024658427
    0.0032617705
    0.0032366399
   -0.0002949580
    0.0018923009
    0.0051823385
    0.0009061457
    0.0010004693
    0.0004952043
    0.0009995966
    0.0024746593
    0.0009130593
    0.0005755236
    0.0039080178
    0.0030376043
    0.0026829186
   -0.0008579507
    0.0005489904
    0.0024180102
    0.0032505353
    0.0026990077
    0.0004717336
    0.0028487312
    0.0010826771
    0.0047805188
    0.0047574176
    0.0021375601
    0.0031764441
    0.0004185234
    0.0002819750
   -0.0009728975
    0.0003614949
    0.0006285606
    0.0018857492
    0.0019249980
    0.0008032056
    0.0002577338
    0.0015043801
    0.0036957053
    0.0004953953
    0.0062023074
    0.0031817799
    0.0050669565
    0.0003140339
    0.0005841660
    0.0051353145
    0.0056488422
    0.0036817412
    0.0018751406
    0.0045951410
   -0.0008788840
    0.0012340321
   -0.0034152384
    0.0049078154
    0.0022812535
    0.0042210356
    0.0023237552
    0.0012031900
    0.0033940372
    0.0035876300
    0.0011285433
    0.0013062612
    0.0063125144
    0.0037722918
    0.0043498147
    0.0048825491
    0.0030186581
    0.0040884098
    0.0000992207
   -0.0003862538
    0.0063133786
    0.0013738767
    0.0023220832
    0.0059433890
    0.0025993986
    0.0036061375
    0.0030693938
    0.0049228424
    0.0013706235
    0.0047338585
    0.0047333131
   -0.0016197872
    0.0045413253
    0.0060433951
    0.0029950331
    0.0032014007
    0.0059781306
    0.0019389097
    0.0032527497
   -0.0071057043
    0.0019379943
    0.0006688344
    0.0004681641
    0.0023814164
   -0.0018681705
   -0.0054624974
   -0.0028739787
    0.0022057075
    0.0006324517
    0.0009760632
    0.0003941132
    0.0007195561
    0.0029783264
    0.0053755548
    0.0005338247
    0.0016685040
    0.0010238698
    0.0040202775
   -0.0053813190
    0.0029606973
   -0.0001689550
    0.0020475844
    0.0063021851
   -0.0013785182
    0.0032774966
    0.0058615737
    0.0000837002
    0.0010586826
    0.0005218893
    0.0023943710
    0.0046236227
    0.0006632855
    0.0018748340
    0.0005717688
    0.0032233118
    0.0041677917
    0.0005382655
    0.0003864034
    0.0001974455
    0.0006102293
    0.0018500507
    0.0000754798
    0.0008220168
    0.0008378550
    0.0004009206
    0.0032933263
    0.0023452257
   -0.0027918771
    0.0011398674
    0.0012937125
    0.0009271118
    0.0020689938
    0.0005186556
    0.0015892200
    0.0016839949
    0.0024593692
    0.0002322492
    0.0044122068
    0.0015272308
    0.0052413767
    0.0026982444
    0.0031584168
    0.0014815724
   -0.0005962028
    0.0039910082
    0.0015266526
    0.0009719184
   -0.0007104410
    0.0007388350
    0.0031199117
    0.0015403531
    0.0028298737
    0.0027802601
    0.0013478777
    0.0026407005
    0.0011743080
   -0.0001486276
    0.0036623068
    0.0058251137
    0.0001657921
    0.0005812392
    0.0053829915
    0.0038275808
    0.0026268392
    0.0042579997
    0.0010781330
    0.0020265981
    0.0034794213
    0.0007532532
    0.0018069397
   -0.0061195285
   -0.0009457206
    0.0008928839
   -0.0000194266
   -0.0003792841
   -0.0001634558
    0.0044799050
    0.0026961949
    0.0018746247
    0.0038843329
    0.0000812174
    0.0033005645
    0.0023345510
    0.0017229679
    0.0037534772
    0.0025489733
    0.0002806331
    0.0012103380
    0.0022281813
    0.0005807096
    0.0020846863
    0.0002583423
    0.0037917957
    0.0051234656
    0.0040417397
    0.0025857684
    0.0028332862
    0.0033062262
    0.0009497474
    0.0006125404
    0.0019692176
    0.0011865073
    0.0038094639
   -0.0013212567
    0.0020512323
    0.0030556623
    0.0020044028
    0.0023385621
    0.0027925326
   -0.0007265926
   -0.0000278169
    0.0002077735
    0.0039077840
    0.0026672224
    0.0002822015
    0.0001802224
    0.0007294014
    0.0030999899
    0.0032871483
   -0.0002015127
