    0.0269089001
    0.0324770124
    0.0434226418
    0.0285270475
    0.0423721470
    0.0368948289
    0.0436363240
    0.0193568879
    0.0437733760
    0.0374674916
    0.0352468852
    0.0299597235
    0.0197489906
    0.0371698469
    0.0377269539
    0.0379711799
    0.0443461536
    0.0439455215
    0.0347009539
    0.0333000153
    0.0154441154
    0.0386662039
   -0.0277052809
   -0.0251237130
    0.0087417323
   -0.0181368276
   -0.0274267450
    0.0004113214
   -0.0252008718
   -0.0036791290
   -0.0094976201
   -0.0047710473
   -0.0195796574
   -0.0096646070
    0.0080931635
   -0.0209840209
   -0.0268086524
   -0.0215826832
   -0.0277400995
   -0.0059452438
   -0.0185458525
    0.0041821251
   -0.0289685440
   -0.0204563089
    0.0225346612
   -0.0228935514
   -0.0145387471
   -0.0199045213
   -0.0232462384
    0.0037422574
   -0.0224815482
   -0.0284317403
   -0.0230460469
    0.0064907377
   -0.0280304813
   -0.0225611014
   -0.0162031423
    0.0052084194
    0.0093911596
   -0.0155306318
   -0.0023871211
    0.0163767624
    0.0031748218
   -0.0095425662
   -0.0127997288
   -0.0047022942
   -0.0021412468
   -0.0238527857
    0.0042534907
   -0.0107570102
   -0.0213529278
   -0.0224564138
   -0.0132346075
   -0.0043806393
   -0.0005057724
   -0.0070568378
   -0.0176060884
    0.0009407272
   -0.0214767897
   -0.0109206680
   -0.0138001299
   -0.0104680582
   -0.0146545159
   -0.0148461733
   -0.0231039669
   -0.0232625746
   -0.0190833086
   -0.0264470920
   -0.0159837557
   -0.0271276665
    0.0177642568
    0.0220278154
    0.0392996215
    0.0134548622
    0.0186610963
    0.0034037003
    0.0184358129
    0.0216474345
    0.0186626956
    0.0041893153
    0.0156843972
    0.0057329477
    0.0184976849
    0.0403139494
    0.0201377471
    0.0215936950
    0.0221395640
    0.0201358071
    0.0111636658
    0.0219456212
   -0.0001954208
    0.0228764029
    0.0368533494
    0.0182054116
    0.0215762882
   -0.0031614392
    0.0367814025
    0.0159434974
   -0.0065790058
    0.0218831544
   -0.0023516806
    0.0192851492
    0.0181756354
    0.0213158750
    0.0272281940
    0.0208215678
   -0.0059703532
   -0.0055987244
    0.0195033940
   -0.0058453055
    0.0242570762
    0.0269203541
    0.0316783740
    0.0304373265
    0.0294621877
    0.0252909406
    0.0244703744
    0.0231279970
    0.0238699326
    0.0280142087
    0.0257085780
    0.0254217341
    0.0309126267
    0.0264128215
    0.0244144177
    0.0244271005
    0.0283272521
    0.0225964341
    0.0252049157
    0.0248793261
    0.0248655143
    0.0256546480
    0.0263249551
    0.0185661091
    0.0226103933
    0.0217074768
    0.0088823411
    0.0155840262
    0.0177177366
    0.0106593992
    0.0234751200
    0.0198108832
    0.0217266822
    0.0218243595
    0.0140377374
    0.0098191778
    0.0235238605
    0.0220192117
    0.0134421828
    0.0202747942
    0.0167774837
    0.0236350055
    0.0233701709
    0.0220778172
    0.0181049541
   -0.0126824686
    0.0011936335
    0.0060804701
   -0.0132287638
   -0.0054303885
   -0.0042960318
    0.0276166901
   -0.0063971350
    0.0043976825
    0.0287884577
    0.0009507231
   -0.0117828900
   -0.0110541663
    0.0199188864
    0.0017913908
   -0.0005786950
    0.0254096003
   -0.0046950075
   -0.0107113664
    0.0107963391
   -0.0111405918
    0.0134758347
   -0.0076784169
   -0.0117236550
   -0.0082086003
   -0.0128989173
    0.0172669917
   -0.0108679877
   -0.0114426344
   -0.0074295073
    0.0148540212
    0.0121728073
   -0.0098415983
    0.0046651145
   -0.0129106241
   -0.0009202107
    0.0170366679
   -0.0112911636
   -0.0069519543
   -0.0135876123
   -0.0052812143
    0.0190802263
   -0.0109904234
   -0.0073494092
    0.0127523412
   -0.0127793608
   -0.0051040501
   -0.0107826079
   -0.0054501855
    0.0102466756
    0.0139055875
    0.0228867346
   -0.0073246989
   -0.0022916056
   -0.0029051457
   -0.0120286173
   -0.0105053107
    0.0199360120
    0.0158086471
   -0.0112526547
   -0.0101716402
   -0.0048391654
   -0.0108268974
    0.0055106479
    0.0139966369
   -0.0077628679
   -0.0000989277
   -0.0133105751
   -0.0106740918
   -0.0120033023
    0.0140649269
   -0.0135170934
    0.0045938689
   -0.0089761432
   -0.0134493356
   -0.0103248788
    0.0186186346
   -0.0095661557
   -0.0087943516
   -0.0109492789
    0.0018421940
    0.0034193685
   -0.0135244114
   -0.0112618306
   -0.0128449478
   -0.0074768008
   -0.0121651410
    0.0094255223
   -0.0093061758
   -0.0125109601
   -0.0105114566
   -0.0131017285
    0.0140540496
   -0.0002108035
   -0.0086045851
    0.0007257009
   -0.0137873979
   -0.0108036608
   -0.0049440432
   -0.0113116813
   -0.0063452436
   -0.0104549671
   -0.0132313279
   -0.0137032845
   -0.0071041999
    0.0029658055
   -0.0095554038
   -0.0016760657
   -0.0127493295
   -0.0123826278
   -0.0121655231
    0.0020261368
   -0.0077903967
   -0.0084170068
   -0.0130931596
   -0.0135486490
    0.0112736198
   -0.0109180885
   -0.0121679254
   -0.0123644761
   -0.0075000200
   -0.0112240555
   -0.0131821848
   -0.0067962787
   -0.0054110886
   -0.0133705971
   -0.0163718603
   -0.0053456478
   -0.0134303070
   -0.0125311807
   -0.0171593644
   -0.0104466852
   -0.0155183133
   -0.0145636966
   -0.0121200317
   -0.0123596582
   -0.0125529860
   -0.0143035144
    0.0100193113
   -0.0060958478
   -0.0134765108
   -0.0156962907
   -0.0112499254
   -0.0157979388
   -0.0166585076
   -0.0142755432
   -0.0179237053
   -0.0094857580
   -0.0161547834
   -0.0122539500
   -0.0158556496
   -0.0147721709
   -0.0131372288
   -0.0147751175
   -0.0161813536
   -0.0145953408
   -0.0233079316
   -0.0082024291
   -0.0063942918
   -0.0093635827
    0.0016522948
   -0.0137840611
   -0.0163467161
   -0.0155750693
   -0.0130158569
   -0.0159965322
   -0.0154510550
   -0.0162915807
   -0.0139308064
   -0.0156957136
   -0.0177139884
   -0.0145902525
   -0.0141750789
   -0.0126781015
   -0.0166635252
   -0.0122256090
    0.0025950525
   -0.0168550407
   -0.0159788285
    0.0079767709
   -0.0190362276
   -0.0098305140
   -0.0143371998
   -0.0201363711
   -0.0121364277
   -0.0125515186
   -0.0148332629
   -0.0057572373
   -0.0175625443
   -0.0138777296
   -0.0132184487
   -0.0148635592
   -0.0189525177
   -0.0163110504
   -0.0105882772
   -0.0144453721
   -0.0152744138
   -0.0155113613
   -0.0153276589
   -0.0145306665
   -0.0146830291
   -0.0135091131
   -0.0138660543
   -0.0181135866
   -0.0154531069
    0.0319383765
    0.0348348562
    0.0282608330
    0.0323449394
    0.0260619293
    0.0341035027
    0.0199852993
    0.0174029973
    0.0313287119
    0.0351091518
    0.0269836321
    0.0299936678
    0.0287411822
    0.0183318205
    0.0227289355
    0.0320593762
    0.0249213627
    0.0307943162
    0.0284014429
    0.0336488821
    0.0302294556
    0.0164773239
    0.0281304010
   -0.0081548548
   -0.0033323283
   -0.0138017572
   -0.0048294761
   -0.0182214885
    0.0032522350
    0.0003954396
   -0.0006613626
   -0.0181267307
   -0.0162452285
   -0.0136784687
   -0.0175601664
   -0.0175255531
   -0.0007995492
   -0.0103086369
   -0.0044422694
   -0.0004208979
   -0.0042682441
   -0.0180531163
   -0.0024478500
   -0.0044283280
   -0.0192918520
   -0.0060523447
   -0.0158784741
    0.0034806128
   -0.0207149014
   -0.0021143274
   -0.0208530719
   -0.0131347921
   -0.0217770537
   -0.0085528909
    0.0244134356
   -0.0114787892
   -0.0141814287
   -0.0108720126
   -0.0157092386
   -0.0172301339
   -0.0127954293
   -0.0105193110
    0.0095607796
   -0.0179703744
   -0.0189309105
    0.0133135551
   -0.0209165762
    0.0048610977
    0.0133811771
   -0.0205590860
   -0.0152734950
   -0.0058038223
   -0.0217159166
    0.0016731969
   -0.0050565303
   -0.0090830904
    0.0015278793
    0.0048953240
   -0.0179923938
   -0.0209843632
   -0.0214341132
    0.0074233327
   -0.0201654800
    0.0022149128
   -0.0117593782
   -0.0201645813
   -0.0072125146
    0.0042297909
    0.0020374909
   -0.0217182315
   -0.0076470965
   -0.0088212750
    0.0166254250
    0.0291620808
    0.0078834917
   -0.0029676704
    0.0189997861
    0.0191434987
    0.0170860091
    0.0264540290
    0.0152401615
    0.0181482696
    0.0159391217
    0.0163292274
    0.0175941933
   -0.0022437189
    0.0031615167
    0.0073346522
    0.0173032791
    0.0280186403
    0.0124413269
   -0.0054587875
    0.0138175343
    0.0159747370
    0.0145767171
    0.0150414846
    0.0171967472
    0.0175172751
    0.0302309291
    0.0163114851
    0.0012314801
    0.0167432283
    0.0146288909
    0.0117324351
    0.0251268914
    0.0175267033
    0.0142161384
    0.0120035868
    0.0175212682
    0.0171906927
    0.0046967675
    0.0026208754
    0.0142943781
    0.0152541393
    0.0162220983
    0.0023776337
    0.0139343643
    0.0136643322
    0.0159575085
    0.0107916847
    0.0299308592
    0.0055910147
   -0.0083034038
   -0.0083220994
    0.0155661480
   -0.0080499259
    0.0109471352
    0.0155921068
    0.0228916509
    0.0209071035
    0.0220631235
    0.0189814001
    0.0198343221
    0.0224332600
    0.0202407201
    0.0196833916
    0.0200293721
    0.0193622109
    0.0229218549
    0.0212838000
    0.0194286296
    0.0182727177
    0.0197883544
    0.0212555793
    0.0217877017
    0.0171432478
    0.0199893841
    0.0203553601
    0.0178744849
    0.0128430683
    0.0161772536
    0.0148584594
    0.0155829514
    0.0181904621
    0.0155583300
    0.0172533628
    0.0156271947
    0.0185948809
    0.0183993370
    0.0151706802
    0.0176685964
    0.0095787668
    0.0170044179
    0.0091235276
    0.0111625357
    0.0102753407
    0.0131622553
    0.0113576552
   -0.0085853081
   -0.0097978314
   -0.0077879682
   -0.0079660446
   -0.0095231357
   -0.0099213541
    0.0025929165
    0.0282186267
   -0.0053330037
   -0.0105214605
    0.0164650009
   -0.0067088142
    0.0031755050
    0.0109164285
   -0.0110728497
   -0.0113646067
   -0.0107336883
   -0.0067239547
   -0.0071351094
   -0.0080034085
   -0.0109064837
   -0.0074338421
   -0.0044709573
   -0.0007536218
   -0.0062064839
    0.0040603534
   -0.0089563895
    0.0057881108
    0.0155026296
   -0.0091283504
    0.0050624643
   -0.0060578777
   -0.0107987583
   -0.0044734720
    0.0082686338
   -0.0046105261
   -0.0090609977
    0.0070030550
   -0.0102022436
   -0.0105853691
   -0.0112153274
   -0.0094489215
   -0.0028631333
   -0.0086779284
    0.0021115261
   -0.0064253218
   -0.0057006221
   -0.0106112947
   -0.0071850952
   -0.0048348354
   -0.0058054317
   -0.0103408026
    0.0099880770
   -0.0099933666
   -0.0079375780
   -0.0016535048
   -0.0088215094
   -0.0097956951
   -0.0105695231
   -0.0112915526
   -0.0062949153
   -0.0093822049
   -0.0103861490
   -0.0042459992
   -0.0110493095
   -0.0113313114
   -0.0039232530
   -0.0110624527
   -0.0113191523
   -0.0096970889
    0.0109413178
   -0.0081682644
   -0.0033868233
    0.0022570758
    0.0160063658
   -0.0095190267
    0.0039563950
   -0.0026699444
   -0.0069470921
   -0.0010944556
   -0.0058520144
    0.0106056258
   -0.0015643895
   -0.0082679167
    0.0036521948
   -0.0108873827
   -0.0099425667
   -0.0085241473
    0.0012017025
   -0.0096761111
   -0.0081703689
   -0.0035675259
   -0.0111314316
   -0.0083830813
    0.0000379897
   -0.0083812714
   -0.0085384306
   -0.0064683471
    0.0066698653
   -0.0084337966
   -0.0112804079
   -0.0065758229
   -0.0027467381
    0.0014837382
   -0.0085989520
    0.0002941754
   -0.0093926584
   -0.0102338992
   -0.0108483623
   -0.0105203764
   -0.0028023236
   -0.0099415488
   -0.0043103110
   -0.0102038653
   -0.0055434716
   -0.0112026208
   -0.0077908254
    0.0081452194
   -0.0076850520
   -0.0018669294
   -0.0033244009
   -0.0085632752
   -0.0066114401
    0.0119315196
   -0.0109493049
   -0.0086324759
   -0.0079207888
    0.0029246305
   -0.0089104809
   -0.0020924521
   -0.0021204007
   -0.0108992732
   -0.0069292894
    0.0012376575
   -0.0099588529
    0.0058517722
   -0.0091268329
   -0.0031539427
   -0.0133799869
   -0.0199772827
   -0.0103338421
   -0.0133915625
   -0.0136264248
   -0.0098788518
   -0.0127498839
   -0.0136484996
   -0.0137495005
   -0.0121912351
   -0.0060106844
   -0.0132313182
   -0.0173194816
   -0.0129806531
   -0.0024855561
   -0.0092514712
   -0.0124659553
   -0.0114299159
   -0.0080941520
   -0.0110182821
   -0.0130265693
   -0.0131752287
   -0.0125465770
   -0.0116600413
   -0.0125294283
   -0.0181555143
   -0.0144487724
   -0.0067608315
   -0.0097851268
   -0.0021884288
   -0.0116859763
   -0.0075953979
   -0.0108912970
   -0.0138315274
   -0.0101003720
   -0.0092786517
   -0.0117458833
   -0.0106881693
   -0.0201104883
   -0.0130750906
   -0.0030349447
   -0.0069415676
   -0.0136933386
   -0.0139328611
   -0.0118472000
   -0.0110136713
   -0.0119372771
   -0.0120918800
   -0.0102294986
   -0.0124264841
   -0.0126466665
   -0.0134389191
   -0.0125818514
   -0.0103804051
   -0.0110670048
   -0.0138702811
   -0.0133401211
   -0.0131509400
   -0.0107187095
   -0.0098607200
   -0.0121009589
   -0.0118609371
   -0.0051101458
   -0.0127296335
   -0.0120641559
   -0.0124997144
   -0.0126640533
   -0.0121269802
   -0.0153419455
   -0.0132356511
   -0.0134889933
   -0.0142451893
   -0.0093901452
   -0.0143491618
   -0.0169425514
   -0.0058487592
   -0.0063975763
   -0.0122238261
   -0.0133470555
   -0.0119456290
   -0.0122908500
   -0.0139440627
   -0.0121839173
   -0.0121046535
   -0.0111932462
   -0.0140962927
   -0.0160019521
   -0.0110896809
   -0.0124703697
    0.0241830208
    0.0292100838
    0.0250538694
    0.0270214344
    0.0261701143
    0.0139374858
    0.0218304544
    0.0208562393
    0.0192435401
    0.0248914380
    0.0219942705
    0.0167121730
    0.0257375737
    0.0141743125
    0.0268372458
    0.0211793418
    0.0152590140
    0.0212653697
    0.0225356953
    0.0256420639
    0.0186886486
    0.0168856715
    0.0205050178
    0.0235997477
    0.0248030231
    0.0216861801
    0.0229035328
    0.0137329846
    0.0171471779
    0.0283517764
    0.0106553773
   -0.0033211297
   -0.0113765198
   -0.0158544541
   -0.0145540586
   -0.0146203535
   -0.0154390890
   -0.0162111797
   -0.0149070132
    0.0134376820
   -0.0152019660
    0.0080736601
   -0.0074871979
   -0.0107879496
    0.0010648231
   -0.0029117707
   -0.0125121278
   -0.0153951882
   -0.0053684376
   -0.0108647390
   -0.0155829414
   -0.0127550257
   -0.0009218832
   -0.0045270348
   -0.0077356296
   -0.0142066207
   -0.0098944219
    0.0000489836
   -0.0040302766
   -0.0002036836
   -0.0167685434
   -0.0145280638
    0.0142624611
   -0.0130020627
    0.0047707812
   -0.0159404272
    0.0125364329
    0.0113462916
   -0.0051129979
    0.0143222536
   -0.0156582559
   -0.0011732408
   -0.0160793182
   -0.0082987137
   -0.0039736539
    0.0044949417
   -0.0022391902
   -0.0044569135
   -0.0107745259
   -0.0072588032
   -0.0054753120
    0.0028260432
    0.0149373204
   -0.0127760137
   -0.0120615527
   -0.0084062037
   -0.0152728139
    0.0105667837
    0.0048228371
   -0.0168159646
   -0.0163424160
   -0.0115996819
    0.0021388927
    0.0055193183
    0.0024387461
   -0.0031987643
   -0.0125163352
   -0.0175622984
   -0.0151497126
   -0.0164558203
    0.0026055500
    0.0110459348
   -0.0029910007
    0.0110946856
    0.0086503601
    0.0210807601
   -0.0085026104
   -0.0138550858
    0.0082009213
    0.0231732683
   -0.0147495280
   -0.0097762023
   -0.0049809874
   -0.0081743546
   -0.0095273165
    0.0250133202
   -0.0138533840
   -0.0166644425
    0.0170247617
   -0.0134223920
   -0.0089501260
   -0.0125484292
    0.0044302093
   -0.0143048170
   -0.0048600093
   -0.0140290513
    0.0180047508
    0.0145892973
    0.0075930564
   -0.0038920176
    0.0136924349
    0.0132008182
    0.0152220726
    0.0101527870
    0.0096402346
    0.0057262383
    0.0095653399
    0.0136318810
    0.0142392977
    0.0186308191
    0.0138938752
    0.0046517257
    0.0172812473
    0.0079239381
    0.0170840731
    0.0076643585
    0.0147983193
    0.0241800065
    0.0060918585
    0.0136104130
    0.0117400974
    0.0125567652
    0.0140137800
    0.0142175104
   -0.0031014752
    0.0165385494
    0.0100892044
    0.0146905879
    0.0133834835
    0.0222096544
    0.0117267195
    0.0155450142
    0.0129067294
    0.0138895493
    0.0190908357
    0.0108100622
    0.0082689395
    0.0067525106
    0.0032817967
    0.0096387486
    0.0026349825
    0.0139797500
    0.0144211730
    0.0069394411
    0.0162602048
    0.0050675708
    0.0202538338
    0.0139252682
    0.0129820016
    0.0125138592
    0.0142336491
   -0.0022955539
    0.0224036702
    0.0140636627
    0.0168778529
    0.0129054608
    0.0008944428
    0.0113141471
    0.0221339681
    0.0166265799
    0.0096425818
    0.0163091274
    0.0134174205
    0.0185917688
    0.0156572339
    0.0116906670
    0.0149218696
    0.0050892165
    0.0162963427
    0.0148437978
    0.0052935804
   -0.0027203001
    0.0279325204
    0.0160624120
    0.0129509446
    0.0215797871
   -0.0103160284
    0.0123795982
    0.0096326348
    0.0162762062
    0.0042433285
   -0.0082022451
    0.0088962588
   -0.0082346984
   -0.0093202625
    0.0060660750
    0.0170924842
    0.0198848922
    0.0149941557
    0.0159454824
    0.0172738718
    0.0156611084
    0.0205017756
    0.0189172472
    0.0215341486
    0.0190579753
    0.0175303310
    0.0182568569
    0.0162884115
    0.0174250310
    0.0187538893
    0.0173600082
    0.0160196183
    0.0163658547
    0.0182913022
    0.0168732399
    0.0100208983
    0.0139837429
    0.0115878756
    0.0134243229
    0.0117115350
    0.0095948115
    0.0102684712
    0.0094039466
    0.0063095554
    0.0127863822
    0.0109896599
    0.0151010528
    0.0116680260
    0.0145954303
    0.0088773594
    0.0117508929
    0.0122893356
    0.0121262258
    0.0117881335
    0.0152145607
    0.0103913323
    0.0114180761
    0.0104491887
    0.0067001539
   -0.0002019162
   -0.0103895174
   -0.0086289682
    0.0098028512
   -0.0056452529
   -0.0047092481
    0.0018134513
    0.0012777925
   -0.0030186926
   -0.0025569830
    0.0158013896
   -0.0080648391
   -0.0066625524
    0.0202771109
   -0.0026084215
   -0.0050981908
    0.0002391964
   -0.0083188218
   -0.0072801416
   -0.0083231668
   -0.0032032857
    0.0109464470
    0.0001802485
    0.0028831932
   -0.0079028361
   -0.0084536368
   -0.0086145619
   -0.0048796836
   -0.0074186242
   -0.0106391795
   -0.0087934132
   -0.0057327127
   -0.0045118196
    0.0061617571
   -0.0102166276
    0.0159904139
   -0.0086577545
   -0.0048030968
   -0.0066783919
   -0.0049095080
    0.0075707294
   -0.0044495941
   -0.0037392247
   -0.0078581235
   -0.0005748829
   -0.0085235312
    0.0191829888
   -0.0009572029
   -0.0070334588
   -0.0083275282
    0.0229394432
   -0.0030027072
    0.0129686988
   -0.0083737667
   -0.0092307510
    0.0034369641
    0.0001067330
   -0.0071773905
   -0.0088470311
   -0.0041894010
    0.0015574679
   -0.0027771048
   -0.0020569461
   -0.0048224477
    0.0079279627
   -0.0085644636
   -0.0068174208
    0.0002080661
   -0.0039317209
   -0.0039598094
   -0.0039946715
    0.0046171912
   -0.0017579027
   -0.0086932616
    0.0155741318
   -0.0065275596
   -0.0099381664
   -0.0080895612
   -0.0083635057
   -0.0049712572
   -0.0003620020
    0.0021855838
   -0.0084515457
    0.0007891044
   -0.0045472746
    0.0120233547
   -0.0081193591
   -0.0039829854
    0.0033479496
   -0.0080253018
   -0.0020686280
    0.0019276047
   -0.0100745759
   -0.0076445082
   -0.0087680560
   -0.0086889555
    0.0023913129
    0.0023966291
    0.0031706556
    0.0005972225
   -0.0081529320
   -0.0075799858
    0.0089538089
   -0.0093644421
    0.0068267163
    0.0082920957
   -0.0033200601
    0.0079513798
   -0.0049416406
   -0.0001642105
   -0.0069372102
   -0.0075040420
   -0.0050702314
   -0.0092301001
   -0.0015655151
   -0.0050228802
   -0.0059395526
   -0.0033525140
   -0.0059089585
   -0.0097013820
   -0.0087926330
    0.0067590089
    0.0046970424
   -0.0087887359
   -0.0072726752
    0.0067151324
   -0.0086740493
    0.0099692741
   -0.0088664494
   -0.0085602245
   -0.0080867215
   -0.0075873605
   -0.0014042743
   -0.0080320406
   -0.0093189367
    0.0057239980
   -0.0029707059
   -0.0067707226
   -0.0015992924
    0.0027882744
   -0.0095160693
    0.0006969613
   -0.0021328466
   -0.0093319406
    0.0007457831
   -0.0007708108
    0.0090396493
   -0.0058119598
   -0.0055412028
   -0.0085014960
   -0.0069944320
   -0.0070669537
   -0.0085135378
   -0.0057202724
   -0.0024676063
    0.0026748106
    0.0011382803
   -0.0090672055
    0.0080091144
   -0.0103303698
   -0.0067840296
   -0.0023054615
   -0.0085912155
   -0.0063562456
    0.0039522298
   -0.0026537716
    0.0055331035
    0.0047674982
    0.0049908572
   -0.0076473935
   -0.0100752348
   -0.0104412580
   -0.0108177958
   -0.0105440307
   -0.0109930394
   -0.0062706798
   -0.0048771837
   -0.0142981875
   -0.0110815684
   -0.0107775183
   -0.0042402359
   -0.0106863416
   -0.0108482401
   -0.0066160615
   -0.0108024494
   -0.0104421454
   -0.0102232657
   -0.0110817970
   -0.0116038537
   -0.0112564726
   -0.0059320454
   -0.0097294260
   -0.0115323221
   -0.0081811220
   -0.0059952767
   -0.0079494551
   -0.0082874531
   -0.0129586587
   -0.0109717746
   -0.0093131485
   -0.0098770060
   -0.0090765119
   -0.0117349663
   -0.0111650902
   -0.0073939447
   -0.0086221137
   -0.0109598757
   -0.0106853081
   -0.0123449766
   -0.0137506387
   -0.0065898824
   -0.0101218121
   -0.0109730945
   -0.0079978731
   -0.0113077116
   -0.0110115744
   -0.0113417690
   -0.0028147259
   -0.0093971600
    0.0022387588
    0.0006429697
   -0.0110310862
   -0.0122656514
   -0.0107366998
   -0.0112966619
   -0.0141522162
   -0.0100371968
   -0.0075106851
   -0.0104201774
   -0.0116555381
   -0.0094309237
   -0.0112807205
   -0.0103137859
   -0.0108141428
   -0.0105549649
   -0.0113076731
   -0.0098699840
   -0.0022901369
   -0.0113866731
   -0.0111676159
   -0.0107524140
   -0.0108355298
   -0.0005304066
   -0.0095604967
   -0.0110179180
   -0.0105930454
   -0.0080743726
   -0.0099824309
   -0.0137624993
   -0.0104571206
   -0.0095025121
   -0.0111060084
   -0.0151050906
   -0.0106605025
   -0.0122509346
   -0.0100884952
   -0.0064784291
   -0.0114396079
   -0.0099622631
   -0.0072830522
   -0.0028578398
   -0.0043047744
   -0.0096014909
   -0.0114147030
   -0.0125376147
   -0.0104819732
   -0.0105063104
   -0.0035355133
   -0.0113440679
   -0.0101856670
   -0.0112586637
   -0.0098960442
   -0.0115042820
   -0.0108623729
   -0.0097440347
   -0.0138807979
   -0.0120745770
   -0.0104732648
    0.0184338408
    0.0174837748
    0.0214325241
    0.0154297576
    0.0191820247
    0.0230915295
    0.0166090385
    0.0175176386
    0.0160996177
    0.0179634179
    0.0138997960
    0.0226346455
    0.0127636102
    0.0218399500
    0.0194450469
    0.0154270576
    0.0169811659
    0.0239614493
    0.0152179110
    0.0192553624
    0.0124374751
    0.0231701161
    0.0158958355
    0.0143062712
    0.0224970199
   -0.0118115025
   -0.0134215147
    0.0009976806
   -0.0063208661
   -0.0075575980
   -0.0082745467
    0.0013613138
   -0.0095632618
   -0.0044700809
    0.0154140017
   -0.0114419564
    0.0126283672
   -0.0132300567
    0.0010907950
    0.0040437482
   -0.0025150490
    0.0020965371
   -0.0067760369
   -0.0052840276
    0.0090657791
   -0.0014043697
   -0.0031738323
   -0.0059713551
   -0.0057890037
    0.0004966506
    0.0078194611
    0.0039829262
   -0.0074742253
   -0.0089296214
   -0.0065047678
    0.0161602922
   -0.0040585804
   -0.0102042745
   -0.0096433396
   -0.0117626265
   -0.0048146670
    0.0120971145
   -0.0095504192
   -0.0089051780
    0.0081270029
    0.0064308738
   -0.0044974060
    0.0068716896
   -0.0140129274
    0.0067893779
   -0.0001887175
   -0.0097562110
   -0.0111348566
   -0.0058792361
    0.0168223289
    0.0073205186
    0.0018286165
    0.0104645544
   -0.0014854468
    0.0146390966
   -0.0108763610
    0.0116834341
   -0.0099182912
   -0.0060511522
   -0.0121931872
   -0.0049328241
   -0.0017107583
   -0.0112867318
   -0.0117248721
   -0.0047034397
    0.0079950365
   -0.0118772728
   -0.0078662499
    0.0055830656
    0.0009960195
   -0.0127969269
   -0.0057709683
   -0.0126381292
    0.0132511260
   -0.0140099904
   -0.0114872866
   -0.0097287187
   -0.0138019883
   -0.0131528857
   -0.0051133904
   -0.0090793311
   -0.0084530545
    0.0068741374
    0.0023822762
   -0.0030624331
    0.0063708660
   -0.0125630674
    0.0088683694
    0.0105346746
   -0.0083184283
    0.0088179696
   -0.0069607074
    0.0069632852
    0.0072080721
    0.0118072276
    0.0172176399
    0.0204890824
    0.0098427789
    0.0129593426
    0.0121984243
    0.0135504772
    0.0183880389
    0.0081830388
    0.0083325228
    0.0044923355
    0.0106093939
    0.0159941769
    0.0132163439
    0.0109945421
    0.0065020638
    0.0106689706
    0.0117104889
    0.0080767959
    0.0154972229
    0.0079562108
    0.0117604229
    0.0179266435
    0.0071823506
    0.0132263595
    0.0046127075
    0.0096794011
    0.0116604006
    0.0016733123
    0.0118565242
    0.0047601174
    0.0111926066
    0.0142233631
    0.0142934694
    0.0087381559
    0.0047035346
    0.0059931429
    0.0079084017
    0.0163345707
    0.0107502641
    0.0119678524
    0.0123428497
   -0.0006628312
    0.0178368084
   -0.0020700755
    0.0052680412
   -0.0026469912
    0.0038089847
    0.0146623761
    0.0105867448
    0.0098041087
   -0.0013915308
    0.0051946928
    0.0129730177
    0.0131040614
   -0.0005563184
    0.0041358066
    0.0085378963
    0.0158378795
    0.0050321874
    0.0177351948
    0.0117427969
    0.0111254726
    0.0108192333
    0.0076810722
    0.0176297965
   -0.0032884403
    0.0120571285
    0.0088852017
    0.0113482387
    0.0030325950
    0.0166157943
   -0.0021571664
   -0.0030670607
    0.0139389638
    0.0169387529
    0.0097360939
   -0.0019349834
   -0.0078216694
    0.0108850912
    0.0098084317
   -0.0078549668
    0.0026821484
    0.0034488622
   -0.0077857459
    0.0062237000
    0.0085795171
   -0.0002183521
    0.0171741043
    0.0163243754
    0.0170248999
    0.0169159355
    0.0159376511
    0.0174594757
    0.0145558615
    0.0145841972
    0.0162911579
    0.0150056154
    0.0154033541
    0.0112359911
    0.0112080913
    0.0115956415
    0.0103647127
    0.0072333039
    0.0101460343
    0.0121360567
    0.0086603796
    0.0120290863
    0.0030462040
    0.0035256150
    0.0195983783
   -0.0004813253
    0.0100523766
    0.0109557959
   -0.0032043682
   -0.0025717980
   -0.0077370375
    0.0158920741
    0.0145825018
    0.0021276553
    0.0069294877
    0.0044395191
    0.0032553241
   -0.0044195404
   -0.0070274115
    0.0020759806
    0.0046543116
   -0.0040115484
   -0.0029373620
    0.0122101414
   -0.0073306215
    0.0003812330
   -0.0077853238
   -0.0057501286
   -0.0086962335
   -0.0071025464
   -0.0051513187
   -0.0021142437
   -0.0065697681
   -0.0073841465
   -0.0002321697
   -0.0038469729
   -0.0081055335
   -0.0075164347
    0.0039861952
   -0.0047925745
   -0.0076311172
   -0.0074538867
   -0.0040841529
   -0.0023833713
    0.0017680450
   -0.0082921600
    0.0066172187
   -0.0064892131
    0.0137101733
   -0.0077978232
   -0.0079086471
    0.0176347234
   -0.0008961195
   -0.0065420205
    0.0042705307
   -0.0027168283
    0.0063494226
   -0.0072926717
   -0.0079626109
   -0.0021799172
   -0.0036794223
    0.0024585499
   -0.0011732354
   -0.0028940521
   -0.0051183886
   -0.0066948962
   -0.0045143814
    0.0060305668
    0.0084974115
    0.0049062832
    0.0056030204
   -0.0005883601
   -0.0081361058
   -0.0049956153
    0.0009249623
   -0.0025382922
   -0.0016678077
   -0.0008344610
    0.0017407640
    0.0001587504
    0.0007422561
   -0.0062161690
    0.0058537007
   -0.0017409602
   -0.0078405257
    0.0054417518
   -0.0079788008
   -0.0011008160
   -0.0029040041
    0.0045808299
   -0.0066905189
   -0.0039815596
   -0.0058496613
    0.0023306430
   -0.0021917242
   -0.0005404243
   -0.0049408786
   -0.0062831001
   -0.0028605548
    0.0073754641
   -0.0030249883
    0.0023297642
   -0.0062215645
   -0.0075417229
   -0.0078430194
   -0.0048387582
    0.0004712257
   -0.0037371290
   -0.0081948519
   -0.0050083590
   -0.0041502008
   -0.0037423151
    0.0049493131
   -0.0031341126
    0.0064756592
   -0.0053039031
   -0.0079834954
   -0.0033905672
    0.0030644824
   -0.0093341167
    0.0015791377
   -0.0091936213
   -0.0077360551
   -0.0059756431
   -0.0053959827
    0.0051845740
   -0.0052418050
   -0.0083198656
   -0.0057834350
   -0.0070120547
   -0.0058395070
   -0.0042888617
   -0.0069764122
   -0.0055288660
   -0.0042606482
   -0.0058943672
   -0.0017572671
   -0.0062731583
   -0.0054043698
   -0.0002840171
   -0.0062627841
   -0.0019446379
   -0.0017411957
   -0.0027740162
   -0.0078752156
   -0.0008347017
   -0.0078043316
   -0.0080711719
   -0.0089817100
   -0.0024855688
   -0.0065145450
    0.0011023997
   -0.0043385495
    0.0064168816
   -0.0073647841
   -0.0026292193
   -0.0085288359
   -0.0066423127
   -0.0042310581
   -0.0034049009
   -0.0015233628
    0.0066647038
   -0.0073477869
   -0.0023147044
    0.0070091254
   -0.0036025700
   -0.0110612303
   -0.0032765801
   -0.0080893031
   -0.0106852181
   -0.0092031057
   -0.0032617827
   -0.0094075031
   -0.0134438241
   -0.0095090232
   -0.0085572628
   -0.0087112862
   -0.0103068815
   -0.0094284680
   -0.0088580695
   -0.0123218489
   -0.0093471203
   -0.0081262628
   -0.0102465993
   -0.0137119502
   -0.0076173663
   -0.0101661813
   -0.0106167494
   -0.0103723989
   -0.0094451360
   -0.0098879528
   -0.0109559227
   -0.0061394953
   -0.0074119288
   -0.0088803484
   -0.0096848706
   -0.0101738794
   -0.0116747833
   -0.0062249644
   -0.0088824357
   -0.0059843810
   -0.0098486323
   -0.0100600275
   -0.0081361588
   -0.0075128004
   -0.0094235814
   -0.0071310779
   -0.0049743588
   -0.0068893005
   -0.0048475952
   -0.0057070822
   -0.0086336281
   -0.0069305942
   -0.0096192580
   -0.0082082234
   -0.0069822167
   -0.0098537916
   -0.0066945077
   -0.0099377050
   -0.0091085533
    0.0034240296
   -0.0097046062
   -0.0093747016
   -0.0048151609
   -0.0105065974
   -0.0122950391
   -0.0092280621
   -0.0097774820
   -0.0064718765
   -0.0083165795
   -0.0093202211
   -0.0109880899
   -0.0085302374
   -0.0005010583
   -0.0079159597
    0.0022365625
   -0.0141049630
   -0.0098554660
   -0.0059734065
   -0.0090307285
   -0.0095434878
   -0.0095663314
   -0.0099333120
   -0.0084747068
    0.0003587428
   -0.0090956960
   -0.0100336846
   -0.0066248713
   -0.0091536670
   -0.0095183206
   -0.0104372692
   -0.0096994860
   -0.0088480367
   -0.0077119211
   -0.0055872660
   -0.0090834895
   -0.0096817934
   -0.0071605882
   -0.0098014348
   -0.0092382914
   -0.0095641119
   -0.0089370999
   -0.0060785471
   -0.0064485845
   -0.0095341617
   -0.0092253115
   -0.0086627117
   -0.0099464455
   -0.0082035470
   -0.0095629507
   -0.0100639135
   -0.0048510559
   -0.0080214265
    0.0202130960
    0.0162753612
    0.0150427047
    0.0179503421
    0.0190098551
    0.0178652236
    0.0159411608
    0.0162091929
    0.0192206356
    0.0157163778
    0.0166775854
    0.0190302759
    0.0195492945
    0.0153434116
    0.0192830784
    0.0147153606
    0.0179715414
    0.0116764626
    0.0153273745
    0.0124438198
    0.0119044566
    0.0197371144
   -0.0083185851
   -0.0054596998
   -0.0070842100
   -0.0010267214
   -0.0118636741
    0.0138514512
    0.0118939621
   -0.0066836716
    0.0002462332
   -0.0091326484
   -0.0103182470
   -0.0063742044
   -0.0079431126
   -0.0064456977
   -0.0121259914
    0.0036670239
   -0.0040600319
   -0.0073060740
    0.0023993256
    0.0007087346
    0.0035075144
    0.0012778236
   -0.0008265274
   -0.0052233300
   -0.0065282537
   -0.0088072980
   -0.0108280201
   -0.0020776232
   -0.0014594662
   -0.0111487159
    0.0035691041
   -0.0109900817
    0.0179042095
   -0.0101962412
   -0.0103244585
   -0.0062226952
   -0.0086251791
   -0.0100260796
   -0.0101259922
   -0.0100219870
   -0.0051872670
   -0.0104169129
   -0.0063540609
    0.0107950603
   -0.0021455830
   -0.0096530665
    0.0025748242
    0.0007530720
   -0.0092287645
   -0.0090456080
   -0.0052375916
   -0.0079395109
   -0.0119818966
    0.0091395201
    0.0017201714
    0.0072040432
   -0.0042758997
    0.0067933342
    0.0000888467
    0.0117145479
    0.0080726901
    0.0047346399
    0.0018166261
   -0.0024008799
   -0.0073559791
   -0.0030980282
   -0.0091845256
    0.0068637121
   -0.0118755471
   -0.0062910966
   -0.0115652420
   -0.0078461235
    0.0024712209
    0.0116469881
    0.0000084407
   -0.0067808745
   -0.0023240342
   -0.0008250269
   -0.0099014391
   -0.0036931990
   -0.0102566330
    0.0000861181
   -0.0015528210
   -0.0103165446
   -0.0023723359
   -0.0089664372
   -0.0066695317
   -0.0056024782
    0.0109693698
    0.0038297159
   -0.0043198789
    0.0021794823
   -0.0055273122
    0.0062008795
   -0.0116437029
   -0.0058596993
   -0.0083568094
   -0.0055634160
   -0.0023982853
    0.0096340216
   -0.0081234349
   -0.0106817807
   -0.0097039314
   -0.0005999676
    0.0101173817
    0.0071224472
   -0.0103376745
   -0.0000517194
   -0.0029080410
   -0.0031306869
   -0.0029481273
   -0.0007010136
   -0.0018885143
   -0.0069960980
    0.0079410646
    0.0067707745
    0.0032267290
    0.0029439895
   -0.0044798760
   -0.0043939997
   -0.0042170027
    0.0007354010
   -0.0012016097
    0.0002300829
   -0.0066961634
   -0.0072209612
    0.0134492444
   -0.0086227632
    0.0113715793
   -0.0109986977
   -0.0078201157
   -0.0083148071
   -0.0116867878
   -0.0028081086
    0.0054195456
   -0.0037106776
    0.0100459522
    0.0063884587
    0.0055165045
    0.0115185771
    0.0090050857
    0.0148723519
    0.0046718073
   -0.0034281327
    0.0080870798
    0.0065044033
    0.0139921972
    0.0027790972
    0.0117839866
    0.0002427049
    0.0140861173
    0.0047716579
    0.0134221342
    0.0179512382
    0.0116754295
   -0.0080190332
    0.0086820363
    0.0056050635
    0.0045922524
    0.0089301512
    0.0070533609
    0.0118141033
    0.0021213421
    0.0132084046
    0.0133015651
    0.0026280925
    0.0085219297
    0.0098418766
    0.0156851367
    0.0138527486
    0.0043468371
   -0.0046641785
    0.0081226154
    0.0097292245
    0.0108565992
    0.0117499227
    0.0084610911
    0.0091150060
    0.0015855385
    0.0144692934
    0.0078565988
    0.0084705170
    0.0011390173
    0.0133228131
   -0.0017849265
    0.0073086685
    0.0016776672
   -0.0069662893
    0.0021389000
    0.0088222501
   -0.0009252819
    0.0073032178
    0.0107668681
    0.0057876601
    0.0085086740
    0.0163753818
    0.0054219935
    0.0104067930
    0.0099346910
    0.0063895856
    0.0134404172
    0.0035825038
    0.0027922006
    0.0043464581
    0.0035400722
    0.0045291970
    0.0081624201
   -0.0000982700
    0.0041569500
    0.0130284274
    0.0011617353
    0.0098583696
    0.0074329874
    0.0090163991
    0.0099165986
    0.0121607390
    0.0118947738
    0.0074967916
    0.0192571382
    0.0088478247
    0.0118813721
    0.0015134294
    0.0041551535
    0.0103977436
    0.0152411195
    0.0046386303
    0.0063860762
    0.0055995364
    0.0004232292
    0.0086098496
    0.0048820194
    0.0092723140
    0.0149814197
    0.0120669290
    0.0095631776
    0.0049949228
    0.0122093746
    0.0140457246
   -0.0001997856
    0.0027143323
    0.0075627221
    0.0124200789
    0.0102951342
    0.0007973237
    0.0077081605
    0.0148678049
    0.0155083445
    0.0129156991
    0.0070935560
    0.0100613932
    0.0076373852
    0.0036476313
    0.0003477007
    0.0100634499
    0.0061660436
    0.0096900411
    0.0133431443
    0.0076246713
    0.0059347366
    0.0019153926
    0.0052514124
    0.0101884572
    0.0129470611
    0.0095976290
    0.0096831641
    0.0115140391
    0.0150388560
   -0.0021208775
    0.0145725785
    0.0057557142
    0.0152160990
    0.0067035228
    0.0065531055
    0.0095269379
    0.0042187409
    0.0118849006
    0.0115668891
    0.0086190548
    0.0053525235
    0.0101259725
    0.0130209912
   -0.0000792906
    0.0005445135
    0.0047066614
    0.0068510874
    0.0025025513
    0.0113120899
    0.0089164256
    0.0161156913
    0.0095618316
    0.0034378298
    0.0064210731
    0.0121077562
   -0.0000221835
    0.0093400743
    0.0102242027
    0.0055795327
    0.0036513673
    0.0129371847
    0.0073279842
   -0.0077375545
   -0.0075810833
    0.0005760026
   -0.0074658461
   -0.0081065972
    0.0048023546
    0.0039847025
   -0.0078005229
   -0.0072825035
   -0.0072945823
    0.0056599341
   -0.0042936717
    0.0046595613
   -0.0081299173
    0.0142164913
    0.0070376433
    0.0115714061
    0.0028955535
    0.0024724825
    0.0020323268
   -0.0017004018
   -0.0055774977
   -0.0007291405
   -0.0068584078
    0.0061045279
   -0.0025834612
   -0.0053802633
    0.0091768526
   -0.0055274996
   -0.0042786024
   -0.0062562067
    0.0001937432
   -0.0063467687
    0.0118530912
   -0.0012501015
   -0.0077055087
   -0.0023102126
   -0.0059657325
    0.0020072603
   -0.0039487524
    0.0097968845
    0.0007434394
    0.0003762875
   -0.0042926440
    0.0119823280
   -0.0025643612
   -0.0021929142
    0.0053708042
   -0.0063899669
    0.0062727644
   -0.0021872873
    0.0158934369
    0.0066460642
   -0.0000633842
   -0.0018789090
   -0.0040232134
   -0.0006273970
    0.0114136560
   -0.0067473133
   -0.0031327990
    0.0033240729
    0.0182616909
   -0.0070396610
   -0.0071355008
   -0.0049505614
   -0.0048242103
   -0.0035017368
   -0.0053243284
   -0.0065354489
   -0.0050637136
   -0.0027919233
   -0.0071730530
   -0.0051180467
   -0.0052337967
   -0.0044286474
   -0.0082089777
    0.0036434835
    0.0011904105
   -0.0072260718
    0.0029924804
   -0.0040490342
   -0.0069201224
   -0.0018240501
   -0.0012369945
    0.0022241360
   -0.0011883240
    0.0016431506
   -0.0045220799
   -0.0027730693
   -0.0001721091
   -0.0069106874
   -0.0030054815
   -0.0060440787
   -0.0021157894
   -0.0068860037
   -0.0032019900
   -0.0038816375
    0.0005652024
   -0.0014819032
   -0.0057640866
   -0.0064718948
   -0.0071224603
    0.0055465274
   -0.0029603995
   -0.0036874134
   -0.0070127749
    0.0054074500
   -0.0008995367
   -0.0066878942
   -0.0040809822
   -0.0049888591
    0.0031101124
    0.0010629744
   -0.0033149509
    0.0025808608
   -0.0065365189
   -0.0052634908
    0.0038402970
   -0.0059753881
   -0.0080870888
   -0.0071084875
   -0.0066677625
   -0.0042042177
    0.0053350464
   -0.0035191194
   -0.0021064266
    0.0028937981
    0.0008429232
   -0.0008715832
    0.0020966895
   -0.0051734386
   -0.0074089679
    0.0041148796
   -0.0004036915
   -0.0070521797
   -0.0066182086
    0.0007805875
   -0.0050717595
   -0.0059354397
   -0.0047494814
   -0.0025486182
   -0.0012489325
   -0.0022756049
    0.0076854200
    0.0020280011
    0.0009563649
   -0.0054783333
   -0.0045358323
   -0.0075928980
   -0.0086159433
   -0.0079626860
    0.0005584154
   -0.0106786616
   -0.0083264786
   -0.0081795962
   -0.0082228813
   -0.0087549206
   -0.0075681319
   -0.0089915490
   -0.0083587896
   -0.0085176787
   -0.0082917180
   -0.0072683231
   -0.0067912494
    0.0008091170
   -0.0082432872
   -0.0087300157
   -0.0083727161
   -0.0033309886
   -0.0093097318
   -0.0084082626
   -0.0011078139
   -0.0111225248
   -0.0096587266
   -0.0051460709
   -0.0091235697
   -0.0051897850
   -0.0090039756
   -0.0034852551
   -0.0066270138
   -0.0074820038
   -0.0084519620
   -0.0076921913
   -0.0064045263
   -0.0040692023
   -0.0073087061
   -0.0082985980
   -0.0059847337
   -0.0080991847
   -0.0085663497
   -0.0084287689
   -0.0071511085
   -0.0073062246
   -0.0080032381
   -0.0057199966
   -0.0086838449
   -0.0028568293
   -0.0095601575
   -0.0091709253
   -0.0093935602
   -0.0087063849
   -0.0084523663
   -0.0081706949
   -0.0061854622
   -0.0083040258
   -0.0085474886
   -0.0081935524
   -0.0085213665
   -0.0084286074
   -0.0074198028
   -0.0086297085
   -0.0082106375
   -0.0067593578
   -0.0087469823
    0.0004657358
   -0.0054265564
   -0.0055331014
   -0.0080275847
   -0.0085564497
   -0.0100844790
   -0.0082590951
   -0.0099313715
   -0.0083406049
   -0.0045156875
   -0.0086974292
   -0.0077017161
   -0.0079583899
   -0.0062832121
   -0.0080996990
   -0.0096821374
   -0.0071610582
   -0.0083503370
   -0.0086213668
   -0.0017642934
   -0.0085418796
   -0.0081259898
   -0.0087037073
   -0.0081299629
   -0.0077883157
   -0.0082554560
   -0.0065944314
   -0.0085496111
   -0.0074027128
   -0.0088354013
   -0.0018948967
   -0.0031428291
   -0.0081177095
   -0.0073243713
   -0.0091991256
   -0.0047327373
   -0.0083473493
   -0.0082657612
   -0.0003816389
   -0.0078031443
   -0.0087028643
   -0.0060061525
   -0.0019605420
   -0.0109736814
   -0.0088045130
