-1.447741 -3.470352 0.257837
-2.988514 -1.982524 0.487448
-2.267826 -3.071922 -0.274839
-2.688058 -1.715021 1.291668
-0.691029 -1.923075 -1.991864
0.222380 -2.691923 1.233922
-0.801063 -1.989482 2.087086
-0.583720 -3.485735 -0.113857
-1.864811 -2.461534 -1.574538
-0.703465 -3.258559 -0.951965
-2.915050 -2.286624 -0.136538
-1.415302 -1.792263 -1.997944
-2.527034 -2.793225 0.527166
-1.395559 -2.294977 1.938678
-1.947624 -3.164833 0.759846
-1.620996 -1.276696 2.077898
-1.495250 -1.795487 2.079182
-1.356979 -2.378377 -1.804902
-1.290539 -2.810552 -1.516982
-2.621391 -2.250136 -1.019220
-2.867986 -2.320236 0.441817
0.216641 -3.142536 -0.174948
-2.189999 -2.076235 1.672062
-1.473753 -2.688700 1.674752
-2.887962 -1.418782 1.008769
-1.527082 -2.088657 1.991179
-2.638699 -2.706524 -0.273986
-2.761044 -2.541733 0.347857
-2.190633 -3.129964 0.366415
-1.468828 -3.015164 1.353248
0.129779 -2.022334 -1.651348
0.037421 -2.521257 -1.441861
-2.162262 -2.445400 -1.386343
-0.178494 -2.547296 -1.550936
-2.511054 -2.109088 1.358036
0.285040 -2.822151 0.995155
-0.582497 -1.920599 2.073906
-1.784164 -2.095564 1.898101
-1.640347 -3.263485 -0.750910
-0.956360 -2.007393 -1.990023
0.032913 -3.231746 0.425964
-0.424121 -3.214401 -0.913719
-1.102246 -2.346440 1.954096
-2.617770 -2.391518 -0.896326
-2.481881 -1.290671 -1.461441
-1.003354 -3.206583 1.179311
-0.499358 -1.634778 -2.007989
-0.549751 -3.355708 0.773251
-2.025295 -1.309065 -1.805720
-0.684021 -2.355380 1.928590
0.139967 -2.977650 -0.830819
-2.350056 -3.038099 0.038984
-0.168863 -2.366078 -1.661487
-0.318195 -1.571263 2.062832
-0.801756 -2.627588 1.780387
-2.954147 -2.143988 -0.288097
-1.200124 -2.862003 1.584592
-1.651543 -3.268423 0.830132
-0.595091 -2.994304 -1.306935
-0.685461 -3.143614 1.236214
-3.091321 -1.535514 -0.246121
-1.875056 -3.331232 0.204058
-2.314846 -1.049919 1.676055
-2.186568 -2.780652 1.142936
-2.771570 -2.550259 -0.128075
-1.797882 -1.820348 1.973264
0.383661 -2.287635 1.415271
-0.249772 -1.597611 -1.936169
0.211865 -1.832460 -1.653952
-3.028827 -1.278519 0.640657
-1.939806 -2.955938 -1.050436
-0.018866 -3.201999 -0.543432
-0.377987 -1.817970 2.046030
0.401917 -2.680397 1.031984
-1.003890 -3.462565 -0.484909
-1.014115 -0.142491 2.343663
-0.876112 -1.038269 -2.245765
-0.968390 0.053614 -2.352157
-1.078017 0.364103 -2.273954
-0.823852 -0.445733 -2.376818
0.221042 -0.153021 2.193102
-0.220088 -0.722129 2.277877
0.278568 -0.872810 -2.098951
-0.136503 0.350581 2.229865
-1.166276 0.109434 2.291424
0.075608 0.321168 2.175832
0.054690 -1.173774 -2.077406
-2.307522 -0.890938 -1.617992
-0.547025 0.017576 -2.371310
-1.531958 -0.289516 2.210331
-1.872728 -0.405498 2.041012
-0.980241 0.050178 2.331713
-0.451167 -1.079588 2.209177
-0.009433 -0.548619 2.255522
-1.270929 -0.965919 -2.199319
-0.070421 -1.591168 -1.879362
0.348833 -0.783894 2.070992
-0.133910 0.126662 2.277427
-0.905671 0.219858 -2.331750
0.034374 -0.918624 -2.180362
-1.254351 0.111044 -2.289963
-0.463832 -0.025234 2.350396
0.394212 -0.487920 2.103045
-2.999519 2.556783 1.032755
-3.308229 0.570369 -1.785618
-1.833880 3.203505 -0.088873
-3.635851 1.888598 0.964016
-2.958935 -0.282526 1.707409
-2.035665 -0.092455 -2.187304
-3.066135 0.620482 1.955696
-1.622436 0.262641 2.297580
-3.942304 1.725478 -0.142847
-1.932411 3.182460 -0.290596
-2.157261 0.511758 2.310815
-2.183196 3.070681 0.647200
-1.884703 -0.222449 2.120095
-2.233422 0.276798 -2.274550
-2.710355 -0.257212 -1.896541
-3.893728 1.748908 0.419649
-3.407878 2.232579 -0.967566
-1.937461 0.259131 2.291607
-1.943071 3.139041 -0.537286
-3.732202 1.871138 0.772271
-3.195003 2.382557 -1.076172
-3.007731 2.706215 0.716742
-1.131004 0.758023 2.287539
-3.495350 0.050790 -1.422301
-2.710589 -0.323068 1.833919
-3.745122 0.800021 1.274273
-1.381931 0.180546 -2.273636
-2.775670 -0.800793 1.384484
-3.054639 0.693132 -1.992690
-3.230408 1.367696 1.765463
-2.373268 0.233271 2.205358
-3.208577 2.478115 -0.898846
-3.644814 0.980463 -1.433507
-1.346674 0.582743 2.322617
-2.411286 3.068970 -0.445774
-2.194202 -0.624713 1.819944
-2.092779 -0.504620 1.930060
-3.497046 1.009524 1.586138
-3.936465 1.185531 -0.861326
-3.140936 2.657226 -0.609327
-2.347668 -0.230005 2.033448
-3.449281 1.863791 1.282854
-2.452483 3.096367 -0.101775
-3.146477 -0.019059 1.714245
-3.213241 1.703088 1.641648
-2.698285 0.739318 -2.189454
-3.013445 2.826365 0.211555
-3.837630 1.730931 -0.687534
-2.797324 2.775427 -0.879609
-2.970101 0.082538 1.886871
0.770658 -0.073265 -2.253206
0.374437 0.624850 -2.201002
0.113900 0.284338 -2.204309
0.962431 0.164755 -2.242383
0.339609 0.045601 -2.248529
0.727994 0.282016 -2.262385
-1.492377 3.061622 -1.259858
-1.653683 2.959107 -1.605400
-2.959591 2.059883 -1.814293
-2.709801 2.736439 -1.195927
-1.112280 2.737255 -1.791481
-1.945664 2.860245 -1.754229
-1.989213 1.178328 -2.542556
-1.764868 3.088240 -1.174180
-2.349124 1.304814 -2.449515
-0.821556 1.461054 -2.344926
-2.669298 2.572229 -1.660246
-1.059654 1.030298 -2.412351
-1.628301 3.108253 -0.979762
-1.109879 2.908790 -1.455617
-1.219070 2.236553 -2.304726
-1.566172 2.277902 -2.353862
-4.193328 -0.431570 -0.040631
-3.775215 0.575810 -1.234762
-3.906890 0.846895 -1.015623
-4.154185 0.086015 0.833024
-3.246499 -0.496632 -1.323696
-4.100125 -0.547020 -0.261313
-3.482500 -0.441602 1.300152
-3.895558 0.634089 -1.107727
-4.236200 -0.260955 -0.294873
-3.391542 -0.794540 -1.004967
-3.416925 -0.969509 0.814601
-3.747318 -0.471967 -1.006207
-4.091175 0.641969 0.917930
-3.888128 -0.723097 -0.511496
-3.794745 0.285371 1.303431
-4.093504 1.205653 -0.302931
-3.000624 -1.018152 0.985045
-3.495247 -0.547250 -1.158261
-4.328187 0.738029 0.058383
-3.866254 0.667316 1.191354
-0.510802 1.916719 2.007448
-2.970032 1.938295 1.766797
-2.685696 2.349333 1.835505
-2.195285 3.044556 1.126675
-1.728817 2.958036 1.644227
-1.970989 0.951286 2.402564
-2.181712 1.936643 2.368629
-2.524564 2.650712 1.669222
-2.956105 1.719890 1.863368
-0.921566 2.728492 1.711564
-1.869834 2.444694 2.202525
-2.581084 1.792890 2.201862
-1.108582 3.071686 0.969870
-2.314527 2.724806 1.754507
-2.380500 2.278282 2.126394
-0.659221 2.135705 2.039733
-1.820140 1.820259 2.479750
-2.425906 2.803160 1.526982
-1.560121 0.863602 2.402668
-1.129240 2.993393 1.372723
-2.902405 2.391378 1.484052
-1.809395 3.094628 1.289950
-0.585022 2.522344 1.634681
-1.996579 3.105880 1.099074
-1.758064 0.924383 2.423371
1.089951 0.160450 2.075179
0.510417 -2.411620 1.382793
3.724592 -0.555155 1.153986
0.432043 -1.973922 1.701940
1.361400 0.054822 -2.177461
0.755669 -2.280909 1.675788
2.371644 -2.641339 -1.404009
0.996811 -1.975651 -1.989977
3.604335 0.521847 -0.069867
1.222224 -1.597369 -2.216864
2.617137 -2.172143 -1.737603
2.374530 -3.013147 -0.708302
2.642291 -3.020629 -0.134983
3.995549 -1.278017 -0.225256
4.007024 -0.484854 0.198946
4.013245 -0.471879 0.018372
3.231532 -2.332658 -1.011713
1.062756 -2.608640 1.493248
2.841626 -2.442530 1.326834
0.456286 -1.772225 -1.833290
3.982383 -1.394674 0.004385
0.916356 -0.230208 2.172046
1.893082 0.335963 -2.047035
0.298976 -1.862380 -1.668196
3.605293 -1.668154 1.112568
0.378432 -1.278077 -1.956739
1.206235 -1.842461 -2.115731
2.133090 -2.517009 1.638659
3.890579 -1.161517 0.784644
3.067736 -2.325318 -1.237503
0.828085 -1.427990 -2.152552
0.639384 -1.358269 -2.087436
3.394133 -2.273527 0.813353
2.062852 -2.088615 -1.995219
2.878010 -2.711100 -0.863304
3.917135 -1.360382 0.578769
3.770352 -1.868108 0.451296
1.897070 -2.979950 1.047269
0.979745 -1.622738 2.147024
3.511312 -0.024928 1.251385
0.872768 -1.377131 2.183715
2.584645 -3.036266 0.245486
3.859605 -1.767712 -0.110592
0.290095 -1.734164 1.733688
3.184563 -2.686085 -0.027346
2.018094 -3.128515 0.609659
1.504636 -2.948698 1.121322
1.824824 -0.738634 -2.370955
0.487563 -1.382614 2.001085
3.310148 -2.266106 0.983005
2.507589 -2.832268 -1.021027
3.593528 -1.845600 -0.979828
3.772817 -1.959061 0.006658
1.919439 -3.056274 0.869138
0.820034 -0.588060 2.209894
1.700729 -0.378628 -2.330766
0.670705 -1.991874 1.840538
1.859487 -0.473091 -2.340255
4.025754 -0.856097 0.297806
1.248899 -2.672931 1.479688
0.681544 -1.858025 -1.920830
2.105162 -2.664305 1.482928
4.016931 -1.214871 -0.018386
1.434846 -0.221048 -2.281711
3.669165 -2.131938 -0.120829
3.689772 -2.058156 0.339461
2.963446 -2.494119 1.136693
3.969288 -0.488384 0.466877
1.560708 -0.543979 -2.356529
1.258102 3.883586 0.017207
1.137063 3.407750 -1.389919
1.230651 0.376945 2.132083
1.316657 3.737926 -0.755829
1.733006 3.719981 -0.535350
1.951997 3.606447 0.743891
0.272401 1.074805 -2.155207
1.800199 3.767644 -0.130834
1.519890 3.482317 -1.207112
2.783261 3.125669 0.361764
0.393303 1.818491 -2.216430
-0.245912 2.918928 1.451209
1.196428 3.696490 0.981552
0.161353 3.628942 0.655070
0.440975 3.411888 1.338242
3.322249 1.759023 0.751996
0.496141 1.258633 -2.250859
2.680300 3.138120 0.681314
1.203219 3.828743 0.572642
2.851787 2.713097 1.056845
2.211089 3.513320 -0.535681
0.181758 1.406361 2.255328
1.139100 1.934185 -2.294130
2.315190 3.285558 1.021129
1.602171 3.800873 0.412176
0.391637 2.534555 -1.994779
-0.211542 2.180991 1.942411
3.015368 1.212626 1.374079
1.160227 1.334000 -2.324497
1.661954 2.042107 -2.194576
1.608501 0.421548 2.090785
1.353215 3.551090 -1.145339
-0.097302 3.273847 1.148789
0.397907 2.035552 -2.177634
1.329826 0.908325 -2.239812
0.060171 0.830343 2.095048
2.732552 0.870966 1.616858
0.417905 3.775837 0.397528
1.675096 3.791453 -0.257275
0.678960 3.847124 0.298943
1.794692 3.770263 0.213702
0.745357 3.787940 0.665724
2.262048 3.409890 -0.742473
0.713958 2.644596 -2.017052
1.404240 3.280669 -1.508417
0.224568 2.889794 1.797067
2.397609 3.479103 -0.062284
1.284925 3.865976 0.316827
1.606074 3.825599 0.171061
2.178778 3.216912 1.276140
0.825386 2.254865 -2.201715
-0.012173 1.954742 -2.029957
2.149065 3.300685 -1.086261
0.734497 3.213562 1.678041
1.439355 1.063890 -2.260064
-0.215887 2.752426 1.625060
0.481916 2.705572 -1.928545
-0.038444 1.229923 2.137931
2.656723 3.267325 -0.156462
1.759612 2.894288 -1.760734
3.159667 2.602730 0.323579
0.128249 1.446526 -2.141111
1.182622 3.825424 -0.498322
0.288021 2.247768 -2.079848
3.337663 1.326886 0.720828
1.563774 3.330443 -1.404298
3.981574 -1.332599 -0.662733
3.224122 -0.524382 -2.185649
3.942663 -0.483662 -1.474945
3.309572 -1.468034 -1.864721
3.035247 -1.085238 -2.198740
3.814229 -1.561291 -1.008247
4.088296 -0.688620 -0.273220
3.629155 0.483137 -0.185552
3.462114 -1.294020 -1.858262
3.816808 -1.608740 -0.732356
3.632805 0.187536 -1.590198
2.915557 0.722830 -1.600205
4.015630 -0.891570 -1.269163
3.996687 0.059536 -0.572770
2.455253 -1.193002 -2.268375
1.195699 -3.471816 -0.550352
1.463647 -3.485036 -0.115251
1.200961 -3.136669 -1.284761
0.589974 -2.521027 -1.612643
1.103177 -3.155158 0.769179
0.912681 -2.223033 -1.834281
0.425345 -3.272499 -0.377241
1.390841 -3.304222 0.539447
1.344813 -3.028189 0.925731
2.010023 -2.806197 -1.378072
1.715592 -3.378098 0.200692
0.842419 -2.867790 -1.486735
1.703400 -3.413935 -0.545414
1.217104 -0.684678 2.429440
3.070943 -0.052270 2.071090
1.133243 -0.518659 2.339507
2.942701 -1.114673 2.429062
2.953163 -1.726591 2.172502
2.434216 -1.980309 2.233898
2.255229 0.248449 2.225489
2.730771 -1.561156 2.401291
1.995215 -1.481277 2.574650
1.363313 -1.238207 2.482531
3.097028 0.315693 1.581372
2.599169 -0.142981 2.415948
1.727849 -0.191666 2.489557
2.854397 0.346757 1.835389
1.938285 0.278623 2.200640
3.088890 -0.357071 2.237537
2.274322 -2.069544 2.186208
3.149578 -2.075509 1.533357
1.626877 -1.212863 2.588961
2.563320 -2.394758 1.579296
3.211580 1.639854 -1.665126
3.047117 1.399967 -1.803060
3.087855 1.200521 -1.700518
2.787564 3.066760 -0.964819
1.759377 2.365097 -2.096415
3.011556 1.876090 -1.847740
2.166113 1.852229 -2.229493
3.498250 1.063764 -0.621159
2.750592 2.841588 -1.464270
2.396190 3.021891 -1.464184
2.835628 1.109082 -1.875291
3.461642 1.657453 0.122430
2.992478 1.687631 -1.879417
3.504041 1.120955 -0.350773
3.147445 2.355170 -1.515507
1.805529 1.687314 -2.250371
2.646146 0.819435 -1.834309
2.445841 2.009358 -2.139618
2.634612 1.745861 -2.100287
0.289168 3.716662 -1.009054
0.019569 3.349188 -1.467239
0.195601 3.886289 -0.289260
0.487316 3.822982 0.167245
-1.108010 3.074822 -0.543802
-0.917131 3.334650 -0.517727
-0.536067 2.825297 -1.583525
-0.195342 3.371680 -1.371555
-0.279420 3.481167 0.663982
-0.923007 3.047501 0.516617
-0.897707 2.990241 -1.141469
-0.674272 3.172851 -1.233362
-0.507553 3.679728 -0.224342
-0.285808 3.781325 -0.202080
-0.008131 2.480288 -1.894180
0.209620 3.480887 -1.360561
0.488123 3.851024 -0.575967
1.214626 0.847952 2.490363
1.795884 0.851372 2.422943
2.442624 2.035104 2.305934
1.731286 2.431066 2.554337
2.145198 2.394146 2.395199
1.684552 2.773876 2.353023
0.914697 3.179437 1.831248
1.777301 1.361621 2.650089
2.374833 3.039267 1.331446
2.541191 1.187933 2.108588
2.554012 2.775329 1.601363
1.698417 3.049891 2.064222
0.987329 2.833662 2.300354
1.694878 2.108219 2.673804
0.577950 2.798963 2.133622
2.840639 2.234903 1.644036
2.266402 1.034524 2.282963
1.505259 2.516933 2.554412
1.921630 1.245547 2.569091
0.958537 1.787411 2.708845
2.091239 1.873944 2.569873
2.388714 2.254126 2.281141
-1.337281 -1.268926 2.453169
-1.777197 -2.200800 2.207769
0.230761 -2.749329 1.667511
-2.448189 -2.191429 -1.727952
-0.763019 -3.808906 -0.224504
-0.943806 -3.789730 -0.414721
-2.408990 -1.791776 -1.885072
-2.722519 -1.118951 1.731195
-3.311001 -1.489063 0.765524
-0.027998 -3.636338 0.118646
-1.990266 -3.618645 0.086204
-2.902951 -2.243454 1.291852
-0.091699 -2.167449 2.177637
-2.576616 -1.630312 -1.777454
-2.597569 -1.144316 -1.754818
-0.597563 -2.867066 -1.852137
-2.659960 -2.422607 1.492384
-1.354909 -3.806241 0.116882
-0.023574 -3.614864 0.352813
-2.115511 -2.306682 -1.906218
-2.313136 -2.723418 -1.504140
-1.062851 -2.200206 -2.246318
-0.621994 -3.070172 -1.682241
-2.479414 -2.348566 1.722446
-0.896345 -2.717018 -1.994289
-1.337979 -1.788228 2.425768
-1.401755 -3.545365 -1.024047
-0.662302 -3.520345 -1.101063
-3.078364 -2.430301 0.750425
-2.161690 -2.462536 1.898030
-0.175583 -3.598141 -0.609838
-0.478297 -3.224678 1.578486
-3.057774 -2.678548 0.116671
-1.926218 -2.591896 -1.852866
-2.685521 -1.720450 -1.662504
-2.544076 -3.267101 0.187673
-1.279039 -3.540578 1.172890
-1.543906 -2.994086 -1.703249
0.213619 -3.036362 1.392574
-3.375842 -1.707236 0.398305
-0.123440 -2.417338 -1.984087
0.003490 -3.620303 -0.070767
-3.185750 -2.336888 0.511865
-2.260093 -3.413834 0.553450
-0.845074 -3.828166 0.162225
-1.864956 -1.390523 2.318519
-1.081955 -1.462548 2.479549
-3.053970 -1.508935 -1.228987
0.275546 -3.395494 0.639503
-1.494004 -2.656275 2.071974
-1.796409 -3.510149 0.956315
-0.911292 -1.587009 -2.373720
-2.049680 -3.538230 0.528189
-2.889304 -2.074330 -1.309966
-0.681054 -3.071904 1.792198
0.119118 -3.425986 0.822015
-1.525101 -2.033754 2.336675
0.170937 -3.443372 -0.588486
-1.223586 -3.713157 -0.672600
-2.381885 -3.242788 -0.716317
-2.441722 -2.601175 1.588345
-0.239849 -3.709698 0.233401
-2.198953 -3.465069 -0.393179
-3.275589 -1.683771 -0.726877
-2.082624 -3.302362 1.103273
-1.755733 -3.138122 -1.471357
-0.697533 -1.742925 2.440602
-0.383904 -3.341630 -1.288215
-1.942786 -1.944401 -2.120228
-0.523222 -3.570242 -0.950591
-0.831023 -2.134480 2.364134
0.217386 -3.266800 1.043723
-2.888451 -1.290934 1.563742
-0.838839 -3.759199 0.633622
-1.153821 -3.820951 -0.151355
-0.791374 -2.528152 -2.096971
-2.370220 -3.067716 -1.060455
-0.296866 -3.310983 1.390298
-0.610809 -2.141570 2.336277
-2.218374 -1.583210 2.140262
-1.564858 -3.746313 0.351516
-2.573766 -3.122097 0.717358
-1.956655 -2.862874 -1.636752
-0.605710 -1.198983 -2.557220
-0.758173 0.123000 2.683562
-0.695298 -0.714327 2.670032
0.117115 0.304045 2.533081
-0.323770 -0.000348 2.676104
-1.234484 -0.598963 2.628981
-0.400246 0.451082 -2.623805
-0.927563 -0.181704 -2.717121
-0.463206 -1.188156 2.533998
-0.669905 -1.367227 -2.488907
-0.226552 0.391040 -2.615135
0.230807 -1.272317 2.341763
-0.182744 0.966484 -2.392985
-0.867460 -1.182026 -2.557171
-0.340395 -0.559793 2.671621
-1.137394 -0.172660 -2.689039
-0.468662 0.186175 2.667433
-0.990433 -0.393348 -2.707450
-1.894759 -0.871031 -2.359810
-1.060049 -1.024311 -2.588080
-1.032205 -0.370034 2.684023
-0.110203 0.204132 2.612251
-3.246310 1.545560 2.137883
-3.350776 2.615044 1.258542
-3.365267 0.389790 -2.150317
-1.672143 3.475893 0.600225
-2.218635 3.477901 0.365136
-1.675245 3.431415 -0.791523
-3.830693 2.562351 0.146070
-2.600955 0.007831 2.436166
-1.162950 3.369559 -0.783179
-4.292449 1.368664 0.764587
-1.681207 0.398562 -2.696960
-2.810212 -0.084004 -2.341644
-3.179134 1.082876 -2.306931
-3.276499 1.243086 2.195678
-2.874109 2.871977 -1.402225
-3.506766 2.139054 -1.612507
-3.055921 3.204939 -0.139985
-3.534825 2.746473 0.695449
-3.027214 -0.022403 -2.253704
-4.238519 0.960895 1.061012
-1.432504 3.497504 -0.421554
-4.372367 1.207759 -0.592045
-2.061375 0.275596 2.632933
-2.435553 0.990191 -2.636670
-3.526743 2.829236 0.440220
-2.743701 1.292908 2.474128
-2.641235 3.272376 0.768523
-3.290406 -0.205685 1.972657
-2.905620 3.209233 -0.618393
-3.178657 2.961479 0.870428
-3.165883 2.786601 -1.248681
-3.722614 2.416811 -0.985505
-4.242672 1.890545 -0.136074
-2.948499 3.263859 0.046689
-3.672679 2.449826 1.007174
-1.656744 0.665863 -2.725433
-2.863807 -0.335867 2.177068
-0.771031 0.912445 2.527600
-3.248018 2.836405 1.033567
-4.289493 1.559946 0.599559
-2.515565 0.789903 2.596042
-3.869135 2.455479 -0.483144
-2.195912 0.611857 2.661806
-4.224753 0.824942 -1.123717
-3.836596 0.170369 -1.618627
-2.659088 3.382596 0.145856
-1.798988 0.037835 2.590999
-1.326822 3.382256 0.821401
-3.523885 1.864861 1.762442
-1.690325 -0.071962 -2.578327
-2.649084 -0.271556 -2.329033
-1.250173 3.436202 0.576282
-1.960009 0.779751 -2.722425
-3.494698 -0.020879 -1.911593
-2.711260 0.883340 -2.552546
-4.429016 1.214556 -0.186448
-2.349102 -0.400087 -2.362262
-3.764001 0.702110 1.804106
-3.019624 1.026209 -2.404766
-2.258988 3.416445 0.639569
-4.187771 1.916160 0.469975
-3.748359 1.526037 1.687199
-2.984975 0.850558 2.407996
-3.291224 3.061267 -0.087850
-3.875962 2.345175 0.723667
-2.553676 -0.929378 1.900862
0.526084 -0.489462 -2.494875
0.634708 -0.103136 -2.566841
-2.123478 2.123954 -2.646305
-1.134635 3.181743 -1.465554
-2.194321 1.250952 -2.752849
-2.479641 2.971058 -1.741798
-1.208908 2.088681 -2.646332
-1.251956 3.090684 -1.767502
-2.873204 2.686410 -1.754313
-2.390705 2.111341 -2.562399
-1.498567 3.230516 -1.549214
-3.408732 -1.235556 -0.820794
-3.427474 -1.252625 0.834716
-4.399267 -0.532838 -0.183641
-3.346569 -1.158280 -0.991792
-3.769312 -0.926046 1.010162
-3.731714 -0.473299 -1.372527
-3.950357 -1.117207 0.173400
-4.084417 0.002714 1.318645
-4.142360 0.104369 -1.213491
-4.350933 -0.317422 0.762299
-3.621463 -0.623574 1.417763
-3.671370 -0.693743 -1.268086
-4.261831 -0.138233 -0.979230
-4.587293 0.476733 -0.280374
-4.209326 -0.800737 0.379814
-4.083614 0.284756 -1.297271
-4.075043 -0.094816 -1.237257
-4.000031 -0.957623 0.606015
-3.714542 -0.846218 -1.094158
-2.004477 1.400558 2.727130
-2.363539 2.921066 1.892279
-1.662268 2.633977 2.380617
-0.634394 1.771286 2.452201
-1.366653 2.579297 2.395924
-2.664240 1.595508 2.464967
-2.670843 2.811763 1.773247
-2.116256 1.937302 2.647867
-1.587866 3.234556 1.629560
-0.882276 1.756907 2.585381
-1.038666 3.256416 1.267312
-1.708697 2.139835 2.646638
-1.571823 3.109851 1.861832
-0.855260 2.953469 1.795790
-2.378402 2.616920 2.207346
-2.039466 2.837862 2.145308
-2.886369 2.152000 2.144139
2.101245 -2.692962 1.957737
1.957137 -0.049381 -2.580610
3.501162 -2.361092 -1.324548
3.509001 -2.535000 -1.082536
2.748713 -3.308358 0.452423
3.552659 -2.152590 1.466784
0.623744 -1.407095 -2.450918
3.738846 -2.078563 -1.263344
2.249661 -3.508419 -0.124099
1.535245 -2.023849 -2.451919
4.025948 -0.637567 1.332691
3.941800 -2.027400 -0.914285
3.283599 -2.679778 1.203658
4.120179 -1.987135 0.293695
3.937488 -0.681645 1.484425
0.636819 -0.709230 -2.513443
1.752113 -2.846040 1.851924
1.455793 0.282248 2.462764
2.248074 -3.442179 -0.603027
2.593189 -2.502984 1.955275
0.889014 0.032626 2.452145
3.999398 -1.699257 1.111341
1.399473 -2.365131 2.247541
2.330562 -2.477098 2.080104
3.949955 0.604498 0.210806
2.398010 -2.536449 -2.007495
0.375707 -1.403301 2.332557
4.252733 -1.480829 0.555000
4.222311 0.050058 -0.189050
3.234779 -2.968928 0.681816
4.350652 -1.133914 -0.322485
3.816566 -2.395823 -0.625737
4.339849 -0.613714 0.427290
1.473075 -2.840746 1.849805
3.671807 0.538754 1.194844
3.305257 -3.021813 0.106178
3.124017 -2.449128 -1.650530
2.849057 -2.819055 -1.461308
2.996711 -2.587811 1.619684
2.038240 -1.061208 -2.685511
2.160996 -3.304983 1.073016
2.720834 -1.811422 -2.316049
2.726637 -2.460315 -1.920991
1.502377 -3.156886 1.440851
3.907462 -2.358059 -0.327774
4.233691 -1.048607 0.872263
0.869880 -0.827650 2.602013
1.097934 -3.176571 1.300088
4.006344 -2.149953 0.487406
0.657036 -1.581698 2.420631
2.327358 -1.680163 -2.504834
2.853647 -2.214477 -2.032950
1.556866 -2.716353 1.981300
1.567464 -0.319961 -2.664309
1.800751 -1.420083 -2.656399
3.112708 -2.890737 1.076308
3.210941 -3.089483 -0.117185
4.367653 -1.001784 0.263630
1.986766 -1.618794 -2.589823
2.251338 -0.868842 -2.655102
4.143271 -0.830836 1.120068
3.411365 0.617800 1.476246
1.067840 0.187144 2.441335
4.083666 -2.098203 0.002073
3.556005 -2.594930 0.891273
1.728169 -1.905808 -2.507272
4.175504 -1.297733 0.947673
0.581369 -1.772669 2.321021
0.567931 -1.175917 -2.467688
2.592358 -3.111387 -1.201841
3.712722 -2.232168 1.143679
3.474246 -2.854214 -0.354422
2.532039 -3.392321 -0.455208
4.374918 -1.081133 -0.012722
2.406567 -3.142572 -1.270010
3.502072 -2.790189 0.526659
0.429709 -2.103388 2.078211
2.289665 -3.490293 0.251816
1.560514 -3.461164 0.772730
1.332506 -2.110852 -2.389059
2.508847 -2.638802 1.872554
1.214566 -2.131469 2.360202
3.433881 0.457865 1.595574
1.928680 -2.874764 -1.801834
3.107752 -2.780240 1.269145
-0.184635 2.703796 2.149698
1.521743 2.103238 -2.568077
2.361088 3.750646 -0.789785
3.138890 1.495267 1.803861
1.458684 2.600484 -2.414115
1.899340 3.941981 0.937094
1.084573 2.562300 -2.462022
0.886842 4.173908 -0.483034
1.035931 2.971866 -2.247921
3.118839 2.874031 1.193412
0.857309 3.892999 -1.251704
3.407773 2.300343 1.176777
-0.307009 1.878169 -2.274445
1.958585 4.036545 0.517305
3.234826 2.970860 0.789129
2.180625 3.603597 -1.284642
1.636407 2.275908 -2.499783
1.224609 4.182796 -0.441019
3.480923 1.054990 1.205028
2.865276 3.133427 1.279362
1.271130 2.784851 -2.347796
0.071095 2.033290 -2.431745
0.576639 0.335093 2.450500
3.698084 1.023726 0.509832
3.473099 2.704214 0.454329
2.323117 3.886354 0.460416
3.131621 2.266051 1.643292
3.658508 2.126788 0.577345
1.423926 0.633722 -2.502038
1.081507 3.716357 1.639964
0.732501 4.056509 0.949043
2.282216 3.817163 0.819041
1.271215 3.886240 1.357178
0.773587 4.126875 0.737010
0.025221 3.424383 1.679123
-0.236722 3.562577 1.273445
0.274188 3.779555 1.325190
2.459100 3.610641 1.068162
1.312418 3.529425 -1.760155
2.013111 3.055292 -1.981111
-0.045549 1.820461 2.511626
0.787397 2.833075 -2.314712
0.930304 3.301737 -1.996948
1.448663 3.791133 -1.386356
0.772834 3.906561 1.303676
0.565336 3.269562 2.062149
-0.116228 1.734058 -2.394344
0.428886 0.934929 2.628318
0.605686 3.646624 -1.575572
1.655389 0.459462 2.483961
1.018782 0.853266 -2.591869
0.707796 3.461104 1.910385
0.470059 1.792835 -2.592917
3.210697 3.174006 -0.098657
2.311827 3.507272 1.409180
0.763531 4.207556 0.251630
1.218205 0.380867 2.515676
0.784149 0.489413 2.551950
3.777391 1.355009 0.107543
3.690397 2.209607 0.125142
-0.424114 2.876081 1.870815
0.312344 0.798669 2.562185
0.527601 2.300724 -2.500668
2.193293 3.886863 -0.645303
1.182289 4.228422 -0.017332
-0.142404 1.598585 2.483818
1.787524 3.111174 -2.030398
3.104754 3.248343 -0.414079
0.266353 3.940474 0.977442
1.727998 2.586142 -2.361779
0.862365 3.681954 -1.580672
0.924289 2.348055 -2.537723
3.336499 2.924954 0.527244
0.003100 3.845235 0.958447
1.659031 3.544026 -1.659844
3.634107 1.133794 0.848602
3.213505 2.667577 1.245254
1.802776 3.998580 -0.769568
2.348471 3.469546 -1.335983
1.525013 1.580377 -2.632685
0.444337 3.361084 1.943250
0.117445 1.199901 -2.484522
-0.253150 3.773806 0.788877
1.930124 3.304704 -1.805544
3.354262 -0.484450 -2.386274
3.598041 -1.835661 -1.643730
3.902011 0.653699 -0.623271
3.958866 0.465342 -1.220226
3.570167 0.344433 -1.931408
4.360597 -0.385745 -0.868897
4.234944 -1.079535 -1.265282
3.957546 0.557815 -0.415606
3.508252 -1.434870 -2.077016
3.684567 0.056271 -2.010907
2.820753 -0.363723 -2.560342
4.082234 0.415486 -0.657718
4.345652 -0.936431 -0.496701
4.231803 0.129658 -0.648644
1.557041 -3.690062 0.089954
1.026904 -3.094669 -1.658881
1.084409 -3.476125 0.717780
1.027061 -3.666562 0.237524
0.936520 -3.516462 -1.082780
0.318310 -3.469520 0.045262
1.449165 -3.728206 -0.372548
0.422933 -3.548866 -0.262114
1.174318 -3.560926 0.568455
1.349153 -3.709659 0.098829
1.048834 -3.721077 -0.425863
0.671337 -3.607204 0.147419
0.955128 -2.685830 -1.927675
2.809619 0.535894 2.061409
3.012842 -0.152485 2.511437
3.570256 -0.615196 2.184470
3.087325 -2.233753 1.938617
2.782605 -0.707229 2.781781
1.504598 0.089695 2.549963
2.693704 -1.504811 2.717291
3.039616 -1.768715 2.417876
1.569769 -0.209294 2.723990
2.162661 -2.393003 2.197979
2.727430 -1.741241 2.599979
1.295315 -1.261482 2.716022
2.746284 -2.367166 2.037092
3.910323 -0.983187 1.581572
3.800812 -0.640875 1.821030
1.492461 -0.893502 2.831262
3.080949 1.920459 -2.094748
3.449548 2.724201 -1.108141
2.901723 3.052494 -1.495758
2.770752 2.498415 -2.093483
3.809887 1.737843 -0.976956
3.632717 0.943854 -1.091636
3.642497 1.335706 -1.382482
2.990662 2.199968 -2.089099
2.311127 1.004453 -2.334900
2.516308 1.950078 -2.383677
3.081558 2.546793 -1.842444
2.110813 1.433208 -2.471940
3.500639 2.763898 -0.778754
2.420573 2.547104 -2.214187
2.053441 2.602348 -2.251382
-0.224479 3.999126 -0.718629
-0.436063 3.908040 0.237654
0.146600 4.123233 -0.295880
-0.445594 3.078096 -1.805128
0.062544 4.104572 -0.461422
-0.588937 3.557055 -1.301485
-0.726067 3.434444 0.794045
-0.821730 3.379296 -1.290208
0.471799 3.885844 -1.188075
0.042089 3.007461 -1.992575
-0.719448 2.939415 -1.716590
-0.245318 3.122119 -1.863244
-0.468574 3.264312 -1.671674
0.187737 3.589376 -1.596359
-0.768783 3.768240 0.057811
0.346966 3.468412 -1.715478
-0.053291 3.902730 -1.098182
0.334075 4.104825 -0.574708
1.313498 0.553668 2.581414
0.659907 1.245763 2.799132
1.384763 1.362589 2.954937
0.648930 3.094891 2.247172
2.531158 1.116242 2.442708
3.064414 1.872962 1.906318
2.349201 2.984726 2.132342
2.327193 1.174291 2.618936
1.142782 2.639621 2.758863
0.971839 3.137949 2.338732
2.614152 2.327693 2.384095
2.272753 1.947686 2.738512
0.746723 2.466620 2.749362
0.331638 2.389110 2.573680
1.632328 2.039923 2.947211
2.899351 2.562043 1.835034
2.043138 1.796320 2.858861
0.389252 2.727993 2.418765
2.320605 2.229467 2.649941
1.584416 2.796626 2.658623
2.954164 2.038856 2.068780
2.736699 0.947188 2.123628
-2.052127 -3.067780 -1.842581
-2.170423 -3.718306 0.902907
-2.916349 -3.079303 -0.928633
0.090383 -2.460382 2.331363
-1.837240 -3.530133 1.546762
-0.807100 -3.874943 -1.108475
-2.080728 -3.904506 0.235655
-1.469895 -2.443347 -2.434123
-0.823982 -3.382458 1.931673
-3.378361 -2.690820 0.388204
-0.935136 -4.078355 -0.520185
0.268459 -2.456207 2.240333
-2.177866 -3.491156 -1.257547
-1.512815 -3.716257 -1.313439
-0.342591 -1.920953 2.657877
-0.901440 -3.967350 0.999897
-2.504223 -3.021602 1.652410
-3.690875 -1.800593 -0.102200
-2.571307 -2.411306 -1.940583
0.068660 -3.212503 -1.708984
-0.253146 -2.289215 2.532012
0.293623 -3.819109 0.120017
0.155775 -3.754734 -0.753791
-1.266406 -2.473131 -2.452525
-0.996640 -2.238222 2.655463
-3.537297 -2.370707 0.276674
-1.607944 -1.888672 -2.570166
-2.043060 -2.728022 -2.098688
-3.528645 -2.228730 0.641701
-3.050379 -1.817499 -1.699576
-1.377393 -3.680080 1.516039
-3.045443 -3.129945 0.570717
0.446647 -3.363492 1.308359
-3.059181 -3.186175 0.180329
-1.801924 -3.997651 0.352104
-3.409620 -2.397784 -0.745411
-2.556963 -3.585725 0.560284
-1.447396 -4.095318 -0.111537
-0.452906 -2.171324 2.620842
-2.751895 -3.494283 0.010957
-3.672785 -1.923699 0.137223
-2.432684 -3.726493 0.029014
-1.711343 -3.118034 2.055415
-2.326195 -2.455884 -2.091611
-0.053709 -2.059367 -2.436186
0.034205 -3.930590 0.277065
-1.755206 -2.300671 -2.418020
-2.333846 -2.224823 2.286048
-1.698140 -3.191365 -1.894996
-3.486069 -2.499164 -0.161467
-1.054656 -2.139160 -2.584171
-1.991783 -3.884683 -0.515293
-1.852804 -2.986103 2.107238
-0.784700 -3.908908 1.129240
0.182321 -3.009766 1.929919
-0.666326 -2.670864 -2.352941
-0.337859 -2.936571 -2.120355
-1.282510 -3.915038 1.093453
-1.598960 -3.988257 -0.604885
-0.484464 -3.875346 -1.007888
-0.498963 -2.710801 2.402941
-3.007666 -2.350136 -1.534330
-0.996523 -3.737251 1.477243
-1.281447 -3.152226 2.133311
-1.306299 -1.877009 -2.625695
-0.914653 -3.109029 2.187763
-2.838702 -2.215922 -1.793954
-0.301373 -3.410203 1.777796
-3.702247 -1.736143 0.143317
-1.374066 -2.101078 -2.567061
-1.002360 -1.940500 2.732727
0.027123 -3.933408 -0.177281
-3.536237 -1.772880 -0.875343
-1.120052 -2.686616 2.462673
-3.093114 -2.814814 -0.980340
-3.568455 -2.229068 0.431654
-2.965169 -2.902447 1.202868
-2.093545 -3.873537 0.450391
-0.335593 -3.955470 0.788022
-2.802187 -1.543090 -1.993329
-1.170221 -2.723509 -2.339213
-2.424986 -1.467261 -2.277409
-0.912264 -1.974983 -2.624373
0.177190 -2.953332 -1.879662
-0.575559 -3.555077 1.688338
-2.168325 -1.200168 2.510146
-2.765275 -3.379930 -0.597507
-2.872023 -3.383722 -0.066440
-2.515896 -3.530211 -0.741575
-0.956133 -4.135306 0.188010
0.040077 -2.825836 2.148606
-2.955770 -1.766034 1.916256
-0.286103 -1.616692 2.699559
-2.346758 -1.079731 -2.434133
-0.785524 0.620481 2.922293
-1.730245 -0.416159 -2.877102
0.191412 0.471257 -2.854842
-1.157230 -0.781672 -2.984030
-0.453279 0.595136 2.923384
0.405858 -0.522775 -2.859224
-1.185421 -0.433688 3.001762
0.007029 -1.687616 -2.622521
0.199754 -0.014912 -2.932655
0.040522 -1.849723 -2.517113
-0.175643 -0.224357 -3.028556
-0.486171 -1.139942 -2.930819
-1.663854 -0.941794 2.801916
-0.340267 -0.586666 -3.032442
-0.730900 -1.064771 2.938871
-0.502857 -1.308906 -2.874857
-0.876924 0.318095 -3.010014
0.071686 -0.052953 2.951354
-0.220888 -1.233798 -2.870847
-1.341504 -0.132408 -2.993983
-1.459116 -0.961124 2.861009
0.174119 -0.773023 -2.902297
-2.242223 -0.850372 2.548688
0.392059 0.279366 2.809233
-0.377727 0.148430 3.009872
0.215974 0.202053 2.882846
-0.174576 -1.409452 -2.796259
-0.317741 0.269377 -3.004320
-0.772318 -0.842148 2.990578
0.005882 0.894096 -2.765524
-1.737092 0.863840 3.048231
-3.129466 3.410469 -0.885144
-3.173687 3.271582 1.144764
-4.681489 1.519656 0.484093
-2.954023 1.745041 -2.667133
-1.496144 3.843910 0.433702
-3.813881 -1.016956 -1.305637
-4.275836 2.475721 -0.486999
-4.598737 0.508587 -1.062526
-3.696533 2.215732 1.889920
-2.131399 -0.457201 -2.761891
-4.357329 2.093703 0.947964
-1.120650 1.254380 2.953898
-0.595866 0.922631 2.823870
-3.154900 3.381873 0.904407
-3.048647 -0.623988 -2.368162
-2.154275 0.093087 2.930595
-2.455109 -0.930987 2.389922
-0.498367 1.341527 -2.759342
-3.450789 2.047076 -2.237671
-1.700881 0.530142 3.033792
-3.577371 -1.447717 -0.919724
-2.475604 0.577543 2.948904
-3.634274 -0.960492 1.598273
-4.391263 0.883505 1.519653
-1.512385 0.708470 3.037512
-0.948181 3.560233 1.110700
-3.139889 3.122316 1.451433
-3.312400 -0.308349 2.357255
-3.557149 -1.365999 1.112570
-1.504250 3.877140 0.011322
-3.960545 -0.898954 -1.222628
-3.849271 1.353351 -2.167382
-3.147520 0.439776 2.679192
-2.300108 0.552526 2.984733
-4.459780 0.311782 -1.321184
-2.432811 3.603164 -1.096589
-3.746537 2.993494 0.795773
-4.413011 1.919652 1.006876
-1.790723 0.159967 -2.997670
-2.328321 1.100613 2.979335
-4.738903 1.146222 -0.543622
-1.096331 3.776974 0.479210
-2.905787 0.021312 2.701776
-1.414856 1.130546 -3.038714
-2.888461 3.036674 1.767687
-2.538066 3.412498 -1.441019
-4.078272 1.559174 -1.847593
-3.699734 2.287229 -1.855244
-3.512597 -0.749998 1.923675
-1.107477 0.526726 2.966791
-3.150576 2.925781 1.713017
-4.097499 1.306950 -1.905444
-2.722950 1.406518 -2.851601
-3.634164 3.230449 0.068534
-1.858373 0.114710 2.962267
-2.457307 3.796950 0.159378
-3.761575 1.227103 2.252656
-4.114954 2.362434 -1.184626
-3.210615 2.714231 -1.920686
-1.106600 0.632439 -2.998431
-2.930596 3.612808 -0.445900
-3.226654 0.081927 -2.581858
-3.768984 -0.732577 1.669622
-2.727751 -1.037589 -2.229203
-1.801907 3.737440 -0.953130
-4.323232 2.470033 0.037520
-3.560828 0.769635 -2.472053
-3.815091 -0.252306 1.964371
-2.987644 3.571335 0.516906
-2.587439 3.493608 -1.251033
-3.414237 -1.254984 1.483902
-2.908408 0.313234 -2.793777
-4.574026 0.947857 -1.165436
-4.224182 2.452887 0.736729
-4.527686 2.092612 -0.070582
-2.641093 3.737510 -0.298407
-3.604206 3.144318 -0.736482
-2.746279 0.556310 -2.889569
-1.533343 3.610276 -1.264743
-3.729887 -0.275442 -2.060849
-4.333385 0.422241 -1.588752
-4.028833 2.047498 -1.638067
-2.234464 3.690875 -0.969163
-4.251869 2.332016 0.883038
-3.017347 1.732536 2.618589
-3.612642 2.532727 1.707507
-3.135078 1.339236 -2.687638
-3.392436 3.378345 -0.371490
-3.572262 1.831993 2.225577
-3.537642 1.137433 2.447017
-4.745407 1.390017 -0.181167
-4.079924 -0.610096 -1.366644
-4.231146 1.440715 1.659728
-4.026264 1.526984 1.900918
-3.401444 3.312041 -0.670140
-2.265079 0.574307 -3.016022
-4.677260 1.363736 -0.691483
-0.707854 1.238679 -2.861656
-2.373568 3.447299 1.436525
-4.793034 0.950774 0.194761
-4.271448 0.387758 1.654488
-2.757938 3.708853 0.145547
-3.964227 2.779032 0.772890
-4.503536 1.736992 0.943166
-2.570811 3.521167 1.178589
-4.515300 1.391279 1.153094
-2.285832 0.886189 2.999253
-2.670038 1.143389 -2.910315
-3.409947 0.758414 -2.576429
-4.397641 0.141527 -1.369754
-0.684740 1.001180 -2.877577
-3.403524 1.199054 -2.554351
-3.625613 3.190004 0.469617
0.823638 0.319119 -2.876568
-0.914631 2.996746 -2.177059
-2.129110 3.125016 -2.175306
-2.218472 3.379921 -1.676728
-2.004032 2.604003 -2.695161
-2.752189 2.512114 -2.448943
-0.421024 1.739599 -2.627304
-2.476854 2.338809 -2.704476
-2.650922 2.923552 -2.140782
-2.695654 3.081084 -1.875819
-1.621706 2.906149 -2.484674
-1.700454 2.298804 -2.886422
-2.003041 1.620879 -3.037502
-1.671082 2.637916 -2.699659
-1.646802 2.060106 -2.974291
-2.319384 2.940695 -2.320174
-0.715559 2.357948 -2.597384
-0.987425 2.614002 -2.572583
-1.292270 2.296566 -2.846591
-1.526066 3.504195 -1.491361
-1.450903 3.164940 -2.173657
-2.469458 2.591297 -2.556202
-2.165112 3.320156 -1.842767
-4.611290 0.156047 1.019008
-3.914659 -0.953387 1.270427
-4.215222 -0.617007 -1.179042
-4.166798 -1.244297 0.193154
-4.568228 -0.694272 0.373367
-4.164759 -0.935327 -0.922813
-4.247375 -0.205822 1.437559
-4.803140 0.727556 -0.248925
-4.724916 -0.194445 0.562403
-4.448797 -0.590838 -0.835162
-4.464083 -0.858586 0.394006
-4.271218 -1.148939 0.025507
-4.103127 -1.302822 -0.114430
-4.366415 -0.764409 -0.794583
-3.832381 -1.486993 -0.238324
-4.329819 -0.322883 -1.223915
-3.853786 -1.320301 0.807359
-4.840829 0.403739 0.296188
-4.592848 -0.482668 -0.611783
-4.719612 -0.048876 -0.628501
-4.519640 -0.650718 -0.588141
-4.480316 -0.645092 0.763808
-4.691075 0.477955 -0.789115
-4.857530 0.378834 -0.004333
-4.513025 -0.099869 1.120608
-4.221932 -1.132998 0.478111
-1.392772 2.123896 2.891271
-1.120780 1.753507 2.922144
-1.825914 3.474498 1.661121
-2.222126 1.795830 2.900600
-2.048172 1.699790 2.953925
-2.809419 2.178732 2.522769
-1.744796 2.219615 2.871633
-1.158892 2.882467 2.416825
-1.157378 2.240255 2.807684
-1.481622 1.352612 2.993487
-1.846129 3.016952 2.351153
-2.105299 2.263723 2.803734
-1.567003 3.016971 2.363007
-1.385546 1.656497 2.981184
0.278258 -2.181216 -2.383271
2.038227 -3.881471 -0.253688
0.294175 -1.579300 2.639274
4.545253 0.108295 0.369540
1.958682 -3.474513 -1.553422
2.166300 -3.151505 -1.958326
4.250068 0.004682 1.393090
1.449914 -2.907908 2.259864
1.390368 -3.307536 1.810182
1.095015 -2.234044 -2.670910
0.712686 -2.145925 2.606847
0.972568 -3.530406 1.315166
2.599091 -3.325630 1.545519
2.384433 -3.011223 2.049218
4.478405 -1.164641 1.162207
3.756226 -2.533203 1.474407
3.424292 -3.343580 0.272046
2.034908 -3.719125 1.012463
1.331619 0.016906 2.914968
3.632576 -2.658616 -1.494879
3.565671 -2.492363 -1.750773
0.738596 -0.861051 2.917367
4.196405 -1.905543 -1.358961
2.134727 -2.380363 2.611492
3.133699 -3.485458 -0.533767
4.042309 0.667421 1.180170
2.214628 -1.775238 -2.865253
3.817310 -2.328157 1.600288
3.470820 -2.073556 -2.147625
3.628375 -3.036515 -0.863851
3.682577 -2.827209 1.184451
2.653135 -2.499349 2.384529
0.902063 -3.048634 -1.991913
2.160747 -3.549938 1.362727
2.827508 -2.174451 -2.503211
3.193727 -1.720357 -2.504407
1.784232 -0.223929 -2.991030
3.629250 -2.444921 1.725651
3.955274 0.416313 1.581564
2.113102 -1.978224 -2.810058
1.842216 -3.063416 2.111507
3.998627 -2.235988 -1.416226
3.801280 -2.690292 -1.194702
4.225739 0.776369 0.376725
4.052593 -2.473861 1.020324
1.432994 -1.083213 -3.041927
2.056617 -0.126215 -2.945156
1.942283 -1.584848 -2.957908
2.688124 -3.710871 -0.399152
4.416819 -1.685121 -1.047371
3.627791 -3.060879 0.802630
4.136380 -1.685288 -1.600313
1.514616 -2.777083 -2.375582
4.634897 -0.257402 -0.426205
1.887625 0.255039 -2.842007
3.175985 -1.341172 -2.615007
0.901797 -2.849508 2.192652
1.208069 -0.303664 2.975894
2.548555 -1.031764 -2.923365
4.646801 -0.170491 0.000969
3.711515 -3.128273 0.073804
2.602934 -1.558354 -2.825546
4.209543 -2.092228 1.164865
3.006452 -1.638685 -2.635199
2.346211 -3.487573 -1.402308
4.365533 -2.100139 0.719865
4.674960 -0.911290 0.545513
1.221472 -0.420831 -2.995705
1.918449 -0.572322 -3.035522
3.073264 0.437494 2.389887
4.480506 -1.779269 -0.760016
1.526126 -0.658408 -3.049770
4.467830 -2.067842 0.183440
4.149525 0.274854 1.383101
2.882094 -3.540451 -0.817449
3.773581 -2.260467 -1.713773
3.971480 0.000386 1.819838
1.220611 -3.356982 1.705809
4.227111 -0.274703 1.568921
4.073143 -0.889701 1.887617
0.504911 -1.174655 -2.812968
1.215521 -0.163030 -2.945956
4.460647 0.387295 -0.029350
3.771135 -1.634806 -2.076997
4.201880 -2.127192 -1.142170
2.257277 -2.853239 2.241173
1.632596 -3.458699 1.608173
4.704586 -0.823739 0.346691
2.361889 -3.741040 0.741223
2.902165 -2.323712 -2.381358
1.904933 -3.905095 0.056463
0.679149 -1.252017 -2.868964
3.830338 -2.097595 1.769472
2.748383 -3.655432 0.589417
1.099697 0.134341 2.840810
4.242395 -2.502484 0.059011
1.305982 -1.558100 -2.955731
2.747949 -3.427859 -1.252312
0.403622 -2.512429 -2.241394
2.287672 -1.241177 -2.970087
2.881387 -3.157606 -1.605715
1.610547 -1.627839 -2.959555
0.309494 -1.608640 -2.637422
2.140192 -3.228024 1.873285
2.060404 -3.732820 -0.961170
1.754380 -2.431300 2.622034
2.057112 -2.640409 -2.453189
1.445778 -2.487477 2.579743
2.647822 -3.598188 0.934443
3.998636 -2.832690 0.062459
0.366286 -1.054603 2.764609
2.445406 -3.565604 -1.185230
2.244344 -2.357625 -2.601065
1.016525 -2.445462 2.533475
1.736634 -1.064497 -3.051197
3.664006 -2.010216 2.008426
0.984560 -1.780128 -2.835729
3.954878 -1.770628 -1.810000
4.378633 -0.660377 1.400210
2.964202 -3.367852 1.166950
0.789832 -1.031227 -2.926302
2.467364 -3.348535 -1.580823
4.528450 -0.121520 0.789756
3.580401 -2.996906 -1.050394
3.421387 -3.064046 1.182682
2.461370 -0.794854 -2.952996
3.425675 -3.340270 -0.291088
1.506758 -2.615758 -2.496977
2.755025 -3.103711 1.766472
2.723075 -3.515241 1.080701
1.385633 -3.049564 -2.113495
4.624133 -0.736407 0.768414
1.368743 -0.448214 3.019163
2.395040 0.436941 -2.675120
1.638270 0.356887 2.821430
3.066621 3.809153 0.310860
1.847913 1.382594 -2.907845
1.757356 1.993413 -2.894071
3.487259 1.934777 1.865000
0.351484 4.294952 1.101390
3.826921 2.764849 -0.343027
1.168192 4.564117 -0.142632
3.084386 3.805334 -0.078548
3.430212 3.324660 -0.639871
3.802465 2.018614 1.311696
0.666100 4.545964 0.064950
0.782993 0.412003 2.888644
0.079589 4.216922 1.085927
2.066748 1.615084 -2.841861
1.652143 3.873144 -1.807923
1.890530 3.608791 2.115854
2.094046 1.162064 -2.812770
3.939039 1.632078 1.083760
2.480700 4.055836 -0.891523
2.306612 1.063671 -2.712721
1.848277 4.175517 -1.238066
1.024444 4.517639 -0.525140
0.323661 1.633095 -2.920121
1.214224 4.035408 1.770815
1.428538 4.479795 -0.601828
2.402008 4.262146 -0.025548
1.580314 1.517122 -2.969039
1.705692 4.107100 1.534968
0.255401 3.958786 -1.603725
3.434769 1.093294 1.933963
0.798673 4.198748 1.487097
2.083454 4.375002 0.398411
2.427817 3.085727 -2.194266
0.833021 4.098068 1.666159
2.088217 4.206398 1.071983
0.960880 0.209914 2.814207
1.326811 4.477201 0.754140
1.042411 3.811116 2.065853
0.752311 3.971154 1.840992
1.366634 3.868007 1.975447
1.438290 4.046490 1.719527
1.092393 2.156290 -2.944372
2.270382 3.844254 -1.523052
4.086975 1.166205 -0.265043
2.828269 3.983175 0.418818
0.522528 4.508267 -0.258449
0.796559 0.645167 -2.875785
2.971215 3.694517 1.024887
1.771554 4.485973 -0.077088
0.430614 1.977923 -2.910681
2.181935 1.367445 -2.797421
1.553174 4.532234 0.046059
1.232314 2.552715 -2.825669
3.110443 3.292301 1.460978
2.362929 0.551213 2.644913
3.606351 1.571945 1.746631
1.276143 4.558156 0.241276
2.029159 4.334157 -0.634136
0.044719 3.794460 1.812363
0.587108 0.937643 -2.920959
2.642637 3.797311 1.328859
0.779936 3.461202 -2.294865
3.229229 1.825951 2.184740
1.924060 4.444095 0.199177
2.986894 3.564497 -1.156138
0.025644 3.738093 -1.778541
1.785116 4.461169 -0.331141
0.727703 2.445993 -2.847767
-0.233936 2.371186 -2.588323
3.592594 3.123721 0.650543
1.945552 2.556487 -2.690427
-0.123426 4.329044 -0.095200
3.289739 3.609766 0.091830
3.112326 2.337336 2.163611
0.396544 2.684951 -2.699743
1.867907 4.360438 -0.728023
-0.414496 3.462124 1.884803
3.732602 1.808383 1.512004
-0.177970 4.157043 0.956442
1.034093 0.920401 -2.955327
-0.312937 1.911604 2.750855
0.077282 3.944545 1.619924
4.041158 2.192262 -0.122696
3.416407 3.124218 1.152880
2.116271 4.373340 -0.208175
3.610540 2.835545 1.104815
-0.014877 0.898116 2.844347
3.863892 2.529803 0.739680
2.961215 1.023277 2.396346
3.828132 1.578311 1.354885
0.386943 4.369921 -0.812417
4.110890 1.244534 0.053616
2.395674 2.743189 -2.416938
0.305711 3.629872 2.121586
0.422221 1.228820 3.025674
0.906920 4.331152 1.226122
1.500903 4.202319 -1.343363
1.208442 0.404312 2.895661
0.597628 3.589433 -2.151091
2.116944 3.833484 -1.644842
1.133611 1.780849 -3.000481
-0.275906 2.482289 2.621760
-0.625755 2.723577 2.292885
-0.279655 3.133626 -2.173901
0.228046 2.230555 2.901758
-0.109973 4.050630 1.289060
3.256068 1.326779 2.172408
2.415316 0.841756 -2.614880
-0.337974 1.965261 -2.635768
0.735271 4.394536 1.019662
0.112137 2.977660 2.559118
1.597327 0.630413 2.927952
0.100029 4.413955 0.167881
0.421650 4.447969 -0.529169
1.195329 4.202862 -1.403760
1.454141 2.771507 -2.714220
3.771077 1.093162 1.407888
-0.187529 0.966425 2.786066
3.706890 2.154721 1.446115
1.614892 4.290569 1.203169
2.287151 3.360974 2.155080
0.560298 3.830239 1.979770
0.178269 4.414632 -0.347142
2.031301 3.279059 -2.255776
4.471949 -1.127443 -1.295960
4.614223 -0.491506 -0.836511
3.915706 0.628066 -1.695136
4.081837 -0.497160 -2.115659
4.290639 -0.246853 -1.781054
4.330831 0.037813 -1.556425
4.558570 -0.093650 -0.720029
3.976908 -1.369851 -2.033741
4.501746 -0.845754 -1.365200
4.406339 0.292497 -0.943579
3.784938 -0.399701 -2.385216
2.716537 0.144791 -2.696740
3.600910 -1.179879 -2.437647
4.442392 -0.519500 -1.549487
4.245116 -1.141763 -1.791476
2.984658 -0.137673 -2.731722
3.453868 -0.698244 -2.608231
4.285301 0.541585 -0.764803
3.086454 0.471759 -2.450119
1.292522 -3.981621 -0.260481
0.946233 -3.949295 -0.441560
1.408340 -3.909095 -0.777177
0.852479 -3.319470 -1.742471
1.498646 -3.967103 -0.152764
1.186880 -3.922144 0.258448
0.755421 -3.742847 -1.088765
1.179774 -3.677789 -1.342770
0.673961 -3.768790 0.487242
0.907600 -3.849633 0.414019
1.682423 -3.533160 -1.489786
0.547148 -3.342081 -1.598616
1.408259 -3.964226 -0.474552
1.190808 -3.278127 -1.834406
1.772506 -3.838579 -0.821919
0.727474 -3.909368 -0.089846
2.744129 -2.131697 2.643697
1.669666 -0.508054 3.089244
2.540189 -2.229794 2.636284
2.314197 -1.317775 3.108620
3.562910 -1.439777 2.477263
1.917796 -0.087718 3.001979
2.305742 -0.497589 3.115758
3.386806 -1.881130 2.412065
3.306421 -1.550340 2.656616
1.936819 -0.545734 3.131073
3.595511 -0.969469 2.542568
3.173417 -0.236714 2.748729
2.594040 -1.090711 3.092747
3.100928 -1.997049 2.554590
3.096296 -1.280122 2.870713
3.065089 -0.791427 2.924362
3.484053 -0.453859 2.587222
1.698446 -0.217877 3.020009
1.822275 -0.360783 3.081497
3.060531 -1.031273 2.924235
3.428326 -0.210214 2.549022
2.180264 -1.651131 3.023558
1.698493 -1.314234 3.087216
2.813716 -1.230816 3.007517
3.773792 -1.661019 2.103946
1.986753 -0.908365 3.161731
2.002887 -2.049593 2.825597
2.730297 -1.452438 2.986383
3.250203 -1.194907 2.794962
2.984336 0.358503 2.516378
3.779060 -0.504416 2.282231
2.809568 0.389917 2.582842
3.213128 2.971374 -1.734432
3.162187 1.892538 -2.338223
3.726515 1.559130 -1.774271
3.185121 0.993724 -2.199159
3.169354 2.497525 -2.143477
3.679327 0.927594 -1.605466
4.063473 1.328362 -0.673183
3.475593 3.120392 -1.015682
3.761789 2.688628 -1.115997
3.448459 1.011947 -1.965549
3.044572 2.391009 -2.283001
3.608186 1.905191 -1.919644
3.364378 1.980033 -2.164060
3.058832 1.091554 -2.324740
3.705367 2.531402 -1.464108
-0.609488 4.144885 -0.557809
-0.766600 4.074067 -0.060785
-0.506587 3.893999 -1.347962
-0.643016 3.730299 -1.472246
-0.307308 3.536647 -1.856685
-0.994417 3.899795 -0.614002
-0.851437 3.930539 -0.872171
-0.408888 4.224600 -0.577572
-0.629861 4.154675 -0.168415
-0.808494 3.429706 -1.657903
-0.790208 3.763815 -1.291279
-0.726166 3.885262 -1.157779
-0.698768 3.347410 -1.803443
-0.133390 4.154371 -1.098253
-0.117262 4.322731 -0.419518
-0.698543 3.989836 -0.966146
-0.939817 3.509827 -1.460062
1.193052 2.343991 3.142385
1.669312 2.034407 3.187764
1.845402 1.449351 3.152756
0.537231 2.464823 2.943782
1.814299 2.841379 2.870679
2.250996 1.000902 2.886055
1.084553 2.112670 3.185816
2.851781 1.537463 2.602011
2.098785 2.901496 2.729707
2.755992 2.467970 2.533289
2.322943 0.799325 2.749758
1.851386 3.330642 2.443877
1.450251 2.010255 3.213629
1.767670 3.472873 2.291877
2.692086 1.647150 2.754724
0.538380 2.104407 3.046103
1.496943 2.987198 2.830909
0.846161 1.238375 3.115057
0.664624 2.802292 2.829684
2.571743 3.026645 2.296359
1.118754 1.328922 3.181944
1.229695 3.323906 2.539500
1.626682 3.346844 2.489723
2.248949 3.196196 2.385799
2.892460 2.769836 2.167247
1.566092 2.197156 3.172488
1.376586 1.101084 3.135774
-3.528145 -3.000551 -0.437838
-1.242021 -4.381956 -0.500224
-0.508775 -3.299310 -2.277069
-0.979475 -4.301877 0.965446
-1.709049 -2.550784 -2.671038
-2.908232 -3.340723 1.391816
-1.865734 -2.318789 2.812845
-0.083131 -2.305780 -2.708060
-3.792724 -1.916928 -1.004498
-3.582927 -1.610437 1.620437
-1.271658 -4.428667 0.130319
-2.047585 -2.449319 2.700461
-3.254766 -2.134618 1.939270
-0.097799 -4.238072 -0.590996
-2.217024 -2.540229 2.587460
-0.708600 -4.428616 0.144472
0.370686 -4.021455 0.783953
-3.030911 -1.587246 -2.193797
-2.812050 -3.557728 1.178022
-2.270653 -4.117148 -0.429701
-0.000587 -3.913482 -1.351180
0.427550 -3.888545 1.079243
-3.956851 -2.056530 0.090414
-2.498068 -1.435868 2.688428
-1.821939 -2.818960 2.607718
-0.652210 -4.029873 1.542770
-3.675891 -2.682354 0.667459
-0.078762 -4.145444 -0.895090
-3.509365 -2.579366 1.275432
-0.339802 -3.385247 -2.161646
-2.731563 -3.685458 1.046370
0.204767 -4.005175 1.073295
0.094335 -4.201676 -0.436702
-0.544939 -2.177052 -2.856099
-2.776993 -2.302630 -2.237373
-2.867690 -3.090544 -1.641440
-2.888657 -2.922381 1.872530
-2.802143 -3.823966 0.350148
0.114806 -3.612306 1.823165
-1.692336 -3.857918 1.699041
0.197082 -4.034825 -0.903875
-2.753463 -3.783596 0.726929
-0.109055 -4.296477 0.360446
-0.950556 -2.415499 2.916264
-3.171033 -2.833443 -1.508963
-1.524154 -3.712672 -1.852453
-0.449786 -3.469938 2.213269
-2.410337 -3.418780 -1.726336
0.264961 -3.871695 1.305706
-1.782700 -3.511005 2.091308
-1.697992 -3.869624 -1.578853
-2.117285 -1.661761 2.860748
-3.766828 -2.079646 1.081102
-3.078867 -2.812667 1.748177
-2.399947 -2.142280 -2.538740
-1.028565 -4.421693 0.406878
-1.931251 -4.180677 0.847981
-2.865203 -2.809547 -1.883832
0.228168 -4.187792 0.132629
-2.686005 -3.402566 1.586550
-2.287459 -3.957044 -0.964937
-3.180104 -3.420195 0.656729
-2.031327 -2.765758 2.559334
-2.145226 -2.216854 -2.640733
-0.848882 -2.033769 3.020656
-0.886887 -4.440314 -0.026693
-0.780485 -3.536697 2.205469
-1.361301 -4.213979 -1.045656
-2.050084 -2.458135 -2.595789
0.000402 -3.617117 -1.783439
-0.621962 -3.402498 2.310477
-2.850880 -1.896030 2.401459
-2.726258 -2.173700 2.422168
-2.172948 -3.741048 -1.489850
-2.569807 -2.675149 2.313208
-1.813575 -4.207902 -0.782228
-1.951572 -3.163457 2.333555
-0.956124 -3.672510 2.072406
-3.489752 -2.784498 1.087042
-0.766917 -3.663183 2.070997
-0.664786 -4.361658 0.669104
-3.178005 -1.741427 2.131394
-3.195510 -3.493272 0.058542
-1.556563 -4.351863 0.521915
-0.270186 -4.097897 -1.159638
-1.019128 -3.955540 1.700859
-3.394401 -1.883338 -1.744653
-3.550177 -3.036021 -0.055150
-0.025067 -4.132092 0.980607
0.435833 -4.040711 0.556093
-3.236857 -3.321198 -0.660967
-2.366169 -4.097161 -0.240051
-0.218779 -2.180244 -2.786360
-3.209419 -3.446439 0.413508
-2.595538 -3.788016 -0.934629
-2.356052 -2.594560 -2.389325
-2.897460 -3.613997 0.891357
-0.367980 -3.245883 2.386879
-1.140208 -2.692924 2.798636
-0.578859 -4.163008 1.256835
-1.305339 -2.406657 2.902042
0.267506 -0.653121 3.231875
-0.684922 -1.325112 3.215302
-0.470385 -0.513222 -3.393168
-1.468338 -0.569939 3.280808
-0.450532 0.638852 3.264824
-1.922034 -0.538630 3.140056
0.346811 0.091445 -3.234628
-0.666869 -0.853888 3.335952
-2.298482 -1.165558 2.833438
-2.453580 -1.134554 -2.768604
-1.760284 -0.711522 -3.198389
-1.918232 -1.277285 2.982960
-1.037591 -1.610751 3.084264
-0.193253 -1.928720 -2.925895
-0.346275 -0.855495 -3.338843
-0.644693 -1.848094 -3.009681
-0.833582 -0.534061 -3.393952
-1.056502 -1.746279 -3.038018
-1.722874 -1.253157 -3.084184
-0.026747 -1.376837 -3.150741
-1.497661 -0.885492 3.227204
-0.368033 0.946349 -3.178021
0.322471 -0.147459 -3.258485
-1.377103 -0.693505 -3.306506
0.246647 -0.992759 3.177212
-1.478386 -0.342262 3.292722
-1.287864 -1.502528 3.090573
-1.653101 -0.654057 3.221244
-2.205223 -0.958836 2.942249
0.281939 0.330225 -3.220500
-0.854677 -0.816142 3.337760
-0.241161 -2.095037 -2.831307
-0.496567 -0.467106 3.378573
-4.816809 -0.102230 1.104802
-5.005393 1.169258 0.880780
-4.538069 2.694940 0.492381
-4.752667 1.652258 -1.359572
-4.155577 1.091213 2.369034
-3.766060 3.025689 1.609866
-4.299213 1.311567 2.176630
-5.105636 0.604703 -0.459072
-3.330753 3.334320 -1.669384
-3.900463 0.397685 2.580646
-3.977356 -0.401434 -2.260463
-2.170836 -0.222099 -3.217306
-3.894198 3.203464 1.120025
-3.970585 3.388641 -0.188375
-4.079944 -1.204041 -1.416282
-4.074134 2.664809 -1.668125
-2.459009 -0.710487 2.935372
-2.392445 3.272252 2.259143
-4.303283 3.049764 -0.255857
-3.112741 0.622233 -3.116497
-0.717728 1.309888 3.194105
-1.189248 1.151919 -3.350399
-4.762918 1.589964 1.350219
-4.416352 0.347044 2.033154
-1.258854 4.151534 0.508390
-1.282883 0.979144 -3.376865
-4.314361 -0.220137 -1.973725
-1.840390 1.642825 -3.310637
-4.094052 2.330552 1.929648
-4.062725 0.920770 2.471967
-4.498206 2.810214 0.165018
-1.951895 4.212363 0.216961
-3.060670 3.643819 -1.384601
-2.047792 1.537873 3.299170
-2.635369 1.444372 -3.233506
-2.587112 0.776458 -3.304585
-1.352744 1.565242 -3.307346
-3.431752 3.258069 1.660011
-4.827447 1.978738 0.834422
-3.584764 3.652725 0.411200
-3.809783 -1.548323 1.271654
-4.299337 0.226266 -2.170799
-2.991713 -0.937141 -2.636236
-3.551405 3.705398 -0.011946
-4.380842 2.555874 1.256773
-3.029105 3.738522 -1.205246
-4.514596 1.380071 1.877696
-3.114282 -0.265381 2.901545
-4.340395 2.819455 -0.927656
-3.601824 1.743699 -2.706307
-2.163551 4.099556 0.806966
-2.188416 3.676121 -1.811798
-3.879291 0.640772 -2.649668
-4.398824 1.418029 2.026646
-3.253980 -1.003357 2.423020
-2.058206 0.013328 -3.297731
-2.311836 0.512598 -3.348803
-3.634202 3.584764 0.599717
-4.005414 3.334027 -0.401066
-4.697432 2.288316 -0.843203
-4.370342 1.418678 -2.086128
-3.185001 2.656546 2.464399
-2.481763 3.873184 -1.327344
-2.985500 -0.045441 -3.053692
-4.100939 0.288427 -2.400752
-4.117394 1.916448 -2.186865
-4.778121 2.344197 0.192928
-4.897534 0.640334 -1.265034
-5.103362 0.380071 0.244322
-4.408743 2.862947 0.540041
-2.894341 1.260264 -3.180951
-3.170612 -1.188211 2.325436
-2.313800 -0.322462 -3.160107
-3.577574 3.285292 -1.476809
-4.685138 0.761800 -1.713548
-4.653395 2.122873 1.174339
-4.381430 2.572980 -1.254940
-3.711304 1.956892 -2.542577
-3.947012 -0.824828 -2.004851
-4.776808 2.228618 -0.633824
-4.488802 -0.482624 1.506395
-3.946444 2.273289 2.135460
-2.303133 -0.257749 3.161803
-3.692004 2.857600 -1.917903
-3.657432 0.993627 2.792961
-4.934483 1.043574 -1.162318
-4.019034 3.041732 1.201033
-3.893219 2.556054 1.974216
-3.679968 -0.017031 2.652059
-4.836308 2.170863 0.414193
-2.649683 3.613925 -1.734158
-2.621243 -0.037278 -3.180403
-4.613505 1.020935 1.799452
-3.797681 3.534706 0.033728
-4.637723 2.169300 -1.184041
-4.595530 1.773432 1.577085
-1.387673 1.584622 3.283817
-4.119311 2.167651 -2.039405
-4.355111 0.593515 2.151819
-3.133783 -0.582910 2.752141
-1.754993 4.087715 -0.973012
-4.205079 0.030299 2.193427
-2.973506 2.120821 2.881466
-4.256823 2.717046 -1.301581
-2.754449 0.249425 3.182673
-4.962310 0.627601 -1.085512
-2.632734 3.989222 -0.886081
-2.134917 4.006952 -1.147698
-5.057355 0.267493 -0.520845
-4.626362 2.336552 0.969933
-4.823394 1.860059 -1.011556
-4.640104 2.503022 -0.605985
-3.610456 3.369195 -1.278669
-4.168482 1.548791 -2.281572
-1.787539 1.297812 -3.378413
-3.908010 0.954722 2.606524
-4.038650 -1.631095 0.486416
-3.953629 1.593407 -2.477891
-4.284274 0.196631 2.157048
-4.275774 3.050567 0.431469
-2.457421 0.945672 3.310319
-2.761094 -0.890717 2.740485
-4.005153 -1.405014 -1.220169
-2.574128 2.367931 2.902649
-5.024864 0.949793 0.866562
-3.631106 3.409662 1.137647
-1.935761 0.307713 -3.366161
-1.541749 3.950824 1.314506
-3.296166 -0.436713 2.736271
-4.552917 2.689042 -0.450513
-4.076483 -1.003302 -1.674187
-3.895036 1.930663 -2.400587
-1.283405 0.733323 3.356032
-3.765287 2.179142 -2.386161
-1.105690 1.713266 -3.231493
-1.691707 0.250377 -3.361982
0.630387 0.405529 -3.188318
-1.859611 1.954456 -3.244663
-2.034331 2.743254 -2.888561
-2.349309 2.246844 -3.067735
-1.780803 3.172643 -2.557308
-1.267395 2.283231 -3.111443
-1.457482 2.312362 -3.128368
-1.330861 2.983329 -2.702782
-2.498108 2.871435 -2.650733
-2.116195 2.510242 -3.009728
-0.915617 2.061002 -3.090184
-1.770903 2.398266 -3.103472
-1.537564 3.012144 -2.707334
-0.680697 2.213564 -2.939314
-2.186491 1.979654 -3.191994
-1.607036 2.859298 -2.835267
-4.754238 -0.852654 0.393483
-4.779535 -0.702052 -0.569031
-5.005421 -0.123357 0.511480
-4.902757 -0.396820 0.639752
-4.610542 -1.063959 0.426646
-4.234120 -1.508769 -0.090661
-5.080153 0.201670 -0.233476
-4.610699 -1.075741 -0.318844
-1.037138 3.534407 1.933653
-2.231207 3.322166 2.269324
-1.512392 2.346396 3.079281
-1.209635 2.041662 3.137270
-2.277374 3.024535 2.570409
-1.063965 2.425961 2.973670
4.942785 -1.720619 0.251328
4.484539 -1.643677 1.728405
0.576944 -0.966136 -3.218728
3.070014 -3.566931 -1.492539
4.867317 0.137761 0.562340
3.408994 -3.516905 1.196985
4.777071 -2.213390 0.162089
2.123290 -3.734743 1.749172
1.609560 0.237270 -3.218509
4.057942 -0.957098 2.413316
2.269024 -4.152929 0.565169
4.651179 0.256707 -1.183654
3.126635 -1.636205 -2.967660
0.483180 -2.586332 2.678003
4.576096 -0.039510 1.555335
3.533400 -3.669643 -0.379892
1.196063 -3.077894 2.530550
3.747421 -1.836642 -2.500705
0.896842 -2.322669 2.970130
4.589617 -1.436395 1.633241
2.237943 -1.107115 -3.341005
3.418116 -2.984336 -1.986838
3.707192 -2.098299 2.417639
3.427773 0.638551 2.494659
0.863603 -3.090586 -2.432594
0.487869 -2.763261 2.557078
3.423208 -3.357774 1.485009
4.577560 -2.454283 -0.717424
1.936886 -4.027903 -1.190401
5.046122 -0.635165 0.275252
3.957127 0.529544 2.095066
2.668410 -2.316819 2.901668
0.697120 -4.038011 0.703169
1.133675 -2.727603 2.788605
0.521738 -2.198821 2.907448
0.987252 -4.180863 0.202402
0.675186 -0.391681 3.220524
4.466476 0.247100 1.579812
2.259625 -3.544585 1.993810
4.898215 -0.670125 1.034208
4.400645 0.950368 0.902514
2.974584 -3.344437 1.910328
2.136451 -2.241390 -3.067657
3.334599 -3.262504 -1.723928
2.470542 -0.620636 -3.293937
5.032722 -1.141236 -0.362912
3.236475 -3.745627 -0.855482
0.830407 -1.994817 3.093589
4.762490 -1.433143 1.276484
4.164296 -3.134561 -0.337269
2.717985 -0.627947 -3.223865
0.655262 -0.105826 3.159941
2.441561 -2.821400 -2.661844
2.850713 -0.755732 -3.183988
1.207018 -0.665221 3.364520
0.198837 -1.856838 2.900550
0.496113 -1.357030 3.154063
4.149394 -1.315563 2.275101
2.465542 -3.964877 1.117572
1.288851 -3.686416 1.845360
4.197226 -1.217712 -2.238222
4.505046 -2.636618 -0.561914
2.638228 -2.385905 -2.874665
2.247688 -3.002712 -2.569710
3.479241 -2.417948 -2.412449
3.696335 -3.581048 0.013371
3.823908 -1.869571 2.422996
4.991228 -0.867162 0.702069
4.575686 -2.344948 0.930545
5.033031 -1.187050 0.319927
4.596540 -2.574884 0.068519
1.713288 -3.029177 2.614370
2.984006 -2.806025 -2.451233
1.713767 -0.633756 -3.391656
4.368406 -2.889870 0.329038
1.645525 -3.945104 1.419000
2.544873 -4.006177 -0.924026
1.436213 -4.142647 -0.835779
3.786402 0.154874 2.457794
1.365042 0.233944 -3.206164
4.746324 -2.162071 0.595144
4.416633 -2.846160 0.144259
1.305511 -4.027667 1.169485
1.777745 -0.377743 3.365190
1.737121 -0.316833 -3.355564
1.031361 -2.151122 3.079665
0.789168 -3.261144 2.237930
2.014621 -4.221065 0.328539
4.117012 0.423156 1.978306
2.828350 -2.631832 2.655630
1.960127 0.124906 3.243020
2.905773 -3.257810 -2.059752
1.276567 -0.685250 -3.372767
4.097863 -2.268716 -1.907024
2.889282 -3.756385 -1.280621
3.319813 0.357547 2.711683
4.274578 -2.131826 1.766185
2.921534 -1.793586 -3.015635
1.738954 -1.862944 -3.245553
4.504972 -2.129095 -1.365903
4.861865 -1.832905 -0.615527
4.474211 0.790299 0.979290
2.103073 -0.240790 3.315918
4.768100 0.206335 -0.893777
2.931834 -3.916025 0.765039
2.367539 -2.155079 -3.061176
1.339655 -4.219948 0.364362
3.807894 -2.971879 -1.575429
2.517866 -3.905809 -1.233955
0.963727 -3.270904 2.288323
2.709237 -2.715460 -2.646339
3.060326 -3.954000 -0.088388
2.265072 0.018984 -3.229578
0.523719 -1.611028 -3.111697
4.786294 0.322568 -0.652449
0.545468 -3.940653 0.888063
3.549370 -1.287967 -2.795537
1.725812 -2.838215 2.761820
4.920180 -1.336173 -0.852570
2.929803 -2.745241 2.527813
4.197005 -0.858458 2.269189
1.431897 -1.365692 -3.352618
0.834805 -3.225045 -2.291622
4.400416 -2.310153 1.399615
2.779948 -4.066782 0.021034
2.026891 -2.147089 3.124757
4.765058 -0.797674 1.394470
4.020759 -1.145932 2.434453
4.994936 -1.317860 0.503874
0.260275 -2.732283 -2.461874
2.404647 -4.163718 -0.253902
2.618079 -3.116237 2.353978
3.352585 -3.772113 -0.447326
4.032702 -2.824252 -1.439125
1.085267 -1.518818 -3.283141
4.100069 0.207022 2.121924
2.531948 -2.216865 -2.991354
3.842985 -2.145286 -2.268359
4.908380 -0.384673 0.903587
2.752215 -3.438206 1.925353
4.180446 -1.765411 2.098536
4.711819 -2.295771 0.445073
2.784024 -3.608364 -1.650214
2.878432 -2.658189 -2.613575
4.778573 -0.560999 1.333145
1.400596 -3.411339 2.226967
1.955724 -4.160460 -0.740535
3.708713 -3.563541 0.212528
2.950814 -3.109264 -2.195513
3.610579 3.743136 0.345122
0.334965 4.299954 -1.757828
-0.409934 1.570343 3.110866
2.616960 1.852223 -2.957832
4.049228 3.052976 -0.467781
3.080202 2.758350 2.483110
1.455607 4.531016 1.560104
4.420709 1.421566 -0.477480
0.485860 0.595914 3.269963
1.661667 4.727471 0.974562
0.415820 4.849429 0.001972
1.283640 4.897812 0.261685
0.788612 4.104180 2.229633
1.719240 0.577273 3.249255
0.343648 0.986840 -3.234548
4.436262 1.722416 0.412914
0.600558 1.362286 -3.318298
3.326193 2.750344 2.260924
0.985542 4.594396 1.479237
0.666497 3.974193 2.357643
4.342218 1.507726 -0.849842
3.375798 3.350133 -1.635320
0.477745 4.839459 0.427279
3.448594 3.924661 -0.165688
4.297049 2.429006 0.553850
-0.153933 1.162432 3.202472
0.007033 4.608798 -0.877542
4.230742 1.235199 1.249472
1.444074 2.964228 -3.003562
2.758271 4.177397 -1.209878
0.794258 4.823470 0.768599
1.861291 3.460475 -2.622391
4.102211 3.035204 0.043760
0.180702 2.497868 3.178929
1.247073 4.862794 0.591732
0.162708 1.305507 -3.225411
0.399634 3.804021 2.468881
-0.308265 1.068233 3.126450
2.660437 3.778577 2.013739
4.445207 1.173123 -0.009845
0.731878 4.562347 -1.417698
2.130166 0.774958 -3.095980
-0.525201 3.864780 -1.824645
1.306566 1.277587 -3.336295
1.912585 4.582071 1.234715
0.361863 2.721876 -3.052307
2.032928 4.768425 -0.066891
2.055932 3.276414 2.778045
-0.409947 4.520114 -0.537763
2.182135 4.680908 0.560137
1.352921 3.722242 -2.520203
1.800558 4.786826 -0.491402
-0.377788 4.582113 0.288858
0.100461 3.666287 -2.401127
4.379151 1.105127 0.675373
2.318998 4.659756 0.315004
1.524073 4.191393 -1.994456
0.630773 4.790226 -0.744075
0.864908 1.601207 -3.346229
-0.005385 0.979018 -3.136796
-0.442821 2.829690 -2.702145
1.075112 2.786688 -3.105069
2.934504 0.687354 2.762761
1.714842 3.617923 2.635061
2.211762 1.049310 3.213149
4.342083 1.115452 0.851728
3.415082 1.881827 2.473545
1.731467 2.213254 -3.212083
3.288730 2.927693 2.191510
4.108920 2.567467 1.126422
4.380889 2.088930 -0.417751
-0.175256 4.251196 -1.541716
0.223337 4.374081 -1.585052
3.169117 4.177849 0.168567
3.197031 3.747491 1.463149
2.483005 2.986231 -2.667661
2.755137 2.453350 -2.747582
-0.966078 3.964773 1.241618
4.403489 2.141977 0.083039
2.128973 4.331218 1.619674
4.007890 2.925041 0.989189
4.164564 2.870602 -0.255604
2.368327 0.754600 -2.999744
1.490755 4.656784 -1.172111
1.839992 4.155838 -1.944336
3.599768 3.476958 1.169765
0.036452 1.030471 3.252360
1.440973 2.701823 -3.115548
3.932617 3.267236 0.538226
0.546233 3.028522 -2.951986
0.883713 4.335787 1.931830
3.993098 2.471896 1.478758
4.307483 2.147266 0.838606
3.812595 2.366050 1.854540
1.485842 1.077451 -3.298631
0.602547 3.804591 2.514946
-0.187564 3.529245 2.481401
2.950475 4.336612 -0.081302
3.170511 3.519841 -1.709436
0.649650 1.261399 3.412369
3.749913 3.283491 -1.048364
0.084173 4.069905 -1.967820
1.694181 1.277722 -3.285769
0.043944 1.943878 -3.168072
0.101039 3.841620 2.328819
4.448676 1.363417 0.315956
1.394452 4.160139 2.153082
-0.308484 4.287663 1.452122
4.146005 2.689165 0.863187
2.987210 3.854613 -1.491711
3.525038 3.777642 -0.555146
2.465452 3.786536 2.148658
3.519674 3.861624 0.012936
0.989610 0.689793 -3.251484
0.907965 4.588647 -1.391626
0.507208 3.509574 2.741375
-0.116721 3.399051 2.617359
1.010267 4.380710 -1.777082
4.337132 1.913326 -0.775465
0.151381 3.429749 -2.608571
3.254650 4.106378 -0.105230
2.313741 2.002777 -3.076231
0.826474 3.091958 3.048074
1.583956 4.266386 1.970515
0.343929 1.369290 -3.273280
4.036739 3.120767 0.401419
0.090425 4.448784 1.457197
3.119118 4.124161 0.758428
2.643302 1.622606 -2.961328
3.519711 3.152205 1.729604
3.936179 3.047133 -0.925424
2.621740 4.388511 0.970790
4.105767 1.961169 1.495005
0.833177 4.748981 1.060804
1.249078 2.171730 -3.283283
2.511409 2.085531 -2.975042
4.393065 1.347253 0.710829
3.689338 0.925816 2.124537
0.942484 2.138221 -3.292797
0.092637 4.543305 -1.148670
3.105584 2.045102 2.711761
4.416824 1.187292 -0.404625
1.307440 0.743663 3.349870
3.380424 3.799524 1.023594
-0.940656 4.100846 0.965486
2.195014 4.548049 -0.982187
2.007229 3.687976 2.482409
0.423030 4.455005 1.624369
1.133222 4.084265 -2.175209
1.020859 3.590049 -2.643734
-0.364996 4.136847 1.668938
1.451027 4.811703 -0.674167
3.614924 3.742352 -0.218320
1.311878 2.457609 -3.209433
2.763446 4.097494 1.454450
-0.245808 2.829988 -2.801053
1.263076 4.788712 0.931009
2.334902 4.413827 -1.185859
3.732641 3.466478 0.827955
4.372879 1.971915 -0.577911
0.276075 4.620868 -1.082396
2.763912 1.430103 -2.895748
3.675118 2.142832 2.129277
2.316157 3.156177 -2.652167
3.440752 3.499693 -1.350547
-0.119870 4.684425 0.357199
3.112500 4.042504 -0.929628
1.161407 3.966754 2.397057
1.281153 4.060407 2.286687
2.722522 3.063668 2.575950
4.320286 -0.667330 -2.209629
4.404672 -0.422436 -2.087846
3.848660 0.059579 -2.530358
4.020499 0.165521 -2.341219
4.272164 -0.948161 -2.231963
3.838334 0.818478 -2.037002
4.481682 -0.282420 -1.945027
3.673016 0.443959 -2.472223
4.445146 0.135237 -1.816334
4.406826 -1.117016 -2.005616
4.454798 -0.090896 -1.922365
1.011699 -3.884485 -1.442041
0.522491 -4.070607 0.155499
0.830430 -4.182783 -0.258849
1.212125 -4.214645 -0.420807
0.983184 -4.065463 -1.046231
0.475688 -3.616961 -1.626274
0.509837 -3.867771 -1.245212
0.796732 -4.168888 -0.052127
2.902359 -0.196106 3.149219
3.053727 -1.794002 3.004068
2.540475 0.047205 3.164409
3.445314 -1.776144 2.769656
2.938251 0.125810 3.001580
2.916420 -0.374573 3.193772
2.265231 -1.675225 3.264927
2.446375 -0.677406 3.366294
3.470006 -1.489032 2.868136
3.052804 -0.539979 3.170218
2.936613 -1.971415 2.969357
3.427610 -0.880623 2.990857
3.188632 -1.315078 3.090784
3.534746 2.056145 -2.321587
3.821950 2.926068 -1.365681
3.827105 2.648986 -1.680999
4.199986 2.140056 -1.211881
4.100379 2.111591 -1.509425
4.042981 1.454752 -1.698749
3.379378 2.947201 -2.006044
3.632540 2.739643 -1.893061
3.265983 2.033453 -2.538681
3.536982 2.328399 -2.236585
-1.065518 4.132586 -0.695776
-0.732330 4.123695 -1.276541
-0.552944 4.359763 -0.900095
2.533353 2.395164 3.050050
1.541397 1.616259 3.461471
2.354233 3.075535 2.791123
2.840046 2.408925 2.823458
2.087650 1.483273 3.339008
2.297544 1.367268 3.241698
2.314574 2.226372 3.212029
2.803581 1.866015 2.970926
2.146240 2.976244 2.966649
2.735588 2.802498 2.712035
-3.758236 -3.047697 0.946844
-3.353854 -3.426087 -1.171826
-4.104363 -2.445297 -0.570787
0.163303 -3.464460 -2.317746
-2.000682 -3.740188 2.216804
-2.934007 -3.627177 -1.514881
-0.915514 -3.058457 2.954639
-1.749554 -2.479149 3.123283
-1.004352 -3.992506 -2.065663
-3.960894 -2.742053 -0.693113
-3.579248 -3.513124 0.177049
-1.178436 -2.709801 -3.022103
-2.463284 -4.311594 0.789287
-1.168279 -2.799756 3.083057
-1.199297 -2.901850 -2.931716
-0.999701 -4.663444 -0.692568
-4.081204 -1.918181 1.212102
0.353377 -4.313661 1.004224
-1.306930 -4.395873 -1.407070
-1.610540 -2.993040 2.925278
-0.595719 -4.604427 0.932686
-0.350991 -4.677751 0.278394
-3.356911 -3.386465 1.329676
-2.741453 -2.940954 2.446560
-0.509438 -3.906616 2.214547
-1.807447 -4.637998 -0.163931
0.305381 -4.486497 0.021088
-4.071740 -2.136971 1.115649
-1.878132 -3.155854 -2.655054
-2.455637 -4.400231 0.263243
-4.082951 -2.256965 -0.885652
-2.838896 -3.253673 2.131482
-3.883981 -3.070477 0.177660
-0.317270 -2.388705 3.174268
-1.279827 -2.337869 3.247471
-2.206427 -3.238423 2.565918
-2.865876 -2.316648 -2.561791
-1.237924 -4.584708 1.048358
-3.023417 -1.967632 2.642658
-3.183012 -3.878857 -0.434860
-2.174315 -2.428471 -2.903528
-3.000576 -4.048809 -0.313606
-3.789214 -2.094760 1.740689
-0.629398 -4.062723 2.044911
-0.288322 -4.620315 -0.534046
-1.138771 -3.099398 2.927900
-0.318731 -3.625420 -2.357166
-1.062746 -4.730239 0.375790
0.251652 -4.018406 1.724779
-1.284526 -4.198444 1.861130
-1.616500 -4.030716 -1.920333
-2.871222 -4.142286 0.414452
-4.249645 -1.959725 -0.435097
-3.420116 -3.690812 -0.134194
-2.901559 -3.896275 1.192398
-0.013593 -4.535499 -0.597790
-2.770981 -1.461604 2.878624
-3.080500 -3.338050 -1.699237
-2.090321 -1.939180 3.161383
-0.612847 -3.894573 -2.148406
-2.299249 -3.460869 2.336694
-2.463079 -2.504432 -2.741666
-0.326070 -2.632482 -2.988370
-1.667111 -2.196454 3.226849
0.113593 -3.990595 -1.758942
-3.641920 -3.418910 -0.225871
0.373523 -3.888283 1.825264
-3.927021 -1.844576 1.583288
-3.749717 -2.958554 1.116193
0.471454 -4.321094 0.782407
-3.680974 -2.625382 1.611199
0.278211 -4.332847 -0.947088
-1.351891 -2.729512 3.098097
-3.866132 -2.972928 0.709736
-3.833017 -3.158843 -0.029450
-2.330947 -2.866253 -2.640304
-0.889769 -2.497198 -3.108286
-1.801693 -4.335494 -1.335881
-0.728826 -3.196504 2.860479
-1.666796 -2.971591 -2.824161
-2.056434 -3.722627 -2.108719
-4.029627 -2.202446 -1.086996
-2.684560 -4.183503 0.807308
-0.019407 -2.804961 -2.827098
-0.337830 -4.513362 -0.991462
-2.192374 -4.492335 -0.383697
-2.415400 -3.616336 -2.010614
-3.743502 -2.305809 -1.615922
-1.717958 -4.421620 1.290076
-1.345301 -4.645139 0.787098
-0.768748 -2.775133 3.091690
-3.598201 -3.441500 0.513432
-0.970097 -4.739049 -0.179269
-1.234416 -3.381895 -2.634236
-1.517781 -1.880606 3.317158
-3.416408 -3.632622 -0.511035
-2.000225 -2.379296 3.084053
-0.812557 -4.741649 -0.018686
-2.489773 -2.598054 2.788594
-0.759281 -4.282715 1.734431
-1.007309 -3.470000 -2.578482
-2.517729 -2.300365 2.885152
-1.679256 -2.647515 3.075959
-0.369184 -2.001455 3.281335
-1.264342 -2.338173 -3.148583
-2.412956 -1.683985 3.062305
-3.576344 -2.939288 1.507356
-3.567855 -2.172307 -1.933821
-3.340879 -2.999527 -1.710111
-2.845197 -3.412409 1.972611
-1.801707 -4.545745 0.852296
-2.388797 -3.410081 -2.228556
0.298626 -4.479344 0.299761
-3.378428 -3.737972 0.180354
-2.460862 -3.952951 -1.534604
-3.761273 -3.169756 0.659130
-2.255732 -2.104642 3.063951
-2.918391 -3.827215 -1.206809
-0.182725 -4.629259 -0.302918
-1.979202 -2.893465 -2.774573
-0.057959 -2.516953 -2.962557
-4.001580 -2.387832 -1.013862
0.168494 -3.632007 -2.158031
-2.636832 -3.818077 -1.572151
-2.117100 -4.391670 -0.937655
-1.941751 -3.409287 -2.449473
-2.531445 -4.093549 1.299712
-2.367085 -3.780920 -1.854227
-3.567993 -3.111109 -1.218506
-0.489769 -4.232324 -1.661249
-2.500625 -2.726604 -2.622540
-0.342192 -3.021648 -2.803839
-0.326776 -3.936436 -2.029916
-4.220115 -2.239131 0.244927
-1.502711 -2.652724 -3.008630
-1.627210 -2.018431 -3.174076
-1.313586 -3.773650 -2.285799
-1.512104 -3.248402 -2.688940
-3.442292 -2.472873 -1.953691
-0.245032 -2.137744 3.226584
-3.758010 -2.098325 -1.689748
-2.822217 -3.776976 -1.427364
-0.511129 -2.588482 3.140281
-2.311793 -2.901431 2.730588
-4.237525 -2.192769 0.072468
-0.147228 0.676212 3.575578
-0.522292 0.148128 -3.725468
0.069425 -0.935221 -3.609900
-0.956390 -1.571749 -3.496395
-0.564547 -2.027027 -3.297812
-0.676344 -0.886604 3.675456
-0.055084 0.550959 -3.610278
-0.196533 0.196877 3.672752
-0.521357 -0.121291 3.724993
0.184804 0.522859 3.547476
-2.313016 -0.951799 -3.297537
-1.878817 -1.705998 -3.236751
-0.874193 0.551343 -3.657754
0.498144 -0.263934 -3.560868
0.296573 -0.137698 3.600196
-0.577575 -1.698648 3.436299
-0.318377 0.460621 -3.664502
-0.185380 0.999172 -3.501306
0.156929 0.582444 -3.560051
-1.837782 -1.550962 3.297731
-0.917246 -1.347119 3.557067
-0.275705 -1.444618 -3.530637
-0.251192 -1.776359 3.377524
-0.475537 -0.261527 -3.744335
-1.509692 -0.022988 -3.648397
-1.249611 -0.668890 -3.681290
-0.839576 -1.940555 -3.340911
-1.602388 -0.950416 3.544868
0.482177 -0.000562 3.538123
-0.911134 -1.155971 -3.630203
0.105122 -1.805342 3.300109
0.258360 -0.674929 3.586749
-0.988685 0.243236 -3.703947
-1.207626 0.015407 3.682796
-1.816529 -0.823998 3.505050
-1.524202 -1.449868 3.428776
0.255703 0.220114 3.582217
-0.231350 0.783680 -3.576976
-0.190445 -2.272895 -3.116781
-2.458330 -1.238166 -3.144639
-2.060796 -1.707583 -3.162162
-0.131416 -0.919740 -3.648544
-1.302238 -0.901031 3.619133
-0.668224 0.385055 -3.695647
-5.388344 0.730534 0.816951
-4.692451 -0.826366 1.586436
-4.486482 2.728382 -1.697127
-4.766405 2.052922 -1.839018
-5.289342 -0.351029 -0.156713
-3.791163 0.188891 3.051814
-1.828730 0.288734 3.688593
-4.499729 -1.700018 0.033731
-1.368415 1.339976 -3.697185
-3.315499 3.477893 2.105905
-1.780998 3.884976 2.140659
-3.474539 1.080376 -3.316576
-2.745377 4.423296 0.200747
-1.600650 3.603016 2.490167
-3.162180 3.992454 1.384536
-4.335394 2.541788 2.067519
-4.891780 2.828568 0.236637
-2.161487 2.789605 3.144149
-1.482305 0.415885 -3.719807
-3.126010 1.825873 -3.339428
-4.780210 0.491669 -2.167449
-4.786488 2.993729 -0.169921
-4.562870 0.968807 2.440608
-2.066089 3.209198 -2.876103
-3.545770 0.774769 -3.287699
-2.727744 3.449667 -2.488637
-3.706943 -0.682911 -2.813374
-3.948766 3.323275 -1.710449
-5.013576 2.617946 -0.291913
-1.270980 3.315729 2.739657
-3.965030 -0.476418 2.699632
-4.509711 1.777511 -2.340892
-5.427062 1.432937 -0.221413
-4.034341 2.394177 -2.517055
-5.186501 0.369167 -1.396262
-3.251809 -1.211268 2.737481
-2.488918 -0.218962 -3.524011
-3.023126 1.074211 -3.516720
-2.019264 -0.068254 -3.632366
-2.102157 4.548543 -0.080706
-3.053692 -0.212835 -3.356412
-5.005151 -0.670758 1.037769
-4.491781 2.595351 1.805169
-2.638638 3.669884 -2.269821
-2.305837 0.518012 3.672904
-1.026317 3.151358 2.829195
-1.479432 3.947934 -2.054852
-2.994438 -1.093903 2.943510
-4.481257 -1.697546 0.329134
-1.918136 1.940671 -3.577406
-3.375932 0.685821 -3.373053
-1.970982 3.529639 2.563057
-3.487595 3.410952 -2.076247
-1.581912 3.857065 -2.197304
-4.857453 -0.031465 1.872261
-2.138849 4.533474 0.286782
-3.389672 -0.047250 -3.253611
-1.172918 0.400539 3.660205
-2.604276 3.991598 -1.807991
-2.165301 -0.266403 3.540137
-3.621151 0.219773 -3.188049
-4.236807 1.116331 2.760135
-5.401674 0.360342 0.605647
-3.257039 0.509894 -3.416475
-4.967505 1.730232 -1.675992
-1.674196 0.155416 3.667125
-1.862654 3.751667 2.315836
-2.131546 2.943130 -3.070329
-5.265129 2.076247 0.118999
-0.829324 1.588035 3.534412
-2.977082 3.422376 2.381157
-2.961127 -0.269467 3.350223
-2.366069 3.984412 -1.915871
-4.220149 1.198999 -2.788269
-4.015337 3.487639 1.307690
-3.462851 0.145202 -3.261751
-1.314085 0.322059 -3.692510
-4.362565 -1.103467 -1.854947
-3.842994 3.909862 0.250404
-0.592725 1.668143 -3.469459
-2.863502 -0.597343 -3.283178
-4.863906 2.641721 0.962946
-0.973993 0.803242 3.648574
-5.302695 1.089995 1.103528
-5.378109 1.324658 -0.734026
-1.516699 2.809776 -3.174334
-3.584997 0.512509 -3.251028
-4.295873 2.797274 1.881644
-3.725096 -1.458339 2.187655
-1.606984 4.250496 1.486995
-1.748785 -0.122121 -3.629223
-4.705195 -0.451991 -1.902465
-3.171640 2.483971 -3.044371
-3.038994 -0.860353 3.064376
-1.159906 2.528841 -3.290294
-4.696733 0.386810 2.239444
-3.136826 3.030315 -2.692358
-5.215971 -0.497617 -0.423176
-1.632517 2.475680 3.343424
-3.590270 -1.383712 2.373485
-2.639279 0.411419 -3.618631
-2.875470 2.280207 -3.265892
-4.748181 -0.116351 2.004556
-2.695570 -0.949465 3.138891
-5.349901 -0.142259 0.177981
-3.216720 3.168226 2.504561
-5.453782 0.453999 -0.286136
-4.328386 -0.844638 -2.134782
-3.541425 -0.872748 2.792756
-3.554442 3.153227 -2.311750
-1.886039 2.374897 3.389863
-2.332551 1.104828 3.671127
-3.960611 -1.597895 1.774499
-2.777098 2.533379 -3.174429
-4.948823 0.572909 1.897111
-3.851672 3.569429 1.408159
-4.062614 -1.218365 -2.114689
-1.626992 1.810387 -3.617955
-1.721383 0.149715 -3.689729
-3.894217 1.264917 3.015942
-5.390462 0.535226 0.760024
-2.171845 1.327321 3.669832
-0.640544 1.792554 3.429394
-4.476294 3.273867 0.712748
-4.393600 -1.627195 -0.980404
-1.698618 4.538527 0.443059
-4.865463 -0.216699 1.762318
-1.129060 2.837357 3.081646
-3.237080 0.052899 -3.351511
-1.399061 2.921772 3.067349
-4.280586 1.902206 -2.539133
-5.084642 -0.774088 -0.517425
-2.804535 1.261161 -3.571147
-4.861605 2.745635 -0.770439
-4.258541 -1.343930 -1.728054
-1.403275 4.412338 0.995635
-2.710095 4.392721 -0.589119
-5.292202 0.274427 -1.052016
-1.125352 2.684873 3.174873
-2.722183 -0.352481 -3.422964
-4.555732 -1.338413 1.165981
-1.424835 4.548766 0.166044
-3.619559 1.591255 -3.154707
-4.382566 2.972041 1.542333
-3.148794 3.447964 2.255184
-1.829867 0.942075 -3.748731
-3.759456 3.914848 -0.629437
-5.198683 2.083655 0.668302
-2.592349 0.388245 3.604167
-2.260584 3.131835 -2.910628
-1.196574 4.521008 -0.212219
-3.781953 3.234114 1.996401
-2.830956 3.325284 -2.572608
-3.659558 3.334923 -2.016653
-1.602410 1.505745 3.663598
-2.210706 4.505768 -0.492702
-1.925488 3.838871 -2.220575
-3.984065 1.282991 -2.970376
-4.828328 1.667809 -1.950004
-2.977408 -0.958860 -3.057041
-3.560710 1.454502 3.195867
-0.660654 1.958695 -3.407907
-1.611344 1.007058 3.721799
-3.228982 4.251527 0.206061
-4.422823 0.997157 2.591247
-1.110651 1.499505 3.612745
-5.014149 -0.493117 -1.253571
-4.051168 -1.310769 2.010783
-2.029916 3.337417 2.745343
-3.358052 3.249043 -2.358672
-3.782949 -0.378674 2.881867
-2.455264 1.639991 -3.591742
-4.482559 1.574420 -2.444736
-2.900046 4.285630 0.814467
-4.774087 2.590364 1.286954
-4.501606 2.981060 1.304906
-4.704610 3.088127 -0.325818
-4.765007 2.895920 0.743298
-3.302365 0.747280 3.386731
-4.139257 0.441619 2.833658
-1.411575 4.096941 -1.795466
-5.065983 2.420401 -0.645387
-1.855624 3.420121 -2.703753
-3.428119 1.203383 3.305743
-1.873755 4.406618 1.062359
-2.608662 -0.359241 3.428141
-0.944732 2.332378 -3.340727
-5.206132 -0.168511 -1.012011
-3.971840 -1.750784 1.529657
-5.285555 1.902141 -0.538392
-2.483405 3.020252 -2.948580
-5.365152 0.494350 -0.879779
-4.736214 -1.352226 0.516207
-1.303222 3.196376 -2.871324
-2.852025 0.598170 3.552796
-5.250787 1.348834 -1.197661
-1.468099 3.597494 -2.508330
-4.793592 1.445307 2.061068
-0.950048 2.613988 -3.199723
-3.774850 1.227743 -3.125422
-5.300662 0.716767 1.135293
-3.903375 -1.349341 -2.152558
-2.763618 2.990010 -2.886301
-3.144276 3.427490 -2.304490
-1.966051 1.131481 3.709301
-5.287494 1.569658 0.920419
-4.005014 2.084141 2.687931
-3.338232 2.523413 2.914529
-1.882665 0.493444 -3.734040
-2.613519 2.749181 3.075911
-4.384687 3.428255 0.475845
-3.624171 2.144684 2.939640
-3.524209 0.529446 3.263361
-4.434221 3.422745 -0.055950
-4.968065 1.520259 -1.772848
-3.827565 3.843493 0.721992
-2.920986 4.049129 -1.499356
-2.380847 0.155766 3.612031
-1.737182 2.645757 3.256174
-5.437950 1.122914 -0.505082
-1.170166 2.243505 3.401988
-1.555333 4.499310 -0.692088
-1.113108 0.552387 -3.687987
-3.327113 2.108118 3.124413
-4.971353 1.898385 1.541967
-3.812892 -1.143929 -2.423699
-4.661620 1.700970 2.156830
-0.832114 1.341089 -3.602354
-4.278238 1.656171 -2.632498
-3.110038 0.872022 3.469187
4.520445 -3.157891 -0.725471
3.442994 -1.789072 -3.153861
2.793512 -1.662466 3.473631
1.896673 -0.192270 3.674235
3.814199 -3.305527 1.834100
3.071939 -0.428217 -3.437849
1.800953 -4.234154 1.597885
2.273919 -3.397350 -2.673714
3.174161 -4.251454 -0.414821
5.303836 -1.014080 0.847266
2.735588 -3.495751 -2.421397
5.094514 -0.402264 -1.419305
1.202235 -1.721994 3.609442
3.326074 -1.571437 3.273867
0.654680 -1.856128 -3.458422
1.444484 -2.601669 3.300571
4.792022 -2.868003 0.392518
3.165804 -3.889079 -1.589225
4.929789 -1.898825 1.495822
2.611095 -3.692291 2.246102
2.246731 -2.886970 3.086199
2.704556 -4.109798 1.521423
5.329774 -0.164181 0.274669
4.161775 -1.137907 -2.768800
2.566894 -0.023981 -3.532259
0.607872 -1.127770 -3.576525
3.686913 -1.565349 -3.063929
0.713771 -0.005210 3.516695
3.074282 -0.785451 -3.462589
1.950739 -2.315724 -3.430275
3.789934 -0.057354 -2.971294
2.430180 -3.487178 2.545014
5.149695 0.335472 -0.649346
1.815292 -4.396307 -1.192750
1.830399 -1.178612 -3.721505
3.814604 -0.100730 2.966414
2.043151 -0.696390 -3.716610
2.312435 -0.476598 3.664700
1.221629 -1.951439 -3.547406
2.281730 -2.249096 3.415910
1.828954 -2.662387 3.270962
5.380043 -0.577795 -0.322390
3.044199 -1.614253 -3.391468
0.520605 -2.880997 2.929094
5.251962 -0.224902 -0.847524
1.247871 -1.292476 -3.690137
1.358480 -4.572072 -0.278455
4.263859 0.987377 1.959239
1.467296 -4.117924 1.818074
0.638974 -4.425392 0.435536
2.557792 -4.006947 1.804960
1.694773 -3.010293 3.057195
1.688844 -1.758073 -3.628496
1.673873 -0.749706 -3.737730
4.424046 -2.964413 -1.385747
1.645236 -3.677656 -2.452851
2.220992 -2.713863 3.198064
4.185358 -0.343627 -2.714113
4.106457 -0.615727 -2.821723
4.964300 -0.536696 -1.730310
4.073052 -0.213361 2.788966
0.302857 -2.624910 -2.999491
0.611209 -2.787004 -3.023482
2.758026 -3.250037 -2.655475
3.873389 0.500879 2.696917
4.164793 -3.592373 -0.491811
4.690416 -0.856015 2.198635
1.529636 -1.478569 -3.684428
1.670601 -1.357904 -3.705266
4.383897 -1.313811 2.526895
0.898431 -0.300786 3.619297
2.840400 -1.576638 -3.475415
2.835515 0.571728 -3.251954
2.252756 -0.796929 -3.692195
1.830155 -0.520490 -3.720539
5.189738 -1.915242 0.660601
1.998905 -2.340298 3.416881
2.778351 -2.833209 -2.971367
3.526032 -1.588740 -3.158898
4.659508 -3.076217 0.289275
5.362584 -0.301267 0.064441
5.126723 -0.801346 -1.412299
3.684505 -3.305105 1.976622
3.087846 -1.090503 -3.449715
4.264786 -3.542540 0.054903
4.176036 -3.623358 -0.124529
4.963350 0.771482 0.677970
5.239796 0.063232 0.601260
3.640087 -3.111631 -2.233521
2.902161 -4.132555 -1.308263
5.012999 0.806509 0.116402
0.834150 -4.449155 -0.616429
4.211900 -2.701686 2.022573
5.065871 -0.088951 1.353693
5.077167 -1.601768 -1.334448
0.493274 -4.277373 -0.950030
2.434047 -0.331680 -3.621552
4.620537 -3.130405 -0.266633
3.891397 -1.928974 -2.805409
1.613736 -2.946396 -3.099455
4.438278 0.607675 -2.037205
3.910171 -2.513824 -2.487699
3.285967 -0.399994 3.340069
2.624690 -3.851113 2.022932
4.714703 -1.092421 -2.150200
0.547905 -0.926016 3.569539
4.456983 -1.749766 2.322065
4.984208 -1.720070 1.490071
1.375192 -3.037747 3.024004
3.407760 -4.143908 -0.362190
2.448297 -0.004859 3.557482
4.280183 -2.974396 1.629748
1.832147 -3.649374 2.480963
0.958243 -1.465461 -3.620888
1.356445 -4.582258 0.030662
4.558830 -1.607347 2.246601
1.697766 -3.952056 -2.095699
1.173127 0.060172 -3.592083
4.592578 -2.580655 1.561390
4.656067 -2.803082 1.115480
1.908409 -2.042258 3.538942
3.487789 0.081677 -3.127359
2.230239 -3.078194 2.954606
2.148354 -0.159110 -3.641889
5.350919 -0.575119 -0.563604
1.013236 -3.055787 -2.952276
1.011754 -4.146219 1.653066
4.872362 1.066020 0.076500
4.626934 1.076494 -1.215702
4.773087 1.089981 -0.734200
4.180352 0.866356 -2.165807
4.367144 0.897875 -1.899158
5.101236 -1.384395 1.377478
4.012247 -0.979523 2.909304
2.103407 -2.095064 -3.500265
4.629377 -0.353823 2.224515
1.839553 -3.140352 -2.954632
3.133611 -0.574556 3.428632
4.215240 -1.855469 -2.544778
3.628027 -0.726191 3.181184
1.042588 0.155880 3.547457
2.547700 0.412510 -3.405184
0.881402 -1.262470 -3.633591
4.322958 -3.439193 0.492509
0.964754 -1.777871 3.556978
3.470475 0.402986 -3.022939
1.681516 -2.502035 -3.357028
4.171256 -3.303241 -1.306730
5.170668 -0.752207 1.298015
0.252643 -2.998129 2.721429
4.793206 -0.483255 2.015639
5.200830 -1.234569 1.157051
2.374721 -2.560615 3.252561
5.216472 0.236398 0.423626
2.016165 -3.283455 -2.821780
4.669899 -0.087418 2.090044
1.577220 0.038337 3.631451
4.023792 -3.703652 -0.552672
1.188368 -0.602575 3.701756
2.088280 -0.809377 3.716390
5.081650 -0.410512 1.454083
3.530951 -2.687906 2.673632
2.903243 -3.904275 -1.775503
1.071008 -2.103500 -3.474420
4.293995 -2.825599 -1.785191
1.098246 -4.207077 -1.558456
2.148102 0.346994 3.509139
4.575314 -1.918753 2.094227
5.072215 0.274642 -1.047024
1.418451 -3.745910 2.360901
3.543812 -4.023139 -0.646247
4.928210 -0.321692 1.747313
3.345735 -4.046237 -0.987697
0.621989 -3.341836 -2.590960
4.987376 -0.149517 1.565181
3.023252 0.237305 -3.307961
3.463368 -3.657244 -1.701879
3.601659 0.548032 -2.874253
0.458981 -1.811692 3.409518
5.060456 0.709242 -0.083245
0.681551 -3.781790 -2.110155
4.082294 -1.442432 -2.791397
5.215475 -0.473870 1.110676
2.264180 -1.332639 -3.659794
4.211036 0.345074 2.462824
1.555336 -3.186440 -2.921632
2.694479 -4.286011 1.075546
1.082371 -3.565918 2.510797
3.231413 0.150840 3.244242
2.058756 -3.932621 2.089018
0.299930 -2.751990 2.920985
2.285941 -1.681960 3.594866
4.499672 -0.231627 2.358724
0.915202 -1.997593 3.482298
5.314606 -0.323037 -0.615878
4.103489 -1.744183 -2.691391
1.529192 -4.574700 -0.364904
5.146448 0.500118 -0.160868
4.251489 -2.417506 2.203767
4.925187 -2.662392 -0.296256
3.288407 -1.899022 3.203936
5.035200 -1.321435 1.552404
3.017357 -0.196454 -3.423146
0.549872 -2.529513 3.153830
2.597122 -0.428778 -3.595868
4.891706 -1.731854 1.675021
2.723063 -1.208213 3.570374
3.327192 -1.232041 3.329511
3.706883 0.951571 -2.558863
1.312782 -3.979280 2.026442
2.926253 0.258257 3.340792
1.404395 -0.446455 3.709283
3.529253 -2.488338 2.801172
3.625122 -2.870258 2.466956
1.648339 -2.255072 -3.467274
3.625674 0.022469 3.061945
3.872328 -1.077639 -3.009700
0.209202 -2.568806 2.989625
0.696833 -2.054536 3.408526
2.433699 -3.951723 -1.950251
3.228534 -2.361907 3.045510
1.099982 -2.627956 -3.243602
2.971912 -3.408670 -2.398615
5.140135 0.211437 -0.876243
0.787697 -4.019475 -1.789654
3.990478 -0.527201 2.910977
1.802857 -0.765476 3.737134
3.449023 -2.154467 -3.018195
4.264726 -0.876212 2.688758
3.188980 -2.636588 2.914423
1.766402 -2.395806 3.407140
2.535327 -0.744963 3.636278
4.838592 -2.115939 1.524613
1.903180 3.262356 -3.149503
4.580553 1.171190 1.269762
4.548874 1.865292 -1.260254
-0.304740 4.825052 1.114764
1.942596 1.007225 3.646646
3.904464 2.451489 2.289248
2.744429 3.570062 -2.584250
-0.777992 4.465994 1.415297
-0.034074 1.799734 -3.517148
2.860936 4.605770 1.133581
4.275428 3.308558 -0.614225
3.918127 3.648127 -1.079966
0.058710 2.469182 3.520063
-0.515010 4.531273 -1.496413
0.366862 2.007731 3.687944
-1.022850 4.584178 -0.399374
2.217797 5.049494 0.418232
-0.200843 1.990292 -3.440619
1.522320 3.557740 -3.050002
-0.864721 3.754557 -2.242955
1.544249 3.998289 2.798760
4.753678 1.297785 -0.516793
1.611843 3.864971 2.901414
-0.328515 4.686344 1.452111
3.314686 3.012983 -2.534276
0.463796 5.203080 -0.013201
0.149732 0.730936 3.588665
1.521158 2.283147 -3.583911
2.244716 2.162107 3.535009
3.118592 4.260895 1.531101
1.126992 3.671730 -3.005734
-0.187168 4.447110 1.998698
2.476831 2.899004 3.219103
0.197796 4.465108 -2.078665
2.196745 4.858914 -1.177178
1.119176 0.924792 -3.646369
2.581413 4.481761 -1.644372
3.586260 4.012578 1.215128
1.453639 1.930159 -3.649057
0.149278 4.901259 1.337237
2.280804 2.377545 -3.381579
-0.216683 4.750777 -1.317040
2.339785 5.025676 -0.048875
0.041135 4.168012 -2.379852
2.265235 1.029187 3.555164
0.840014 3.243218 -3.260770
2.922668 2.752408 -2.951266
-0.774612 4.657946 -0.798224
3.255574 4.362201 -0.979670
2.823190 3.646518 2.562978
1.800879 4.800434 -1.574119
1.242046 4.697045 -1.905004
0.135837 1.235683 -3.565979
3.649892 4.208432 0.194273
3.003540 4.177958 1.810929
2.005247 3.323105 3.180248
1.172442 2.049741 -3.652640
3.604000 1.042800 -2.656651
-0.222534 2.916465 3.266005
0.581987 2.090044 3.710484
2.645515 3.818472 2.529037
-0.407322 4.165273 -2.140876
3.153180 2.726372 2.900243
1.503787 2.912874 -3.392632
4.515237 1.483461 -1.390532
3.041853 4.601230 0.771855
1.597257 0.869268 -3.598548
-0.255689 2.595795 -3.281028
0.143374 5.135207 0.163741
4.583516 2.385351 -0.862904
3.832707 3.937266 0.703541
4.611670 2.067834 -0.993591
1.547751 4.767998 1.821522
1.645546 3.986058 -2.696493
1.710504 1.313575 3.724955
3.868203 3.529082 1.477501
4.268338 3.070376 1.178959
2.054315 1.268198 3.644722
-0.367982 2.169797 3.439203
3.296238 3.282497 2.468229
-0.879887 4.688815 -0.301063
3.568119 4.259459 -0.353646
2.461161 3.639472 2.786310
-0.940952 3.487246 2.510798
1.682213 4.153320 2.620967
1.754522 2.449632 3.600620
2.648192 1.461795 -3.340040
0.409567 0.709869 -3.547326
0.929074 5.238864 -0.234005
2.188488 4.667223 -1.615494
1.258807 3.178033 -3.295734
-0.237348 3.741896 2.753222
2.576650 4.616139 -1.387871
2.681400 1.334115 3.413664
0.558996 4.131406 2.668241
-0.089328 3.455017 -2.933870
-1.052557 4.488322 -0.761951
0.083304 4.145233 2.515384
0.335879 0.381895 3.537225
-0.097104 2.109134 3.551969
4.712687 2.313959 0.191671
3.329840 1.332839 -2.922191
4.168950 3.587800 0.215461
2.609567 1.645291 -3.355607
0.491535 4.326253 2.442761
-0.217776 1.161677 -3.449679
-0.484814 1.671180 3.447979
0.138822 5.034540 -0.804424
2.664726 3.504975 2.775960
2.854405 4.791439 0.192030
-0.683271 3.517664 2.676695
3.683249 1.033899 2.671982
1.062954 4.776124 1.872187
1.517671 5.166675 0.696845
4.304858 1.739221 1.897141
2.328690 4.983708 0.621783
0.110311 5.035586 0.861576
2.934325 4.094029 2.000400
3.315915 2.726921 -2.679631
4.352929 3.286088 0.161924
-0.380148 4.916539 -0.513469
2.382595 4.989294 -0.343460
3.226671 1.287496 3.088889
-0.453458 3.254200 -2.894804
3.572107 4.266009 0.369881
3.310646 4.495147 0.230098
3.945313 2.620050 -2.062504
4.172095 3.139436 1.338914
2.426147 4.021076 2.461781
3.002093 2.085832 3.192704
2.398638 4.364251 2.063323
-0.779906 4.592481 1.096743
2.852259 3.307275 2.796573
0.209552 3.872818 2.819131
4.737512 1.346940 0.721666
3.436342 4.177747 1.162960
3.975534 3.603969 1.107627
2.499465 4.916461 -0.528815
3.651757 2.839361 2.396619
2.845251 4.795609 -0.115723
2.340708 4.887710 1.025287
2.981699 4.170262 -1.752405
-0.624545 4.602246 1.307951
1.798850 4.334816 -2.293283
2.162469 1.819231 -3.514529
0.350291 1.510053 -3.624700
1.825855 4.441372 2.242912
4.063048 3.585268 -0.781206
0.491479 1.276524 3.735482
-0.336027 4.055289 -2.311590
-0.886099 4.364085 -1.386598
4.772290 1.389941 0.506078
0.937124 4.936452 1.544746
-0.926837 4.444698 1.241815
3.815607 2.974643 2.112913
1.707263 5.090561 -0.827557
2.076625 4.888169 1.295670
4.527589 2.762256 -0.599530
1.335363 5.200711 -0.505643
3.156269 4.351257 -1.194806
-0.513632 4.776264 0.966888
1.034546 3.447211 -3.153323
2.943193 3.851443 -2.184095
4.255126 3.458402 0.125160
0.919979 0.663376 3.686542
0.557913 5.108578 -0.845453
4.463610 1.689457 1.592523
-0.873371 4.308146 1.602532
4.144533 3.309056 1.168969
0.327796 1.996731 -3.588062
0.311182 2.568887 3.554773
3.401850 3.671219 -1.915924
2.846612 2.630581 3.137673
3.444539 3.814752 1.781897
-0.308904 4.937924 0.653777
0.223702 2.838937 3.441339
4.754835 2.038677 0.324998
0.451533 4.578682 2.098312
2.194901 5.073759 0.181127
2.731075 3.968733 -2.226332
3.759735 1.438360 -2.543068
4.733567 1.605832 0.755865
-0.209044 3.368566 3.033984
0.644766 4.182232 -2.538093
3.779075 2.095540 2.550358
4.507474 2.953532 -0.157725
3.483794 2.092937 2.837485
2.037711 5.122458 0.047673
3.938901 2.768242 2.080519
0.083572 4.428904 2.172803
1.211096 3.922127 2.902703
0.070998 4.912247 -1.153740
2.964526 4.435946 -1.302122
0.956050 1.008585 -3.657616
2.545426 0.645078 3.369127
0.601099 2.848679 3.509127
0.024367 4.779140 -1.447904
2.295161 4.713740 1.535482
0.582987 5.172329 0.645351
-0.699378 3.947467 2.271849
1.738100 3.771513 -2.855752
3.119212 2.733349 -2.828183
4.503430 1.827427 1.478145
2.810390 1.070080 -3.229997
-0.344498 4.973643 -0.106249
3.018825 3.382209 2.628001
1.830313 2.382937 -3.508344
2.228360 3.234577 3.155005
0.349019 1.695348 -3.619863
4.311949 3.362047 -0.030145
0.016183 1.708844 3.632063
1.587011 2.525793 3.608364
3.270263 2.890326 2.732638
1.924394 4.454979 -2.093878
0.485037 4.247527 -2.437088
4.477667 1.470107 1.571024
2.177531 5.053902 -0.398278
1.076557 4.279321 2.562456
0.702724 0.486351 -3.531778
4.105597 2.983737 1.647208
3.125003 4.041295 1.873259
1.315830 4.070997 2.762364
1.330616 2.313945 3.689966
4.590035 2.685737 -0.361395
0.506625 2.492589 3.612874
-0.642565 3.089850 2.977685
1.591730 3.395035 -3.140805
0.431033 4.030510 -2.644794
-0.079124 3.615608 -2.826855
4.557919 1.559302 1.376519
3.144516 1.068573 -3.028338
4.307002 3.343529 -0.279100
-0.056334 5.043120 0.562095
4.659960 2.444192 0.467819
1.612555 1.468302 3.745930
4.277519 1.989202 1.897235
0.075126 4.278977 2.360999
1.778316 4.912579 1.428921
2.585222 0.768915 -3.287420
3.235779 4.449119 0.845032
4.323015 2.829316 1.320199
2.357748 2.492477 3.415592
2.094095 5.056452 0.646134
4.486089 1.307471 -1.444975
2.816056 1.719895 -3.250076
3.071739 2.318058 3.096581
1.099403 4.239209 -2.511979
1.333177 5.044964 1.243187
3.031484 4.611648 -0.661749
4.600411 2.432809 0.836280
2.639648 3.762154 -2.490178
3.532363 3.937690 1.462104
2.344572 0.774193 3.481961
-0.855384 4.105586 -1.845594
3.114058 1.667146 3.170136
2.667545 2.132636 -3.273747
4.165570 3.532531 0.572048
