   -0.0279191727
   -0.0264679480
   -0.0363848888
   -0.0306138450
   -0.0252158953
   -0.0362392021
   -0.0421616712
   -0.0301432787
   -0.0229019477
   -0.0389749634
   -0.0450757225
   -0.0457718350
   -0.0324857187
   -0.0399093963
   -0.0387440872
   -0.0311513431
   -0.0202597082
   -0.0369676799
   -0.0355608759
   -0.0459856343
   -0.0353681047
   -0.0421140429
   -0.0449374122
   -0.0445715630
   -0.0355389006
   -0.0281437950
   -0.0452463608
   -0.0328284266
   -0.0393995083
   -0.0345658349
   -0.0296659002
   -0.0259409428
   -0.0248371948
   -0.0411131835
   -0.0416868762
   -0.0454546410
   -0.0437234564
   -0.0445370834
   -0.0428685273
   -0.0255461020
   -0.0431456620
   -0.0223961750
   -0.0255502916
   -0.0402684360
   -0.0437441605
   -0.0426066860
   -0.0319656393
   -0.0215611275
   -0.0325235656
   -0.0403974208
   -0.0379935139
   -0.0437310124
   -0.0180635150
   -0.0268088296
   -0.0315779841
   -0.0332295324
   -0.0190330420
   -0.0408174961
   -0.0395756011
   -0.0453368154
   -0.0130341411
   -0.0452306494
   -0.0384400527
   -0.0335667371
   -0.0254162006
   -0.0400962175
   -0.0438430194
   -0.0278806191
   -0.0462048254
   -0.0234670132
   -0.0241057424
   -0.0439241357
   -0.0380705416
   -0.0388624259
   -0.0121287362
   -0.0269041098
   -0.0444207103
   -0.0224974013
   -0.0351633384
   -0.0424884442
   -0.0426598871
   -0.0351363936
   -0.0210145004
   -0.0413271025
   -0.0330237571
   -0.0404139073
    0.0107710315
    0.0067605622
   -0.0042812100
   -0.0171595100
    0.0134040544
    0.0035653950
   -0.0035609341
   -0.0022428904
    0.0095938613
    0.0053634194
    0.0081632430
   -0.0136732538
   -0.0115262473
    0.0023540075
   -0.0030445438
    0.0031402989
   -0.0020222978
   -0.0016852390
    0.0069790387
    0.0032203592
    0.0037079851
    0.0092775409
    0.0071868315
   -0.0061236722
    0.0049694210
    0.0011947994
    0.0003907633
    0.0060177439
    0.0032768770
    0.0037605311
    0.0072787130
    0.0106278615
   -0.0006591638
    0.0117526674
    0.0095588444
    0.0104887286
    0.0097867028
    0.0073095144
    0.0115162990
    0.0099892938
    0.0082265732
    0.0124570533
    0.0054591690
    0.0052134783
    0.0094101461
    0.0016469103
    0.0103905149
    0.0101309298
   -0.0005880922
    0.0101870700
    0.0116185298
    0.0155705793
    0.0125086974
    0.0027313249
    0.0077060930
    0.0119154627
    0.0033406926
    0.0121573392
    0.0102043190
    0.0075514382
    0.0102029112
    0.0033090900
    0.0091080203
   -0.0058359564
    0.0109269456
    0.0109250007
    0.0124154314
    0.0048629846
    0.0050981090
   -0.0025583463
    0.0035344807
    0.0103506259
    0.0095431497
    0.0097100843
    0.0097656596
    0.0048263555
    0.0116044528
    0.0032962315
    0.0047830940
    0.0089950639
    0.0048968862
    0.0066391638
    0.0109726789
   -0.0135156703
    0.0071871331
    0.0099062570
    0.0012869221
    0.0118945974
    0.0087174453
    0.0109581071
    0.0117479358
    0.0084541064
    0.0033532327
    0.0107318752
    0.0026731895
    0.0034226897
    0.0019254145
    0.0123491433
    0.0145021364
    0.0054793525
   -0.0067807240
    0.0061646570
    0.0108889444
    0.0098492316
    0.0103587128
    0.0065367625
    0.0131216183
    0.0020063457
    0.0108107984
    0.0086881956
    0.0133044209
   -0.0062691932
   -0.0091485540
   -0.0149095938
    0.0061909141
   -0.0042756871
   -0.0001978578
   -0.0103467027
   -0.0094912045
   -0.0127901692
   -0.0054989775
   -0.0087813528
   -0.0090479553
   -0.0154743131
   -0.0088856432
    0.0004620396
   -0.0039497590
   -0.0129259058
   -0.0072859653
   -0.0105155305
   -0.0047001607
   -0.0035017306
   -0.0038491065
   -0.0053478496
   -0.0098973467
   -0.0124465659
   -0.0057442510
   -0.0047655935
   -0.0094035120
   -0.0035464215
   -0.0119115479
   -0.0141384965
    0.0030954356
   -0.0079692167
   -0.0112121940
   -0.0060292073
   -0.0112431827
   -0.0142840085
    0.0030862930
   -0.0092731069
   -0.0131284661
   -0.0013654074
   -0.0112909792
    0.0038477893
   -0.0087455635
    0.0140951863
    0.0068370586
    0.0153671628
    0.0135718419
    0.0065058792
    0.0141056857
    0.0143140009
    0.0143315262
    0.0150860273
    0.0161771397
    0.0148949828
    0.0137435331
    0.0154606051
    0.0040864010
    0.0130457033
    0.0147679928
    0.0149550720
    0.0144940672
    0.0150753463
    0.0151650945
    0.0159934516
   -0.0201376025
   -0.0032963445
   -0.0141472563
    0.0073647432
   -0.0094329844
    0.0088023027
    0.0053430008
    0.0106036514
   -0.0026717621
    0.0090713566
    0.0038110942
    0.0079902968
    0.0092739988
    0.0110818330
    0.0015942018
    0.0113758990
    0.0069456339
    0.0011425701
    0.0046059185
    0.0097594499
    0.0152725004
    0.0164585756
    0.0124382078
    0.0160380754
    0.0134321332
    0.0167825114
    0.0101117753
    0.0133369281
    0.0132636633
    0.0144983252
    0.0113928626
    0.0153485093
    0.0124874939
    0.0076234100
    0.0167905243
    0.0131440348
    0.0163359575
    0.0143301094
    0.0062305061
    0.0127029729
   -0.0250220880
    0.0053297111
    0.0066072964
    0.0104778476
    0.0058968227
    0.0133077245
    0.0130210548
    0.0058533055
    0.0157223519
    0.0109300017
    0.0077921832
    0.0126289668
   -0.0002112106
    0.0113478199
    0.0046875623
    0.0095466067
    0.0102454463
   -0.0255752243
    0.0166765501
    0.0144772561
    0.0156044045
    0.0131047547
    0.0174463272
    0.0097255213
    0.0131823515
    0.0138224664
    0.0152519045
    0.0027919737
    0.0025000648
    0.0030020887
    0.0080091044
    0.0149651195
    0.0126950044
    0.0132634458
    0.0034426934
    0.0038851936
    0.0163467577
    0.0120233509
    0.0033694772
    0.0024899766
    0.0001093210
    0.0070756775
    0.0028334499
    0.0137436212
    0.0135937582
    0.0122678501
    0.0041467015
    0.0080695732
    0.0132251328
    0.0124180293
    0.0109139707
    0.0006232175
    0.0132525957
    0.0129456891
   -0.0032932717
    0.0081985418
    0.0156061128
    0.0105448975
    0.0091153845
    0.0119739170
    0.0151369422
    0.0136696034
   -0.0285674976
    0.0064793519
    0.0082450552
    0.0165092928
    0.0018408081
    0.0097436993
    0.0026362807
    0.0107851028
    0.0119502603
    0.0080333839
    0.0105326260
   -0.0071278052
   -0.0015668289
    0.0093946847
    0.0095723644
    0.0111168454
    0.0122985579
   -0.0028955900
    0.0046064092
    0.0028482892
   -0.0110185905
    0.0097290503
    0.0106522841
    0.0110640242
    0.0178582298
    0.0154448812
    0.0152758983
    0.0132424431
    0.0161721265
    0.0100037971
    0.0122073082
    0.0177854670
    0.0148606587
    0.0113616163
    0.0130288294
    0.0092893654
    0.0141621156
    0.0168275441
    0.0048465585
   -0.0117423877
    0.0083399217
   -0.0059604872
    0.0010961699
   -0.0054872656
    0.0100745452
    0.0131560747
    0.0075529779
    0.0115692240
    0.0017552115
   -0.0103018570
   -0.0097032930
    0.0107617491
   -0.0166652605
    0.0055211629
   -0.0160683888
   -0.0310067111
   -0.0359083538
   -0.0361800916
   -0.0290872053
   -0.0277604274
   -0.0183562707
   -0.0276159740
   -0.0333813102
   -0.0296350946
   -0.0187797035
   -0.0271316693
   -0.0355665314
   -0.0191078710
   -0.0273585702
   -0.0195924840
   -0.0318940253
   -0.0213947682
   -0.0350859285
   -0.0307165412
   -0.0325743490
   -0.0360067301
   -0.0336359841
   -0.0256961058
   -0.0165623508
   -0.0267735514
   -0.0331041186
   -0.0180008951
   -0.0234622220
   -0.0347733190
   -0.0185491814
   -0.0348196612
   -0.0343575672
   -0.0330227127
   -0.0201253395
   -0.0164654728
   -0.0202021125
   -0.0197166254
   -0.0314006780
   -0.0356593885
   -0.0237004867
   -0.0366453556
   -0.0307280773
   -0.0332793065
   -0.0299053094
   -0.0362581311
   -0.0322674628
   -0.0309998998
   -0.0325350548
   -0.0223768897
   -0.0243229834
   -0.0192860207
   -0.0248708412
   -0.0361925861
   -0.0255260450
   -0.0302688041
   -0.0339504881
   -0.0310979436
   -0.0185603443
   -0.0315142611
   -0.0329328709
   -0.0247798474
   -0.0185684680
   -0.0352204527
   -0.0275005265
   -0.0145376622
   -0.0235352000
   -0.0109769344
   -0.0071655426
   -0.0354709681
   -0.0230552874
   -0.0186832039
   -0.0363871795
   -0.0356278953
   -0.0295484218
   -0.0224454808
   -0.0334157592
   -0.0256349468
   -0.0110855741
    0.0074638394
    0.0009605423
    0.0044229879
   -0.0097701915
    0.0005814906
   -0.0013180038
   -0.0020695833
    0.0038591856
   -0.0021704397
   -0.0036276590
    0.0041636794
   -0.0052281827
    0.0092186244
    0.0050405695
   -0.0066078232
   -0.0117577725
    0.0053805312
   -0.0065316032
   -0.0010846946
   -0.0134858857
   -0.0111489726
    0.0041812850
    0.0064929731
    0.0082087325
    0.0067388895
   -0.0002713755
   -0.0081743327
    0.0083739242
    0.0077691268
    0.0087171603
    0.0088830097
    0.0086285149
    0.0081811998
   -0.0006325628
    0.0086240660
    0.0073222238
    0.0096355462
    0.0084757264
    0.0044816498
   -0.0025172921
    0.0086765041
    0.0092037631
    0.0110510190
    0.0080306365
    0.0071036462
    0.0065056646
    0.0079401409
   -0.0016754442
    0.0090490791
    0.0091578937
    0.0058695854
    0.0032122872
    0.0058421004
    0.0083498908
    0.0105084824
    0.0089749743
    0.0078692708
   -0.0041705366
   -0.0014511181
    0.0095843454
    0.0113791278
    0.0063063502
    0.0087173320
    0.0084449983
    0.0018199503
    0.0053368291
    0.0084432595
    0.0070335705
    0.0022220287
    0.0002950858
    0.0080935282
   -0.0021246499
    0.0081656558
    0.0092660118
    0.0098035311
    0.0058394321
    0.0086812686
    0.0103626279
    0.0075510469
    0.0097261803
    0.0079387900
    0.0088962024
    0.0025074152
   -0.0021241880
    0.0019110563
    0.0069905269
   -0.0037658324
    0.0035826054
    0.0104254250
    0.0079301673
    0.0052131285
    0.0106804993
    0.0093551039
    0.0070482952
    0.0069964264
    0.0073410840
    0.0067230255
    0.0112719703
    0.0115526030
    0.0090458685
    0.0077980106
    0.0037924382
    0.0089368643
    0.0086949018
    0.0074697043
    0.0098868900
   -0.0055601783
    0.0082361489
    0.0072927086
    0.0092803880
    0.0085977821
    0.0089767061
    0.0005658413
   -0.0066905471
   -0.0035120154
    0.0004793591
   -0.0063174226
   -0.0069052813
   -0.0089123902
   -0.0011199466
   -0.0044782715
   -0.0051256696
    0.0013426790
   -0.0038761198
   -0.0040753778
   -0.0076398199
   -0.0012082456
    0.0030710376
   -0.0031046205
   -0.0062326132
   -0.0048295513
   -0.0014147138
   -0.0060293004
   -0.0072248334
   -0.0042115977
   -0.0021228247
   -0.0038287320
   -0.0074659870
   -0.0092632647
   -0.0083669595
   -0.0069866573
   -0.0084702378
    0.0020217221
    0.0008296277
    0.0029053275
   -0.0086380694
   -0.0011600405
   -0.0075788202
    0.0009309144
    0.0089130859
    0.0086030548
    0.0118832666
    0.0047781064
    0.0119465303
    0.0117409692
    0.0123992527
    0.0092130106
    0.0116185997
    0.0113814491
    0.0123546521
    0.0118273042
    0.0120696931
    0.0129958387
   -0.0043659678
   -0.0019592821
    0.0058995039
    0.0008733802
    0.0014684381
    0.0049114803
    0.0074452191
   -0.0019472182
    0.0046469905
    0.0010512111
    0.0050554356
    0.0078917205
    0.0017572639
    0.0087926114
    0.0053920660
    0.0083522652
   -0.0049708228
    0.0090060547
    0.0085197326
    0.0052746650
    0.0059155911
    0.0121690003
    0.0114138445
    0.0131653655
    0.0121546887
    0.0121463617
    0.0085155946
    0.0114222416
    0.0116374294
    0.0111023981
    0.0110422380
    0.0121479763
    0.0114279522
    0.0081795807
    0.0120540384
    0.0128976208
    0.0122803206
    0.0024068986
    0.0092835321
    0.0083134799
    0.0066750164
    0.0069420895
    0.0061255651
    0.0051507845
    0.0013667553
    0.0099339181
    0.0089930531
   -0.0010191628
    0.0047485614
    0.0103420490
    0.0110657046
    0.0120965934
    0.0062661550
    0.0083318003
    0.0053238626
    0.0066336709
    0.0100809843
   -0.0045562499
    0.0004938546
    0.0072874743
    0.0056557727
    0.0051510367
    0.0096314442
    0.0033273997
    0.0126483308
    0.0084782273
   -0.0006763675
   -0.0019000032
    0.0076877673
    0.0007318461
    0.0098863399
    0.0050445361
    0.0060040202
   -0.0021404158
    0.0090110347
    0.0109918705
    0.0064049779
    0.0053107742
    0.0002325022
    0.0120812083
    0.0072460439
    0.0095517926
    0.0049811544
    0.0025911193
   -0.0017268618
    0.0019340001
    0.0088690310
    0.0082159397
    0.0107069607
    0.0057649628
    0.0077262264
    0.0059783740
    0.0116180382
    0.0057238194
    0.0140317015
    0.0083485833
    0.0097298183
    0.0120213429
    0.0076120340
    0.0104606546
    0.0103767397
    0.0110123308
   -0.0106948563
    0.0050846933
    0.0086086022
    0.0103163117
    0.0049509114
    0.0088151889
    0.0035422987
    0.0015084247
    0.0112611027
    0.0092874783
    0.0070278646
    0.0106363507
    0.0125523276
    0.0107413496
   -0.0056896902
    0.0055300747
    0.0038431797
    0.0021890604
   -0.0013555497
    0.0081244570
    0.0089792030
    0.0068934002
    0.0056523434
   -0.0129297397
    0.0087982053
   -0.0027433772
    0.0079327093
    0.0086986091
    0.0093141021
    0.0098419775
    0.0083171931
   -0.0025857992
    0.0077847862
    0.0072255247
    0.0089337485
    0.0064644572
    0.0110121105
    0.0102274032
    0.0093773645
    0.0132321828
    0.0135960296
    0.0102415824
    0.0130087997
    0.0111420357
    0.0103236799
    0.0131951999
    0.0122662696
    0.0054033171
    0.0063507143
    0.0082561468
    0.0121461542
    0.0104450558
    0.0094856834
    0.0132530060
    0.0116470308
   -0.0055369218
   -0.0166907525
   -0.0036132302
    0.0036083212
   -0.0011489987
    0.0085207566
    0.0072603370
   -0.0139265553
    0.0032185193
    0.0072387186
    0.0039446428
    0.0072517664
    0.0001668665
    0.0090622793
    0.0005693258
    0.0093885251
   -0.0203782618
   -0.0158081060
   -0.0247932885
   -0.0199747445
   -0.0228883171
   -0.0289827598
   -0.0266017856
   -0.0288829434
   -0.0176396186
   -0.0237014213
   -0.0260542265
   -0.0256987692
   -0.0147793596
   -0.0095481034
   -0.0105646657
   -0.0269678132
   -0.0293380560
   -0.0235022017
   -0.0193778384
   -0.0272814167
   -0.0241220628
   -0.0257777824
   -0.0260905013
   -0.0193065449
   -0.0258364784
   -0.0153815754
   -0.0178027645
   -0.0203096932
   -0.0207611643
   -0.0161590791
   -0.0279318340
   -0.0207780455
   -0.0252139342
   -0.0259946878
   -0.0217606562
   -0.0211599632
   -0.0277110195
   -0.0154521150
   -0.0298881138
   -0.0279038309
   -0.0265007679
   -0.0184536907
   -0.0282170224
   -0.0256861550
   -0.0288518912
   -0.0266285054
   -0.0206532251
   -0.0203670883
   -0.0222208514
   -0.0282236399
   -0.0140477078
   -0.0278656299
   -0.0120585596
   -0.0269206873
   -0.0187522403
   -0.0294362433
   -0.0188247393
   -0.0284951537
   -0.0201255461
   -0.0283813038
   -0.0280305050
   -0.0250780254
   -0.0122803351
   -0.0160141962
   -0.0263762623
   -0.0175918807
   -0.0258152394
   -0.0164795858
   -0.0206295562
   -0.0216490479
   -0.0224720025
   -0.0273384100
   -0.0146807261
   -0.0261918832
   -0.0190072217
   -0.0205012906
   -0.0191021400
   -0.0211598825
   -0.0222561425
   -0.0222232199
   -0.0173278536
   -0.0282377598
   -0.0182644151
   -0.0282766040
   -0.0253675865
   -0.0160178596
   -0.0295909393
   -0.0189572318
   -0.0206340597
   -0.0273027590
   -0.0266131912
   -0.0146505275
   -0.0180227988
   -0.0247871879
   -0.0173170297
   -0.0197474809
   -0.0125411454
   -0.0156348842
   -0.0220823843
   -0.0211033461
   -0.0115109913
   -0.0154615429
   -0.0274366395
   -0.0175656550
   -0.0140655320
   -0.0292425187
   -0.0266895337
   -0.0213864804
   -0.0278894995
   -0.0296020529
   -0.0258269139
   -0.0054324814
    0.0063433542
   -0.0109301983
    0.0067141547
    0.0070918005
    0.0057768686
    0.0009619406
    0.0052065013
    0.0032642940
    0.0055701153
    0.0040008900
    0.0036311398
   -0.0046972381
    0.0075959943
   -0.0086084137
   -0.0056690481
   -0.0039578242
    0.0051988822
    0.0016724326
    0.0000575362
    0.0028211911
    0.0003856793
   -0.0010525153
   -0.0019684812
    0.0051359854
   -0.0051614944
    0.0030537092
    0.0009449983
    0.0032086781
   -0.0097461066
   -0.0004193170
    0.0044050152
    0.0002009574
    0.0040054176
   -0.0091216049
    0.0037989932
    0.0037223920
    0.0039207974
    0.0064879327
    0.0062560179
    0.0043502759
    0.0089372153
    0.0073074597
   -0.0007544830
    0.0068461906
    0.0072937137
    0.0092152864
   -0.0044810783
    0.0092182863
   -0.0118747496
    0.0059608830
    0.0030070467
    0.0033027431
    0.0083283029
    0.0081029739
    0.0075071969
    0.0057834690
    0.0033770431
    0.0083817102
    0.0006900301
    0.0084107868
    0.0080658748
    0.0056908397
    0.0067843589
    0.0078851691
    0.0038033856
    0.0087723668
    0.0067418196
    0.0077874945
    0.0063992618
    0.0054742000
    0.0081957354
    0.0062773891
    0.0035079468
   -0.0006338005
    0.0063242554
    0.0064422444
    0.0082335319
    0.0054235782
    0.0065277802
    0.0079172956
    0.0049137896
   -0.0014261534
    0.0070795515
    0.0083079643
    0.0035253903
   -0.0047630194
    0.0066344805
    0.0076305960
    0.0098024140
    0.0073517302
   -0.0011403702
    0.0080425734
    0.0072358256
    0.0070326836
    0.0062684900
    0.0092809850
    0.0039246110
    0.0036850945
    0.0042884880
   -0.0006216600
    0.0015470141
    0.0035286765
    0.0086229660
    0.0016851894
    0.0084535142
    0.0054876375
    0.0059775029
    0.0036313437
    0.0066468089
    0.0055527271
    0.0079113645
    0.0063679040
    0.0065214744
    0.0087626638
    0.0081393929
    0.0039443022
    0.0037463277
   -0.0013977307
    0.0026270324
    0.0076512412
    0.0074017530
    0.0053094174
    0.0083636961
    0.0034733954
   -0.0006153657
    0.0076476441
    0.0046795432
    0.0042916440
    0.0077608022
    0.0068295857
    0.0017652922
    0.0080187630
    0.0082256873
    0.0072607701
    0.0063801352
    0.0065148974
    0.0073867281
    0.0050753191
    0.0040926548
    0.0065933000
    0.0099602593
    0.0085715360
   -0.0030561899
    0.0063125471
    0.0077549603
   -0.0069582970
    0.0066664226
    0.0019013763
    0.0068499260
    0.0047329739
    0.0093096243
    0.0073149960
    0.0064292025
    0.0054370017
    0.0018245211
    0.0079795286
    0.0086409006
    0.0058781439
    0.0070202041
    0.0048862762
    0.0076421950
    0.0086718404
    0.0078630579
    0.0056031017
   -0.0035089251
    0.0021237358
    0.0036098735
   -0.0025031856
   -0.0044713294
   -0.0045502498
   -0.0037965614
   -0.0053712494
   -0.0030400533
    0.0003508652
   -0.0031633198
   -0.0026149258
   -0.0012806749
   -0.0044216505
   -0.0034415119
   -0.0029814302
   -0.0026519549
   -0.0021163571
   -0.0016378372
   -0.0029426800
    0.0020797853
   -0.0028325881
   -0.0051458888
   -0.0021027370
   -0.0038170725
   -0.0028527935
   -0.0044671593
   -0.0019160469
    0.0024747376
    0.0031109455
   -0.0042356756
   -0.0023747530
   -0.0046154586
    0.0102689605
    0.0090949823
    0.0097009087
    0.0106537854
    0.0092843059
    0.0087688336
    0.0104222405
    0.0104132413
    0.0100480945
    0.0101388242
    0.0052652807
    0.0105738105
    0.0057810777
    0.0075871425
    0.0099806730
    0.0106053765
    0.0062075725
    0.0103967549
    0.0090384768
    0.0103699483
    0.0106012828
    0.0100789700
    0.0095647002
    0.0077137292
    0.0016372197
   -0.0130286194
    0.0021895405
    0.0066276529
    0.0029197459
   -0.0092043173
    0.0015701650
    0.0044649009
    0.0036643267
   -0.0021153440
    0.0019173366
    0.0006450320
    0.0043922772
    0.0049500603
   -0.0042138483
    0.0054847310
    0.0051061636
    0.0035440704
    0.0027926755
    0.0058501360
   -0.0000476914
    0.0059983059
    0.0042454180
   -0.0056611525
    0.0098761390
    0.0105346288
    0.0098696982
    0.0084525751
    0.0106573567
    0.0100221950
    0.0096016155
    0.0097100376
    0.0052226040
    0.0105099550
    0.0096832525
    0.0103681780
    0.0098466405
    0.0099865186
    0.0100758299
    0.0102486023
    0.0087486131
    0.0100597238
    0.0103559554
    0.0071207343
   -0.0034133904
    0.0051008787
    0.0075072806
    0.0051472472
    0.0061585041
    0.0048460828
    0.0095141952
    0.0094576710
    0.0015938666
    0.0055585993
    0.0071728028
    0.0101007360
    0.0067010364
    0.0081898908
    0.0052303115
    0.0079951453
    0.0099481324
    0.0115106693
    0.0085497139
    0.0067711076
    0.0047087662
    0.0098785832
    0.0071919351
   -0.0010751835
   -0.0124865843
    0.0101064188
    0.0032338317
   -0.0062995582
   -0.0069429583
    0.0052565311
    0.0034329599
    0.0002963443
    0.0101309825
    0.0081122043
    0.0063821727
    0.0077121157
   -0.0028965910
    0.0069806885
    0.0045943712
    0.0064981951
    0.0052727655
    0.0057801872
    0.0035359237
    0.0048939558
   -0.0156681071
    0.0056184737
    0.0025575757
    0.0071774693
    0.0029268871
    0.0052405133
    0.0070554334
    0.0064996403
    0.0059669223
    0.0084327262
    0.0079317713
    0.0038865286
    0.0004006370
    0.0106042379
   -0.0001950717
    0.0089564497
    0.0070227646
    0.0051115401
    0.0039642064
    0.0055701759
    0.0077966439
    0.0040985035
   -0.0046088637
    0.0096516813
    0.0082561162
    0.0050436077
    0.0092266285
    0.0080087514
    0.0046150648
   -0.0165708139
    0.0070378119
    0.0090966469
    0.0041718718
    0.0112460944
    0.0055811541
    0.0045924443
    0.0057572847
    0.0050767605
    0.0040411763
    0.0012432675
    0.0076026679
    0.0085677335
    0.0060023484
    0.0036652079
    0.0058493920
    0.0060426508
    0.0078109291
    0.0029895313
    0.0041197299
    0.0011327112
   -0.0098633915
    0.0100815805
    0.0049819189
    0.0078676955
    0.0061356255
    0.0075861760
    0.0066570925
    0.0079407703
    0.0074574190
    0.0077067010
    0.0055207239
    0.0069808490
    0.0023983953
    0.0073236615
    0.0078600424
    0.0041644390
    0.0034709524
    0.0076859297
    0.0068925798
    0.0102522098
    0.0068053592
    0.0073021640
    0.0037443285
    0.0061802625
   -0.0041962495
    0.0037579877
    0.0069928555
    0.0050826580
   -0.0090397101
    0.0037993016
    0.0055689889
   -0.0131600734
    0.0010828584
    0.0026559733
    0.0063542952
    0.0022781527
    0.0014545580
   -0.0002198955
    0.0066982849
    0.0003492751
    0.0050004916
    0.0068382822
    0.0007816418
   -0.0018968540
    0.0030189444
    0.0009369859
   -0.0071435161
    0.0066582828
    0.0035389918
    0.0034641868
   -0.0028901114
    0.0043452036
    0.0019852928
    0.0102424395
    0.0107603834
    0.0107243719
    0.0112406693
    0.0114831966
    0.0099777062
    0.0089871048
    0.0116502027
    0.0100101463
    0.0067722728
    0.0117961897
    0.0082368051
    0.0112838956
    0.0083154281
    0.0105113121
    0.0117613623
    0.0118908174
    0.0034372689
   -0.0094217108
   -0.0024159104
    0.0013845866
   -0.0002919848
   -0.0070830639
    0.0069537104
    0.0043697950
   -0.0004205686
    0.0074970474
    0.0076403915
    0.0030970551
    0.0057578731
   -0.0010438577
    0.0019760344
   -0.0166834128
   -0.0168977573
   -0.0133874859
   -0.0189835061
   -0.0246904068
   -0.0178113929
   -0.0139516703
   -0.0239243416
   -0.0119043868
   -0.0241668110
   -0.0176127836
   -0.0223441662
   -0.0248380425
   -0.0218980113
   -0.0183163890
   -0.0190819704
   -0.0246883370
   -0.0227150067
   -0.0151938440
   -0.0118818048
   -0.0234756054
   -0.0245747848
   -0.0156530366
   -0.0190574345
   -0.0111171426
   -0.0166388574
   -0.0087677525
   -0.0200742034
   -0.0158958684
   -0.0129026832
   -0.0196520737
   -0.0233600999
   -0.0193869659
   -0.0162091299
   -0.0210286634
   -0.0196154085
   -0.0171379016
   -0.0165721249
   -0.0239835624
   -0.0220975470
   -0.0243914397
   -0.0110472710
   -0.0174653876
   -0.0176081533
   -0.0209372972
   -0.0199046522
   -0.0212867920
   -0.0160121820
   -0.0128321043
   -0.0177992421
   -0.0191416847
   -0.0176113108
   -0.0134534916
   -0.0122699717
   -0.0218002760
   -0.0122784541
   -0.0189628807
   -0.0200365303
   -0.0249151399
   -0.0097976930
   -0.0174519619
   -0.0184541350
   -0.0149180991
   -0.0150955758
   -0.0210905914
   -0.0166432513
   -0.0209972573
   -0.0244354404
   -0.0163824468
   -0.0211052510
   -0.0149679919
   -0.0113605986
   -0.0170362469
   -0.0172802049
   -0.0190785536
   -0.0131864801
   -0.0244275129
   -0.0170320200
   -0.0242858415
   -0.0142658640
   -0.0239226916
   -0.0247748319
   -0.0246102332
   -0.0145630716
   -0.0148023024
   -0.0139176163
   -0.0149610972
   -0.0144693248
   -0.0191777794
   -0.0195304826
   -0.0194199503
   -0.0170381790
   -0.0137950643
   -0.0208865660
    0.0030120076
   -0.0019036632
   -0.0065687060
    0.0019774399
    0.0037391331
   -0.0039551426
    0.0001541988
   -0.0088412860
   -0.0047352332
   -0.0043467613
    0.0033040611
   -0.0107725427
   -0.0055420371
   -0.0024894784
    0.0038018102
   -0.0007352160
   -0.0030010821
    0.0029197998
    0.0038055457
   -0.0067089796
   -0.0016063311
   -0.0007806144
    0.0005531016
    0.0034855021
   -0.0027625860
    0.0018492871
    0.0028175475
   -0.0032522723
   -0.0052888772
    0.0051482695
    0.0045955756
    0.0049535798
   -0.0019526318
    0.0003300935
    0.0043942724
    0.0027031554
   -0.0091187143
   -0.0081293607
   -0.0009103407
    0.0034861767
    0.0065286063
    0.0059252371
    0.0076162566
    0.0077876407
    0.0047300389
    0.0061223542
    0.0052518722
    0.0065954403
    0.0050356007
    0.0069043292
   -0.0129388689
    0.0076698596
    0.0070434022
    0.0062510427
    0.0036654887
    0.0051095555
    0.0064996868
    0.0078161139
    0.0074816534
    0.0046371483
    0.0061988939
    0.0069502630
    0.0053508336
    0.0050776216
    0.0058251433
    0.0013604849
    0.0051302269
    0.0041159694
    0.0072132964
    0.0043819851
    0.0054062884
    0.0078946750
    0.0069426920
    0.0059145924
    0.0060414010
    0.0027552848
    0.0064932549
   -0.0108040578
    0.0006707692
   -0.0004151150
    0.0027654786
    0.0057667126
    0.0021928705
    0.0024856801
    0.0086475965
    0.0062254128
    0.0060355814
    0.0034912899
    0.0045446932
    0.0067745656
   -0.0055919342
    0.0056502923
    0.0050892016
    0.0034854280
    0.0057552602
    0.0031843028
    0.0061892331
    0.0078556348
    0.0065287779
    0.0006695332
    0.0055497374
    0.0075699236
    0.0040402243
    0.0071719582
   -0.0000204926
    0.0052669905
    0.0064291293
    0.0036782486
   -0.0022292190
    0.0064960960
    0.0058880715
    0.0026658097
    0.0074230522
    0.0071946202
    0.0054053588
    0.0055984071
    0.0056045656
    0.0044746080
    0.0040003833
   -0.0073776379
    0.0025858616
    0.0071904024
    0.0026973433
    0.0013812766
    0.0045529455
    0.0053895931
    0.0067134310
    0.0067179189
   -0.0067212194
    0.0075910053
    0.0058936107
    0.0067985600
    0.0023537287
    0.0010898308
    0.0015205087
    0.0064496686
   -0.0124050281
    0.0051808182
    0.0049566788
    0.0061335516
    0.0082800194
    0.0049090460
    0.0059536469
    0.0026457478
    0.0000350077
    0.0035227887
    0.0069845394
   -0.0025248516
    0.0061662657
    0.0038840254
   -0.0096444470
    0.0071617559
    0.0029655856
    0.0038478591
    0.0027359445
    0.0070829828
    0.0083245873
    0.0051568257
    0.0065507945
    0.0071104838
    0.0047415905
    0.0056984659
    0.0040984426
    0.0067336958
    0.0057188655
   -0.0071179867
    0.0062835347
    0.0086574871
    0.0075243553
    0.0068209398
   -0.0082196657
    0.0035274238
    0.0036312709
    0.0017628788
    0.0013021522
    0.0069733700
   -0.0011984616
    0.0050475777
    0.0064752823
    0.0059365789
    0.0024795260
   -0.0090243633
    0.0075861996
    0.0036552568
    0.0018783111
    0.0007325510
    0.0055698672
   -0.0012243412
    0.0071949721
    0.0066523609
   -0.0037203195
    0.0067706776
    0.0051190766
    0.0051921316
    0.0083202777
    0.0053903011
    0.0030817421
    0.0046120545
   -0.0112569114
    0.0057808460
    0.0015803771
    0.0048884440
    0.0049112423
    0.0041368850
    0.0066405378
    0.0040470225
    0.0070336772
    0.0068569787
    0.0040150050
    0.0067514722
    0.0009940392
    0.0066556919
    0.0061167114
    0.0037573362
    0.0075765360
    0.0080200166
    0.0029615399
    0.0068033371
    0.0043238401
    0.0048398246
    0.0030126393
    0.0056466282
    0.0008259201
    0.0024617556
    0.0088085006
    0.0035695264
    0.0044513509
    0.0058320790
    0.0021542964
    0.0004920563
    0.0039006226
    0.0068976642
    0.0067314838
    0.0076694399
    0.0047405677
    0.0068937354
    0.0011922047
    0.0023412744
    0.0025116615
   -0.0014700085
    0.0022038912
   -0.0010935577
   -0.0019200194
   -0.0008577044
    0.0006229528
   -0.0021592391
   -0.0020536118
   -0.0028611234
   -0.0021188980
   -0.0026197730
   -0.0024796451
    0.0006493865
   -0.0025110155
   -0.0026700685
   -0.0010652118
   -0.0016929120
   -0.0009516283
    0.0013646331
   -0.0020558107
   -0.0014040721
   -0.0004779148
   -0.0001398287
   -0.0008174793
    0.0023280539
   -0.0001727837
   -0.0022758049
   -0.0005225987
   -0.0026664564
   -0.0002304412
    0.0018500383
   -0.0013165409
   -0.0019978778
   -0.0010363995
   -0.0021178667
   -0.0016731797
   -0.0028809729
    0.0022189890
    0.0080290174
    0.0062793424
    0.0084998361
    0.0085356014
    0.0088340064
    0.0078621987
    0.0082679342
    0.0087427362
    0.0084102166
    0.0084101501
    0.0072779313
    0.0086332757
    0.0081515120
    0.0080930228
    0.0027049674
    0.0039964674
   -0.0001505680
    0.0000266873
   -0.0061068144
    0.0009888174
   -0.0057633890
   -0.0040715509
   -0.0000393762
   -0.0016687051
    0.0026325536
   -0.0026548991
   -0.0040009208
    0.0038670179
    0.0079187265
    0.0087620037
    0.0087428860
    0.0076238300
    0.0083313816
    0.0067455727
    0.0081600160
    0.0087945064
    0.0082217272
    0.0082884406
    0.0085055360
    0.0086033080
    0.0088968132
    0.0009668413
    0.0031621650
    0.0040883870
    0.0034857578
   -0.0129416724
    0.0045640455
    0.0042605912
    0.0044178856
    0.0045105457
    0.0060577562
    0.0078877645
    0.0066261037
    0.0049774429
   -0.0071002472
    0.0028994064
    0.0097898279
    0.0081149766
    0.0068564212
    0.0017907538
    0.0031746332
    0.0034166531
    0.0062329318
   -0.0012762466
    0.0061735291
    0.0049384131
    0.0061412222
    0.0045081411
    0.0060532575
    0.0049272037
    0.0072201932
    0.0079560827
    0.0052296770
    0.0050143664
    0.0071732281
    0.0071385197
    0.0059166387
    0.0071716967
    0.0095951271
    0.0006514811
    0.0063051774
    0.0044431636
   -0.0021417410
    0.0084761873
    0.0037814640
    0.0007214029
    0.0060426781
    0.0072140270
    0.0075426385
    0.0072491938
   -0.0016962084
    0.0063299584
    0.0062007897
    0.0037273190
    0.0047887059
   -0.0105464211
    0.0026593794
    0.0062849342
    0.0001047314
    0.0041992386
    0.0071040017
    0.0083112904
    0.0039549166
    0.0045552793
    0.0072289168
    0.0075075326
    0.0097778304
    0.0020889479
    0.0090301587
    0.0032972453
    0.0005117070
    0.0012191114
    0.0046101661
    0.0085591360
    0.0013658350
    0.0035389524
    0.0068297855
   -0.0015757666
    0.0034175846
    0.0046555876
   -0.0065449860
    0.0077239125
    0.0000721003
    0.0078045794
    0.0063418063
    0.0058711677
    0.0029576617
    0.0041679020
    0.0064924055
    0.0060041517
    0.0022954889
    0.0068652566
    0.0084833941
    0.0073180206
    0.0040804966
    0.0020886967
    0.0031731097
    0.0068476864
    0.0075999351
    0.0077525892
    0.0056580009
    0.0037255513
    0.0057858554
   -0.0077520611
   -0.0080832164
    0.0043379622
    0.0094348968
    0.0024515553
    0.0031260284
    0.0042873000
    0.0079980986
    0.0016268055
    0.0033908596
    0.0028337228
    0.0046665222
    0.0053451670
    0.0051560249
   -0.0041374399
    0.0099830893
    0.0058931558
    0.0002945027
    0.0018429121
    0.0031725117
    0.0072854825
    0.0046545889
    0.0063785870
    0.0061380609
    0.0085354136
    0.0049083302
    0.0051437433
    0.0045748326
    0.0044703501
    0.0055736823
    0.0056189249
    0.0044927459
    0.0074982973
    0.0053557302
    0.0041133013
    0.0003570277
    0.0081525423
    0.0062792360
    0.0031740245
    0.0077377228
    0.0072126631
    0.0056836778
    0.0059823009
    0.0032182592
    0.0049876614
    0.0040194683
    0.0060961081
    0.0085255541
    0.0054638899
    0.0072678050
    0.0015128738
    0.0029799482
    0.0010670270
    0.0065507309
    0.0058060353
    0.0050746261
    0.0059732031
    0.0031916152
    0.0085390779
    0.0011178199
    0.0087586579
    0.0059122156
    0.0035293838
    0.0035050705
    0.0063038749
    0.0068833311
    0.0016767831
    0.0014780197
    0.0059264187
    0.0077985306
    0.0088421438
    0.0077663666
    0.0064461397
    0.0026582313
   -0.0106342285
    0.0055351449
   -0.0062412001
    0.0063316958
    0.0040541513
    0.0082300234
    0.0053168701
    0.0058439773
   -0.0075799407
    0.0052367532
    0.0039367798
    0.0061615260
    0.0016671478
    0.0053961928
    0.0007469665
    0.0068210666
    0.0012159362
   -0.0014593980
    0.0016161662
   -0.0014998948
    0.0019040672
   -0.0038402162
   -0.0010317577
   -0.0055118199
    0.0023964315
   -0.0023933713
    0.0016142250
    0.0001810864
    0.0083592197
    0.0084079088
    0.0079825374
    0.0082855806
    0.0097717578
    0.0087823746
    0.0090285334
    0.0078567115
    0.0093165966
    0.0096851660
    0.0091281100
   -0.0068394971
    0.0002294869
   -0.0057904632
    0.0027153070
    0.0023375894
   -0.0016987248
    0.0034399558
    0.0004321621
    0.0018748459
   -0.0025648591
    0.0033988429
   -0.0180148601
   -0.0138164492
   -0.0161295438
   -0.0102439604
   -0.0159913229
   -0.0137448557
   -0.0163992147
   -0.0165105335
   -0.0148374855
   -0.0171119369
   -0.0173524042
   -0.0181692539
   -0.0132340626
   -0.0105312413
   -0.0198011994
   -0.0092381973
   -0.0138358778
   -0.0153387142
   -0.0167827302
   -0.0202213231
   -0.0109585647
   -0.0181482639
   -0.0124296223
   -0.0097089357
   -0.0194300590
   -0.0167195553
   -0.0163382949
   -0.0131668612
   -0.0197358865
   -0.0202093646
   -0.0126652573
   -0.0187611594
   -0.0202442603
   -0.0183049161
   -0.0164867397
   -0.0166693247
   -0.0150278264
   -0.0096482418
   -0.0153881542
   -0.0097606802
   -0.0166723144
   -0.0116118602
   -0.0189078647
   -0.0155798210
   -0.0192803141
   -0.0194445372
   -0.0088495086
   -0.0121139913
   -0.0119384955
   -0.0154465844
   -0.0141210013
   -0.0104015944
   -0.0126240248
   -0.0144419068
   -0.0200511348
   -0.0190533046
   -0.0134073005
   -0.0110939363
   -0.0132765277
   -0.0205889609
   -0.0191544932
   -0.0198793173
   -0.0168355897
   -0.0192821070
   -0.0151169388
   -0.0182688977
   -0.0199218496
   -0.0161679906
   -0.0159498739
   -0.0170252015
   -0.0153182055
   -0.0165855092
   -0.0206528956
   -0.0184264890
   -0.0135779809
   -0.0179580525
   -0.0188863551
   -0.0130700923
   -0.0120228558
   -0.0114306008
   -0.0182842797
   -0.0158770912
   -0.0190898136
   -0.0135885863
   -0.0166089601
   -0.0172795260
   -0.0132463646
   -0.0137445563
   -0.0129215207
   -0.0140496482
   -0.0119433640
   -0.0161934739
   -0.0120858797
   -0.0203708959
   -0.0087821763
   -0.0143192168
   -0.0188896444
   -0.0165574113
   -0.0159461471
   -0.0147086109
   -0.0143957693
   -0.0145442944
   -0.0181158368
   -0.0127872269
   -0.0157228426
   -0.0127576706
   -0.0167217312
   -0.0142792448
   -0.0201576824
   -0.0191142800
   -0.0129736455
   -0.0097740235
   -0.0145719487
   -0.0192689317
   -0.0190546582
   -0.0172733601
   -0.0156755216
   -0.0025379483
   -0.0049269734
   -0.0052992712
   -0.0056095371
    0.0004283462
   -0.0015343641
    0.0037429840
   -0.0058262914
    0.0028781640
   -0.0059268211
    0.0030229498
   -0.0080502294
    0.0040118892
   -0.0023463663
   -0.0068800114
   -0.0000248819
    0.0005676257
   -0.0042144309
    0.0001948491
    0.0037842522
   -0.0003815586
   -0.0025431044
   -0.0051683244
   -0.0048332320
    0.0028245258
   -0.0041158307
   -0.0044987936
   -0.0080240957
    0.0021436229
    0.0037660759
    0.0027459393
    0.0033974427
    0.0003498034
    0.0030362349
   -0.0000005676
   -0.0004929088
    0.0018534728
   -0.0011318500
   -0.0029312316
   -0.0029097897
    0.0032541670
   -0.0058739094
    0.0011542655
    0.0027249960
    0.0028341925
   -0.0018033185
   -0.0065862084
    0.0001152629
    0.0014403044
    0.0029129248
   -0.0056675210
    0.0041364129
    0.0055726715
    0.0047405539
   -0.0002197304
    0.0039310883
    0.0046305038
    0.0058658171
    0.0026998286
    0.0001871639
    0.0035905013
    0.0043126564
    0.0047861240
    0.0042789485
    0.0042495230
   -0.0020151605
    0.0059562559
    0.0022017072
    0.0056023805
    0.0057885797
    0.0073017701
    0.0043709088
    0.0031559877
    0.0059427628
    0.0047474807
    0.0050949487
    0.0012836216
   -0.0114146343
   -0.0116586325
    0.0044746811
    0.0066514889
    0.0052526806
    0.0057624560
   -0.0045113638
   -0.0084569335
    0.0044630127
    0.0072209601
   -0.0040508982
   -0.0043049216
   -0.0007609975
    0.0050114351
   -0.0054507223
    0.0070038505
    0.0064428501
    0.0055891170
   -0.0040639539
    0.0043483176
    0.0047236679
    0.0059622542
    0.0030841836
    0.0043944894
    0.0059500841
   -0.0047821660
    0.0069578165
    0.0064339715
    0.0024333451
    0.0038394991
    0.0053297713
    0.0040316945
   -0.0093688863
    0.0043087857
    0.0015294148
    0.0070704172
   -0.0018053081
    0.0054879994
    0.0070940125
    0.0028084330
    0.0071708887
    0.0045215592
    0.0050297929
    0.0033215411
    0.0055895091
    0.0049070703
    0.0070035599
    0.0055747686
    0.0071474720
   -0.0017120802
    0.0037037456
    0.0043971368
    0.0071944806
    0.0063183794
    0.0072909648
    0.0024141742
    0.0044917675
    0.0058447051
    0.0063796742
   -0.0054451421
    0.0048746230
    0.0054286279
    0.0063843598
    0.0034876978
    0.0028178156
    0.0061456111
    0.0054255988
    0.0059693417
   -0.0075351915
    0.0053054355
    0.0021202448
   -0.0009056501
    0.0052227047
   -0.0005593599
    0.0020271876
    0.0051102539
    0.0004909539
    0.0060887406
    0.0064311062
    0.0038987271
    0.0044899197
    0.0032136122
    0.0066879841
    0.0006487271
    0.0019793883
    0.0033611349
    0.0066004366
    0.0046383664
    0.0010905799
   -0.0000300256
    0.0055429480
    0.0042673370
    0.0043641543
    0.0035258131
    0.0056611354
    0.0044905677
    0.0054525480
   -0.0030379036
    0.0049112116
   -0.0095160071
   -0.0001520864
    0.0048307257
   -0.0048680543
    0.0027444820
   -0.0002200872
    0.0028172866
    0.0050657243
    0.0047286023
   -0.0113134020
    0.0059259623
   -0.0001047478
    0.0059144886
    0.0057086871
   -0.0010278494
    0.0057095310
    0.0069888688
    0.0009860400
    0.0044039822
    0.0069065779
   -0.0038507692
    0.0053916536
    0.0045783303
    0.0064654673
    0.0067335303
   -0.0052787698
    0.0062409778
    0.0035065564
    0.0046526252
    0.0057995621
   -0.0048217486
    0.0035135088
    0.0007365803
    0.0071842002
   -0.0021824653
    0.0043151825
    0.0049936510
   -0.0068709885
    0.0051535382
    0.0000093410
    0.0072491008
    0.0029472906
    0.0067513120
    0.0067341350
    0.0072101128
    0.0063472687
    0.0041281979
    0.0027802515
    0.0057850170
    0.0047216815
    0.0021502705
    0.0009763761
    0.0060587162
    0.0054503213
   -0.0019339120
   -0.0039166765
    0.0039178076
    0.0049380826
    0.0023700922
    0.0065497860
    0.0023114608
    0.0068976643
    0.0069324555
    0.0046589646
   -0.0043635896
    0.0038011837
    0.0043618468
    0.0018606756
    0.0053192582
    0.0033598470
   -0.0088622233
    0.0023179789
    0.0035179888
    0.0061213751
    0.0060724635
    0.0061068075
    0.0052802280
    0.0046342299
    0.0027208711
    0.0063439841
    0.0057402658
    0.0056746504
    0.0047121499
    0.0058454461
   -0.0013884175
    0.0017982541
    0.0045475441
   -0.0068297082
    0.0067193552
    0.0054258400
    0.0033614981
    0.0032881102
    0.0049610773
    0.0061034454
   -0.0031341004
    0.0035677784
    0.0058235481
    0.0035491291
    0.0013644773
    0.0054520939
    0.0054254666
    0.0024164978
    0.0021780316
   -0.0032666083
    0.0067833210
    0.0044370035
    0.0047576191
    0.0046723555
    0.0047307018
    0.0056799858
    0.0071542811
    0.0034033120
    0.0065955118
   -0.0013624254
    0.0042549632
    0.0027624859
    0.0039321045
    0.0035444247
    0.0021046209
    0.0062986679
    0.0013404570
    0.0057027452
    0.0031512540
    0.0036989328
    0.0058264907
    0.0044540508
    0.0036448518
    0.0060897803
    0.0072501793
    0.0039424806
    0.0017211551
    0.0049325000
    0.0054231013
    0.0017679080
    0.0004814084
    0.0056368270
    0.0047875261
    0.0052621708
    0.0027105294
    0.0071383425
    0.0066761480
    0.0045839671
    0.0040199792
    0.0068519533
   -0.0042267906
    0.0057885125
    0.0052182574
    0.0013115959
    0.0043378874
   -0.0013739484
    0.0059586559
    0.0067832359
    0.0036974270
    0.0048425915
    0.0052961172
    0.0004641771
   -0.0025358183
   -0.0049562932
    0.0044478846
    0.0005272034
   -0.0052739497
    0.0007919285
    0.0052460445
    0.0044450241
    0.0059562615
    0.0061547511
    0.0036236992
   -0.0044047885
    0.0058602410
    0.0044937942
    0.0040462762
    0.0039278715
    0.0043332412
   -0.0010895074
    0.0012172507
   -0.0007643353
    0.0006491101
   -0.0000566965
    0.0005869943
   -0.0012194255
   -0.0012177444
   -0.0009220739
    0.0001172184
   -0.0005333036
    0.0009352708
    0.0022333711
   -0.0001593396
   -0.0008711414
   -0.0006931142
   -0.0010669724
   -0.0001046805
   -0.0004631139
   -0.0001319211
   -0.0005824366
    0.0002816837
   -0.0002300450
    0.0017773273
   -0.0006001608
    0.0024500712
    0.0001292890
    0.0015179924
    0.0001663460
    0.0004073183
   -0.0003843267
   -0.0009707332
    0.0027307002
   -0.0011216605
   -0.0000262684
   -0.0007109611
    0.0007891764
   -0.0023322938
    0.0024315795
    0.0041643949
    0.0045295871
    0.0059185577
    0.0082540614
    0.0045549572
    0.0053740802
    0.0055714831
    0.0050052921
    0.0058504916
   -0.0084343414
    0.0030631286
    0.0056689667
    0.0045361884
   -0.0053614547
    0.0063616843
   -0.0030779605
    0.0038303655
    0.0054456063
    0.0020318508
    0.0041114987
    0.0050289631
    0.0057476962
    0.0042047427
    0.0011531227
    0.0013774488
    0.0075959218
    0.0048012237
    0.0045884968
    0.0039425616
    0.0051476600
    0.0050645015
    0.0064182588
    0.0065489241
    0.0032436043
    0.0063685534
    0.0078561732
    0.0077599211
    0.0065013038
    0.0035097891
    0.0079878835
    0.0030576338
    0.0071609393
    0.0082078886
    0.0009490041
    0.0031698877
    0.0040114507
    0.0074793930
    0.0015403643
    0.0041465569
    0.0036208317
    0.0041700960
    0.0038298916
   -0.0032948527
    0.0074969058
   -0.0009589244
    0.0077901837
    0.0040306121
    0.0061920679
    0.0034076003
    0.0058278312
    0.0043185119
    0.0052457594
   -0.0044156783
    0.0073554750
    0.0047500104
    0.0050987458
    0.0001037608
   -0.0000290543
    0.0045111829
    0.0054525839
    0.0049050160
    0.0026747081
    0.0064653183
   -0.0085440377
    0.0024813433
    0.0039761037
    0.0065105225
    0.0032737862
    0.0023182162
    0.0051482344
    0.0066838893
    0.0026063700
    0.0046347895
    0.0009148459
    0.0014611091
    0.0080208630
    0.0048139389
    0.0038651709
    0.0043159410
   -0.0121760674
   -0.0026540683
    0.0038234494
    0.0058211014
    0.0036900150
    0.0071233505
    0.0078993911
    0.0035273665
    0.0019553467
    0.0079812744
    0.0014907650
    0.0062388306
    0.0035032236
    0.0045974383
    0.0048114787
    0.0024939145
   -0.0041668513
    0.0035953177
    0.0025253362
    0.0060946932
    0.0050445588
    0.0043701185
    0.0072917790
    0.0078851144
    0.0028217765
    0.0047426612
    0.0063861712
    0.0035981074
    0.0074513552
    0.0017479554
    0.0055043738
    0.0046377377
    0.0049390730
   -0.0000351812
    0.0041103402
    0.0011347462
   -0.0008872206
    0.0077700752
    0.0024445812
    0.0029689104
    0.0035814047
    0.0064427597
    0.0030276960
    0.0060297369
    0.0030586400
    0.0030479898
    0.0047645966
    0.0040729543
    0.0074796303
    0.0034277743
    0.0082840649
    0.0044383267
    0.0075378938
    0.0011647096
   -0.0004394784
    0.0026367761
    0.0031615589
    0.0060279225
   -0.0046792708
    0.0026078045
    0.0049291225
    0.0030402998
    0.0048705719
    0.0067795132
   -0.0037155047
    0.0044908915
    0.0046494937
    0.0081924377
    0.0053448449
    0.0051153892
    0.0002785504
    0.0044427099
    0.0054179272
    0.0076570078
    0.0024451146
    0.0055393360
    0.0034102382
    0.0045073853
    0.0030020654
    0.0047106076
    0.0039153191
    0.0027319949
    0.0055636072
    0.0038830048
    0.0076114450
    0.0033371802
    0.0056839297
    0.0032696173
    0.0045756723
    0.0065662893
   -0.0048883634
    0.0057390092
    0.0030575829
    0.0050905054
    0.0054925879
    0.0026690711
    0.0057070721
    0.0043241330
    0.0058752149
    0.0043903969
    0.0050261050
    0.0048067392
    0.0014860190
    0.0026986655
    0.0075059255
    0.0003544326
    0.0045549559
    0.0037464899
    0.0012365353
    0.0061248719
    0.0052793177
    0.0057095665
    0.0069812204
    0.0033732222
    0.0033435705
    0.0033212552
    0.0025291397
    0.0080717559
    0.0065203959
    0.0057001129
    0.0027932891
   -0.0027097073
    0.0070039761
   -0.0045343137
    0.0072565270
    0.0022918865
    0.0070192887
    0.0037383825
    0.0039636266
    0.0057206210
   -0.0043968833
    0.0023434695
    0.0044502372
    0.0039434331
    0.0043224030
    0.0000889649
    0.0046209753
    0.0075915789
    0.0047719678
    0.0043571254
    0.0034514082
    0.0068955517
    0.0001813119
    0.0069169055
    0.0056303280
   -0.0010139824
    0.0007983104
    0.0035615609
    0.0037271723
   -0.0022713816
    0.0056966637
    0.0044043351
    0.0022257751
    0.0064494413
    0.0055132188
    0.0048671587
    0.0053188800
    0.0039398472
    0.0046852629
   -0.0058641976
    0.0068667548
    0.0027532817
   -0.0089090595
    0.0071072960
    0.0033096649
    0.0044301612
    0.0068363615
    0.0021049539
    0.0032209930
    0.0030587535
    0.0052889670
    0.0054951298
    0.0043226100
    0.0068410215
    0.0080204832
    0.0052274356
   -0.0004471592
    0.0030707696
    0.0037577634
    0.0066850137
    0.0029267259
    0.0012600999
    0.0027029315
    0.0026888051
    0.0028361753
    0.0048137993
    0.0073374986
    0.0079484342
   -0.0009163864
    0.0058463459
    0.0059443918
    0.0007635063
    0.0042124535
    0.0000085099
    0.0063428047
    0.0020880674
    0.0072685479
