-0.886872 1.851364 1.972477
0.638865 1.887936 -1.826542
-2.122264 2.404950 0.092115
-2.179160 2.105947 -0.598806
1.521768 2.041012 0.840247
0.901304 2.575335 -1.233484
-1.590477 2.812904 -0.786409
-2.246734 2.111654 0.297886
0.070962 1.591743 2.077647
0.620321 2.787202 -1.239892
-0.336551 3.344202 0.650757
-0.220308 3.440722 -0.144253
0.902072 2.313641 -1.452297
1.011473 2.861498 0.664467
-1.442582 2.561067 -1.292217
1.042559 2.253675 1.365275
-0.927443 1.445138 2.026940
1.100970 2.632688 -0.925245
-1.995948 2.335664 -0.775535
-0.498273 3.418045 0.282584
1.471382 2.501950 0.098072
0.491933 3.081338 -0.897159
-0.544029 3.292048 0.755915
-0.867682 3.184136 0.848112
-1.613280 2.321853 1.334652
-0.480590 1.872406 -2.047185
-0.796932 3.271138 0.680827
-2.158858 2.213767 0.501402
-0.729773 2.708877 -1.552294
-1.167365 2.277205 1.686831
1.601982 2.199255 -0.395900
-2.167038 1.881479 0.839385
-0.586503 1.671740 -2.079017
0.598620 2.983886 0.977968
-0.013761 3.017989 1.249106
-0.134873 3.415242 0.327813
-1.011540 3.066784 0.978528
0.225456 3.336341 -0.434043
-0.343482 3.102148 -1.160995
-1.206411 1.717386 -1.881900
0.588549 3.183701 -0.521160
0.307563 1.589633 -2.023839
-0.208693 1.726187 2.086011
-1.771149 2.646108 -0.766879
0.129537 3.245442 0.797078
0.128602 3.122345 -1.048096
-1.830793 2.105388 -1.245879
-2.300467 1.786101 -0.536404
0.784683 2.301378 1.547698
1.140911 2.887954 0.073094
-1.817515 2.483953 0.922083
0.564085 3.245884 0.277561
-1.788329 1.431163 -1.512400
0.792212 1.947176 1.717359
-0.507811 2.104855 1.965129
1.175621 2.391234 -1.103904
-1.331743 1.412769 -1.856678
0.915405 2.944101 -0.651046
0.305931 2.831547 1.370061
0.047164 3.418675 0.047302
0.375357 1.150570 2.011873
-0.061724 3.396906 -0.395653
0.784749 2.746131 1.150720
-0.604734 2.241539 -1.893199
-2.095765 1.828162 -1.013297
-1.603878 2.647754 -1.024769
0.376693 3.261940 -0.550522
1.213154 2.110624 1.275059
-1.037688 3.311312 0.079291
-2.337260 1.885780 0.185566
-1.621293 1.671915 1.625096
-1.209996 3.041861 0.848720
0.594999 2.709399 1.341998
-1.946084 2.543694 0.547720
0.443780 1.124222 -1.987127
-0.081164 1.814196 -2.059378
-0.078661 3.303232 -0.738433
-0.770252 1.547069 -2.062452
-0.307730 2.390752 -1.839149
0.793573 3.106126 -0.387938
-0.713658 3.021717 1.204574
-1.961794 2.306827 0.878310
0.780043 1.638479 1.807787
-1.338026 2.783394 -1.138811
-0.199078 2.233033 1.918383
0.559711 2.916741 -1.116764
-0.443277 -0.982807 2.095211
-0.787733 0.251650 2.353161
-1.655380 0.946753 1.888396
-1.293725 1.332577 -1.882158
-0.649730 -0.644128 -2.236267
-0.742008 0.447755 -2.342659
-1.577017 0.902842 -1.954193
-0.851635 0.758244 -2.264456
-0.597471 -0.051592 -2.367320
0.447423 0.241120 2.202600
0.006294 -0.327987 2.287374
-1.835284 1.305603 -1.548272
-0.762865 1.112068 2.152012
0.414677 0.487252 -2.191617
0.089879 0.744722 2.239363
-0.939894 0.503575 2.300922
0.301989 0.715310 2.185330
0.664900 0.807288 -1.996855
0.539771 -0.038091 -2.157389
-0.320643 0.411717 -2.361812
-0.753859 0.444319 2.341211
-0.224786 -0.685446 2.218675
0.216949 -0.154478 2.265020
-1.042519 0.942520 2.162442
-0.268082 -1.286352 1.892116
0.092471 0.520803 2.286925
-0.679289 0.613999 -2.322253
0.260755 -0.524483 -2.170864
-1.027969 0.505186 -2.280465
-0.237451 0.368908 2.359894
0.620593 -0.093779 2.112543
-3.346421 -0.804204 -1.773885
-2.456748 0.968693 -1.704754
-2.104491 -2.827489 0.603318
-2.443765 -0.236640 -2.264267
-3.787791 -1.314421 1.024277
-4.046999 -0.844165 0.664038
-1.423463 -2.850374 -0.485712
-3.104327 -0.754092 1.967429
-3.972260 -1.297452 0.547872
-3.478245 0.335939 -1.414496
-1.712546 -0.343030 -2.369977
-2.252765 0.304994 2.171342
-2.933458 0.377618 -1.864937
-3.908373 -0.632896 -1.062952
-0.753262 -2.509235 -0.873026
-3.804131 -1.799427 -0.065150
-3.926377 -1.404618 -0.571510
-0.836954 -2.720531 0.232718
-4.082189 -0.583532 0.605480
-3.596263 -1.370455 1.300909
-1.169196 -0.616550 2.299271
-1.482265 -0.272637 2.345290
-1.741634 0.596960 2.086295
-1.670387 -2.917162 -0.198714
-3.533541 -1.323783 -1.410569
-2.736788 0.643180 -1.824986
-2.069269 -0.400698 -2.357648
-4.130969 -0.726797 0.330001
-2.297848 0.047167 2.245788
-3.903801 -1.606564 -0.190799
-2.821290 0.724410 1.721368
-3.783314 -0.574552 1.286005
-2.383556 1.281783 1.397576
-3.593023 -1.122420 1.431997
-2.858001 -2.666485 -0.126772
-1.229910 -0.135489 -2.278137
-2.292757 0.366001 -2.136792
-3.056260 0.608733 1.643129
-2.224348 1.005635 1.747661
-1.115794 -2.812474 -0.307522
-3.828486 -1.329019 -0.927782
-2.287483 -0.182047 2.296633
-3.758990 -0.896071 1.276802
-3.820735 -0.968123 -1.151443
-3.034399 0.720480 -1.575716
-2.693077 -2.707586 -0.410211
-0.937741 -2.665422 -0.685772
-2.663307 0.376706 -2.007353
-1.935060 -2.914065 0.206554
-1.949902 0.404015 2.174899
-1.414981 -2.868566 0.382128
-3.092830 -0.681441 -1.980958
-2.080487 1.400383 -1.333267
-3.268600 -0.006877 1.777196
-4.085741 -1.140626 0.011587
-2.378455 0.756528 -1.898533
-3.451341 -1.162989 -1.579448
-3.683006 -0.394111 -1.421775
-3.092976 -2.533351 -0.031188
-2.438884 -2.782090 -0.490020
-3.535238 -0.365049 1.597870
-2.171823 0.534254 2.083472
-3.974656 -0.189042 -0.849594
-0.737626 -2.432054 1.013563
-2.066598 0.526362 -2.104156
-1.017420 -2.797346 0.150108
-3.043680 -2.480301 -0.579250
-1.181418 -0.432069 2.300584
-1.647066 0.401333 -2.178152
-0.550699 -2.569767 -0.253068
-1.462212 0.391512 -2.163174
-3.659854 -1.936504 -0.453082
-2.262401 -2.878407 -0.042805
-2.490731 -2.819669 -0.007255
-3.251433 0.328515 1.653380
-2.639524 -2.664462 0.669283
-1.621730 0.644565 -2.053284
-2.184657 -2.853248 0.433007
-1.495440 -2.830593 0.610969
-1.657058 -0.413731 2.373182
1.356040 -2.403153 1.023330
0.539653 -1.989516 -1.707266
0.072010 -2.783461 -0.201094
0.680046 -0.331198 2.088626
1.497984 -2.513889 0.642702
0.320600 -1.097337 2.081973
0.820467 -2.234800 1.470284
1.189365 -2.611499 0.736743
-0.151361 -2.683490 -0.423189
1.012844 -1.733387 1.813581
1.094915 -2.293782 -1.324344
0.029383 -2.203617 -1.433087
0.267509 -2.801393 -0.339074
0.709299 -1.982882 1.705686
0.696313 -0.933762 -2.111799
1.525569 -2.611237 -0.026918
0.686461 -2.527130 -1.114777
1.009292 -1.965732 1.663505
0.963885 -2.395580 -1.244414
-0.246220 -2.086217 -1.423026
1.174402 -1.644073 -1.812114
-0.272129 -2.045382 1.447523
0.925750 -1.650106 -1.876385
0.875311 -2.213161 -1.480476
0.908127 -2.648797 0.824899
-0.383089 -2.320673 -1.045338
0.331402 -1.549997 1.947483
1.164798 -2.533408 0.929014
0.418393 -1.388187 -2.015564
0.518655 -2.334170 1.386510
-0.044563 -2.752003 0.210738
-0.291077 -1.481375 1.800335
0.145844 -2.000402 1.651035
-0.300761 -2.641118 0.334976
1.228407 -2.070888 -1.497535
0.351310 -2.268339 -1.445522
0.097574 -2.706244 0.614547
0.273607 -0.817197 -2.107213
0.314338 -2.051056 -1.642855
0.057615 -2.602876 -0.859426
0.178082 -1.309871 -2.009896
1.088515 -2.746310 -0.363736
0.654475 -0.585358 -2.120801
1.150175 -2.380556 1.188308
-2.143466 -2.811081 -1.175492
-0.515241 -1.678342 -1.750450
-1.867626 -2.646247 -1.698366
-2.084277 -0.685106 -2.461228
-1.012866 -2.631612 -0.962037
-1.582931 -0.553090 -2.405235
-2.379092 -0.958133 -2.454262
-2.544131 -1.025149 -2.398556
-2.065803 -2.734820 -1.482779
-2.156384 -1.435870 -2.506731
-1.438974 -0.818154 -2.457670
-1.476572 -2.619476 -1.655574
-2.516295 -1.309385 -2.413689
-0.593502 -2.128513 -1.443944
-2.935340 -0.928784 -2.137496
-0.988727 -1.153144 -2.309100
-2.493490 -2.692375 -1.250387
-3.282748 -1.878498 -1.432028
-3.173181 -1.923659 -1.612892
-1.226825 -1.583901 -2.376525
-2.831609 -1.719690 -2.133297
-2.407374 1.857681 0.000464
-2.639238 1.356320 -1.204268
-2.586267 1.864314 -0.064839
-3.665569 1.206683 -0.762887
-2.700161 1.786516 -0.493838
-3.647076 0.429924 -1.267459
-3.327665 1.080388 -1.204668
-4.029345 0.440925 -0.793880
-2.912659 1.598952 0.839811
-3.778751 0.701009 -1.048320
-3.303600 1.355510 -0.958329
-3.780613 1.300648 0.336241
-3.767419 0.488204 -1.140423
-4.124860 0.465344 0.570661
-3.031990 1.307990 -1.162969
-4.173469 0.178620 0.500550
-3.695597 1.426269 -0.130234
-3.146258 1.516207 -0.849886
-3.459371 1.480860 -0.596374
-3.965365 1.059767 -0.335627
-1.661188 -2.528080 1.858050
-1.682584 -1.770662 2.437855
-3.028112 -0.844453 2.035064
-1.771412 -1.377770 2.541053
-3.168686 -1.169105 1.928699
-2.189009 -1.712708 2.434173
-1.468412 -2.813733 0.902856
-1.231331 -2.387574 1.859640
-2.399732 -0.727351 2.400237
-2.435719 -2.735535 1.144134
-1.828159 -2.856347 0.764549
-3.115912 -1.957429 1.676096
-3.174126 -0.944105 1.894976
-1.107473 -2.678378 0.982474
-2.615387 -2.168933 2.004083
-2.799104 -0.871105 2.233470
-2.391354 -2.527048 1.727429
-2.038160 -0.843735 2.511359
-0.480833 -1.629298 1.722492
-2.181685 -2.827115 0.791266
1.626349 2.088157 0.632944
1.957009 -1.555830 1.950023
2.116151 -1.363181 -2.057118
2.627798 -0.483246 2.235622
1.699069 -0.986357 2.238623
3.923465 0.105933 1.153622
3.463873 0.061696 -1.742285
2.073606 -1.969281 -1.570730
4.238202 -0.346921 -0.022932
2.570517 -1.980252 -1.404372
3.371925 1.618204 0.323236
3.686037 -0.679307 1.451705
1.195684 -1.314563 -1.990340
3.803208 1.182935 -0.070230
1.421097 -0.936282 -2.217227
2.766825 -0.808061 -2.114026
2.816010 -1.511056 -1.737966
1.609127 2.083546 -0.641983
4.194422 -0.616930 -0.225619
4.212118 0.189209 0.018009
3.869194 -0.963708 -1.023337
3.863126 0.749755 -0.879469
4.181255 -0.733587 0.004021
2.729845 -0.709424 2.156265
3.408422 -1.244902 1.474307
3.625984 0.501966 -1.439300
3.804166 -1.007067 1.112205
1.811782 -2.531860 0.443247
1.722885 -1.815766 -1.735832
1.405108 -1.181373 -2.116094
2.331963 -1.855921 1.638296
4.089452 -0.500429 0.784280
3.928483 0.887860 -0.477873
3.920010 -0.221671 -1.196800
1.026958 -0.766903 -2.152915
1.884282 -1.951386 -1.604429
4.116008 -0.699295 0.578406
3.240363 -1.277978 1.610653
2.935750 1.881280 0.455794
2.968120 1.911044 -0.111258
1.663093 -2.215803 -1.239189
2.095943 -2.318863 1.046905
1.178618 -0.961650 2.146661
4.045812 -0.005807 -0.929830
3.710185 0.636160 1.251022
3.481042 -0.977634 -1.559398
1.071641 -0.716044 2.183352
2.263241 -0.937332 2.225682
3.915905 -0.113496 1.202269
3.641330 -0.701111 -1.498124
2.928467 -0.450458 2.113205
1.703509 -2.287611 1.120958
3.985844 0.664942 -0.648567
3.609162 1.039946 -1.045318
2.454707 2.041105 0.565140
1.018907 0.073027 2.209530
4.215982 -0.371752 -0.311648
3.089215 -1.126445 1.814768
2.068959 -0.554196 2.343981
3.757041 1.099668 -0.635479
4.224627 -0.195009 0.297442
3.796142 -0.769858 1.263994
1.661175 2.168772 0.202738
2.137682 -1.534704 -1.946783
2.304034 -2.003218 1.482564
4.215804 -0.553783 -0.018749
1.775928 -2.378564 -0.940018
1.958365 0.628819 -2.543251
2.084100 1.747529 -1.893457
3.344499 1.424685 -1.138804
3.079303 1.045052 -2.028316
1.559093 0.625699 -2.476877
2.806902 1.286457 -2.084121
1.752451 1.941576 -1.508879
1.189512 1.226459 -2.081572
1.631684 0.230506 -2.501180
1.721035 -0.273347 -2.382632
3.198463 1.335324 -1.655809
2.995413 0.769339 -2.207299
1.332007 1.431492 -2.014185
1.557917 1.131157 -2.320417
1.215742 0.967069 -2.237835
1.477702 1.837741 -1.568478
2.850635 1.461473 -1.901153
2.100451 0.283706 -2.553159
2.454612 0.783546 -2.461451
3.878079 -1.975819 -0.351389
3.259515 -2.249557 -0.911049
3.516971 -1.720303 1.176181
2.913114 -2.138824 1.215353
3.930123 -1.094797 -0.918014
2.319376 -2.689499 0.276942
2.739731 -2.114285 -1.277064
3.750482 -2.159185 0.280480
3.078699 -2.393616 0.835527
2.500428 -2.545005 -0.755576
2.669333 -2.702787 -0.230492
2.290401 -2.299889 -1.091491
3.445221 -1.339743 -1.373212
3.412289 -2.417034 0.390735
2.044842 1.549642 2.113840
1.834426 2.066162 1.080495
1.569354 0.568004 2.487162
2.191007 2.082153 0.898817
1.011841 0.916409 2.115192
1.866871 1.968842 1.483803
3.197784 1.508241 1.385002
3.399258 0.493717 1.851345
2.664708 1.664188 1.800504
2.538953 0.580886 2.472000
1.576729 1.397224 2.160652
1.970994 2.087810 0.936885
1.311062 1.660720 1.739334
2.764312 1.207380 2.163860
1.567789 1.994793 1.188800
1.776445 1.246640 2.313999
0.872463 1.795677 -2.080559
-1.949615 2.855759 -0.902913
-1.222735 3.480193 0.617139
-1.347934 3.495652 -0.259346
-1.749750 2.660621 1.412282
0.242896 2.664946 1.952001
-1.189294 1.722495 -2.226030
-2.319638 2.599696 0.415706
-1.844999 3.106546 0.560593
-0.969403 2.745914 -1.850968
-2.014853 1.846424 1.635352
0.599923 2.651712 -1.827852
-1.419366 3.405947 0.541088
0.367492 1.868602 -2.275507
0.809978 2.711566 -1.660623
-1.929950 1.884313 -1.709879
0.728694 3.193679 -1.163812
-2.090342 2.049778 1.467426
-1.320386 3.358776 0.836533
1.126214 3.094487 0.861044
0.040294 3.209486 1.491765
-1.374088 3.469240 0.353133
0.854999 3.413100 -0.455924
-2.033929 2.375235 -1.332648
-0.197299 1.589577 -2.415796
1.316261 2.742718 1.135876
-1.671680 3.083357 -0.952177
-2.176608 1.837823 -1.451238
1.771195 2.524918 -0.439394
0.633757 3.550984 0.264257
-1.324315 1.746485 2.160509
-1.650194 3.284854 -0.461320
-0.171283 3.420772 -1.217986
-1.192173 3.118974 1.366124
-0.600957 1.853277 -2.353573
-1.546091 1.618531 2.062799
-2.505034 2.143749 0.589395
-1.667489 1.858863 1.932611
-2.008437 2.898868 0.692782
-1.438262 3.414526 -0.464529
-0.421945 2.176358 -2.273122
-0.208446 3.744015 -0.161541
-0.043282 2.969344 1.767556
1.004834 3.374241 -0.037706
0.258108 2.905547 -1.759138
-0.438026 3.655343 0.658610
-1.165791 3.029737 -1.493738
0.967924 3.112196 -1.051805
0.883737 3.281096 -0.822845
-0.962413 2.037322 -2.226301
0.500358 2.356347 -2.051773
-2.377808 2.008762 1.047527
0.454613 2.402702 2.043267
-0.181870 3.681011 0.566706
-0.806726 2.332225 2.149826
1.348559 3.057933 0.435120
-1.489318 3.196987 -0.980692
0.824085 3.111656 1.202840
-2.548765 2.076322 -0.510650
-0.502095 3.013024 1.731584
-0.158806 3.233068 1.493109
-2.406755 2.405679 0.521134
1.163542 2.092781 1.784997
-0.887291 3.439604 -1.033274
-0.679145 2.537065 -2.070357
0.070320 1.464749 -2.400899
-0.001777 2.200123 -2.248586
0.820040 1.437557 -2.159109
0.821319 1.210179 -2.158975
-0.397279 3.547112 -0.969883
-2.493829 2.324968 0.256056
0.589533 1.892643 2.190841
-1.303366 3.530398 -0.079806
-0.074191 3.611237 -0.782554
-1.800166 2.705563 -1.314311
-1.249270 2.047900 2.113801
-0.188756 3.291290 -1.419649
0.691750 2.522958 1.867757
-0.730566 1.265513 -2.462933
-0.709726 -0.248701 2.678369
-0.072042 0.435156 -2.678392
0.568245 -0.492757 2.440409
-1.274517 1.245254 -2.347005
-1.482676 0.632104 -2.468541
0.380850 0.689556 -2.532881
-1.193882 0.786536 2.536054
0.686481 0.262941 -2.469202
-0.004134 0.711316 2.622963
0.700514 0.969253 2.323511
0.639976 0.163723 2.492374
-0.106051 0.917286 -2.585869
-0.671668 -0.644019 2.593059
-1.024210 0.164522 -2.658540
-0.649403 1.022443 2.566826
-0.428244 1.286082 2.469157
0.105113 -0.473179 2.589909
-1.810853 1.141907 -2.133411
-0.070565 0.619578 -2.651775
-1.231705 1.422466 2.270351
0.185541 1.262036 2.397745
0.271712 -0.756104 -2.463119
-0.187240 -0.828149 2.525981
-0.463090 -1.167460 2.381751
-0.228011 -0.836261 -2.527106
-3.013780 1.163855 1.716970
-2.090993 1.326924 1.946109
-2.305957 -3.201444 -0.286263
-4.305688 -0.584375 1.010939
-4.481713 -0.282377 0.180293
-2.397591 -0.473895 2.648283
-4.148609 -1.800431 -0.472086
-4.483697 -0.756060 -0.221246
-1.611409 0.739085 -2.389993
-4.126855 -1.924297 0.000184
-4.150416 -0.261827 -1.304029
-3.762038 -2.219879 -0.823077
-2.161372 -0.373105 -2.687349
-1.567928 0.271332 -2.584708
-0.451833 -2.663976 -1.074677
-2.171127 -0.398135 2.687853
-1.284288 -0.354014 2.667461
-3.413590 -1.429882 -1.988400
-1.377301 -0.170575 2.663495
-1.731056 -3.217455 -0.519655
-3.720406 -0.230400 1.880382
-4.378577 -0.644341 0.800356
-0.706797 -3.045899 0.076874
-2.901439 -3.026110 0.040590
-3.922205 -1.488068 1.389012
-3.511537 -0.053585 2.039352
-2.971752 0.476714 -2.220093
-3.678839 0.049378 1.854543
-3.557225 -0.802317 -2.043765
-3.650439 -1.688436 1.613291
-1.930032 -0.413240 -2.712355
-2.190842 -3.235921 0.074901
-1.952788 1.047776 2.196126
-0.701850 -3.021882 0.338771
-3.820947 -2.101078 0.907931
-3.448513 -1.605627 1.870597
-3.879907 0.296477 -1.509296
-4.118391 -1.697041 0.783469
-1.397035 -0.248435 -2.675887
-0.871859 -3.003179 -0.737878
-3.690683 0.658777 -1.514395
-3.679027 -0.903129 -1.915202
-4.062747 -0.148615 -1.425002
-2.443516 0.540073 -2.402943
-0.436567 -2.374873 1.501662
-4.451097 -0.888350 0.389651
-0.671580 -3.027965 -0.134970
-3.798796 -0.876790 1.793988
-3.341015 -2.770854 -0.151613
-3.203220 -2.797045 0.563168
-1.620632 -3.260443 0.125613
-2.761289 -0.534131 2.537258
-1.885564 -0.614686 2.717357
-4.091107 -0.666566 -1.430348
-2.967889 -2.936173 0.534915
-4.287187 -0.133128 0.971713
-3.906942 -1.298916 -1.520916
-1.683214 0.475487 -2.517989
-0.542260 -2.810636 0.863536
-2.691226 0.630272 2.276358
-1.367123 -0.016840 -2.635170
-0.484303 -2.830082 -0.713998
-2.740268 0.363809 -2.375971
-3.339434 -2.605744 -0.856966
-4.338971 -0.862106 -0.868777
-3.645687 0.381666 1.748310
-3.397557 -2.498849 -0.989066
-3.910655 -1.644273 1.288635
-3.905988 -0.422749 1.693099
-1.613658 -3.183309 0.652833
-1.965941 -3.252374 -0.225101
-3.984571 0.032472 1.484923
-3.516797 -1.772551 -1.698346
-3.326387 -2.409940 -1.241858
-3.156560 -0.749637 2.337892
-4.125710 -0.836278 1.347911
-3.467451 0.832156 -1.627178
-4.031408 -1.903270 0.704600
-2.425654 -3.168897 0.337321
-1.499043 -3.102619 0.890851
-3.554037 -2.470760 0.746485
-1.954892 1.131416 -2.132276
-4.027566 -1.065761 1.443128
-4.126088 -0.018231 1.271778
-2.961208 -2.981780 -0.285871
-4.164060 -1.665802 -0.684439
-3.846929 -2.316997 -0.004145
-2.622204 0.798405 -2.208275
0.163539 -2.719464 1.329376
0.370625 -2.074617 2.012060
-0.215083 -2.014729 -1.910433
1.133767 -2.963365 -0.735322
0.536840 -2.664482 -1.459987
0.646856 -3.099057 -0.494240
0.612801 -1.569787 -2.277383
-0.261337 -2.705694 -1.144773
-0.095297 -2.654176 1.325376
0.532699 -1.136448 2.396394
1.395162 -2.826693 0.873779
1.177421 -2.434151 1.607598
0.980412 -3.085926 -0.362401
0.040189 -1.941172 -2.039748
-0.379345 -1.932397 -1.891462
1.499453 -2.953099 0.165189
0.168580 -2.645771 -1.434618
-0.151820 -2.662126 -1.283520
0.124652 -1.886979 2.091061
0.953282 -2.652006 1.421439
0.910233 -2.897980 -1.019924
1.361066 -2.837783 -0.878413
1.227265 -2.042246 -1.925258
1.285162 -2.541782 1.434217
-0.197030 -3.006997 0.352958
0.189450 -3.122415 -0.107582
0.292323 -2.954071 0.925618
0.489103 -2.678677 1.440463
0.780309 -3.081717 0.532798
0.850024 -0.998277 2.397815
-0.164571 -1.882454 2.013175
0.658372 -0.812230 -2.427449
-0.004135 -3.080555 -0.183122
-0.035115 -2.016321 1.972841
0.480074 -2.793357 -1.268493
0.206569 -1.413610 -2.304977
-0.798256 -2.007060 -2.244379
-1.111267 -2.720195 -1.746942
-1.689648 -1.211597 -2.784887
-0.824767 -2.718747 -1.380709
-3.081045 -1.562754 -2.304337
-2.834035 -2.812379 -1.159373
-2.880834 -1.672992 -2.422808
-1.590884 -3.050662 -1.228931
-1.222227 -1.426972 -2.667340
-1.258306 -0.846542 -2.664759
-1.816075 -1.485301 -2.768205
-1.311738 -1.652263 -2.652081
-1.574083 -2.416529 -2.316203
-2.821515 -2.262975 -2.135456
-3.204588 1.912081 0.549289
-3.391213 1.867509 -0.429711
-3.969835 0.927043 1.083871
-3.583945 1.692624 0.621221
-3.574928 1.569180 -0.874620
-3.967914 1.308153 -0.688849
-4.335015 0.936671 -0.089250
-3.421480 1.906069 0.039759
-3.932667 1.331457 0.717748
-3.648039 1.753187 0.258115
-4.041986 1.399813 0.212969
-4.368064 0.703306 0.430020
-3.606663 1.555668 0.856006
-4.439117 0.087897 -0.430320
-4.071342 1.335447 -0.334241
-4.322366 0.184480 -0.786410
-3.217190 1.989883 0.109759
-4.471882 -0.036344 0.142779
-4.466551 0.459502 -0.124809
-3.878746 1.019323 -1.132277
-0.649342 -2.269935 1.891379
-2.875318 -2.721170 1.405756
-2.737225 -1.163322 2.582970
-2.432779 -2.419747 2.224993
-2.833465 -1.507906 2.497355
-1.498419 -2.159337 2.486581
-0.757488 -2.010538 2.209648
-3.076112 -1.315050 2.354863
-1.296109 -1.177716 2.710328
-2.092347 -0.890663 2.758843
-0.971718 -1.369495 2.566572
-3.306488 -2.047769 1.792747
-2.364354 -2.990931 1.267261
-1.317884 -2.967418 1.320566
-2.062642 -1.272798 2.782120
-1.947698 -2.358903 2.388214
4.311254 -0.834224 -0.997438
1.869055 -2.377486 -1.621535
3.508273 -0.411599 2.155612
3.147148 -0.849596 -2.306134
2.367224 -0.932589 -2.568415
2.377423 -2.552253 1.254442
3.742200 1.732784 0.394667
2.206081 -2.388601 1.570292
1.782355 -2.506155 1.430704
3.745587 -0.011937 1.955406
3.301200 -1.348402 -1.999087
1.629515 -2.753222 -0.890710
2.071180 -2.883955 0.345710
3.764266 0.582366 -1.783337
4.339844 -0.194331 1.125046
4.373411 -0.671306 -0.932105
2.459913 -1.650926 2.218451
4.100128 1.353430 -0.014003
1.757767 -0.889726 -2.626989
1.876903 -0.466014 -2.705919
4.332748 0.801195 -0.555933
2.582033 2.318735 -0.753218
1.620654 -2.254694 1.759116
3.945864 1.555594 0.004662
1.213853 -0.127022 -2.640086
1.001087 -0.213027 -2.579268
4.256615 0.983800 -0.531522
1.985205 -2.534868 1.380194
3.933666 -1.429099 -1.259040
2.950644 -1.803846 -1.903349
1.395955 -2.044226 1.938623
2.955765 2.294131 -0.118094
2.699854 -2.012282 -1.841403
1.769806 -2.897624 -0.282476
3.086941 -1.980327 1.646598
2.012110 -1.348189 -2.458056
2.051930 -0.915102 2.616282
1.461073 -2.465526 1.441513
3.375838 -0.491167 -2.240598
4.417968 0.133010 -0.874127
3.824052 1.691009 0.020076
1.078133 0.152090 2.581542
1.735642 -2.909837 -0.078873
4.518755 -0.371015 0.561904
2.584734 -0.849166 2.539815
3.418494 -0.137909 2.231200
1.151879 -0.449033 -2.612505
1.913501 -2.750644 0.927439
1.448052 -2.351036 1.604519
1.785322 -2.256601 -1.771018
3.372732 -1.051794 -2.093388
3.782790 1.433269 1.032759
3.409854 -1.723289 -1.632872
3.367611 1.811398 -1.054901
3.809213 1.506420 -0.848225
2.390624 -1.764064 -2.157163
4.220657 -0.779641 1.224325
3.379382 1.815018 1.031718
4.468204 -0.976382 -0.019410
2.556751 -2.500922 -1.262717
3.767606 -0.343863 -1.935903
4.582959 -0.189650 -0.038118
2.615269 -0.666369 2.571344
4.159418 0.008753 -1.443488
4.100535 -0.121388 1.545601
4.483318 0.301471 0.537145
2.137530 2.355350 -0.907356
0.864337 -0.092124 2.528300
4.092040 1.290448 -0.476327
4.297851 0.615870 0.903280
3.543463 1.871724 0.555451
3.371983 -0.938922 2.137499
3.475948 1.996092 -0.032870
1.675310 -2.094088 1.937600
4.496384 0.103452 -0.613152
3.819561 1.192874 1.284078
2.504838 -2.234124 1.681062
4.049710 -0.669633 -1.546034
4.521162 -0.549158 -0.455307
3.164666 -2.040190 -1.514917
1.422834 1.708001 -2.155619
3.005633 1.760752 -1.833682
2.050390 1.375162 -2.538491
1.459066 1.077983 -2.585567
1.789021 1.739175 -2.242656
2.514679 0.620460 -2.725444
3.483387 1.214724 -1.843476
3.369769 1.676671 -1.416950
2.482340 1.410233 -2.454439
1.780479 2.254848 -1.345143
2.860162 0.663101 -2.592550
2.326110 2.187797 -1.539798
2.886437 1.129425 -2.440313
2.933179 0.827646 -2.521940
2.926627 0.068352 -2.543308
3.227068 0.110009 -2.351539
3.565865 1.479782 -1.310698
1.003433 1.120438 -2.336524
2.256294 0.444777 -2.785740
1.836337 0.125136 -2.768080
3.101084 0.885951 -2.400848
2.904450 1.541558 -2.160769
3.186671 -2.174556 -1.403584
2.869220 -2.645655 -1.002100
2.742791 -2.437574 1.304544
3.907747 -1.897596 1.023693
4.169245 -1.474598 0.893433
2.935740 -2.397562 -1.298490
3.947947 -1.630553 1.148614
2.981066 -2.890549 -0.268039
2.819895 -2.905466 -0.370935
3.602637 -2.523365 -0.581260
3.605160 -1.968065 -1.290232
2.131405 -2.917874 -0.155952
2.238816 -2.825473 -0.658779
2.494587 -2.802361 -0.772207
3.654761 -1.744788 -1.384626
3.033023 -2.205069 1.443807
2.715555 -2.694307 0.965165
3.730402 -2.292714 -0.821215
3.285571 -2.352120 -1.181953
0.887550 1.191707 2.208939
1.688479 2.271116 1.203134
2.373434 2.243271 1.335751
1.076098 0.575774 2.536920
2.575650 2.195500 1.328717
2.956202 0.954349 2.471709
2.588015 1.093357 2.585364
1.895601 2.316876 1.056614
2.316305 1.685045 2.286495
2.166000 0.632378 2.781988
1.884097 1.212685 2.617562
1.965017 0.341619 2.797327
1.330548 1.193455 2.486331
2.831512 0.331103 2.623215
0.927860 0.821909 2.395929
3.353338 0.905909 2.180693
1.720317 2.955949 0.862560
-1.483466 1.975034 -2.376133
-2.308645 3.129006 -0.391920
0.816803 2.696111 2.085640
0.275881 2.968806 2.105752
0.353150 3.953532 0.352035
0.657429 3.587939 -1.196910
0.042284 3.898796 0.845355
1.114827 2.520042 2.013132
-2.430915 3.015290 -0.211168
-0.469042 3.350189 -1.825424
1.303948 3.532175 -0.178063
-0.392125 1.857122 -2.681631
0.556836 1.490686 2.593571
1.158007 1.872375 2.250591
-1.800999 3.400486 0.939055
0.196817 3.999317 -0.244384
-1.925523 2.914392 -1.510921
-1.504008 2.376596 2.213708
0.564608 3.687189 1.066077
-0.426935 3.053130 -2.112863
0.713785 3.469013 1.357651
-2.192270 3.288781 -0.065460
1.462622 2.800399 1.483281
-1.038769 3.263364 1.774205
-2.253334 2.052239 1.763055
-0.462023 2.198456 -2.586214
-0.703110 2.499465 2.433268
-1.729136 2.552736 -1.977110
-1.721792 2.035349 2.220755
-1.323098 3.574310 -1.158865
-0.474768 2.574213 -2.425195
-2.145866 3.163106 -0.811722
-0.663037 3.319768 -1.830178
1.778456 3.098082 -0.150101
0.171705 2.710431 2.308183
0.227146 3.716397 1.209597
-0.001848 1.975726 2.638917
-1.023625 3.944216 0.247735
0.795815 3.815864 0.247200
-0.882411 3.379675 -1.701837
0.519054 2.430202 -2.364870
0.582403 3.844972 -0.579854
0.640490 3.442258 -1.450829
-0.657875 3.804584 1.083078
-0.233772 3.474504 1.682930
-1.611121 2.535203 2.066283
-0.657147 2.506508 -2.438860
-1.963308 2.752848 -1.627211
-0.453860 3.719068 1.302721
-1.733636 1.824533 2.270544
-0.329616 3.670406 -1.398980
0.411802 1.693907 2.615605
1.046456 3.685267 0.294474
-2.062342 2.357553 -1.812530
-1.165473 3.846617 0.580349
1.921889 2.828532 -0.542636
-1.691860 3.641405 -0.374111
-1.044409 2.459920 -2.371852
-0.941737 3.688585 1.203863
-0.000268 3.740998 -1.238724
-1.920377 3.127628 -1.254303
-0.010629 1.632643 2.702194
-1.687490 2.014071 -2.250848
-1.563529 3.316331 1.372361
1.485271 2.639523 1.603311
1.179269 3.536380 0.628291
0.831150 2.296398 2.293180
-1.398157 2.525623 2.192689
-2.049672 2.693704 1.585137
-2.526652 2.895096 0.138330
-1.996186 3.456857 -0.140383
0.167194 1.913763 -2.631172
1.011476 3.570861 -0.842420
0.103764 2.413934 -2.476305
-1.965299 2.545364 1.785280
-0.272548 2.375525 -2.524493
-2.485446 2.730468 -0.833641
1.313218 3.090527 -1.328135
-0.321476 2.787500 -2.309134
1.773684 2.689089 1.152443
-0.501149 3.714051 -1.307056
-2.622427 2.479735 -0.849135
0.606605 3.858442 0.472358
0.829952 3.422947 -1.340188
0.282533 2.087449 -2.562477
-0.131688 4.005553 -0.491602
-2.498984 2.496377 1.112723
1.518630 2.950012 1.238898
-1.559933 3.457849 -1.145205
0.173978 3.525249 1.547652
-1.291987 1.843403 -2.494039
1.555481 2.698212 -1.470591
-1.449993 3.082417 -1.744650
0.792328 2.373599 -2.279399
-1.084865 2.415093 2.378107
-0.742034 1.618306 2.681642
-1.277517 1.947915 2.473794
-1.482092 2.710027 -2.035656
-2.179316 2.648269 1.471007
1.240191 1.995018 -2.162525
-2.000285 2.000782 -2.028558
-1.836082 3.471209 0.689850
0.998975 2.469509 -2.119413
-1.843188 1.838291 -2.195853
-0.626691 3.878524 0.906637
0.932140 3.637769 0.775870
1.596036 3.042505 0.968677
-0.084808 3.707253 1.317172
-0.585363 3.949304 0.693356
-1.338132 3.242679 1.641011
-1.436993 1.140983 2.719450
-0.422031 -1.139696 -2.776962
-1.031627 1.517267 2.672411
-0.482604 -1.347102 -2.671104
-0.742069 -0.737088 -2.915338
-0.497988 -0.595101 -2.968737
-1.115302 0.461914 -2.969917
-0.186819 -0.915882 -2.858145
-1.075363 0.156664 -2.995312
-0.273637 -1.126550 2.777251
0.019791 -1.204459 2.705549
0.443413 -0.313769 -2.890959
-1.050567 1.033289 -2.866136
-0.682813 -1.013795 -2.822280
0.299880 1.354385 -2.709886
-0.604294 1.086536 -2.907822
0.054315 0.940873 2.911579
-0.289691 -1.473652 2.591299
0.071522 0.222899 -3.014656
-1.437336 0.620157 2.856586
-0.402689 0.071001 3.058553
0.760948 0.660089 2.763112
-0.329065 0.614415 -3.021719
-0.706021 0.744713 2.989570
-0.483097 -0.404245 3.009780
-0.281125 1.038694 2.921833
0.048822 -0.062245 3.011922
-1.225431 0.486747 2.939885
0.222423 -0.122033 2.973275
-1.639324 1.491608 -2.477026
0.121958 0.546615 -2.979662
0.050659 -0.710603 -2.895161
-0.491783 0.470570 -3.042595
0.228400 -0.565117 2.898050
-1.047249 1.387591 -2.732075
0.391675 -0.514338 -2.867526
0.422727 -0.383631 2.884939
0.074811 -1.132602 -2.730629
-0.818622 -0.509808 -2.966158
-2.030905 -3.589109 0.230422
-0.522386 -2.376952 -2.105831
-3.760503 -2.353283 -1.478049
-1.776270 -3.392824 -1.127136
-3.379071 1.365732 1.773970
-4.738292 0.222582 0.150092
-2.154776 -3.487937 0.762286
-3.278264 -1.419234 2.522497
-3.209423 1.809676 -1.327772
-2.299074 -3.248715 -1.341948
-2.864986 2.163475 0.914285
-4.454154 -0.362468 1.477319
-1.894735 0.265559 2.947844
-3.746820 0.527374 2.083819
-3.995131 -2.208033 1.305740
-3.730877 -2.836492 -0.568612
-4.281643 -1.643223 -1.381681
-2.237459 -0.262480 3.012409
-2.424429 0.209782 -2.893749
-3.626398 -1.373391 2.297125
-3.385876 1.037097 -2.067256
-1.432692 -0.881284 -3.021632
-3.284346 -3.173901 0.455869
-3.364933 -0.360265 2.611439
-4.751383 -1.141610 0.431981
-1.564406 -0.713811 3.048036
-1.739526 0.133126 2.983129
-2.260734 -3.307145 1.233327
-4.757300 -1.051935 -0.499466
-3.117603 -3.300359 -0.034013
-4.698671 -0.150395 -0.831075
-4.012698 -0.298003 -2.078106
-3.583351 -2.944059 0.611164
-3.694227 -0.614089 -2.386794
-2.847087 0.201667 -2.768265
-3.498171 1.505291 -1.482276
-4.649043 0.085065 -0.857397
-4.694165 -0.565312 -0.935286
-1.920084 -3.319579 1.289707
-1.641441 -3.556623 0.541241
-2.120074 -3.574821 -0.294987
-2.721710 -3.393335 0.618681
-4.244023 0.349981 -1.577542
-1.706325 0.814972 2.738848
-4.257279 -1.225908 1.664755
-3.854730 -1.589651 1.994475
-3.241562 0.243831 2.569718
-3.149699 1.781853 1.435818
-4.784758 -0.737716 -0.550595
-2.506035 -3.460022 -0.598112
-3.376109 -2.623941 -1.583796
-4.440204 -1.871725 -0.733720
-2.700285 1.016021 2.464269
-4.078254 -1.816831 -1.573061
-2.566094 -3.505326 0.036856
-4.647195 -1.611541 0.126315
-4.583756 -0.530856 -1.227110
-3.664384 -2.294361 -1.662880
-3.479026 0.176471 2.440361
-3.001460 0.176790 2.710912
-1.584226 0.046721 -2.995006
-3.229517 1.199074 2.052540
-3.465143 0.877652 2.120022
-0.904666 -3.202952 -1.243855
-3.882541 -1.965042 -1.713890
-2.596418 0.539508 2.741625
-3.922134 -2.340890 -1.250278
-4.383062 0.630458 -1.096392
-4.492684 -0.311416 -1.397245
-0.670271 -2.832560 -1.706133
-4.782503 -0.787211 0.543970
-4.415495 0.121497 -1.404526
-3.196486 -3.245640 0.286973
-3.243081 -0.534093 2.688113
-4.746496 -0.542019 -0.753277
-3.033830 -1.137417 2.728925
-0.780158 -1.433953 -2.752561
-0.904905 -3.142983 1.365079
-0.721347 -2.899601 1.646881
-2.793175 1.086138 -2.380548
-1.120665 -3.536002 -0.010435
-4.164763 -2.456748 0.192088
-4.393103 -2.140759 0.048561
-0.459697 -1.945032 2.380734
-3.989203 -2.128078 -1.410381
-1.048608 -3.368104 0.935583
-0.548272 -3.213682 0.859914
-2.762133 -3.423633 0.362805
-4.079803 0.183011 1.882573
-4.052177 0.402693 1.816825
-4.233772 -2.057224 1.033896
-2.719628 -0.550948 2.912589
-0.936061 -3.456632 -0.436088
-2.938619 -3.326642 -0.549648
-0.965861 -1.011770 -2.912635
-4.500661 -1.940405 -0.163738
-4.695049 -0.328022 -0.906366
-4.728950 -0.082651 0.674674
-1.795585 -3.386928 1.142207
-3.360440 -0.179318 2.594826
-1.330546 -3.531565 0.509727
-2.468470 -0.460609 2.980623
-2.996422 -2.936899 1.476371
-2.406830 -3.340158 -1.084125
-2.472632 1.178082 2.430278
-4.037152 -0.702552 -2.060929
-2.026230 -3.411746 -1.049856
-2.979276 1.867554 -1.446139
-4.744393 -0.919000 0.665500
-3.718896 1.074718 1.724628
-4.005975 -0.946124 2.062566
-3.028374 -0.076660 2.754236
-3.278687 -1.463931 -2.505969
-4.465787 -1.953235 -0.423445
-4.658065 0.189210 0.735659
-4.393914 0.329762 -1.328051
-3.133604 0.629618 -2.478994
-3.615860 -1.208414 -2.357723
-3.809448 -2.479602 1.231854
-4.512532 -0.068722 1.292877
-4.601554 -1.504428 -0.701114
-1.201526 -0.037787 2.961236
-1.808205 -0.657632 -3.057719
-3.244487 -3.073436 0.918582
-1.162900 -0.762138 2.989522
-4.335113 -0.178133 -1.643526
0.881217 -3.007413 1.464474
0.570481 -1.261634 -2.681333
-0.127975 -1.603216 2.499337
0.683426 -2.641063 -1.943031
0.260227 -3.226019 1.058856
0.935493 -3.400319 -0.390326
-0.122497 -3.241630 -0.819916
0.248070 -3.435439 0.140223
-0.342026 -3.223501 0.648674
1.051230 -1.857728 -2.436888
1.268996 -3.352926 0.191903
1.216523 -3.022457 1.319651
0.191533 -2.494818 2.051281
0.885993 -3.313025 -0.804993
0.213928 -3.002554 1.470586
0.284055 -2.860278 1.683578
0.028028 -2.932423 1.522540
0.814520 -2.543631 -2.021936
0.513653 -2.412643 2.149530
1.057372 -2.951374 -1.499346
0.615205 -1.259930 2.681799
1.220018 -3.115474 1.140021
0.601222 -3.393601 -0.577612
1.028783 -2.639524 -1.889557
-0.250326 -3.300443 -0.428984
0.764850 -2.756983 -1.813392
-0.120777 -3.356489 -0.287254
1.463106 -3.271259 0.379312
0.739051 -1.103418 -2.702014
0.535774 -0.917868 -2.728370
0.215921 -3.186811 -1.134306
1.028226 -2.729139 1.794966
0.907615 -3.396295 0.441896
-3.146194 -2.014788 -2.395156
-1.360463 -2.540078 -2.477488
-1.513707 -1.731412 -2.933100
-2.699294 -2.497536 -2.366824
-2.044321 -3.183482 -1.666539
-1.716377 -3.134769 -1.787266
-2.239637 -2.004562 -2.833831
-2.798561 -2.831780 -1.904955
-2.273521 -3.009492 -1.949080
-2.576274 -1.694717 -2.844921
-0.715554 -2.623350 -2.005451
-2.385078 -2.194586 -2.707374
-0.577372 -2.147223 -2.319264
-1.024988 -2.611791 -2.261352
-2.348623 -1.566661 -2.941233
-2.692136 -2.229306 -2.569014
-1.108365 -3.065869 -1.619087
-2.915663 -2.014460 -2.563427
-1.121595 -1.701421 -2.835460
-2.464883 -1.891923 -2.821118
-2.419830 -2.595103 -2.408205
-1.911817 -1.764415 -2.952290
-2.348572 -1.304465 -2.972986
-1.543297 -3.222968 -1.509098
-4.078493 1.690472 -0.356311
-2.895687 2.264688 -0.488188
-4.157784 1.641399 -0.162030
-4.700274 0.411006 0.277218
-4.034140 1.254439 1.173418
-3.144518 2.244922 0.306751
-4.019391 1.630054 0.690750
-4.446740 1.239142 0.183716
-4.323564 1.382216 -0.400621
-3.477775 1.762608 -1.165360
-4.040437 1.562584 -0.781028
-3.958740 1.784895 0.422687
-4.370896 1.154869 -0.696764
-4.495508 1.087939 -0.381576
-3.436976 2.025932 -0.727603
-4.586323 0.954941 0.093378
-4.431618 0.910498 -0.823080
-4.289917 1.377587 0.534696
-3.925297 1.169998 1.362575
-4.621663 0.800067 -0.283371
-3.801403 1.745113 -0.848481
-4.620085 0.704976 -0.441608
-4.394295 1.253276 0.444017
-3.314935 2.071158 0.744055
-3.149168 -1.661659 2.540133
-2.190177 -2.379174 2.641246
-1.579715 -2.149132 2.785110
-0.888958 -1.637812 2.749353
-2.612883 -2.524280 2.389253
-3.230287 -1.818964 2.417973
-2.220442 -1.311101 3.000792
-2.531608 -3.150118 1.453509
-0.603053 -2.368906 2.168267
-2.646768 -2.777824 2.097687
-1.510450 -2.315880 2.678869
-3.229280 -2.298223 2.116619
-2.008942 -1.492993 3.007128
-2.344913 -3.052153 1.837766
-1.899603 -1.756572 2.956398
-2.147759 -2.816505 2.255541
-2.011022 -3.273571 1.385981
-3.381863 -1.984162 2.180415
-2.859370 -2.846426 1.819130
-1.314613 -3.131650 1.623485
2.857208 2.540200 0.949005
3.779147 1.788612 1.327881
3.574865 -1.157668 -2.345916
2.495192 -2.065829 2.337168
2.712436 -0.718635 -2.892202
2.028094 -0.964637 -2.956366
4.855370 -0.158192 0.640291
3.780337 -1.919236 1.647176
3.288334 2.226833 1.213803
1.985702 0.012227 -3.050177
2.750314 -2.828881 1.278701
3.803748 -2.064823 -1.448032
3.165575 -1.102129 2.616282
3.918476 -1.039328 -2.103155
2.370139 -1.208364 -2.841718
4.282542 0.641041 1.677694
4.913187 -0.346409 -0.194949
4.665013 -1.334639 0.461445
4.494575 0.106456 1.533180
2.704838 0.004886 -2.934851
2.366606 -2.479373 1.972017
4.723750 -0.658523 -0.982068
3.119776 -2.049457 2.084141
0.936784 0.954396 2.681175
2.102588 2.670963 -1.047621
4.633796 -0.921975 1.076341
1.842484 -1.878010 -2.554436
2.768604 2.702645 -0.391286
2.661672 2.694248 0.620243
2.482340 -2.539617 -1.864619
1.034716 0.152090 -2.924891
1.543251 -2.599657 1.864267
4.880108 -0.513560 0.400346
4.012529 -0.626003 -2.134420
2.690466 -2.633208 1.652527
3.563945 0.168449 -2.517491
3.088465 2.584493 0.377845
2.619687 -3.044852 -0.814424
1.766000 -0.787761 3.000673
2.768313 -0.399588 -2.915437
1.868669 -0.156664 3.060177
4.183566 1.646159 -0.769996
1.795836 -1.603675 2.715523
2.318119 -1.519711 2.720546
2.109616 2.823405 0.445649
4.262389 1.691369 0.230827
3.257068 2.109169 -1.454340
4.483764 1.226299 0.692662
1.474361 -1.477706 -2.749944
2.337715 -3.162711 -0.569813
3.009894 -0.097874 2.835817
3.046093 -1.041419 -2.691487
2.780123 -1.880708 2.383242
4.366494 -0.008465 1.750517
3.427377 -1.863642 -2.031662
1.451485 -0.927417 2.942542
1.150651 -1.951492 2.401869
4.629921 -1.121380 -0.920997
3.003744 2.327604 -1.305123
4.546391 -0.317431 1.466368
3.174330 -0.372670 2.759522
1.904880 -0.490363 3.045739
1.130157 -0.442961 2.960850
2.093376 -0.312034 3.049459
3.812993 0.757226 2.158473
1.424853 0.293513 -2.988531
2.657579 2.539728 1.122646
4.810059 -0.353275 -0.808575
4.662545 0.678927 0.875328
3.855994 1.799948 -1.189856
4.662147 -0.325016 -1.229437
3.886267 -0.892492 2.187425
2.347942 -2.321238 -2.145159
2.101510 2.856636 0.023268
3.320237 -0.687025 2.645719
4.680984 -0.158047 1.193137
1.305652 -0.467978 2.996679
4.504313 -1.473357 0.867312
4.260805 1.699991 -0.167239
1.815037 -0.860537 -2.985723
2.450239 -3.027032 0.996846
1.771866 0.225384 -3.029339
1.277440 0.080108 2.991282
3.571074 2.318287 -0.367505
3.632531 -1.102056 2.326051
3.105932 -2.622780 -1.385330
2.190904 0.110041 -3.026767
0.841168 -0.567765 2.860352
2.754982 -1.605714 -2.563848
2.498283 -0.493778 2.978738
4.116988 0.779449 -1.826232
2.045784 -2.923308 -1.371117
3.976925 1.973440 -0.444752
1.583356 -2.379225 -2.123267
2.477469 2.768900 -0.455234
3.668685 -2.226883 1.404436
4.002782 1.817545 0.860454
4.559284 0.888402 -0.960504
2.499160 -0.388066 -2.986484
3.844676 0.975248 2.017927
2.906011 -2.217318 -2.044671
3.107363 -2.425488 1.684498
3.363618 -0.022911 2.661835
3.949070 0.866016 -1.971718
2.528651 -2.587115 1.787520
3.191432 -1.691808 2.314719
1.738957 -2.139954 2.358665
3.457235 -0.422739 2.602416
3.881718 -0.431374 -2.287160
2.209522 -3.078320 -0.961002
0.697353 -0.707271 -2.781830
3.656462 -0.067966 2.476709
3.077525 -1.936178 -2.202741
4.900934 -0.540131 0.127571
2.889068 -2.354754 1.908905
3.513088 -0.785265 -2.507972
0.859482 -0.464195 -2.877622
4.294951 1.546119 -0.649502
1.763785 1.973667 -2.344340
2.976373 1.774868 -2.260536
3.367563 0.997316 -2.471368
3.229515 1.615560 -2.211635
2.043798 2.465814 -1.539484
2.589619 1.487003 -2.666038
2.766996 1.086913 -2.793804
1.579669 2.329440 -1.759148
1.491831 1.107937 -2.850597
2.251412 1.470047 -2.747936
2.761889 0.700160 -2.891122
2.627466 1.832289 -2.391008
2.720922 2.023668 -2.137806
2.796169 2.261540 -1.685404
3.389502 1.166246 -2.378752
1.885414 1.566153 -2.697448
2.202490 0.758923 -3.003910
3.621387 1.311450 -2.029902
1.642467 1.288022 -2.813682
1.953566 1.907378 -2.433316
1.376818 0.632896 -2.925469
2.809888 2.141349 -1.908592
1.448624 1.923292 -2.305248
3.059731 0.859142 -2.724803
3.263748 1.971148 -1.720482
2.172456 1.216246 -2.877886
1.279040 1.424975 -2.630729
1.606538 0.430780 -2.996940
2.387974 1.709359 -2.566932
3.532914 -2.796640 0.762919
3.681394 -2.858862 -0.192847
3.704144 -2.767595 -0.553358
3.908755 -2.703191 0.015449
4.077457 -2.510929 0.325322
3.577648 -2.380250 -1.331080
3.121314 -2.905279 0.922291
4.174012 -2.430448 0.160713
3.592435 -2.366967 1.334141
2.569013 -3.120580 0.597444
4.356231 -2.123685 0.384304
2.930225 -2.852139 -1.110783
4.045125 -2.409955 0.701164
2.904945 -3.112372 -0.496450
3.592905 -2.875661 0.416952
4.359574 -2.080583 -0.474542
4.389841 -2.132393 0.063724
2.370753 1.400048 2.769112
1.453800 2.065850 2.140556
1.234892 1.342260 2.657872
2.425720 1.842253 2.447591
2.424165 2.071419 2.202761
1.721875 2.153719 2.116144
3.255634 0.906526 2.588485
3.025286 1.670068 2.325208
1.854220 1.651904 2.637976
3.634930 1.009730 2.196579
3.526000 0.786219 2.392927
2.661239 1.704161 2.490156
2.495062 0.732539 2.964495
1.622975 1.531808 2.679715
1.644135 1.084560 2.894749
-1.400079 2.679943 2.482492
1.994502 3.287571 -0.355171
-0.230782 2.204291 -2.908368
-2.657971 3.214783 0.247768
-0.814297 4.264373 -0.544497
1.741543 3.371587 0.938171
1.079856 2.623476 -2.377906
-1.647214 4.029714 0.251044
-1.706319 1.991396 2.606139
-0.060856 4.236713 -0.821282
-2.736488 3.028369 0.596321
1.054392 4.011064 -0.417653
-0.460365 4.340607 0.287547
0.044928 3.759243 -1.781550
-1.388594 2.951893 -2.319946
-0.377659 3.151307 2.423350
-1.150726 4.230307 0.178635
-1.945399 3.779499 0.678766
-0.844992 2.444360 2.768963
-2.285374 2.083233 2.165780
-0.960255 3.977695 -1.315853
-0.156452 4.317685 -0.479982
-2.507168 2.661868 1.593721
-2.190845 3.129622 1.537703
-0.177052 1.875633 -2.987136
0.362687 2.835578 2.550415
1.039349 1.924850 2.662735
-0.841473 3.295602 2.243027
2.018430 3.167675 0.686958
0.861169 2.396074 2.596295
-1.534855 3.190053 -2.050786
-1.093885 3.942858 1.309651
-2.420914 3.222579 1.046261
1.209701 2.996794 -2.041226
-2.281071 3.485051 0.775903
1.667424 3.626729 0.255215
1.991287 3.318118 0.137065
-2.211396 2.729988 -1.892017
-1.489511 4.049122 -0.600530
0.983630 3.951742 -0.822769
0.145108 4.316070 0.253965
0.669905 2.065105 2.783790
-0.381110 2.858598 2.618925
1.533930 3.297892 1.406715
0.251119 3.599255 1.933948
-2.073829 3.262483 1.515201
-0.396174 3.577466 2.031367
-1.229829 2.565871 -2.610856
-0.668161 2.089930 2.915898
-2.449632 2.971212 1.365663
0.007272 3.214487 2.356465
-1.718765 2.841839 -2.213122
-2.513264 2.356121 1.800092
0.563446 2.200128 -2.780912
0.879122 3.876322 -1.151190
-2.425584 2.170905 -1.994554
1.411711 3.477649 1.291234
-1.188267 3.266469 -2.157229
-0.752660 4.323534 0.060493
0.371659 1.793731 -2.928690
-0.570540 2.837745 2.617998
-2.318192 3.047765 -1.469815
-2.966091 2.760291 0.164409
-1.242542 2.424681 2.667512
1.337009 3.821735 0.560270
1.374346 3.113737 1.797584
-2.394394 3.495004 -0.312487
-0.088400 4.295210 0.582563
0.864345 2.921330 2.307895
0.656672 3.701275 -1.632028
0.849620 2.696556 2.455586
-1.581918 1.903389 -2.692133
-0.849421 2.747156 2.624734
1.891364 3.324048 0.664058
0.092742 3.213350 -2.346597
0.056364 2.219873 2.881239
0.067320 4.313476 -0.378829
2.003531 3.305747 -0.111380
-1.486159 4.115163 -0.051974
-2.231436 2.394997 2.080574
-0.553243 4.120720 1.149917
-0.608112 4.307519 -0.460502
-1.253715 4.203608 -0.006872
-0.640495 2.350694 -2.839413
-0.103831 2.442901 -2.818977
-1.937435 2.297050 2.362606
1.980041 3.050642 -1.034448
-0.439077 2.354589 2.853600
0.385528 3.287491 2.213499
-1.082777 3.176257 -2.274755
-2.028301 3.173616 1.671240
-2.355305 2.831412 1.644581
0.387659 2.383638 2.763598
-0.581694 3.476766 2.121073
0.440204 -1.156606 3.012067
0.381744 0.835580 -3.224240
-1.054730 1.382956 -3.108577
0.571028 0.083963 -3.243077
-1.071477 -0.170324 -3.327684
0.093779 1.074091 -3.225699
-0.044737 0.417757 3.364755
-0.238525 1.598444 -3.067035
0.244954 1.198195 3.157540
-0.818416 1.114634 3.237807
0.073927 -1.548998 2.900612
-1.675102 1.856494 2.669898
0.590018 1.367482 2.997891
-0.315512 0.847039 -3.324413
0.049899 -1.102176 -3.123333
0.377454 0.646543 3.259674
0.283976 0.979735 3.213484
-0.705777 -0.107721 -3.380965
-0.139900 -0.665092 -3.287610
-0.200631 1.379227 -3.158832
-0.955694 0.758445 3.305503
-0.940801 0.628260 -3.329607
-0.602296 0.364285 -3.389679
0.127511 -0.697594 -3.243137
-0.947413 0.914706 -3.274331
-0.102210 0.038214 3.380401
-0.317873 -0.190079 3.380655
-0.079488 0.963674 -3.279625
-1.076106 1.245118 3.155410
-0.846901 -0.635373 -3.285192
-0.508496 -0.712860 -3.289440
-0.348681 -1.605595 2.912325
-1.638292 0.889547 -3.097228
0.208991 0.406211 3.325412
-0.239060 -0.945954 -3.213316
-0.106584 -0.209064 3.363895
-0.896233 1.635187 -3.023652
0.363163 1.581340 -2.973402
-0.210787 0.606758 3.360004
0.190941 -1.137487 3.082688
-4.437187 -1.800040 1.713585
-1.169144 -0.835930 3.332328
-3.376136 -3.245541 1.318611
-2.957252 -3.382762 -1.462751
-4.846198 -0.088567 1.397229
-4.784131 -1.684209 1.117633
-5.100450 -0.315413 -0.696407
-4.515929 -2.141883 -1.240102
-3.664733 -0.561059 -2.830055
-4.266318 -2.626216 1.031234
-2.872944 2.457618 1.154734
-2.158540 -3.427214 1.768727
-1.889526 -3.495278 1.691953
-4.736152 -1.856613 1.055226
-1.178448 -3.743361 0.993826
-0.386689 -1.622357 -2.908853
-4.564309 -2.494076 0.157125
-3.772743 -2.422164 2.019986
-3.169617 -1.475884 -2.961239
-1.256051 -3.618525 -1.362504
-0.757952 -2.115270 2.838820
-3.845154 -3.189352 0.567346
-5.167129 -0.289857 -0.159656
-5.077417 0.197090 -0.369299
-5.067022 -1.369037 0.293782
-0.792785 -3.767113 0.471007
-1.205472 -0.542160 -3.350783
-4.789005 0.905734 -0.629643
-4.087017 -2.134963 -1.929238
-4.855079 0.859350 -0.356889
-1.106535 -0.644692 3.331282
-3.647516 -2.125872 2.363575
-4.189986 -1.934260 1.958221
-0.668199 -1.184855 3.149289
-1.870663 -0.776797 3.391299
-4.360881 0.821821 -1.739399
-4.177826 -1.500414 -2.214954
-2.677597 2.170800 -1.833769
-0.646344 -3.702327 -0.568818
-0.396039 -3.511170 -0.928579
-1.120083 -3.861000 0.384860
-5.102192 -1.257749 0.155568
-4.076697 0.763693 -2.137043
-1.747607 0.168027 -3.323376
-3.243096 -2.549734 -2.326764
-3.687196 -1.082424 2.764213
-4.162663 -1.178139 -2.342737
-4.332789 0.315887 -2.073577
-4.901090 0.519814 -0.826200
-4.323559 -2.678202 0.746144
-2.338370 1.517096 -2.642563
-4.978197 -1.094319 1.018881
-4.378358 -0.638442 -2.191629
-2.482916 -0.030158 -3.285942
-4.823393 -1.218170 -1.361081
-4.313240 0.481456 2.021688
-3.491678 -1.003500 2.902813
-3.662349 -2.794112 1.724927
-4.506281 -1.926401 1.494006
-3.567139 0.952702 2.473336
-4.925569 -0.975019 1.219872
-3.393179 -1.632639 -2.789724
-1.184842 -3.673855 1.197824
-3.045560 -3.548319 -0.978885
-1.592139 0.608500 -3.191484
-0.627969 -2.382966 -2.619782
-4.646811 -2.130317 -0.917389
-0.951798 -3.497302 1.474930
-3.447539 1.577983 -2.064184
-2.951599 -0.995960 3.160641
-5.047668 -1.487759 -0.062988
-4.087992 0.554436 -2.240562
-3.933337 -2.729764 -1.471668
-2.088406 -3.540084 -1.585081
-1.429086 -0.601373 3.381543
-1.929893 -3.838647 0.842669
-0.870814 -0.789292 3.267286
-0.988055 -3.356616 1.744810
-4.588603 0.241917 -1.746721
-2.911689 1.988216 1.961885
-0.968696 -3.743963 -0.828543
-2.309035 -1.186025 -3.297361
-1.072143 -3.829398 -0.538989
-3.969697 1.005581 -2.086568
-4.806253 0.056729 -1.428219
-1.892347 -0.567212 3.398309
-2.173275 -3.679904 -1.263700
-4.441243 -2.320432 1.157903
-2.932883 1.925586 -2.028008
-3.853934 -2.160571 -2.158872
-3.904008 -1.000812 -2.616415
-4.013223 -3.111136 -0.080696
-3.629552 0.451604 2.672739
-2.152817 0.489919 -3.216037
-4.173083 1.208755 1.658569
-4.627133 -2.371490 0.364904
-3.098516 2.582199 -0.157629
-5.070690 -0.261949 0.809036
-5.033845 0.238302 0.599192
-4.878573 -1.866512 -0.474107
-2.521899 -3.287487 -1.872282
-4.161281 -0.531040 2.427669
-2.087149 -0.750213 -3.379928
-2.114125 0.163192 3.308211
-2.520772 0.755428 -3.051566
-4.651890 1.064509 -0.845974
-3.452799 -3.442652 0.621051
-3.421928 1.618954 2.042374
-1.550952 -3.514025 -1.646086
-1.413344 -3.893116 -0.485208
-3.159121 2.391086 1.010861
-1.812384 -1.205183 -3.335548
-1.127478 -3.830559 0.598908
-3.309084 -0.103846 3.004654
-4.452437 1.057993 1.357589
-2.977906 -1.229944 3.108534
-3.457478 -2.417321 -2.292036
-1.973357 -3.941116 -0.099985
-2.568282 -3.764631 -0.770124
-3.828830 -3.122332 -0.859071
-1.051482 -0.423117 3.318720
-0.543860 -1.575986 -2.995392
-1.327031 -3.788749 -0.922888
-4.422534 -2.413906 -1.048334
-2.066561 -3.860339 0.712288
-2.621698 1.805341 2.305466
-2.492241 -0.862495 3.310009
-3.061926 -2.904356 2.089778
-3.677438 -3.039131 -1.325323
-4.275514 -2.724863 -0.772788
-2.297346 1.760409 -2.441952
-4.655443 1.077660 0.808281
-3.727916 0.004653 -2.731641
-3.267939 0.530248 2.861215
-4.245040 1.493372 1.148970
-3.374110 -3.486303 -0.622548
-3.272104 1.253956 -2.467297
-4.052323 -0.603677 -2.528977
-3.344699 -1.090941 -2.969525
-3.384344 -0.879711 -2.979467
-2.707993 0.250544 3.172324
-3.083569 2.272849 1.380438
-3.895242 -2.284645 2.018374
-3.336903 -0.044227 -2.980483
-4.297549 1.269831 1.386141
-0.651483 -3.696531 0.610064
-3.732440 -0.801624 -2.772255
-2.836780 1.080661 2.791613
-1.186568 -1.527392 3.201428
-4.460948 -2.494738 -0.765831
-2.825397 1.483675 2.518272
-3.169742 -1.154045 3.043777
-5.084659 0.005814 -0.580494
-3.739635 -0.629572 2.777963
-3.403936 -2.216753 2.478222
-5.160730 -0.442288 -0.352405
-0.510257 -2.936010 -2.059807
-3.911495 -0.391420 -2.644659
-2.338823 2.027970 2.147893
-4.608387 -1.172846 1.781747
-3.056795 0.526231 -2.962495
-2.346381 -0.415240 3.350178
-5.015320 0.497048 0.071630
-0.592767 -2.782234 -2.270758
-2.701247 -3.739252 0.727446
-4.717296 0.478934 -1.371592
-4.075997 -2.869053 -0.950944
-0.953336 -2.216537 2.844771
-4.708505 0.485401 1.385846
-4.352157 -1.986178 -1.696716
-3.756485 0.969102 2.314191
-4.393241 -2.684756 -0.411190
-0.679008 -1.602097 3.039149
-4.602777 0.493680 -1.584344
-3.140876 -3.384910 1.289470
-3.274366 -3.130975 -1.630003
-1.056287 -3.761933 0.840550
-2.898736 -3.677978 0.716873
-4.578695 -0.035183 1.862528
-2.844418 -0.416515 3.226840
-2.953111 0.130548 3.118687
-5.134825 -1.018877 0.297338
-3.965857 1.215858 1.916903
-4.233625 0.802050 1.929044
-3.123554 -2.552440 2.395865
-4.452738 0.393044 -1.879868
-4.479539 -0.195648 2.037882
-1.750141 -3.713731 -1.239792
-0.510796 -3.177174 -1.741942
-4.093037 1.544559 1.354499
-4.189208 0.002780 2.335950
-0.965006 -2.216055 -2.848032
-3.285870 -3.595723 -0.078844
-2.265692 -1.364723 3.264832
-4.962731 0.508416 -0.564299
-3.770270 -3.278141 -0.384928
0.197828 -2.382183 2.521050
0.040511 -2.095637 2.662816
0.542813 -1.408981 -2.960434
0.220544 -3.329248 -1.523889
0.235160 -1.884063 2.790852
0.781705 -3.074120 -1.908933
0.410379 -3.416110 1.397544
0.403661 -3.034063 -1.965368
0.717352 -2.307877 2.587296
-0.027465 -3.632968 -0.648338
0.705844 -3.465770 -1.294723
0.594063 -3.759396 -0.027498
0.545771 -3.473948 1.287433
0.106693 -3.713899 -0.282350
0.757066 -3.657323 -0.754699
-0.025256 -2.827479 -2.113261
0.884164 -3.738963 0.124104
0.445382 -3.675687 0.702847
-0.161856 -3.423344 -1.193231
0.435382 -3.331781 -1.550719
-0.276504 -3.459856 1.024853
0.689747 -1.961936 -2.770773
0.052322 -3.573635 0.921799
0.764723 -3.203226 1.740693
1.412721 -3.312524 -1.332478
1.187913 -2.819901 2.104067
1.142812 -3.128229 -1.757631
0.209309 -1.856880 -2.798181
0.114562 -2.966002 2.001921
0.739861 -3.564911 1.054628
1.100006 -2.942883 1.999910
0.756953 -3.734914 -0.328783
0.450910 -2.769293 -2.242652
0.069045 -2.268359 -2.570891
1.269597 -3.558077 -0.817670
-0.201189 -3.657706 0.212656
0.869770 -3.067868 1.904767
-0.158487 -3.670022 -0.186475
1.126497 -3.553593 -0.937639
0.349547 -3.751405 -0.102900
-0.207413 -2.546450 -2.308315
-2.049193 -3.259913 -2.060589
-0.997074 -2.786005 -2.437072
-2.411945 -1.934983 -3.083833
-2.048563 -2.697216 -2.725179
-2.546072 -2.620903 -2.667460
-1.523128 -2.665064 -2.730319
-2.324057 -1.702202 -3.169286
-2.559527 -2.966750 -2.317869
-1.886858 -2.262937 -3.015845
-2.677839 -1.804531 -3.041497
-1.591996 -3.222751 -2.109063
-2.429879 -2.115785 -3.009157
-1.668925 -2.552738 -2.834281
-1.587108 -2.154805 -3.050201
-4.611032 1.414841 0.288438
-4.802064 1.037990 0.227183
-4.158021 1.850298 -0.685149
-4.246981 1.901611 -0.062174
-3.562842 2.359154 0.222938
-4.357154 1.741846 0.379295
-3.586594 2.335426 -0.325636
-3.761163 2.256740 0.226614
-4.209009 1.876832 -0.463973
-4.014293 2.063104 -0.388072
-4.573216 1.400110 0.521050
-3.855426 2.097264 -0.674926
-3.685544 2.163149 -0.779343
-4.766870 1.063363 -0.406533
-1.764956 -3.045653 2.382166
-2.369861 -2.686533 2.672698
-2.510961 -2.268357 2.912864
-1.422661 -2.714176 2.668318
-2.408410 -1.739438 3.143726
-1.329451 -3.127909 2.173175
-2.105529 -1.638829 3.218045
-2.490458 -2.427975 2.825978
-1.819048 -1.891983 3.166745
-1.748433 -2.370821 2.955965
-2.552985 -1.903305 3.056189
-2.696551 -2.006354 2.967465
4.130234 -2.385890 -1.270918
3.440882 2.355542 -1.603002
2.175956 -3.577930 0.105973
1.956881 -0.463645 -3.387586
1.925496 -1.707569 3.044288
1.898275 2.853385 -1.507002
4.362039 1.722085 -1.282027
3.915696 1.735622 1.904093
2.297693 0.207682 3.348530
2.458121 -3.467616 0.700032
2.967812 -3.001794 -1.566797
3.446650 -2.973903 1.151440
4.795911 0.651595 1.498543
2.697956 -2.875799 -1.915610
2.832313 3.044729 -0.362364
0.953950 -0.200025 -3.275741
4.815075 -1.827187 0.423851
5.240293 -0.298130 -0.379899
4.730777 0.301543 -1.757900
0.930774 -1.777657 2.860919
4.316615 2.130536 0.371242
2.239024 -3.131967 1.669859
3.836553 -0.314421 2.766547
3.530921 2.726910 0.497583
3.419074 -1.963216 -2.450957
2.627603 -0.237110 -3.312275
2.880380 -3.261225 -1.056696
2.588427 -2.411004 -2.473238
3.660355 -0.284551 2.885225
2.647506 -0.557416 3.288698
4.574550 -0.564800 -2.017330
5.256851 -0.129057 0.198285
4.758302 1.548658 -0.376116
2.818190 0.552069 3.177116
3.197484 -3.104345 1.144788
4.951910 0.253175 1.349533
3.527772 -0.292429 -2.962633
3.073976 -3.324115 -0.544025
4.954079 -1.582801 0.279488
0.855110 0.590339 3.151365
3.667006 -1.437539 2.600408
2.358997 -1.059734 -3.249929
3.334974 2.764748 -0.799507
3.950305 -2.473684 -1.416319
4.214265 1.945056 -1.206715
3.890213 2.535662 0.019625
3.096870 -2.664952 1.983458
3.188890 -3.137506 -1.066521
5.234728 0.229211 0.118453
4.898405 0.030520 -1.515288
0.998034 1.088664 -3.027169
2.846499 -3.430144 0.347522
4.377342 0.790594 2.066775
1.905347 -1.326417 3.206003
2.542580 0.190882 3.309543
2.006585 2.777477 1.646571
1.074244 0.040099 -3.298484
4.630037 0.857200 -1.672854
1.263823 -2.777204 -2.127430
2.465419 -2.505724 2.419759
3.264807 -2.955058 1.404721
3.796096 -2.624111 -1.384707
4.421469 1.935331 -0.693452
2.581272 -2.775573 -2.092397
3.557138 -2.512480 -1.820383
5.209829 0.226309 -0.428142
4.902393 -1.714596 -0.105729
3.515176 2.176185 1.792998
4.063175 -2.513953 1.157140
4.190567 2.072312 -1.003291
1.281326 0.910262 -3.162187
1.818100 -3.570188 0.399453
4.603531 1.757865 0.491376
3.673232 -2.876274 -1.043264
1.411469 -2.457127 -2.496410
1.486802 -0.618753 -3.351884
4.052872 -1.223354 -2.388292
3.192687 2.633650 -1.340122
1.554781 -0.051365 -3.382565
2.517848 0.404840 3.282618
2.867306 3.014207 0.509650
3.616555 -2.653204 -1.561040
1.625941 -3.585293 -0.051961
5.126636 -0.206330 -0.953563
4.321418 0.567614 -2.221594
2.732433 -3.480673 -0.046451
1.643654 0.433235 -3.334013
2.029474 -0.205740 3.396323
4.163188 -0.041181 -2.498963
3.409509 -1.728688 2.610722
4.090945 2.285686 -0.669310
3.479893 -2.437375 -1.977880
5.070170 -0.863741 -0.908985
5.208493 0.408952 -0.075168
2.019062 -0.899483 3.322758
1.976556 -3.591014 -0.085462
2.095558 -2.580389 2.411035
4.159855 -0.974597 2.382884
5.091462 -0.055686 -1.057618
4.074827 -1.966358 -1.877771
2.968919 -2.670333 -2.050244
2.272854 -2.430298 2.528478
3.675668 0.757595 -2.714287
2.589709 2.960642 1.039903
2.467451 2.911650 1.245374
2.175923 -0.091978 -3.383644
4.550391 -2.036770 0.971671
1.899119 -2.732285 2.262214
2.110733 -2.721854 2.260639
2.371324 -1.529572 -3.084726
4.911700 -0.763035 -1.393522
1.243940 0.596232 3.248798
2.224958 -3.503043 0.692732
3.470249 1.997808 -2.042514
3.919100 1.586806 -2.039736
4.237967 1.358542 -1.873170
2.666287 -3.208047 -1.352571
2.641489 2.651008 -1.690838
4.793574 -1.915387 0.099885
3.505087 -0.691789 -2.934981
1.166191 0.872040 3.152824
1.828654 -3.048832 1.846668
1.835602 -1.887321 2.948606
5.053852 0.229078 -1.095484
4.282969 1.674782 1.487885
2.940433 -3.246292 1.041123
4.771980 1.049737 -1.245524
5.233907 -0.635053 -0.063073
2.723782 -1.063303 -3.171932
4.240888 1.461935 1.779367
2.491633 -1.185750 -3.190440
4.520429 1.788369 -0.754295
3.392944 0.721995 -2.894580
3.315235 0.514769 2.991958
2.560099 0.680858 -3.210357
5.140036 0.130135 -0.846655
3.070487 0.502990 -3.100681
3.627290 1.700044 -2.204302
3.624275 2.516983 -1.052860
4.066913 -2.177863 1.664154
4.736976 0.924153 -1.431852
1.693237 -1.636696 3.074445
5.133985 -0.125143 0.926398
4.850542 0.001006 1.612233
3.293550 -0.269101 3.084005
3.534628 -1.116717 2.813774
1.508550 -1.316528 3.190097
2.691096 0.177028 -3.276325
2.031758 -1.079945 -3.277803
3.235778 -2.356772 2.236140
4.173643 -2.189231 1.497414
3.076193 -1.946395 -2.648704
5.045942 0.239560 1.115044
3.878731 2.390525 -0.904064
3.330698 1.913227 2.228907
3.794872 2.449968 0.915984
4.660058 0.610132 -1.757764
3.421664 -0.477161 3.008916
4.718630 1.604995 0.413184
3.600972 0.106479 2.907296
1.069980 -0.515552 3.290903
4.613603 -1.587507 -1.432623
1.797226 -3.553437 -0.518956
4.945392 -1.220703 -1.002668
3.688792 0.577225 2.763121
2.087785 0.693239 3.274918
3.785645 1.928676 1.833070
3.623792 -1.573625 -2.560262
4.728505 0.265308 1.772210
1.010757 -1.882817 -2.824681
3.364820 2.237987 -1.840986
4.935643 1.261638 -0.037856
3.764498 -2.461817 -1.673552
4.946250 -1.262183 0.956430
5.245468 0.029148 -0.265504
4.260571 0.307374 -2.357856
1.518471 -1.832345 2.959620
1.547560 2.412019 -2.160395
3.201132 -0.838372 3.058972
2.740037 2.914531 -1.061819
3.931268 -0.346382 -2.694032
2.373718 -2.174114 2.716750
4.457940 -1.649651 1.646177
2.865839 -2.616305 2.165396
3.457551 0.040905 -2.993414
2.202692 2.691322 1.766693
2.885128 0.145833 -3.224533
1.871449 -0.799501 3.346047
3.771709 -0.296367 -2.811573
1.550213 -2.516808 2.463442
3.034760 0.237433 -3.162090
1.164171 -2.406073 -2.485147
4.606049 0.173976 1.975650
1.794443 -3.449403 0.978949
1.407187 1.376707 -2.985018
2.685705 1.815071 -2.711115
2.581146 2.307868 -2.240548
2.595649 1.675337 -2.838540
1.471403 1.752965 -2.787311
2.372223 2.096838 -2.551362
1.952802 2.329625 -2.316581
2.248274 1.252556 -3.115746
1.806971 1.855073 -2.781663
1.724116 1.028479 -3.177536
2.084554 1.656022 -2.929316
3.520011 -3.154970 -0.562618
3.549014 -3.114208 0.655920
3.343482 -3.300637 0.043660
3.482608 -3.189141 0.495909
4.309651 -2.649024 -0.026068
3.722158 -3.049850 -0.552944
3.827919 -3.052489 0.178348
3.297096 -3.304424 -0.241214
4.115210 -2.550244 0.982748
4.279505 -2.610600 0.479567
3.926456 -2.875846 -0.664736
1.558551 2.134321 2.480545
2.503818 1.979051 2.633087
1.738765 2.191334 2.461076
2.727361 1.558654 2.868611
1.868967 0.952121 3.211982
1.849956 1.794078 2.831883
3.119732 1.633597 2.634067
2.239804 1.736171 2.869022
2.217380 1.380170 3.066899
1.539248 1.655126 2.871469
2.281806 0.945002 3.205818
-2.131822 3.819659 -1.247134
-0.226524 2.919267 2.934497
-2.786181 3.506279 0.434838
1.564625 2.761299 -2.376746
1.657822 3.822073 1.049885
-1.112563 2.834886 2.865316
1.401020 3.844261 -1.389887
1.742156 3.943184 -0.383822
0.551985 3.292802 2.562151
-1.836405 3.588648 -1.912262
0.880639 3.939636 1.711596
-2.152131 3.859460 1.129384
-2.876465 2.961985 1.346996
-0.595179 2.206563 -3.210857
-0.097187 4.391708 1.303331
0.225534 2.081299 3.213226
-3.058760 3.150708 -0.432618
0.266444 3.338380 -2.606451
0.341800 3.689548 -2.271796
-0.676013 4.436335 1.147280
-2.411715 2.404821 -2.350572
0.783730 4.108389 -1.496849
-2.284103 2.649207 -2.336384
0.331690 2.191004 -3.167793
-1.648160 4.158892 -1.134266
0.700642 3.752252 2.065604
-2.783944 3.549551 -0.099875
-1.880596 2.738586 -2.579924
-1.791393 4.238632 0.644921
0.362566 4.570960 0.416547
-0.120558 2.686357 -3.047506
0.864483 4.275620 -1.047916
-1.285892 4.391175 0.871294
-0.171847 3.982640 -2.018675
1.771807 3.944325 -0.138698
0.159325 3.631646 2.371312
-2.758841 3.271361 1.138371
-1.078175 2.029680 -3.173122
1.602032 3.689467 1.400959
1.089077 2.468792 2.817864
0.800650 3.761146 -2.005336
0.505727 2.609820 2.978246
-0.686323 4.080612 1.843487
1.435661 3.684685 1.608850
0.734638 4.384019 -0.853919
0.854473 4.447710 0.267709
1.471488 2.494400 -2.585668
-3.180817 2.906928 -0.575726
1.105203 2.869777 2.610140
-0.996543 3.211298 2.665281
2.123564 3.579751 0.471268
1.472902 2.749066 2.451185
-1.000964 2.601317 -3.007327
2.107984 3.630412 -0.258518
-1.690584 4.322660 0.458378
-0.904275 4.096788 -1.759797
-1.610312 2.771481 2.708608
-0.757993 2.310229 3.159009
-1.604124 2.741216 -2.729340
0.108843 4.638360 -0.021912
-0.836952 4.131471 1.724663
-0.953549 4.315876 1.328072
-2.624830 3.618003 -0.683931
0.233302 4.301466 1.416046
-2.919255 3.340805 -0.454255
1.077196 4.197235 1.006756
0.376815 4.494130 -0.806553
1.273378 3.765755 1.653307
-1.461540 3.315027 2.414918
-2.314296 3.609307 1.361937
-2.237837 3.222540 -1.945709
-1.182450 3.463923 -2.407709
-1.172802 4.511505 0.466266
-2.360636 3.940460 0.202312
-0.441450 2.837429 -2.976562
-0.762764 3.825986 -2.163632
-2.073246 4.029209 0.819472
0.383469 2.874366 2.880600
-3.085288 2.837075 -1.044778
-2.946326 2.665233 -1.530012
-0.559680 3.929142 -2.074160
-2.415328 3.370924 1.572063
-2.170023 4.084991 -0.118593
-0.132043 2.879900 -2.953675
0.999288 3.795602 1.835917
-2.202971 3.653280 -1.446955
-1.344042 2.726793 -2.846720
1.193480 3.246626 2.290744
-0.930621 2.668294 2.991939
2.161762 3.574668 0.243411
-1.735017 2.490433 2.780336
-1.782819 3.377462 2.173955
-2.998104 2.804173 -1.292210
0.295327 4.604824 -0.192429
-0.213611 1.914481 -3.290401
-0.770314 2.973286 2.866001
0.242376 4.197842 -1.614995
-2.749707 3.587270 0.096000
-2.827036 3.479465 -0.318957
0.478023 3.243486 -2.624059
-2.977607 3.222023 0.600866
1.735812 3.562233 -1.424533
-1.807518 3.829849 1.608017
-1.260664 2.636082 2.917020
-1.463614 3.260653 -2.459594
-3.091441 2.969799 -0.797577
-2.450072 3.559756 -1.231688
-2.855631 3.152816 -1.123528
0.189043 4.530677 0.794492
-1.180495 4.095407 1.638767
-1.868026 2.702162 2.605529
1.408501 2.616016 2.567976
2.101099 3.651516 0.036622
0.205906 4.291775 -1.447782
-2.155747 4.075195 -0.349149
-2.099678 3.644130 1.585745
-0.168665 3.340530 -2.661569
-0.709603 0.961510 -3.640804
-1.472715 1.417148 -3.365092
0.213267 1.473851 -3.433202
-1.509006 1.526956 3.309748
0.104888 0.316880 3.694655
0.336253 0.835689 3.590837
-0.156869 -1.878702 3.130941
-0.082952 1.519248 -3.459577
0.348527 -0.796090 3.530385
-1.917616 1.621734 3.106485
-0.390201 -0.546464 -3.675102
-1.109446 1.827611 -3.274697
-0.291276 -1.260743 3.461684
0.761455 1.127544 -3.400075
-0.571365 1.653114 -3.420780
0.334360 0.479182 3.641687
-1.172148 0.381722 3.661582
-1.788068 1.345374 -3.279614
0.474156 0.451392 -3.611631
-0.138247 -1.409919 -3.387083
-0.107524 0.512464 3.706123
-1.218990 1.000777 -3.558728
-1.208375 1.434470 3.427602
-0.524520 1.349928 -3.540222
-0.993886 -0.235004 3.680219
-0.007801 1.258087 -3.543625
0.871509 1.528566 3.214235
-1.299072 1.836792 -3.225850
-0.716534 -0.123467 -3.720856
-0.119010 -1.571206 3.306006
-1.126869 -0.175152 -3.664160
0.023793 -1.147025 -3.477692
-0.706173 0.361591 3.724693
0.292160 -1.433095 -3.308649
-1.503085 0.555226 -3.565046
0.552536 0.661736 3.566170
-0.763691 -0.020499 3.722814
0.497263 0.785621 -3.561555
-0.404645 1.028707 -3.634204
-0.039165 1.043608 -3.607646
-0.017258 -0.915201 -3.560497
-0.741326 1.511124 -3.469736
-1.000140 0.206665 -3.698809
-0.120970 -0.516331 -3.666496
0.244657 -0.719575 -3.572027
-0.733991 0.828683 3.665851
0.421194 1.697864 3.289475
-0.042050 0.384438 -3.710345
-0.290502 0.010544 -3.734392
0.492105 -1.215047 3.354015
-0.246445 1.490131 3.483974
-0.560153 -2.769094 -2.750225
-4.516870 -1.786532 2.228928
-0.567592 -2.111540 -3.173359
-2.486190 0.775153 -3.426031
-4.930547 -0.343542 2.006274
-1.447153 -3.896379 1.632701
-1.889946 -1.432857 3.632384
-4.704230 0.450446 -2.107806
-4.607351 1.858641 0.453572
-4.438752 -0.248625 -2.613766
-3.165197 -0.644562 3.473163
-0.652967 -2.436783 -3.024452
-0.997698 -3.533508 -2.112046
-5.462935 -0.232855 0.574235
-4.094176 1.987215 -1.485708
-4.379825 -2.183155 -2.134914
-3.119962 0.192380 3.412787
-4.901851 -2.606823 -0.087011
-4.511073 -2.073586 2.050932
-2.699371 -2.735176 -2.891203
-5.255998 -0.622656 1.380217
-5.130712 0.615640 -1.187637
-3.851164 -3.658820 -0.154740
-5.426322 -1.051330 -0.666051
-2.219649 -4.179297 -0.780207
-0.308307 -3.536237 1.700310
-3.031145 2.711947 -1.340106
-3.256216 2.888169 0.053695
-4.897803 -0.835274 -2.046480
-1.923941 -3.292405 2.537051
-2.405478 -1.057168 3.652329
-4.653282 -2.943031 -0.008305
-3.892160 2.400958 0.912732
-3.254056 2.529718 1.531266
-4.506933 -0.825506 -2.545069
-2.717896 -3.101572 -2.566681
-3.464854 1.975292 2.187430
-2.624000 1.612999 -2.933457
-4.048985 1.551239 2.106263
-1.914413 -0.975182 3.713319
-3.814623 2.510468 -0.704259
-3.214743 -2.401966 2.914675
-1.770253 -3.306703 -2.525148
-1.185075 -3.084609 2.683237
-2.921295 1.694291 -2.767215
-4.748089 -0.733287 2.269114
-4.886397 -1.065383 2.018790
-4.457232 -2.956071 -1.012390
-4.865759 0.309354 -1.932410
-3.967914 -0.742431 -3.027343
-3.162694 -1.497309 -3.342956
-3.584548 2.194454 -1.792131
-2.778431 -3.393171 2.213223
-1.536881 -2.139521 -3.375510
-3.281099 0.123470 -3.359196
-1.386102 -0.539158 -3.718918
-5.184135 -2.094209 0.117498
-4.736401 -0.486039 2.290979
-2.627554 2.275078 -2.302060
-5.409816 -0.406080 0.892994
-4.860232 1.567203 0.173019
-2.881439 -2.302535 3.114327
-4.055348 1.885987 -1.699537
-5.034740 -2.382675 -0.181771
-2.483215 -2.295461 -3.231008
-5.112211 0.995932 -0.710336
-2.190996 -2.905144 2.874810
-1.709160 -0.785361 -3.731583
-1.846568 -4.037807 1.343662
-5.159239 0.477472 1.233679
-4.910103 -2.420615 -0.829305
-5.372143 -1.322629 -0.699304
-3.166439 -3.217025 -2.223312
-4.621934 -1.877745 2.036618
-2.252797 -3.039546 2.749235
-3.910848 1.734273 2.059592
-5.347368 0.406435 0.596477
-5.506057 -0.409843 0.300767
-2.933326 -2.523678 2.959251
-1.608838 -1.898443 3.483659
-2.551821 -2.644459 2.999878
-5.042852 1.256577 -0.298768
-4.509350 -0.840952 2.541135
-4.593299 -2.888257 -0.774691
-2.531438 -1.677921 3.485511
-2.770558 1.853074 2.691364
-3.870463 -1.000150 3.068774
-0.921465 -2.532223 -3.051422
-4.078866 -2.539335 2.177562
-5.010545 0.102029 -1.769890
-4.410528 0.202768 -2.550875
-1.930837 -3.627529 -2.116857
-4.911493 -1.939411 1.500187
-3.974114 -3.556333 -0.356016
-2.705505 2.103513 -2.469936
-3.866297 -1.265464 3.020673
-4.957566 1.302956 -0.684631
-3.673278 1.347824 -2.609681
-1.072846 -3.147640 -2.593776
-4.293480 1.715499 1.597049
-3.870931 0.401208 -2.952347
-2.329306 -4.205108 -0.558936
-4.216868 1.221684 2.218480
-2.394449 -3.850794 1.644233
-2.037325 -3.532314 2.239829
-5.033515 -0.261249 -1.823167
-4.647717 -0.847099 2.383152
-4.607170 0.046380 -2.375813
-3.744295 -2.985340 2.047539
-4.681919 1.752299 -0.528004
-0.749014 -4.008650 -0.973189
-2.867062 -0.252708 3.566738
-3.793977 -2.420282 2.535774
-5.510810 -0.816598 0.043689
-0.262837 -3.518992 -1.690124
-4.071995 1.312552 -2.296712
-4.970969 -2.438359 0.486664
-1.418583 -3.999439 1.394619
-2.976878 -0.670224 -3.541256
-5.293945 0.538730 -0.680781
-4.825812 -2.698356 -0.301814
-3.691860 -0.771381 -3.206869
-4.999708 -2.126025 1.065894
-2.517196 1.361247 -3.130262
-5.259374 -1.323529 1.133860
-2.526147 2.242703 2.375820
-4.559897 1.939918 0.271755
-4.959319 -1.187257 -1.864079
-3.814620 2.399317 1.079006
-5.052049 0.899555 -1.090866
-1.841000 0.653524 -3.541015
-1.115589 -4.175696 0.621031
-5.048541 -1.489292 -1.556406
-5.232687 -1.072937 1.340349
-3.174757 2.797138 0.924278
-4.311957 -3.265561 0.442455
-4.560779 1.918483 -0.418182
-3.591637 -3.809498 0.266974
-3.621149 -1.464821 -3.123898
-3.205678 1.177258 2.996923
-4.777169 -2.676323 0.692555
-2.624990 -2.162410 3.266488
-4.470127 1.232684 1.893246
-1.149778 -0.825300 -3.675761
-2.093827 -3.218124 -2.599863
-3.639519 2.051353 1.943267
-3.876703 -1.333822 -2.995972
-0.656956 -1.141214 3.517712
-3.354364 -3.587061 1.508733
-3.485042 -2.254221 2.858845
-3.755140 2.423909 -1.120822
-4.219718 -2.875085 1.620014
-4.901293 -0.002666 1.988199
-4.719609 -0.984623 2.271743
-4.684932 -2.571590 -1.207469
-2.150761 1.524845 3.091109
-4.750122 -0.096080 -2.228248
-4.712903 1.768686 -0.150096
-3.074860 -2.647061 2.812130
-3.933321 1.883390 1.855448
-1.480941 -4.038167 -1.310097
-0.676264 -2.155976 3.191180
-3.207163 2.287313 1.978460
-5.303813 -1.765387 0.305985
-4.589986 1.918690 -0.103581
-2.364473 -2.607838 3.066811
-5.170148 1.010389 0.265922
-3.037603 -2.026177 3.197538
-3.601004 -3.154341 -1.969942
-2.644744 -2.461255 -3.095080
-3.505447 -1.888159 -3.035761
-5.216661 -0.366556 1.466125
-2.868811 -0.038323 3.541922
-4.397977 -1.951467 -2.273126
-1.125928 -3.506518 2.192536
-0.339474 -3.286354 2.100705
-4.422657 1.187835 -1.998412
-1.261419 -2.073002 -3.375078
-5.058692 -2.258492 0.563126
-3.441811 1.499508 -2.652322
-4.023948 2.409364 -0.457173
-5.382775 0.144480 0.730383
-5.380981 -1.374518 0.585567
-4.286757 0.392022 -2.612010
-2.698068 -1.801772 3.402292
-4.079021 0.343923 2.812628
-3.541741 -2.841812 -2.371530
-3.080336 -2.233985 -3.074904
-4.985223 -1.006123 1.873407
-2.415285 1.545074 -3.033569
-5.397761 0.400773 0.065904
-0.466519 -2.276135 3.045557
-2.890728 0.276117 3.475280
-0.925799 -2.711014 -2.928683
-5.133315 0.387783 -1.367976
-3.510449 2.767843 -0.020883
-2.201890 0.056054 3.666974
-2.283796 -0.339217 3.700317
-3.972849 -1.970390 -2.675459
-4.165260 -3.280100 0.915341
-3.392795 -1.649996 3.189950
-3.065792 -1.100207 3.468814
-5.477489 -0.838163 0.487352
-0.899419 -3.968839 1.228674
-2.193779 -3.662531 2.029241
-3.375222 -1.417081 -3.269354
-1.139059 -2.910458 -2.827336
-2.880909 -0.813920 3.564813
-4.471980 -3.143436 -0.093116
-4.357996 2.115467 -0.500680
-4.751747 1.125857 -1.535577
-5.286537 -0.827213 -1.272166
-3.672824 2.616547 -0.626556
-1.726899 -2.939569 2.875152
-5.094241 -2.257216 0.295040
-0.329109 -2.694101 -2.697012
-1.726372 -0.304605 -3.731477
-4.428747 -1.186480 -2.562607
-3.755558 -1.802478 2.918077
-3.900962 2.099159 -1.576007
-4.742816 -0.136834 2.246185
-3.369395 -3.932558 0.094314
-5.194847 0.273398 1.287258
-2.085277 0.310561 -3.627148
-2.175453 -4.037908 1.285779
-3.600707 -1.280469 -3.183955
-1.655996 -0.022992 3.701054
-1.700682 0.044010 -3.691776
-2.289937 1.328559 -3.194583
-2.477019 -1.973708 3.386976
-5.419220 -0.584531 -0.864426
-5.488100 -1.037744 0.056071
-2.068328 -4.260673 -0.348169
-1.982275 -4.207397 -0.745594
-4.793333 -2.383218 -1.242355
-2.743430 -3.194732 2.461068
-1.395432 -4.250646 0.360738
-3.866861 -2.898399 -2.027487
-4.338637 2.075888 0.748235
-0.500330 -2.502489 2.920538
-0.415165 -3.191065 -2.266382
-3.833109 -0.482134 3.126046
-2.207291 -0.361249 -3.710699
-0.778790 -4.007162 1.009319
-1.784126 -1.767367 3.535852
-0.433306 -3.739498 -1.409338
-3.062175 -4.044310 0.349019
-4.865833 0.256524 1.955269
-1.685370 -0.447270 3.737621
-4.647666 -2.486784 -1.417389
-0.397828 -1.580419 -3.317853
-4.566664 -0.253667 -2.477594
-1.698666 -1.656712 -3.570764
-2.948198 -2.756284 -2.783385
-3.213165 -0.489654 -3.454119
-3.661657 0.465490 -3.069396
-2.092320 -4.185914 0.810442
-2.651336 -4.154394 -0.473045
-1.298136 0.127657 3.646855
-0.386498 -3.915101 0.840888
-1.007222 -1.978061 -3.367949
-2.137896 -4.249416 0.400143
-5.048766 -1.784742 -1.333246
-0.841863 -3.903864 -1.358006
-2.551416 -3.205468 2.516500
-1.752134 -2.191573 -3.359215
-0.631355 -2.594480 -2.911628
-1.716170 -4.287399 -0.027179
-3.340240 -3.271280 -2.034391
-3.987571 2.439110 0.440912
-3.035424 -1.379605 -3.423522
-1.700597 -1.119477 -3.695026
-4.696163 1.360067 -1.358790
-4.185287 -0.717635 2.859721
-4.303767 2.030140 0.987476
-3.011501 -3.942193 0.976214
-1.713122 -2.729511 3.037347
-0.388732 -2.627239 2.779940
-4.951672 -1.194704 1.874894
-2.036429 -1.109736 -3.688534
-0.412775 -3.963354 -0.672173
-3.173798 1.513497 2.792493
-3.331855 2.059297 -2.186876
-1.039677 -0.866656 3.652175
-4.095418 1.118810 2.419145
-3.878871 2.540360 -0.216683
-0.553573 -4.080934 0.022483
-5.235616 -1.925652 -0.391604
-5.469229 -0.541517 -0.618222
-1.994631 -3.752936 1.916074
-1.381936 -1.969272 3.436577
-5.171012 0.151468 -1.415490
-3.636856 2.161469 1.789279
-4.599061 -2.419093 1.595112
-5.516465 -0.561825 -0.177572
-0.933824 -0.688770 3.640329
-4.639753 -0.432542 -2.408159
-0.731628 -3.035334 2.588720
0.184708 -4.034698 -0.244535
0.174408 -2.998871 2.418400
0.728731 -3.845365 1.175875
0.963911 -3.027741 -2.383955
-0.196611 -3.812851 -1.027685
0.291352 -3.233993 2.189939
0.587931 -4.063089 -0.059455
0.430341 -4.055227 -0.206887
0.837337 -3.970775 -0.728686
-0.224960 -3.769505 1.131813
0.906332 -3.767668 1.329552
0.427592 -2.955093 2.484515
0.300102 -2.225317 -2.974989
1.265128 -3.815827 -1.042108
0.953646 -4.003577 -0.486465
-0.065101 -3.965434 -0.518335
0.812173 -4.042501 0.272215
0.887332 -3.497220 -1.831303
0.014937 -3.849453 1.049548
-0.203082 -3.838111 0.944006
0.750461 -3.749271 -1.401359
0.244377 -3.417671 -1.951541
1.318164 -3.948096 0.414852
-0.142530 -3.075466 2.270358
1.116595 -3.961502 -0.594365
0.310738 -2.037780 -3.063529
1.467336 -3.931351 0.168916
0.746339 -2.422223 2.871989
0.213793 -3.486399 1.848354
0.967344 -3.189574 2.216079
0.210566 -3.736284 -1.402305
0.462362 -3.938945 -0.900605
0.478993 -1.528315 -3.243588
0.687007 -4.031400 -0.443767
0.656543 -3.428820 -1.957274
0.429674 -3.817287 1.254781
4.258930 2.664195 0.281548
3.567324 3.039600 -0.791794
1.419834 -0.046459 -3.710282
2.839468 -0.745708 3.568347
3.209857 -0.838275 3.429565
4.956267 -0.111620 2.101354
4.775713 -2.516776 -0.330838
4.814148 1.326162 -1.722627
4.723438 0.433678 2.326968
3.462497 -2.815350 2.135455
3.220643 -2.702786 2.419288
5.395220 0.533081 -0.991585
2.774642 3.431750 -0.104294
4.294672 1.940739 -1.875399
4.860044 0.148458 2.211624
3.527672 0.235437 3.321982
3.107918 3.262743 -0.699144
5.093041 -0.551424 1.851947
3.520167 3.143159 -0.324600
2.570486 -3.224116 2.075432
4.982985 0.601571 1.903525
1.989207 -3.928752 0.152946
5.039081 1.701252 0.556892
4.141118 0.267094 2.930641
5.240000 0.488723 -1.455258
3.312233 0.459730 -3.384950
1.749751 -3.924972 -0.232992
4.074901 2.438519 -1.471339
4.828297 -2.107292 1.239472
3.519126 -0.700830 3.315336
3.073515 -2.287136 -2.852931
2.591570 -0.965454 -3.585949
3.337174 -2.573410 2.481025
3.394635 -2.226949 2.740753
5.150555 -0.534851 -1.750287
4.750892 -1.386142 -2.055753
4.116441 1.790881 -2.229155
4.142643 -2.258813 -2.127593
5.341777 -1.564054 -0.100907
5.147522 -1.770857 -0.844895
3.445336 -3.568520 -0.311179
2.433089 -3.168120 -2.194449
4.575775 -2.650012 0.773503
3.383986 1.481697 -2.977341
4.575386 -2.188516 1.629427
5.012697 -2.194871 -0.254447
2.279364 1.474606 3.321589
3.412084 1.447296 2.982834
2.683274 -2.268849 3.002090
4.200125 -2.908356 1.076861
2.924572 1.791539 2.986853
4.510952 1.467437 -2.053090
2.326638 -1.769879 3.360384
2.787558 -2.425110 -2.855343
2.672861 -0.084631 -3.649268
2.177157 2.339189 -2.733099
3.938274 -3.285843 -0.349221
1.119719 1.069214 3.441210
5.308600 -1.567993 -0.478307
4.916907 1.699473 1.038432
5.286173 -0.016671 1.496957
2.258402 -2.260378 -3.091754
3.297335 -3.424360 -1.222561
2.920420 -1.879405 3.167322
3.825062 -1.240971 -3.006692
1.074252 1.638874 -3.162773
4.461163 -2.475327 1.426544
4.746181 1.142497 1.972726
4.469521 0.556160 -2.574887
1.034348 0.748848 3.523421
1.256360 0.926007 -3.515968
2.742981 -3.740294 0.798758
5.225164 0.802612 1.301111
4.882869 1.083652 -1.798769
1.966219 0.313229 -3.703605
4.328852 -2.026264 -2.132920
1.539632 2.514162 2.559474
1.641874 0.129304 3.719829
3.557016 1.004519 -3.111228
4.902327 -1.075277 1.994113
2.346800 -3.776032 0.960994
1.998553 0.609764 3.650516
3.699350 -1.383310 -3.033036
5.564567 -0.209872 -0.535770
4.671741 2.246693 0.378529
2.761929 -3.817160 -0.228873
4.045290 2.553598 -1.294584
3.920867 2.357509 1.801415
5.189478 -1.867404 -0.350849
3.939733 0.366958 -3.059181
2.587279 -2.332479 -2.981237
4.889517 1.522356 1.372774
2.216689 3.400241 -0.971286
1.446976 1.647530 -3.228079
2.458601 -1.137622 3.570101
5.235946 0.398414 1.504232
2.354846 -0.644408 3.680497
5.452125 -0.835930 0.834305
5.079747 -1.944166 0.761021
3.494900 1.290652 -3.019708
4.486574 2.408305 0.578136
5.123516 -1.932101 0.581043
1.487730 -3.032900 -2.405245
4.336253 -1.777346 -2.315785
2.133112 -1.267663 -3.571983
3.171534 -1.673439 -3.175622
4.362040 0.826581 -2.588415
4.663336 2.284152 0.076962
1.919008 2.273952 -2.809174
2.437640 -3.883592 0.211312
2.070840 -3.467711 -1.796041
4.766075 -0.747133 -2.292001
5.322604 1.226922 -0.036807
3.133888 -0.362885 -3.513066
3.938884 -3.189159 -0.841154
4.775461 -2.340401 -0.947984
2.210530 -3.891090 -0.445038
3.266654 -1.799309 3.073024
3.449300 -3.495800 -0.754595
3.011981 0.790794 3.420671
4.968602 -1.820975 -1.302360
0.789634 0.049312 -3.573914
4.050584 -1.225604 2.853281
2.855468 -3.459587 -1.528948
3.247475 -2.477507 2.619000
3.929669 2.740658 -1.050927
4.185023 1.334927 -2.501453
3.663677 2.339848 2.080239
1.800252 1.573040 -3.295231
4.103585 -3.176548 -0.269344
2.241868 0.780054 -3.590618
2.106216 -2.755771 -2.713596
2.213269 -0.860282 -3.663076
5.482996 -0.050059 0.930040
2.113060 -2.662440 2.798969
3.248779 -3.664452 -0.153680
4.341134 1.962178 1.788863
1.688986 -1.525465 -3.490207
3.167243 -2.374932 2.744612
2.685832 -3.113064 -2.188181
4.389887 -2.644739 1.264311
2.891199 0.794224 -3.457093
4.646893 -2.691445 -0.039083
3.117196 -0.855449 -3.460465
3.945041 -3.294202 0.206221
1.352814 -3.048116 2.362828
3.429788 2.607845 -1.918769
0.938379 -1.468957 -3.391742
1.914227 -0.321783 3.737878
4.504989 -1.161431 -2.463894
1.159765 1.745906 3.119631
4.167338 2.074347 -1.879315
3.551846 -1.182779 -3.186828
1.551591 -1.080672 -3.619572
2.955405 -3.406553 1.573364
5.459960 -0.474493 -0.985736
1.449141 1.831616 3.116987
2.874279 -3.099818 2.126802
3.396846 -0.509204 3.396919
4.865486 -2.374521 0.468773
3.008393 -3.729976 -0.415519
3.971166 -0.310954 3.087568
3.779392 2.606155 -1.572849
3.086824 -1.124298 3.409948
5.407591 0.975046 -0.241461
4.317948 -2.835233 -0.992468
0.961191 -1.726757 -3.289657
3.132167 -3.576155 -0.968279
3.916051 1.616920 -2.547955
4.991101 1.440720 -1.237244
1.884182 -2.067441 -3.236461
2.818213 -3.697863 -0.893166
3.395092 0.913154 3.227677
1.979468 -2.769233 2.710060
4.307793 -0.686382 2.787754
3.183097 0.709157 3.381222
5.449813 -1.245515 0.135875
4.876050 2.021864 -0.023001
4.244339 -1.117231 2.732728
1.857607 -1.162306 -3.612059
5.195822 1.490394 0.210944
4.004107 -2.653527 1.832057
1.202088 1.802617 -3.092171
4.162140 -1.421133 2.683086
2.277827 -3.684595 -1.276845
5.309490 1.183738 0.461711
4.625308 0.104581 -2.503469
2.634585 1.053673 -3.439934
4.330002 -0.957904 2.705792
2.754690 -3.375926 -1.751212
3.915299 -2.173467 -2.419982
3.364698 0.228656 3.399613
5.276160 1.213287 -0.598859
4.938026 1.196871 -1.611662
1.822037 -3.852926 0.773759
2.115928 -3.355129 -1.982248
5.229561 -1.486081 -0.992537
3.915583 2.645693 1.308722
3.162657 -1.421475 3.285585
2.517304 -0.281264 -3.680918
1.420083 0.631515 3.621150
4.527121 -1.258370 2.400077
3.081450 -3.478360 -1.309723
4.606669 -0.355306 -2.536349
3.980576 -2.962628 -1.355723
3.782650 1.570116 2.682086
1.951209 -0.820945 -3.685616
2.316256 -2.864941 2.578855
1.802788 -2.619153 2.846902
4.661777 -2.578917 -0.683600
3.844916 -2.889683 -1.671047
4.861842 0.095165 -2.215972
0.792209 -1.068478 3.475431
1.180009 1.451623 -3.287868
4.676458 -1.926359 -1.752379
3.288785 3.248172 -0.326613
3.917614 -3.202005 0.848324
0.836594 -1.837506 3.199231
4.949862 -1.516911 1.646682
4.397249 1.658928 -2.032588
2.644405 -2.985021 -2.363381
4.016757 -1.729499 2.644677
3.323947 3.247127 -0.112051
1.096313 -1.907392 3.235171
3.616081 0.523969 -3.224442
2.650429 -0.494871 3.644226
3.723581 0.824474 3.080905
2.622029 1.990367 -2.939051
2.976695 -2.893813 2.336807
5.013617 -1.848337 1.151855
3.337035 -1.559327 -3.154168
2.978976 -1.500712 -3.321517
2.177783 -0.389319 3.722037
4.495717 -2.119854 -1.829530
3.060266 2.266285 2.550268
5.389855 -0.728733 1.124954
4.941782 0.312717 2.062788
3.082244 2.540626 -2.240907
1.482455 -3.499058 -1.708133
2.243416 -0.564593 -3.701713
2.468435 -2.109036 -3.154574
2.167657 2.159456 2.891124
5.153527 0.462611 1.652819
3.012268 -1.581296 3.278015
3.444452 1.884718 2.677411
3.820177 -2.879492 1.716815
4.805571 0.315854 -2.251328
3.146350 -2.714190 -2.446997
3.624984 -2.028817 2.742169
2.606639 -1.735561 -3.325023
4.201511 0.845918 2.727800
1.708831 2.344490 2.742652
5.553487 -0.424799 -0.562057
2.263079 0.596736 -3.633112
1.976765 2.906465 2.088927
5.572238 -0.637846 0.184487
1.891541 -1.049953 3.641031
2.704004 -3.799033 -0.532838
3.815095 -3.137167 -1.230663
1.184302 0.023032 -3.671041
2.326476 -3.904336 -0.079114
1.747568 -0.445195 -3.729351
5.192698 0.935131 -1.275272
3.368407 -2.957500 2.021563
3.029028 -0.596556 3.531198
5.598549 -0.329232 -0.128970
5.126387 -1.950646 -0.503172
3.008201 -3.628772 0.937910
3.935601 2.835396 0.718560
1.954528 -2.106449 3.213159
2.460456 -0.512673 -3.677819
5.523208 -0.272819 -0.765087
1.484905 -0.627721 -3.695039
1.521911 -3.260149 2.114589
0.867756 -0.696327 -3.569503
1.155023 -1.502777 -3.430787
1.285350 -0.698441 3.660898
5.195430 1.327280 -0.754454
5.204715 -1.394008 1.176020
5.069268 -1.986581 -0.703551
2.050671 1.785580 -3.167205
4.601139 -0.639122 -2.508243
5.473691 0.514302 0.671629
3.421735 2.322153 2.286830
3.382652 0.561440 3.333322
1.474930 1.079162 -3.494717
5.513229 0.107636 -0.757330
1.709010 -2.922906 2.553216
5.542176 -0.832467 -0.212509
