    0.0156390156
    0.0176859467
    0.0193371314
    0.0235195579
    0.0186768785
    0.0157296461
    0.0174430311
    0.0243359050
    0.0206966907
    0.0244047249
    0.0257635870
    0.0139256558
    0.0201002887
    0.0125506744
    0.0095054123
    0.0232348779
    0.0266438626
    0.0208142199
    0.0093716990
    0.0168517523
    0.0185454179
    0.0210775541
    0.0151417759
   -0.0091653502
    0.0162632609
    0.0215291777
   -0.0002607269
    0.0042428420
   -0.0083822072
    0.0096887969
    0.0234159016
   -0.0007400338
   -0.0088443697
    0.0195594541
   -0.0016736126
    0.0148318823
   -0.0141936413
    0.0174521610
    0.0219490184
    0.0257359370
   -0.0036652998
    0.0088370321
    0.0043219968
   -0.0131867892
   -0.0050147777
   -0.0162106250
    0.0198980725
    0.0239061213
   -0.0120744039
    0.0142242972
    0.0033415017
   -0.0013887666
    0.0161566269
    0.0202063913
    0.0085184531
    0.0031453635
    0.0126872222
   -0.0025248482
   -0.0170096585
    0.0226232210
    0.0071324026
   -0.0122983729
    0.0260327737
    0.0129910080
   -0.0153637186
    0.0120557806
    0.0182777431
    0.0111092328
    0.0251523835
    0.0109763780
   -0.0002503496
   -0.0041500952
   -0.0185785429
    0.0270705425
    0.0174734787
    0.0124557959
   -0.0170132639
    0.0162139340
   -0.0075600488
    0.0248094766
    0.0045774692
    0.0237507006
    0.0211961384
   -0.0154208799
   -0.0107170639
   -0.0110495639
    0.0248823164
    0.0190468439
    0.0153142327
    0.0175138577
    0.0176414146
    0.0261678936
    0.0159544660
    0.0190187962
    0.0242582579
    0.0183289540
    0.0166058594
    0.0186799593
    0.0178988854
    0.0254948080
    0.0177605467
    0.0135475893
    0.0153763002
    0.0271439344
    0.0183557577
    0.0152189469
    0.0135480272
    0.0153480899
    0.0135560302
    0.0193505092
    0.0158545891
    0.0183063678
    0.0164202519
    0.0265282541
    0.0128160808
    0.0267428072
    0.0163264009
    0.0177314555
   -0.0320195144
   -0.0411497664
   -0.0356201045
   -0.0252777578
   -0.0444833868
   -0.0348838834
   -0.0434856042
   -0.0202859808
   -0.0448754462
   -0.0425978101
   -0.0270381019
   -0.0408682416
   -0.0443224277
   -0.0364609777
   -0.0439959253
   -0.0201686448
   -0.0446583054
   -0.0264011851
   -0.0169403984
   -0.0421184597
   -0.0391723006
   -0.0439849770
   -0.0408282405
   -0.0443330526
   -0.0309354824
   -0.0192516923
   -0.0424509621
   -0.0438460142
   -0.0335312774
   -0.0371527344
   -0.0308252672
   -0.0394478771
   -0.0421878386
   -0.0400595105
   -0.0431110118
   -0.0413503023
   -0.0383187336
   -0.0161855308
   -0.0315594387
   -0.0154691723
   -0.0336001048
   -0.0416749764
   -0.0436456054
   -0.0447028011
   -0.0213157691
   -0.0422536786
   -0.0205268446
   -0.0376048609
   -0.0432437902
   -0.0248809617
   -0.0429931886
   -0.0373520070
   -0.0334388848
   -0.0270258347
   -0.0394967179
   -0.0339788573
   -0.0425329525
   -0.0343741244
   -0.0213357207
   -0.0419696519
   -0.0388641266
   -0.0337725506
   -0.0402110164
   -0.0357981464
   -0.0284720769
   -0.0333770077
   -0.0398933791
   -0.0309488143
   -0.0335756200
   -0.0301519565
   -0.0320094765
   -0.0441148633
   -0.0331813479
   -0.0276472058
   -0.0361774989
   -0.0392841386
   -0.0376341569
   -0.0387604496
   -0.0449395933
   -0.0201237597
   -0.0378332500
   -0.0342042167
   -0.0270201318
    0.0028702627
   -0.0031629718
   -0.0019522382
    0.0044635182
    0.0039221590
    0.0072507396
    0.0027288898
    0.0119731145
    0.0153694625
    0.0071521600
   -0.0046381000
    0.0024445748
    0.0131640029
    0.0115531993
    0.0095739052
    0.0041173212
    0.0082271859
   -0.0037730251
    0.0108392851
   -0.0014100265
    0.0051040179
    0.0108038922
    0.0022121375
    0.0143641433
   -0.0239391657
    0.0071333695
    0.0082652335
    0.0032720611
    0.0060254534
   -0.0115305749
    0.0036639899
   -0.0001507901
   -0.0006564288
    0.0048087919
    0.0050780700
    0.0141779808
   -0.0017545575
    0.0018472597
   -0.0023895635
    0.0047399639
    0.0002510923
    0.0025400700
    0.0043160777
   -0.0201425237
    0.0117910671
    0.0002551039
    0.0152907503
    0.0097650886
    0.0120951361
    0.0092307743
    0.0061119196
   -0.0085317285
    0.0152591345
    0.0060918353
    0.0032212894
    0.0203135824
    0.0188925452
    0.0264000947
    0.0214780088
    0.0184499716
    0.0194185853
    0.0199992936
    0.0181085073
    0.0193780615
    0.0183691858
    0.0225266518
    0.0197944698
    0.0239353849
    0.0222314900
    0.0178237536
    0.0264646550
    0.0224199652
    0.0194657649
    0.0224711128
    0.0194433218
    0.0229128036
    0.0209291840
    0.0207625602
    0.0191540418
    0.0190203681
    0.0205542604
    0.0179174810
    0.0176566527
    0.0227307330
    0.0197862174
    0.0217339402
    0.0191784933
    0.0183794116
    0.0209803459
    0.0200834930
    0.0250629344
    0.0201743038
    0.0175829008
    0.0211706307
    0.0216656865
    0.0224577628
    0.0194526953
    0.0176949858
    0.0211882473
    0.0232521408
    0.0254888537
    0.0049598275
    0.0020265708
    0.0034550055
    0.0053315694
    0.0075275516
   -0.0160134451
    0.0055241467
   -0.0007440447
   -0.0101497262
    0.0017821569
   -0.0071580337
    0.0059824558
    0.0088665682
   -0.0081800956
    0.0024564425
   -0.0004305838
    0.0030027913
    0.0004490742
   -0.0056079127
    0.0051077109
   -0.0068129616
   -0.0191016212
    0.0070630599
    0.0082898418
    0.0134435830
    0.0110625686
    0.0145626877
    0.0140377588
    0.0109075680
    0.0088319977
    0.0156778885
    0.0134548777
    0.0127697173
    0.0107124585
    0.0062635718
    0.0128568727
    0.0143257916
    0.0145055052
    0.0117753202
    0.0069953665
    0.0029163977
    0.0063919228
    0.0027235285
    0.0048368609
    0.0040041558
    0.0000501160
   -0.0280779090
   -0.0095269416
   -0.0026278254
    0.0030957423
    0.0041434766
    0.0023057029
    0.0021200564
    0.0017549487
   -0.0042858396
    0.0056349655
    0.0064375866
   -0.0033702274
   -0.0004344810
    0.0073385222
    0.0012451114
   -0.0159110048
    0.0015620719
    0.0037223121
   -0.0002248452
   -0.0015786184
    0.0154927386
    0.0185539110
    0.0150225807
    0.0116360719
    0.0150566510
    0.0127117306
    0.0154330598
    0.0145616501
    0.0159475633
    0.0106843323
    0.0194950428
    0.0175873449
    0.0206925959
    0.0169711159
    0.0113555638
    0.0071736602
    0.0178511147
    0.0137074434
    0.0162868853
    0.0119690109
    0.0173020941
    0.0211261653
    0.0158266663
    0.0201354728
    0.0139174816
    0.0145472817
    0.0195847471
    0.0046936708
    0.0165687561
    0.0071030022
   -0.0046698013
    0.0065581446
    0.0038007720
    0.0024536872
    0.0148721667
    0.0042036247
   -0.0030506088
   -0.0077245298
    0.0116548496
   -0.0133704377
   -0.0087833006
    0.0050495429
    0.0014696137
    0.0072880054
    0.0131508932
    0.0079216889
    0.0128573269
    0.0086541293
   -0.0087710065
    0.0113910053
    0.0188620624
   -0.0077639360
    0.0089450732
    0.0099917045
    0.0205313296
    0.0006544349
    0.0208574475
    0.0094814182
    0.0179834508
   -0.0093125729
    0.0218373145
    0.0113572132
    0.0150165028
    0.0216789674
    0.0207476724
   -0.0016569198
    0.0053193259
    0.0197554279
    0.0057691435
    0.0130214428
   -0.0002364797
    0.0215681384
    0.0067183946
    0.0174655619
    0.0017701912
   -0.0042102326
   -0.0065989233
    0.0212571043
    0.0063882658
    0.0200730158
   -0.0092996713
    0.0019735848
    0.0117401455
    0.0064946035
   -0.0135664903
    0.0043452343
   -0.0049156008
   -0.0013177171
   -0.0092435352
   -0.0033282994
    0.0184461305
    0.0187664068
    0.0150018741
    0.0151205136
    0.0164383201
    0.0174635088
    0.0140079919
    0.0186839672
    0.0149548324
    0.0218388833
    0.0160544044
    0.0180740096
    0.0210869005
    0.0132831255
    0.0138698335
    0.0198968157
    0.0147653193
    0.0123636787
    0.0093188039
    0.0147588709
    0.0150384032
    0.0140881206
    0.0146192133
    0.0177009822
    0.0140520165
    0.0075012818
    0.0148406068
    0.0193553044
    0.0149736518
    0.0155696868
    0.0075946566
    0.0135214921
    0.0150851972
   -0.0280215173
   -0.0260393074
   -0.0358233382
   -0.0168357431
   -0.0323935014
   -0.0253479998
   -0.0295074065
   -0.0282877010
   -0.0359147593
   -0.0293572552
   -0.0304116390
   -0.0202034868
   -0.0196422680
   -0.0293612813
   -0.0257360173
   -0.0139979283
   -0.0358424873
   -0.0352476721
   -0.0314785835
   -0.0342007713
   -0.0329545740
   -0.0185980744
   -0.0349242533
   -0.0315875691
   -0.0252744010
   -0.0178433553
   -0.0325174350
   -0.0224613813
   -0.0271249410
   -0.0279639127
   -0.0357208600
   -0.0221902349
   -0.0147049431
   -0.0326435579
   -0.0295325368
   -0.0154695943
   -0.0355717753
   -0.0183298294
   -0.0331667045
   -0.0357986784
   -0.0257822501
   -0.0178625874
   -0.0326888545
   -0.0108539149
   -0.0345930431
   -0.0355094432
   -0.0338782395
   -0.0252306032
   -0.0209071168
   -0.0346425056
   -0.0262864150
   -0.0344446023
   -0.0246353632
   -0.0327968713
   -0.0324844250
   -0.0207355923
   -0.0222201678
   -0.0340144613
   -0.0328864140
   -0.0183757559
   -0.0288784850
   -0.0298836765
   -0.0248196534
   -0.0210436898
    0.0026046742
   -0.0003516313
    0.0065249133
    0.0013015372
   -0.0068457707
    0.0008215355
    0.0032350137
   -0.0004625988
   -0.0006327172
    0.0012594245
    0.0064916812
    0.0029675489
    0.0081368834
    0.0030754821
    0.0104025778
    0.0125536553
   -0.0100693531
    0.0081722833
    0.0045186620
    0.0116107692
    0.0132088524
    0.0030428107
    0.0001320442
   -0.0175985974
    0.0027236690
    0.0011293699
    0.0053918865
    0.0096798507
    0.0053757388
    0.0107572887
    0.0085834316
    0.0040829193
    0.0129685672
    0.0078261801
   -0.0003582061
    0.0067762826
   -0.0203648068
   -0.0029546478
   -0.0048668718
    0.0043158011
    0.0059201630
    0.0067281593
    0.0105277558
    0.0014697146
    0.0045065868
    0.0000064213
   -0.0012070233
   -0.0076980728
    0.0065165323
    0.0005799364
    0.0069517650
    0.0064250555
    0.0083023288
    0.0021651814
    0.0019177238
    0.0089366387
    0.0096395359
    0.0061830557
    0.0116393794
    0.0051013976
    0.0035164553
    0.0061776101
    0.0001186101
    0.0035145904
    0.0042647792
    0.0048183582
   -0.0097735490
    0.0061557798
    0.0048396093
    0.0028668558
   -0.0241033547
    0.0095521580
    0.0051854527
    0.0093625137
    0.0111180340
    0.0070954785
    0.0007331641
   -0.0023711560
    0.0186907679
    0.0174010040
    0.0164053218
    0.0182430659
    0.0162555858
    0.0200546310
    0.0175763806
    0.0156128436
    0.0172920653
    0.0164574729
    0.0184376995
    0.0167719726
    0.0169169960
    0.0161174091
    0.0191720105
    0.0191762260
    0.0187338050
    0.0167301412
    0.0155098700
    0.0174446245
    0.0181793628
    0.0153405346
    0.0166281481
    0.0190024544
    0.0187462839
    0.0162667306
    0.0188066262
    0.0203535292
    0.0180167157
    0.0203870837
    0.0145430930
    0.0162918098
    0.0174721800
    0.0211121369
    0.0157147881
    0.0163953912
    0.0165921065
    0.0153570298
    0.0032097122
   -0.0098646458
    0.0014601786
    0.0046880676
   -0.0078802984
    0.0006541425
    0.0056181341
   -0.0127067826
    0.0044309453
    0.0030255386
   -0.0013721257
   -0.0002029746
   -0.0006627825
   -0.0171967697
   -0.0011220042
    0.0026080205
   -0.0045744981
    0.0025075987
    0.0043080170
    0.0116590929
    0.0099879161
    0.0087282620
    0.0061981470
    0.0113847668
    0.0121253427
    0.0123164077
    0.0078574378
    0.0123678213
    0.0077616202
    0.0077809256
    0.0120021652
    0.0109483841
    0.0079807556
    0.0126642817
    0.0107744823
   -0.0085356806
   -0.0035638259
    0.0044522190
    0.0005538066
    0.0022225542
    0.0021699930
    0.0008252375
    0.0050876700
   -0.0002096502
    0.0051226754
    0.0034222732
    0.0034521447
    0.0026970063
    0.0062019420
    0.0009106891
   -0.0026914716
    0.0038532163
    0.0024839429
   -0.0023012219
   -0.0090234764
    0.0025074562
    0.0000348167
    0.0015696529
   -0.0164956141
    0.0041549782
    0.0041639720
   -0.0016021261
   -0.0039194482
    0.0068372619
    0.0137545047
    0.0131856144
    0.0113708361
    0.0137672028
    0.0155665016
    0.0102086839
    0.0076317703
    0.0121095301
    0.0078388205
    0.0170971273
    0.0082220634
    0.0148772377
    0.0165620070
    0.0098118642
    0.0134834495
    0.0141475559
    0.0168255992
    0.0105571502
    0.0135445317
    0.0062271049
    0.0143029501
   -0.0013426103
    0.0005920758
   -0.0058824522
   -0.0026571183
    0.0142814659
    0.0176188989
   -0.0070762973
   -0.0060424024
   -0.0012510453
   -0.0006290237
    0.0119572187
    0.0092647677
    0.0173645105
   -0.0063896848
    0.0081724019
    0.0088516044
    0.0103719001
   -0.0082355817
    0.0042916828
    0.0080366411
    0.0066855305
    0.0126255223
    0.0051608306
   -0.0030376648
    0.0140889851
    0.0161938891
    0.0063540363
    0.0136491774
    0.0036232614
    0.0045722306
    0.0007674712
    0.0077414274
   -0.0119786496
    0.0061297180
    0.0164839413
   -0.0028131921
   -0.0083464158
   -0.0036538882
    0.0070478547
   -0.0083140992
    0.0011451788
    0.0181304166
    0.0008801608
    0.0161768222
    0.0134415365
   -0.0019047852
   -0.0143308484
    0.0092944383
    0.0127211147
    0.0150541609
    0.0173420197
    0.0144943760
   -0.0034200449
   -0.0080390639
    0.0076445022
    0.0093889395
    0.0016551790
   -0.0012572568
   -0.0146922843
    0.0160108656
    0.0142360686
   -0.0027772591
    0.0014414880
   -0.0101949459
    0.0082025794
    0.0119156090
    0.0149418635
   -0.0118690259
   -0.0064033160
   -0.0015440577
    0.0118307636
    0.0162933877
    0.0082752121
    0.0000613406
    0.0038238942
    0.0088100766
    0.0141718004
   -0.0055049275
    0.0166085597
    0.0147112911
    0.0179304444
    0.0174528321
    0.0041506109
   -0.0052247049
    0.0168097039
    0.0178705114
   -0.0057990179
   -0.0030976560
   -0.0106055855
   -0.0050037720
   -0.0027350153
    0.0019134734
    0.0066209139
    0.0011729596
    0.0070251012
   -0.0079201319
    0.0105044205
    0.0120140373
    0.0108119179
   -0.0042046768
    0.0143630019
    0.0168565895
    0.0170551603
    0.0122089730
    0.0179654357
    0.0144865911
    0.0151806455
    0.0120061917
    0.0103707902
    0.0141496972
    0.0131418867
    0.0123833349
    0.0129643318
    0.0085975671
    0.0051177991
    0.0175082564
    0.0122952391
    0.0128829201
    0.0120859570
    0.0149816651
    0.0165321252
    0.0146539039
    0.0049183506
    0.0142610216
    0.0138939192
    0.0168153081
    0.0119293351
    0.0171974926
    0.0119629668
    0.0119853509
    0.0169415211
    0.0132023122
    0.0114980532
    0.0129259779
    0.0075143252
    0.0122578526
    0.0122602293
    0.0179622867
    0.0108836089
    0.0144006260
    0.0142420610
    0.0167884615
    0.0108966876
    0.0128273592
    0.0159609753
    0.0104510009
    0.0175017237
    0.0117465104
    0.0136520078
    0.0140172227
    0.0129101081
    0.0124618589
    0.0176373950
    0.0154389436
    0.0124773884
    0.0153255671
    0.0083411153
    0.0154365212
    0.0139311421
    0.0094261977
   -0.0261769437
   -0.0142690887
   -0.0188098905
   -0.0241986421
   -0.0169676641
   -0.0197100994
   -0.0247383408
   -0.0226000395
   -0.0144209081
   -0.0131913604
   -0.0280991579
   -0.0176988925
   -0.0172742608
   -0.0258393372
   -0.0293174903
   -0.0170818877
   -0.0240258929
   -0.0295443674
   -0.0174411132
   -0.0167414006
   -0.0163036424
   -0.0225958098
   -0.0249926344
   -0.0211727803
   -0.0198961804
   -0.0229792227
   -0.0260842230
   -0.0120488759
   -0.0251774379
   -0.0196243769
   -0.0185798726
   -0.0159657530
   -0.0252996894
   -0.0223994153
   -0.0285630798
   -0.0268730827
   -0.0256949725
   -0.0143372127
   -0.0287907099
   -0.0296941887
   -0.0135543610
   -0.0255817877
   -0.0281792747
   -0.0193835901
   -0.0147114470
   -0.0206810653
   -0.0130832280
   -0.0269417872
   -0.0255911539
   -0.0111757779
   -0.0254977268
   -0.0240652637
   -0.0269140020
   -0.0289613096
   -0.0206647344
   -0.0197957153
   -0.0228652261
   -0.0265659848
   -0.0203466592
   -0.0230454598
   -0.0252553297
   -0.0165486963
   -0.0250955271
   -0.0278427340
   -0.0165741817
   -0.0237240603
   -0.0203174670
   -0.0190699074
   -0.0297817929
   -0.0198641995
   -0.0255579406
   -0.0241330001
   -0.0146648822
   -0.0263296690
   -0.0257601212
   -0.0276433543
   -0.0220651089
   -0.0186054213
   -0.0270048989
   -0.0280843764
   -0.0214057944
   -0.0240078393
   -0.0202965818
   -0.0221284791
   -0.0290196264
   -0.0194405342
   -0.0203855409
    0.0111133185
   -0.0111960533
    0.0017214308
   -0.0169285886
   -0.0051938726
    0.0012685240
   -0.0101967105
   -0.0158395668
   -0.0028963935
    0.0065389273
    0.0067549853
    0.0074379378
    0.0016185929
    0.0049512625
   -0.0125158335
   -0.0022620281
    0.0066401982
    0.0023300506
    0.0025836923
   -0.0029572005
   -0.0206210478
   -0.0048631217
    0.0054035815
   -0.0091278673
    0.0108250978
   -0.0005991929
   -0.0028516635
    0.0041828242
   -0.0216510891
   -0.0042024145
    0.0090040937
    0.0057269721
    0.0055947709
    0.0027340858
    0.0037056705
    0.0078828976
    0.0079224147
    0.0100330788
    0.0095080232
    0.0035883894
    0.0059559354
    0.0009059776
    0.0025916557
   -0.0166836733
    0.0026696455
    0.0114844324
    0.0083183474
   -0.0048607121
   -0.0195590032
    0.0029502949
    0.0005122859
    0.0035137360
    0.0044133926
    0.0079660274
   -0.0032532710
    0.0052998017
    0.0111240271
   -0.0011203393
    0.0044850690
    0.0062061151
    0.0075113138
    0.0034507758
   -0.0014504807
    0.0003950450
    0.0032454692
    0.0065625590
    0.0033937809
   -0.0069808078
   -0.0220960716
    0.0044785542
   -0.0001251563
    0.0029139837
    0.0011712987
    0.0003721457
    0.0007494997
    0.0094434951
    0.0058621534
    0.0017518123
    0.0042793305
    0.0006209096
   -0.0035244845
    0.0101418236
    0.0012512089
   -0.0091064643
    0.0024127210
    0.0020906923
    0.0040468220
    0.0044527167
    0.0109287701
    0.0052506597
   -0.0028493770
    0.0104259935
    0.0072397189
    0.0073286929
    0.0035852729
    0.0079527392
    0.0018429582
    0.0042355829
    0.0049513949
    0.0076559803
    0.0065352384
    0.0001476680
   -0.0192917462
    0.0050895642
   -0.0024844063
    0.0107168557
   -0.0123919730
    0.0085360913
    0.0053686683
    0.0022228043
    0.0008383005
   -0.0041864606
    0.0012200901
   -0.0077017442
    0.0021486721
    0.0052932697
   -0.0024006472
    0.0084395289
    0.0055781290
    0.0022587364
    0.0110001570
    0.0101374971
    0.0054932168
    0.0032378685
    0.0017448547
   -0.0010533186
    0.0022827801
   -0.0015156910
    0.0037853347
    0.0038551585
    0.0132628785
    0.0137989948
    0.0167199512
    0.0153207807
    0.0130777284
    0.0145793031
    0.0141263919
    0.0144158129
    0.0164325193
    0.0153555245
    0.0163521421
    0.0144093032
    0.0147722034
    0.0163168568
    0.0157690948
    0.0148998350
    0.0173223355
    0.0160673359
    0.0146271629
    0.0156641800
    0.0153633437
    0.0151448756
    0.0149208644
    0.0149054606
    0.0164912984
    0.0131032811
    0.0159951440
    0.0142414154
    0.0169105838
    0.0150606909
    0.0153503175
    0.0135958645
    0.0141962087
    0.0165834989
    0.0140518912
    0.0141457730
    0.0037557742
    0.0005073973
    0.0010900284
   -0.0035324865
    0.0023264170
   -0.0053528628
    0.0013717362
   -0.0106172476
    0.0006197298
    0.0031394046
   -0.0120973842
    0.0007626560
    0.0006734775
   -0.0143615736
   -0.0010924052
   -0.0010625108
    0.0030390235
   -0.0015318346
    0.0077440208
    0.0087288903
    0.0088262772
    0.0074626705
    0.0065840358
    0.0081803197
    0.0076065320
    0.0087564457
    0.0075255478
    0.0082770227
    0.0086071893
    0.0084803056
    0.0105836606
    0.0094016583
    0.0093097299
    0.0062350632
   -0.0030456063
   -0.0055223616
   -0.0117968480
   -0.0001480870
    0.0013929434
   -0.0010567440
   -0.0053739424
   -0.0133040187
    0.0026724873
    0.0038622351
    0.0010032127
   -0.0000146892
    0.0017883476
   -0.0028232552
    0.0027398772
    0.0011338328
    0.0001404873
    0.0031005837
    0.0037231736
    0.0032462435
   -0.0076117669
   -0.0017711691
    0.0031257001
   -0.0035200079
    0.0074436523
    0.0110209993
    0.0136634160
    0.0095778252
    0.0127213215
    0.0137393133
    0.0091514115
    0.0082759834
    0.0078899150
    0.0084139674
    0.0113554215
    0.0098014305
    0.0033161875
    0.0137757259
    0.0118967872
    0.0043772904
    0.0070972864
    0.0017917710
    0.0003427862
    0.0037920691
    0.0108487856
    0.0090003240
   -0.0074608355
    0.0149727343
   -0.0066379237
    0.0098763803
   -0.0067764332
    0.0072384982
   -0.0067820635
    0.0010067657
   -0.0020363249
    0.0108649121
   -0.0034302916
    0.0028191045
    0.0120716927
   -0.0088586185
    0.0137328756
    0.0150199670
    0.0056320888
    0.0098433442
   -0.0036424836
    0.0096591459
    0.0104059775
    0.0047646359
   -0.0020007694
    0.0068759225
   -0.0040401007
    0.0101386790
   -0.0009056825
    0.0025786248
   -0.0077869152
    0.0053985653
   -0.0028674992
   -0.0047920916
   -0.0008214165
   -0.0018226212
    0.0013770781
    0.0032439981
    0.0066289843
    0.0114092478
   -0.0000142678
    0.0058178501
    0.0092995355
    0.0126422170
    0.0038964445
   -0.0001409309
    0.0035774206
   -0.0077533593
   -0.0099851966
   -0.0069217954
   -0.0014838147
   -0.0091539155
   -0.0088604995
   -0.0035423562
    0.0129556058
   -0.0074361151
    0.0061222682
    0.0121853027
   -0.0095925304
    0.0060939046
    0.0030622497
   -0.0052188283
   -0.0047545487
   -0.0015006031
    0.0130517853
    0.0034774087
    0.0128219910
    0.0114739436
    0.0035511841
   -0.0049712859
   -0.0015291281
    0.0091751610
    0.0150485303
    0.0016692355
   -0.0081943022
   -0.0100898145
    0.0035181922
    0.0037345974
    0.0076141923
    0.0049017646
   -0.0080840806
   -0.0076179407
    0.0151263302
    0.0114047886
    0.0093792147
   -0.0067892695
    0.0061119330
    0.0108653061
   -0.0129161765
   -0.0093734024
   -0.0059165823
    0.0080407646
   -0.0025810261
   -0.0008998011
    0.0011903030
    0.0082265389
    0.0019411960
    0.0003063730
   -0.0014524029
    0.0097365552
    0.0001868335
    0.0068257817
    0.0129708262
    0.0037635010
    0.0101549199
    0.0114993328
   -0.0118084036
   -0.0029011181
   -0.0086989937
   -0.0021979493
   -0.0041827314
   -0.0105312233
    0.0070388748
    0.0062914658
   -0.0032493082
   -0.0003594194
    0.0107468082
    0.0093418352
    0.0118230595
    0.0115072617
    0.0139033919
    0.0106893014
    0.0135756567
    0.0128009198
    0.0143512734
    0.0119893826
    0.0114120357
    0.0118465332
    0.0130928533
    0.0132670751
    0.0130906760
    0.0108447456
    0.0116056710
    0.0106639032
    0.0135282849
    0.0093463687
    0.0090324378
    0.0071432310
    0.0129498934
    0.0110502799
    0.0143652214
    0.0082169160
    0.0097577738
    0.0114116235
    0.0136500208
    0.0144757886
    0.0118235572
    0.0114984889
    0.0126672761
    0.0110726561
    0.0092944389
    0.0102622497
    0.0062634187
    0.0104987222
    0.0116029056
    0.0151012464
    0.0100738035
    0.0103920273
    0.0108104518
    0.0069124347
    0.0147437295
    0.0132939935
    0.0118036293
    0.0096255661
    0.0116310940
    0.0109392287
    0.0133027256
    0.0126901845
    0.0103563361
    0.0099337156
    0.0109068890
    0.0125449843
    0.0111710383
    0.0143157836
    0.0119611273
    0.0112159913
    0.0122671821
    0.0119518413
    0.0106185443
    0.0106436201
    0.0126946501
    0.0079014186
    0.0115173212
    0.0113999985
    0.0111666829
    0.0129999474
    0.0145225640
    0.0134121346
    0.0144080369
    0.0149595225
   -0.0197275193
   -0.0128161123
   -0.0104626416
   -0.0201201488
   -0.0194780534
   -0.0228636762
   -0.0143659876
   -0.0232567239
   -0.0130266820
   -0.0228331625
   -0.0229809339
   -0.0207992257
   -0.0193145792
   -0.0221198889
   -0.0216566834
   -0.0185696113
   -0.0212898314
   -0.0172923281
   -0.0144715112
   -0.0222414412
   -0.0244136264
   -0.0237779712
   -0.0180285921
   -0.0194240932
   -0.0167989208
   -0.0177169731
   -0.0227715680
   -0.0184826204
   -0.0221221142
   -0.0197254538
   -0.0187539918
   -0.0207843654
   -0.0224570921
   -0.0236102564
   -0.0161103102
   -0.0235607365
   -0.0119890702
   -0.0124138899
   -0.0246444078
   -0.0236275892
   -0.0216138267
   -0.0245024567
   -0.0206231844
   -0.0173362909
   -0.0199706978
   -0.0150941614
   -0.0197707836
   -0.0155935220
   -0.0156056107
   -0.0164826562
   -0.0193099223
   -0.0185412926
   -0.0145410720
   -0.0114836284
   -0.0136395922
   -0.0145792108
   -0.0146869726
   -0.0225786175
   -0.0165110218
   -0.0231394008
   -0.0222381473
   -0.0233634031
   -0.0244077731
   -0.0191798708
   -0.0218301652
   -0.0195412923
   -0.0135680695
   -0.0165500372
   -0.0198253029
   -0.0191250374
   -0.0226942323
   -0.0198860943
   -0.0186316393
   -0.0238527078
   -0.0211445146
   -0.0213411613
   -0.0245556487
   -0.0242783310
   -0.0096564516
   -0.0236319312
   -0.0243932860
   -0.0170064621
   -0.0228666697
   -0.0113706287
   -0.0215040843
   -0.0172048747
   -0.0163289629
   -0.0184769606
   -0.0155784295
   -0.0147605402
   -0.0247401904
   -0.0234913177
   -0.0175271369
   -0.0137080402
   -0.0204261208
   -0.0095756312
   -0.0203667798
   -0.0249976305
   -0.0164697496
   -0.0239276621
   -0.0183592418
   -0.0157840674
   -0.0178365584
    0.0079905974
    0.0025339390
    0.0029231298
    0.0021590435
    0.0031806945
   -0.0008715373
   -0.0014751279
    0.0061025066
    0.0027359116
    0.0016752715
    0.0041225503
    0.0007122530
    0.0020229999
    0.0039284703
   -0.0026569446
   -0.0036734147
   -0.0086803117
   -0.0035023330
    0.0011611270
    0.0013061897
    0.0009273758
    0.0026013954
   -0.0003757692
   -0.0073282688
   -0.0005558955
   -0.0014358191
    0.0038648040
   -0.0122791824
    0.0042964932
    0.0014498910
    0.0037771047
    0.0014390909
    0.0018057498
    0.0003215459
    0.0040418923
    0.0025015072
    0.0072385797
   -0.0134405741
    0.0007426176
   -0.0152692759
   -0.0099432763
    0.0071259172
    0.0007195236
    0.0031496852
    0.0030386250
    0.0062519143
    0.0006606370
    0.0041673170
    0.0059361339
    0.0036271252
    0.0066493629
    0.0033210822
   -0.0020637326
    0.0020900375
    0.0079414580
    0.0022882102
   -0.0081697934
   -0.0019517623
   -0.0019745949
   -0.0088164479
    0.0099970092
   -0.0038856558
    0.0034952194
    0.0067078191
    0.0003939235
    0.0098405354
   -0.0033301337
    0.0043017320
   -0.0053302324
    0.0027216354
   -0.0076078079
   -0.0103872742
    0.0032348844
   -0.0101090702
    0.0078955353
    0.0063648096
    0.0046066777
   -0.0037806697
    0.0013739462
    0.0032894828
   -0.0003088351
    0.0064890559
    0.0080501849
    0.0066214221
    0.0084748334
    0.0093791795
   -0.0015274898
   -0.0002315048
    0.0042441769
    0.0041520477
    0.0068354854
    0.0086146947
    0.0087041275
   -0.0013637784
   -0.0050745711
   -0.0081091891
    0.0029740150
   -0.0096691543
    0.0052292860
    0.0083190725
    0.0030693829
    0.0009517317
   -0.0057439967
   -0.0033506036
    0.0015604148
    0.0022919077
    0.0081475885
    0.0046038488
    0.0012795804
   -0.0021216554
   -0.0079649501
    0.0006404352
    0.0100471465
   -0.0049907964
    0.0038770394
    0.0013863467
   -0.0000748898
   -0.0002895963
    0.0005500115
    0.0087496943
    0.0053411831
    0.0012956427
    0.0069422696
    0.0092596035
   -0.0015321242
    0.0074311469
    0.0092447165
    0.0040588820
    0.0032031248
    0.0035716365
    0.0066054709
    0.0011707447
   -0.0016575337
   -0.0025692929
    0.0087138427
   -0.0133314180
    0.0036508360
    0.0014130934
    0.0093777956
    0.0010647594
    0.0031446522
    0.0001418267
    0.0039798611
    0.0013190950
    0.0071242238
    0.0049478676
   -0.0030341959
    0.0072488432
    0.0001870231
    0.0078612974
    0.0070547759
   -0.0013686196
   -0.0006061370
   -0.0097597972
   -0.0139272830
   -0.0025455596
    0.0057037441
    0.0060510668
    0.0047647230
    0.0103169062
    0.0084733490
    0.0074202848
    0.0007230167
    0.0065706338
   -0.0053214741
   -0.0111528886
    0.0093363248
    0.0054075306
   -0.0019161784
    0.0028842917
    0.0129058561
    0.0134315484
    0.0119030183
    0.0131513781
    0.0133042081
    0.0126236112
    0.0120719937
    0.0133420972
    0.0130449708
    0.0132813789
    0.0126106949
    0.0133102290
    0.0118857817
    0.0121397740
    0.0135345309
    0.0126581889
    0.0127037170
    0.0131060611
    0.0119124937
    0.0123829011
    0.0123612572
    0.0132135845
    0.0130020209
    0.0121863304
    0.0137341855
    0.0126998110
    0.0129148530
    0.0135181322
    0.0001388003
   -0.0086600005
   -0.0044292792
   -0.0070575540
   -0.0048671040
    0.0008800559
    0.0010889272
    0.0014179902
   -0.0013579477
   -0.0004064327
   -0.0021579513
   -0.0027233620
   -0.0007582128
   -0.0061270943
    0.0007232760
    0.0085777230
    0.0061786802
    0.0058809292
    0.0068572559
    0.0072420426
    0.0080033614
    0.0064254742
    0.0092272268
    0.0086462798
   -0.0054523334
   -0.0024107432
    0.0007619708
    0.0002595683
    0.0009673983
   -0.0005507153
   -0.0062802255
   -0.0061971870
   -0.0069053557
   -0.0039674416
    0.0054960743
   -0.0106819838
    0.0085167609
    0.0125469026
    0.0093408182
    0.0015398782
    0.0061037274
    0.0080678933
   -0.0036622404
    0.0091531839
   -0.0037928847
    0.0072781735
   -0.0074125026
   -0.0051667068
    0.0104421382
   -0.0055823919
    0.0115483792
   -0.0051415483
    0.0128764351
    0.0075129220
    0.0048170806
    0.0062317671
   -0.0036971159
   -0.0011630363
    0.0068934074
    0.0117951559
    0.0012081512
   -0.0003030980
   -0.0042295644
    0.0077025952
    0.0109895638
    0.0070334259
    0.0041976260
    0.0011947964
    0.0092310566
   -0.0020703260
   -0.0041579996
   -0.0051082601
    0.0054840942
    0.0036319827
   -0.0021765825
    0.0090341872
   -0.0036406161
    0.0022759104
   -0.0047443389
    0.0075028366
    0.0059424197
   -0.0094565033
   -0.0084356437
    0.0033958936
   -0.0020134579
   -0.0095405200
   -0.0016282176
   -0.0027413999
    0.0113632893
   -0.0109731702
   -0.0044868022
   -0.0032624609
    0.0081098170
    0.0105183860
    0.0085192901
    0.0008736356
    0.0090384214
    0.0082944464
   -0.0059705544
    0.0073770309
    0.0063311818
   -0.0014972018
    0.0051541475
    0.0019842538
   -0.0067218485
    0.0105485773
    0.0019608433
    0.0036766476
    0.0039522787
   -0.0005848914
    0.0073034437
   -0.0040475297
    0.0001405530
    0.0062396478
    0.0043600333
   -0.0115688687
    0.0025938337
    0.0076039107
   -0.0029989490
    0.0111008448
    0.0124084867
    0.0069363979
   -0.0009554955
   -0.0088018950
    0.0053062097
    0.0087220811
    0.0000724667
   -0.0041438558
   -0.0001238530
    0.0030731170
    0.0025297950
   -0.0045978611
   -0.0067862179
    0.0116961023
   -0.0014781357
    0.0111743010
   -0.0078105004
   -0.0055650115
    0.0010857563
    0.0082467667
    0.0025302941
   -0.0001114386
    0.0047079621
    0.0079423701
    0.0037306707
    0.0095670155
    0.0107189422
   -0.0081938967
    0.0095175545
    0.0111693978
   -0.0076279167
    0.0011026055
   -0.0095666188
   -0.0077550016
    0.0093071364
    0.0025432359
    0.0057771342
   -0.0104184390
   -0.0064365854
    0.0103142832
    0.0130120522
    0.0094200504
   -0.0001788974
    0.0045854310
   -0.0018428035
   -0.0105187225
    0.0066145383
    0.0038605145
    0.0015976538
    0.0066875424
   -0.0065099675
    0.0043325005
    0.0078289263
   -0.0007700503
    0.0005869191
   -0.0028380516
    0.0119365567
    0.0059831310
    0.0008638013
    0.0087994264
    0.0100304337
   -0.0022334534
    0.0116285869
   -0.0064451261
   -0.0009162371
    0.0011527948
    0.0019381083
    0.0098097826
   -0.0097861003
   -0.0036959653
   -0.0011027532
   -0.0064855648
    0.0072172433
    0.0018975424
    0.0025985884
   -0.0064244627
    0.0104342475
    0.0039743048
   -0.0088042096
    0.0020720556
    0.0028218980
   -0.0040638341
    0.0066704014
    0.0084575618
    0.0068877523
    0.0098825819
    0.0053683442
   -0.0023993692
    0.0049137876
    0.0013303016
   -0.0073260547
    0.0068096528
    0.0024002281
    0.0077468336
    0.0093407617
    0.0107773964
    0.0113832705
    0.0037802703
    0.0012768157
   -0.0049038150
   -0.0048470981
    0.0092880224
    0.0110227065
    0.0091804061
    0.0117594251
    0.0074753385
    0.0117142032
    0.0107250075
    0.0119933451
    0.0127816500
    0.0064275090
    0.0100928443
    0.0097596594
    0.0092149684
    0.0119810612
    0.0107679896
    0.0113077277
    0.0121093256
    0.0077115039
    0.0118772522
    0.0112679119
    0.0110216860
    0.0091127788
    0.0114827775
    0.0092144959
    0.0092410394
    0.0115712688
    0.0098278736
    0.0115089220
    0.0100747035
    0.0094601937
    0.0115459776
    0.0121604956
    0.0084562580
    0.0104267747
    0.0117516560
    0.0091266912
    0.0094198117
    0.0094654824
    0.0096606326
    0.0103223067
    0.0105645294
    0.0111896692
    0.0098915677
    0.0118333070
    0.0106369550
    0.0081187033
    0.0113964049
    0.0095753391
    0.0105451492
    0.0098903568
    0.0091554545
    0.0089729335
    0.0111983182
    0.0094065680
    0.0111967044
    0.0112122090
    0.0097524531
    0.0116950155
    0.0102144052
    0.0118971745
    0.0096164948
    0.0109725233
    0.0114729737
    0.0092422554
    0.0108634217
    0.0116888414
    0.0120708057
    0.0092890968
    0.0103279779
    0.0083477119
    0.0110920307
    0.0095559655
    0.0076519198
    0.0108096402
    0.0078806348
    0.0117279490
    0.0102661838
    0.0054930884
    0.0119912550
    0.0089371608
    0.0093525577
    0.0117690845
    0.0121712765
    0.0114905133
    0.0092821072
    0.0061222576
    0.0126726894
    0.0097174838
    0.0092090065
    0.0049738396
    0.0130511067
    0.0095397210
    0.0101852685
    0.0089375601
    0.0103979096
    0.0122305047
    0.0106117133
    0.0069301167
    0.0108864011
    0.0057239324
    0.0084046025
    0.0071830862
    0.0076407556
    0.0120821475
    0.0069335651
    0.0091629772
    0.0117767857
    0.0078081796
    0.0083002731
    0.0089191705
    0.0124233602
    0.0103041842
    0.0126936170
    0.0128619785
    0.0113755368
    0.0104258888
    0.0104237799
    0.0090418180
    0.0042349717
    0.0033923411
    0.0104381004
    0.0098271682
    0.0113772312
    0.0097182887
    0.0094546159
    0.0077802797
    0.0122912012
    0.0101677186
    0.0071182722
    0.0098642048
    0.0109422337
    0.0118429096
    0.0102263408
    0.0109441929
    0.0092700825
    0.0092254858
    0.0119503583
    0.0081502941
    0.0100648254
    0.0100042613
    0.0126804422
    0.0110115382
    0.0105278378
    0.0105709197
    0.0099039500
    0.0108627168
    0.0121381788
    0.0086669535
    0.0104816840
    0.0111381483
    0.0111393345
    0.0069756764
    0.0076000991
   -0.0180597735
   -0.0178610906
   -0.0197638111
   -0.0140783956
   -0.0208834263
   -0.0148956302
   -0.0169319189
   -0.0126487123
   -0.0160918302
   -0.0144744882
   -0.0192963392
   -0.0200068579
   -0.0087947806
   -0.0126375875
   -0.0117747077
   -0.0097412388
   -0.0085316129
   -0.0125380977
   -0.0209080148
   -0.0155719850
   -0.0120633977
   -0.0126965009
   -0.0116813584
   -0.0210837703
   -0.0170569173
   -0.0156490218
   -0.0196251043
   -0.0166341808
   -0.0126696623
   -0.0126340739
   -0.0145763839
   -0.0175889865
   -0.0138776234
   -0.0196504028
   -0.0154179806
   -0.0189790115
   -0.0173610907
   -0.0196851663
   -0.0163845863
   -0.0177031093
   -0.0131155071
   -0.0144516868
   -0.0158961844
   -0.0171817983
   -0.0208516371
   -0.0137207632
   -0.0198585348
   -0.0183119967
   -0.0195348295
   -0.0155625265
   -0.0119705341
   -0.0143080233
   -0.0194953850
   -0.0133495968
   -0.0173306825
   -0.0115306260
   -0.0195626938
   -0.0154167087
   -0.0210799036
   -0.0162890266
   -0.0116693035
   -0.0135710864
   -0.0111954276
   -0.0205346623
   -0.0152551108
   -0.0149712437
   -0.0206312111
   -0.0211362029
   -0.0208191170
   -0.0167270970
   -0.0146434900
   -0.0160490801
   -0.0212717487
   -0.0183402742
   -0.0205821220
   -0.0131467576
   -0.0126378765
   -0.0181149454
   -0.0196829269
   -0.0073620944
   -0.0118012611
   -0.0141802935
   -0.0196575776
   -0.0193809243
   -0.0095299273
   -0.0197617198
   -0.0158926665
   -0.0155048233
   -0.0211531555
   -0.0177939156
   -0.0191890787
   -0.0149887600
   -0.0182711362
   -0.0145847060
   -0.0183904283
   -0.0169156387
   -0.0116394545
   -0.0180349434
   -0.0139080146
   -0.0200397476
   -0.0161472626
   -0.0153714766
   -0.0146323874
   -0.0151764043
   -0.0188550523
   -0.0110565493
   -0.0177968109
   -0.0200328398
   -0.0193281661
   -0.0211863636
   -0.0123767327
   -0.0169059635
   -0.0170682443
   -0.0168538008
   -0.0188268409
   -0.0117622655
   -0.0140754182
   -0.0200446170
   -0.0132830520
   -0.0210964264
   -0.0120527262
   -0.0175982017
   -0.0210465905
   -0.0109557951
    0.0057444364
    0.0010549187
   -0.0032655570
   -0.0112499356
    0.0041310646
    0.0004783194
   -0.0084730939
    0.0044774761
   -0.0054511267
    0.0002533858
    0.0070834969
   -0.0027376727
    0.0009514429
   -0.0015433381
   -0.0015008210
   -0.0013169479
   -0.0013765797
   -0.0091285174
    0.0048136707
    0.0045543962
    0.0006207089
   -0.0040662175
    0.0035764405
    0.0039037735
   -0.0037960565
    0.0045166726
    0.0069102602
    0.0053843334
    0.0088146152
    0.0011923102
   -0.0016021906
    0.0022206666
    0.0059924673
    0.0027067320
    0.0025342556
    0.0050287241
    0.0065165454
   -0.0143684045
   -0.0148653334
    0.0054248569
    0.0036937737
    0.0007078520
   -0.0020419384
   -0.0022922107
    0.0057872651
    0.0046555593
   -0.0002214759
   -0.0026870663
    0.0017123172
    0.0058806111
    0.0041207316
    0.0018843421
    0.0009302410
    0.0043932868
    0.0059896318
   -0.0010022562
    0.0006303961
    0.0029127657
   -0.0055431247
   -0.0108972945
    0.0057528110
   -0.0023922972
    0.0074685693
   -0.0117235422
    0.0039040313
    0.0043417478
    0.0025565044
    0.0054634652
    0.0034144418
    0.0009751607
    0.0046256360
   -0.0010049643
    0.0019581788
    0.0080617155
    0.0013810847
   -0.0051521552
    0.0057693923
   -0.0135579621
    0.0062390559
    0.0014500717
    0.0046941706
   -0.0071214285
   -0.0005983039
   -0.0068146175
    0.0086770258
   -0.0016397417
   -0.0028547873
    0.0012292291
   -0.0009655927
   -0.0066853975
    0.0021605978
   -0.0008422707
    0.0001125742
    0.0053727241
    0.0021822870
   -0.0018401256
    0.0060246934
    0.0034776614
   -0.0002443134
   -0.0038926486
   -0.0126390812
    0.0047472939
    0.0051904922
    0.0029182054
   -0.0062073891
    0.0074434412
    0.0045597972
   -0.0058897957
    0.0019168854
    0.0058277265
    0.0085911846
    0.0044212888
    0.0037428577
   -0.0066038931
    0.0089271749
    0.0015106370
    0.0017110952
    0.0001515462
    0.0044721752
    0.0065946934
   -0.0010400370
    0.0040311584
   -0.0044603075
   -0.0120460231
    0.0037214795
   -0.0022314894
    0.0029635114
    0.0005781895
    0.0034999696
   -0.0005836556
    0.0080592303
    0.0029107449
    0.0009591318
   -0.0026543774
    0.0037721008
    0.0033575272
    0.0004489924
    0.0035191106
    0.0023377864
   -0.0011939858
   -0.0001620184
    0.0052259307
    0.0036358916
    0.0051074590
    0.0010185354
    0.0087588669
    0.0016284568
    0.0008135833
   -0.0007331111
   -0.0049729431
    0.0035170961
   -0.0005206922
   -0.0009611188
    0.0085570774
    0.0060713229
    0.0065533574
    0.0052932548
    0.0006658215
    0.0005356257
    0.0002174589
    0.0077865212
    0.0034776403
    0.0006202190
    0.0019078291
    0.0031098274
   -0.0032768616
    0.0009219188
    0.0052272925
   -0.0032563616
    0.0021259539
   -0.0007744102
    0.0027088454
    0.0077692276
    0.0078637474
   -0.0046775638
    0.0083017649
    0.0056146043
   -0.0042942556
    0.0072835326
   -0.0026959884
    0.0048077680
    0.0050144327
    0.0001385676
   -0.0105716881
    0.0045601980
    0.0010380408
   -0.0124403483
    0.0075235523
    0.0014981742
   -0.0064550935
    0.0067182332
    0.0034732527
    0.0019436848
   -0.0088760621
   -0.0030625111
    0.0037065014
   -0.0000978934
    0.0086864675
   -0.0015216739
    0.0024042060
    0.0078867223
    0.0011365576
    0.0073048870
    0.0024894389
    0.0026081232
    0.0025822728
    0.0002775251
    0.0012385328
    0.0004671656
    0.0051346612
    0.0033632165
    0.0011155571
    0.0084743400
    0.0005087884
   -0.0063468655
   -0.0032030522
   -0.0028689210
    0.0027680706
    0.0001197649
    0.0074739871
    0.0015086926
   -0.0002055428
    0.0006247708
    0.0017803222
    0.0050266972
    0.0070811732
    0.0018355787
   -0.0057937604
    0.0072038796
   -0.0006858017
    0.0018175564
    0.0034515711
    0.0055661645
    0.0017683374
    0.0054681796
    0.0003208831
    0.0011921452
    0.0035334870
    0.0066478532
   -0.0048626891
   -0.0038543921
    0.0044630743
    0.0017111323
   -0.0001946106
    0.0021225622
    0.0029652880
    0.0044765269
   -0.0092478452
    0.0024692988
    0.0072102287
