    0.0037983585
    0.0035400575
    0.0054086576
    0.0054817137
    0.0066482899
    0.0050629405
    0.0063339989
    0.0050696959
    0.0022341017
    0.0046014436
    0.0021607951
    0.0051148888
    0.0060036091
    0.0045543539
    0.0064185419
    0.0028383303
    0.0010735599
    0.0029312188
    0.0014238124
    0.0057770779
    0.0033056277
    0.0059861946
    0.0064631449
    0.0050123879
    0.0022205472
    0.0000567730
   -0.0021780431
   -0.0029560237
   -0.0017385017
   -0.0024751170
   -0.0031659088
   -0.0069000205
    0.0048845597
    0.0017001395
   -0.0004272865
   -0.0033510918
   -0.0014356160
    0.0017601399
   -0.0029748549
   -0.0030239940
   -0.0036094875
   -0.0010670988
   -0.0171461572
   -0.0065652918
    0.0036150780
    0.0009553321
    0.0032738141
   -0.0033596566
    0.0020489657
   -0.0013107826
    0.0011098268
   -0.0037254083
   -0.0030191744
   -0.0007414113
   -0.0037518669
   -0.0023148202
   -0.0079099476
   -0.0028383862
    0.0026952073
    0.0020172989
   -0.0035628718
   -0.0032688639
    0.0034466049
    0.0047787617
   -0.0013193592
    0.0034512061
   -0.0034752784
   -0.0003795910
   -0.0021246647
   -0.0021263062
   -0.0022500987
   -0.0028706500
   -0.0043804525
   -0.0033606463
   -0.0018482832
   -0.0000034625
   -0.0030191164
    0.0025678169
   -0.0033132334
   -0.0048537287
   -0.0027481579
    0.0004818259
   -0.0027359353
    0.0005567916
   -0.0026587563
   -0.0036923704
   -0.0035699165
   -0.0034442710
   -0.0011811976
   -0.0066839970
   -0.0117597263
   -0.0001208533
    0.0002021049
    0.0037358616
    0.0076332439
    0.0083413666
   -0.0011206100
    0.0114617681
   -0.0000523620
    0.0009934355
    0.0149517842
   -0.0002103014
    0.0047266712
   -0.0146354084
   -0.0281142828
    0.0046346403
   -0.0006995231
    0.0013850956
    0.0073941819
    0.0100623325
   -0.0011699370
    0.0159025445
   -0.0011257502
   -0.0005693897
    0.0032629019
    0.0034079885
   -0.0165323154
   -0.0028891433
   -0.0002153134
   -0.0004647569
   -0.0130482543
   -0.0108130116
   -0.0136284705
   -0.0028661327
   -0.0174983895
    0.0001278354
   -0.0007852964
   -0.0061235221
   -0.0000157888
   -0.0000938906
   -0.0003106139
   -0.0016208057
   -0.0017782402
   -0.0058146379
   -0.0031620821
   -0.0021759294
    0.0000626168
   -0.0109459903
   -0.0010142529
   -0.0002488583
    0.0018917707
    0.0008169894
    0.0079369867
    0.0081666441
    0.0158582722
    0.0017166083
    0.0033501554
    0.0090302711
    0.0092919970
    0.0113267948
    0.0047207929
    0.0045417199
    0.0059516371
    0.0035807410
    0.0114695158
    0.0076919581
    0.0075462590
    0.0063448638
    0.0128101706
    0.0024386637
    0.0084964058
    0.0092336065
   -0.0294853243
   -0.0184746609
   -0.0226354620
   -0.0425205367
   -0.0269525167
   -0.0346256787
   -0.0351406767
   -0.0089005414
   -0.0410858401
   -0.0360643141
   -0.0397506612
   -0.0440060265
   -0.0277208364
   -0.0432926719
   -0.0408860900
   -0.0330509768
   -0.0144520126
   -0.0427652075
   -0.0390490567
   -0.0450903020
   -0.0157002218
   -0.0365332976
    0.0049399284
   -0.0046471058
    0.0045874494
    0.0031107774
    0.0047029368
   -0.0012371096
    0.0043181893
    0.0038792618
    0.0000935165
    0.0027539311
    0.0021975907
    0.0038329594
    0.0042809775
   -0.0035814079
    0.0018207271
    0.0034781406
    0.0045124573
    0.0039216183
    0.0042324989
    0.0043962818
    0.0049199850
    0.0009963035
    0.0053021323
    0.0048641972
    0.0053229319
    0.0038223852
    0.0031454492
    0.0050437642
    0.0052220773
    0.0041537073
    0.0034663402
    0.0028002982
    0.0035687811
    0.0025711800
    0.0057336135
    0.0050892376
    0.0033890312
    0.0035591356
    0.0055870200
    0.0060812173
    0.0044625102
    0.0030186091
   -0.0180677279
   -0.0000677330
    0.0029887154
    0.0032291208
    0.0068979709
    0.0012479117
    0.0033063093
   -0.0298621312
    0.0010601340
    0.0079408227
    0.0000347307
    0.0016202278
    0.0145443118
    0.0005889967
    0.0029329301
   -0.0006592632
   -0.0291790684
   -0.0012323016
    0.0063807533
    0.0020783274
   -0.0156146459
    0.0025243506
   -0.0009180108
    0.0053560449
    0.0208797478
    0.0091828065
    0.0165496545
    0.0212433817
    0.0183756610
    0.0142416312
    0.0203579068
    0.0208850905
    0.0143546253
    0.0190205008
    0.0134760780
    0.0149175699
   -0.0054320406
    0.0188509194
    0.0177373295
    0.0108410766
    0.0198216031
    0.0207713844
    0.0198770020
   -0.0106099260
    0.0177743398
   -0.0025652254
    0.0019845231
    0.0152417640
    0.0186982745
    0.0205503711
    0.0118088493
    0.0195638874
    0.0101678311
    0.0213842152
    0.0027478334
   -0.0026184433
   -0.0190022547
   -0.0037046370
   -0.0031436202
   -0.0083262254
   -0.0026504412
   -0.0030529118
   -0.0046569456
   -0.0033560271
    0.0019523144
    0.0032870330
   -0.0032807474
    0.0031554680
    0.0025828442
   -0.0050330129
   -0.0012751732
   -0.0033632503
   -0.0036828057
   -0.0001649795
   -0.0002578675
   -0.0017603013
   -0.0042570244
    0.0005019014
   -0.0005708211
   -0.0029389474
   -0.0001810337
   -0.0028980332
   -0.0025256017
   -0.0003143038
    0.0004729954
   -0.0045114450
   -0.0037091540
    0.0022808358
    0.0052030614
   -0.0041716072
    0.0016024268
   -0.0051825022
   -0.0005894673
    0.0004138359
    0.0012893238
   -0.0027733270
   -0.0014814528
   -0.0043756259
   -0.0036666648
   -0.0027633609
   -0.0010900903
    0.0016787029
   -0.0036052869
    0.0045159756
   -0.0036489880
   -0.0016920027
   -0.0034011410
   -0.0024610468
    0.0032140815
    0.0069522095
    0.0013547392
   -0.0020535231
   -0.0028390773
   -0.0043347192
   -0.0011242700
    0.0006471005
   -0.0024171134
    0.0050845615
    0.0038208877
   -0.0051686624
    0.0047102278
    0.0023276050
    0.0010909778
    0.0018861515
    0.0032506843
    0.0030224483
   -0.0030523343
    0.0012029925
    0.0053205024
    0.0046845355
    0.0030833885
   -0.0006992808
    0.0025801117
    0.0026505322
    0.0044888100
    0.0035230876
    0.0051840083
    0.0046758497
   -0.0067452570
    0.0055711912
    0.0038604530
    0.0049972481
    0.0027763389
    0.0034349313
    0.0055952083
    0.0032821743
    0.0028193474
    0.0054869203
    0.0048760975
    0.0044551276
    0.0033704872
    0.0019659932
    0.0054520442
    0.0003325904
   -0.0020826822
   -0.0044949185
   -0.0070502855
   -0.0037710366
   -0.0024412695
   -0.0035909027
   -0.0008856653
   -0.0098186496
   -0.0023443826
   -0.0014261310
   -0.0044227322
   -0.0003853792
   -0.0028155221
   -0.0013049739
   -0.0033855135
   -0.0237637538
    0.0018952011
    0.0045646880
    0.0035464648
    0.0032032471
    0.0015980455
    0.0040767767
    0.0027216941
    0.0064455218
    0.0029411365
    0.0045775731
    0.0047288678
    0.0019307320
    0.0068611841
    0.0055103529
    0.0046316048
    0.0051617055
    0.0009363175
    0.0055534656
    0.0063365537
    0.0055272553
    0.0053506237
    0.0054256188
    0.0024908452
    0.0070927820
    0.0108806725
    0.0135453645
    0.0077434775
    0.0059821141
    0.0107231796
    0.0035311970
    0.0007302855
    0.0019390660
    0.0092036916
    0.0097011131
    0.0026730952
    0.0027929211
    0.0049549786
    0.0108428851
    0.0124355393
    0.0048547079
    0.0046778393
    0.0044018786
    0.0020916572
    0.0041288026
    0.0036439918
    0.0005909481
    0.0027737376
    0.0009556014
    0.0030493482
    0.0044287132
    0.0020796264
    0.0031221679
    0.0038474656
    0.0042635291
    0.0028573000
    0.0041832082
    0.0027385625
    0.0036764470
    0.0022202887
    0.0010940417
   -0.0038396982
    0.0005311316
    0.0037792845
    0.0037259013
   -0.0004357789
   -0.0024919037
   -0.0037857560
    0.0012857056
   -0.0004950067
   -0.0179848615
   -0.0053378213
   -0.0003527262
   -0.0027022850
    0.0003496373
   -0.0018522969
   -0.0029769123
   -0.0037113439
   -0.0074711035
    0.0059528000
   -0.0001866341
   -0.0002067613
    0.0007770792
   -0.0104331635
   -0.0008500961
   -0.0030725585
   -0.0028607629
   -0.0032174584
   -0.0026682390
    0.0022582871
    0.0022353560
   -0.0029352800
   -0.0016190607
   -0.0003851412
   -0.0025135582
   -0.0030126250
    0.0022363437
   -0.0104064906
   -0.0006956422
   -0.0036133645
   -0.0085476733
   -0.0190185061
   -0.0013058825
   -0.0019739818
    0.0067118052
    0.0002453803
   -0.0024478939
    0.0006011144
    0.0012810084
    0.0021844829
    0.0002115727
    0.0032749525
   -0.0157550530
   -0.0010668896
    0.0001729564
    0.0014379760
   -0.0022592145
    0.0018449010
   -0.0047134041
   -0.0005125671
   -0.0011219553
   -0.0045659740
    0.0011004419
   -0.0018675026
   -0.0018589515
   -0.0004158472
   -0.0029646454
   -0.0030646210
   -0.0006963482
    0.0009302585
    0.0010380449
   -0.0041125336
    0.0011864878
   -0.0055568893
    0.0009203603
    0.0001211077
   -0.0006502406
   -0.0018037110
    0.0000634657
    0.0022074341
   -0.0001309883
   -0.0028852598
   -0.0070003603
   -0.0016957390
   -0.0028116157
    0.0019537148
   -0.0002660490
   -0.0012214242
   -0.0022242471
    0.0009155488
   -0.0018417164
   -0.0015147627
   -0.0030811708
   -0.0075617020
   -0.0005548248
    0.0016680979
    0.0049318423
    0.0023536555
   -0.0041236539
    0.0005316102
    0.0000493964
    0.0089302561
   -0.0192675335
    0.0022262211
   -0.0111122855
    0.0030391244
   -0.0150255555
    0.0099023072
   -0.0001113120
    0.0007683840
    0.0014810830
    0.0056123915
    0.0003369899
   -0.0202450538
    0.0076216078
   -0.0009101733
    0.0011396591
    0.0024290362
    0.0018993754
    0.0071016275
    0.0024278063
   -0.0003668470
    0.0023384155
    0.0001201190
    0.0008939591
   -0.0005591107
    0.0009396989
    0.0031372900
    0.0003852516
   -0.0000385175
   -0.0048166646
   -0.0158144353
   -0.0261658449
   -0.0033094031
   -0.0061560176
   -0.0063717478
   -0.0014766995
   -0.0051608243
   -0.0018604716
   -0.0018200083
   -0.0017066965
   -0.0023745327
   -0.0020138559
   -0.0035499777
   -0.0206739800
   -0.0035378524
   -0.0084056670
   -0.0013684447
   -0.0185159908
   -0.0026147892
   -0.0053491875
   -0.0047106312
   -0.0042259179
   -0.0027487112
    0.0038809904
    0.0077151172
    0.0020824281
    0.0035030754
    0.0072607180
    0.0029126202
    0.0099698510
    0.0073737072
    0.0057936918
    0.0026750752
    0.0053429987
    0.0072137990
    0.0092154425
    0.0163231830
    0.0025626113
    0.0046088069
    0.0085914356
    0.0086038122
    0.0052281707
    0.0049838741
    0.0077342679
   -0.0178289010
   -0.0207131715
   -0.0307777816
   -0.0133706738
   -0.0280653262
   -0.0245483651
   -0.0284094742
   -0.0326445172
   -0.0295544418
   -0.0187998034
   -0.0237841823
   -0.0286700723
   -0.0318849540
   -0.0081919118
   -0.0142092286
    0.0004669858
    0.0029952600
    0.0032465411
    0.0020545836
    0.0014204781
    0.0007555449
    0.0014502312
    0.0003073139
    0.0029492187
    0.0029197495
    0.0025621841
    0.0033845747
    0.0025815258
    0.0025527634
   -0.0014553161
   -0.0004860746
    0.0055722989
    0.0030584679
    0.0024998638
    0.0046295198
    0.0031914037
    0.0016845064
    0.0032169669
    0.0051602718
    0.0029638958
    0.0039776399
    0.0024848934
    0.0039365013
    0.0013978546
    0.0042944664
    0.0024304853
    0.0030414138
    0.0043601469
    0.0035406088
    0.0007441069
    0.0024898711
    0.0073656057
   -0.0000486026
    0.0008554096
    0.0016268585
   -0.0093474463
   -0.0006831802
    0.0092371839
   -0.0004960885
   -0.0116493556
   -0.0002807377
   -0.0106117459
    0.0052107907
   -0.0000683807
    0.0005928208
    0.0024451632
    0.0030417296
    0.0085298279
   -0.0155124543
    0.0028169317
   -0.0004204702
   -0.0161933742
   -0.0003700133
    0.0023577868
   -0.0002756053
    0.0100979973
    0.0081630926
    0.0062491902
   -0.0037928472
    0.0012955192
    0.0090166130
    0.0009799721
    0.0007094231
    0.0168404557
    0.0131619014
    0.0160562656
    0.0120731994
    0.0060511284
    0.0141343497
    0.0088987147
    0.0008201728
    0.0163149287
   -0.0031917339
    0.0076439791
    0.0010672974
    0.0144373461
    0.0167557347
    0.0163377662
    0.0136050919
    0.0166073549
    0.0169386119
    0.0147273984
    0.0126591087
    0.0053321507
    0.0130778938
    0.0164963192
   -0.0051996054
    0.0140328990
    0.0169231335
    0.0001004451
   -0.0024908920
    0.0017725577
   -0.0032809137
   -0.0018155776
    0.0011082001
   -0.0018125594
   -0.0025900314
   -0.0033090948
    0.0112717788
   -0.0018506792
   -0.0031052057
   -0.0014780827
   -0.0018993337
    0.0037548663
   -0.0029074367
   -0.0028890030
    0.0024710952
   -0.0046862167
    0.0002615533
   -0.0050070506
    0.0000214120
   -0.0012602946
   -0.0007493050
   -0.0022461395
   -0.0026073489
   -0.0031091605
   -0.0034747224
   -0.0036542970
   -0.0021986372
   -0.0029611762
    0.0018137569
   -0.0065378362
   -0.0015514925
    0.0043716692
   -0.0017829985
    0.0023081647
   -0.0003779752
    0.0004161724
   -0.0012480123
   -0.0080524944
   -0.0030639759
    0.0000100477
    0.0010500779
   -0.0026828162
    0.0004345195
   -0.0005541305
   -0.0035828870
    0.0029820785
   -0.0028847766
   -0.0073214239
   -0.0058064199
    0.0006997260
    0.0005167681
   -0.0006424974
    0.0003113881
    0.0020588129
   -0.0026683759
   -0.0036267882
   -0.0023344283
   -0.0151918701
   -0.0027365558
    0.0033877771
   -0.0015846930
   -0.0028882850
   -0.0006083399
    0.0015573805
   -0.0002403560
    0.0033288731
    0.0006124919
    0.0026198476
    0.0032080910
    0.0029715970
   -0.0048838876
    0.0010046349
   -0.0028022059
    0.0020905324
    0.0020945414
    0.0027404471
    0.0033070066
    0.0018563217
    0.0032499966
    0.0027277027
    0.0015732412
   -0.0033090620
    0.0031133667
    0.0028226467
    0.0023974207
    0.0022182205
   -0.0048430316
    0.0010750823
    0.0026197488
    0.0020524546
    0.0026507911
    0.0031138192
    0.0016159202
    0.0021943731
    0.0043346906
    0.0047215884
    0.0039183048
    0.0026786151
    0.0036751504
    0.0023074129
    0.0049186791
    0.0010456091
    0.0037197022
    0.0039100241
    0.0043147950
    0.0021360025
    0.0033721840
   -0.0114416122
   -0.0018599992
   -0.0124528568
   -0.0143216592
   -0.0021417938
   -0.0065974968
   -0.0026512497
   -0.0016155135
   -0.0236341187
   -0.0016531752
    0.0046221257
    0.0020670407
    0.0046333534
    0.0015278067
    0.0023633889
    0.0029098424
    0.0027368063
    0.0047083579
    0.0038848024
    0.0034859678
    0.0042593555
    0.0037340824
    0.0036000822
    0.0017489967
    0.0031659719
    0.0032021527
    0.0016822420
    0.0038549320
    0.0077361763
    0.0038000090
    0.0078067502
    0.0087633888
    0.0050501155
    0.0031424130
    0.0047823736
    0.0032484740
    0.0059294975
    0.0040885688
    0.0025748611
    0.0099618491
    0.0006899940
    0.0068324127
    0.0012410180
    0.0126716763
    0.0019968435
    0.0013331406
    0.0024647711
    0.0032809490
    0.0019547625
    0.0026451482
    0.0028980678
    0.0024493961
    0.0031484270
    0.0027108957
    0.0016169014
    0.0033308027
    0.0033035473
    0.0034399289
    0.0011141498
    0.0030863137
    0.0025112383
    0.0022102443
    0.0022767289
    0.0016988486
    0.0032175822
    0.0026859537
    0.0032603602
    0.0029809988
    0.0028251079
   -0.0041441532
    0.0012799371
   -0.0024849282
   -0.0026898767
    0.0020060227
    0.0000754845
   -0.0017680079
   -0.0002749418
   -0.0023818504
   -0.0015050036
   -0.0021091744
    0.0022432616
   -0.0023333498
   -0.0024219721
   -0.0003788769
    0.0009578268
   -0.0010891256
   -0.0004062674
   -0.0096876345
   -0.0024011449
   -0.0018789657
   -0.0025860426
    0.0017262437
   -0.0041537905
   -0.0020207617
    0.0022192415
   -0.0019867244
    0.0019416913
   -0.0052885781
   -0.0023085516
    0.0047218564
    0.0009247530
    0.0018416997
   -0.0003003099
   -0.0021942313
    0.0019360639
   -0.0027539727
    0.0022688331
   -0.0023578456
   -0.0001260666
    0.0027240897
    0.0000355591
   -0.0038083190
   -0.0038190986
    0.0009066687
   -0.0024399574
   -0.0021203956
   -0.0024351486
   -0.0028769017
    0.0004550791
   -0.0131382954
    0.0019474935
   -0.0025794102
   -0.0007937902
   -0.0101591235
   -0.0048224965
   -0.0021700779
   -0.0033721663
    0.0044624262
    0.0019108917
   -0.0173068300
    0.0011054333
   -0.0028108895
    0.0001393516
   -0.0008801848
   -0.0024234380
   -0.0079452747
   -0.0024359109
   -0.0018260629
    0.0006240285
    0.0017150973
   -0.0018239873
    0.0007606810
    0.0016207180
   -0.0022023258
   -0.0004588509
   -0.0044918187
    0.0005059351
   -0.0022973904
    0.0028388785
   -0.0024190756
    0.0000622901
   -0.0056340963
   -0.0023942408
   -0.0019266550
    0.0037171402
   -0.0014004862
    0.0023288934
    0.0119270588
   -0.0030754115
    0.0061948393
   -0.0021945941
   -0.0083863168
    0.0070823633
   -0.0020935919
   -0.0027729191
    0.0010312096
   -0.0026800729
    0.0127981257
   -0.0010911306
   -0.0018846324
    0.0020667500
   -0.0028791299
    0.0033974923
   -0.0008027661
    0.0005532045
    0.0004894436
   -0.0014992449
    0.0021959211
   -0.0026165979
   -0.0042712067
    0.0018305129
   -0.0025049285
   -0.0038133427
    0.0001340470
    0.0004026189
    0.0020490803
    0.0048175978
    0.0009609348
    0.0006800925
   -0.0136918811
    0.0046861468
    0.0011493425
    0.0008783691
    0.0008037988
    0.0003901438
    0.0036242213
    0.0016968198
    0.0021254860
    0.0014776637
    0.0002859455
    0.0004239692
    0.0008705661
    0.0037847457
    0.0002421125
    0.0098656128
    0.0022238739
    0.0061598200
    0.0014992238
   -0.0004120904
    0.0014816314
    0.0015058635
    0.0016989651
   -0.0056900753
    0.0019153104
    0.0016748789
    0.0022108339
   -0.0070488909
    0.0005196915
    0.0088821344
    0.0074686037
    0.0020713970
    0.0022010535
    0.0022385573
    0.0046160018
    0.0041486307
   -0.0027068979
   -0.0131810162
    0.0012357368
   -0.0000842092
    0.0011822305
   -0.0084479124
    0.0002935433
    0.0001382321
    0.0018826984
   -0.0077447317
    0.0003600088
    0.0085893644
   -0.0002933125
    0.0003214446
   -0.0028404001
   -0.0055649772
   -0.0023682817
   -0.0103175135
   -0.0036859121
   -0.0075816868
   -0.0071362366
   -0.0026096079
   -0.0045874956
   -0.0020375029
   -0.0111574225
   -0.0126356670
   -0.0026481480
   -0.0030965495
   -0.0076389091
   -0.0029123030
   -0.0074715238
   -0.0083008250
   -0.0037049705
    0.0045189832
    0.0057212860
    0.0035483802
    0.0056748276
    0.0068084371
    0.0048160727
    0.0057499029
    0.0069526315
    0.0108484516
    0.0040530085
    0.0022066307
    0.0064705964
    0.0032728276
    0.0051910357
    0.0061230093
    0.0039476642
   -0.0221979196
   -0.0226460903
   -0.0237350176
   -0.0243078469
   -0.0120959472
   -0.0195183062
   -0.0038190577
   -0.0084325135
   -0.0154914113
   -0.0049043329
   -0.0232264452
   -0.0208018697
   -0.0179181630
   -0.0122021173
   -0.0216371894
   -0.0116240241
   -0.0182155725
   -0.0242580193
   -0.0235545292
   -0.0041009074
   -0.0040783927
    0.0021868720
    0.0012304391
    0.0022800891
    0.0011433615
    0.0023093345
   -0.0012449728
    0.0012637370
    0.0002391352
    0.0017113934
    0.0001091829
    0.0019252236
    0.0021147599
    0.0011620503
    0.0009061757
    0.0008497078
    0.0011999117
    0.0003572000
   -0.0010474154
    0.0019950738
    0.0021127232
    0.0002241813
    0.0009455678
   -0.0019091072
    0.0016080516
    0.0036806064
    0.0031527974
    0.0040705835
    0.0025410377
    0.0019913374
    0.0039188073
    0.0024604490
    0.0033810129
    0.0029351527
    0.0018636883
    0.0024135999
    0.0022866122
    0.0031585293
    0.0025816191
    0.0015084546
    0.0027692015
    0.0026050233
    0.0028073578
    0.0013701766
    0.0032114265
    0.0031849078
    0.0021765667
    0.0028557744
    0.0029568692
    0.0040346923
    0.0011970181
    0.0015920105
    0.0078983430
    0.0068557869
    0.0020749803
    0.0042767200
    0.0023382511
    0.0001570182
    0.0013451002
    0.0048875433
    0.0001779844
    0.0051860014
    0.0016606618
    0.0093657704
    0.0024354708
    0.0014214809
    0.0046714589
    0.0005910864
    0.0000681376
    0.0021149326
    0.0007807883
    0.0002789179
    0.0017416093
    0.0008432921
   -0.0004044901
   -0.0130538018
    0.0009309929
    0.0013843664
   -0.0004262003
    0.0001476022
    0.0008990632
    0.0014103315
    0.0022928229
    0.0017431058
    0.0011090395
    0.0010069809
    0.0023187529
    0.0107277234
    0.0004946823
    0.0021025770
   -0.0001753257
   -0.0103152425
    0.0064458836
    0.0006624221
    0.0016113970
   -0.0081645411
   -0.0123100099
    0.0017983986
    0.0004839003
   -0.0169285172
    0.0000796272
    0.0018866730
    0.0002636487
    0.0083048915
    0.0047296905
    0.0027323595
    0.0006867210
   -0.0017754310
    0.0016304814
    0.0004080732
    0.0019918592
    0.0083850652
    0.0008254727
    0.0020290880
    0.0011338996
    0.0006725477
    0.0081906656
    0.0111419938
    0.0133948544
    0.0125088358
    0.0076351329
    0.0122990463
    0.0068933040
    0.0135089823
    0.0129265722
    0.0071004015
    0.0133689980
    0.0086013329
    0.0135035368
    0.0135604435
    0.0117552800
    0.0118601450
    0.0128600686
    0.0010676247
    0.0039408869
    0.0067895023
    0.0108619444
    0.0131994514
   -0.0002721943
   -0.0029695287
    0.0129498102
    0.0132003592
    0.0059496090
   -0.0031614325
   -0.0022046301
   -0.0009040215
    0.0052658488
   -0.0048541224
   -0.0018592532
    0.0000445707
    0.0005218387
    0.0016819529
    0.0115793563
   -0.0020912093
    0.0026567986
   -0.0022347942
    0.0005889420
    0.0013862146
   -0.0019937353
   -0.0174653181
    0.0019373483
    0.0020109488
   -0.0024176307
   -0.0015095841
   -0.0016708243
   -0.0058361859
   -0.0023158255
   -0.0009594660
   -0.0011867104
   -0.0022896871
    0.0021670340
   -0.0024251837
   -0.0030002162
   -0.0040101660
    0.0011006193
   -0.0072938434
    0.0008679570
   -0.0010856034
   -0.0024049774
    0.0016122295
   -0.0021376263
   -0.0012010358
    0.0020918924
   -0.0021225103
   -0.0015499618
    0.0055799212
   -0.0022782179
   -0.0127015966
    0.0030904908
    0.0003514848
    0.0009994144
   -0.0022278197
    0.0021408508
   -0.0025963800
   -0.0016585964
   -0.0114417676
   -0.0008211549
    0.0009224773
    0.0010906306
    0.0006462343
    0.0022402615
    0.0026347204
   -0.0044010837
   -0.0026953092
   -0.0045484574
    0.0032783375
   -0.0031198513
    0.0058801339
   -0.0045599737
   -0.0009427836
   -0.0162965805
   -0.0010743347
   -0.0027590104
   -0.0024516246
   -0.0024599890
    0.0008822771
   -0.0026858362
    0.0021659764
    0.0009274407
   -0.0021785632
    0.0019649205
   -0.0035483783
   -0.0015170038
    0.0006731375
   -0.0024474530
   -0.0019844113
    0.0030007493
    0.0031750148
   -0.0006307951
   -0.0016484546
   -0.0024320504
    0.0006289657
   -0.0015327254
    0.0019562393
   -0.0060040032
   -0.0007619286
   -0.0029150490
   -0.0024296010
   -0.0015402053
    0.0034014080
   -0.0047110440
   -0.0156049463
   -0.0026345883
   -0.0025465812
   -0.0035820863
   -0.0015607964
   -0.0024834084
    0.0003010163
   -0.0053048427
    0.0023451861
   -0.0003248101
   -0.0094761039
   -0.0034309825
   -0.0010510033
    0.0027702080
   -0.0003303001
    0.0057948725
    0.0098722595
   -0.0001205332
   -0.0026571548
   -0.0019264629
    0.0001727782
    0.0026364320
   -0.0012351112
   -0.0006646180
   -0.0030724062
   -0.0020491839
    0.0019792405
   -0.0000229193
    0.0019569459
    0.0004578561
   -0.0013221082
    0.0018711304
    0.0014355718
    0.0022131400
    0.0022855828
    0.0022549050
    0.0012062506
    0.0022972278
    0.0020171675
    0.0019867424
    0.0000575816
    0.0007447595
    0.0023349720
    0.0022981828
    0.0023191451
    0.0008925429
    0.0022720630
    0.0006080952
    0.0012716333
    0.0018459995
    0.0037165268
    0.0028412660
    0.0017883534
    0.0017050999
    0.0012815088
    0.0022878290
    0.0032842753
    0.0037959042
    0.0031153206
    0.0019582946
    0.0009305040
    0.0030124656
    0.0016293932
    0.0022710085
    0.0032861593
   -0.0023934822
   -0.0055543718
   -0.0036722451
   -0.0067438100
   -0.0059063518
   -0.0056225572
   -0.0026264375
   -0.0104002438
   -0.0066077140
   -0.0057470116
   -0.0040820630
   -0.0095608421
   -0.0104498883
   -0.0037607833
   -0.0079311038
   -0.0100999643
   -0.0060379910
   -0.0034695326
   -0.0044072793
   -0.0026407416
   -0.0122771107
   -0.0031683705
    0.0036149171
    0.0032223081
    0.0023579587
    0.0028440655
    0.0031085282
    0.0018711092
    0.0030048710
    0.0035701931
    0.0016377112
    0.0031281637
    0.0022720803
    0.0033027268
    0.0035684402
    0.0023576692
    0.0035134314
    0.0029723345
    0.0013411120
    0.0032923084
    0.0043569765
    0.0125358691
    0.0063386251
    0.0048779640
    0.0047694950
    0.0080657010
    0.0087796503
    0.0027296295
    0.0036521240
    0.0032431554
    0.0040948777
    0.0038028884
    0.0040379561
    0.0053420190
    0.0052528547
    0.0050425585
    0.0057427350
    0.0026190744
    0.0060475093
    0.0106631755
    0.0094078137
    0.0071835678
    0.0067561178
    0.0024107053
    0.0026185324
    0.0015141163
    0.0016834954
    0.0027880703
    0.0021028174
    0.0020589898
    0.0015263032
    0.0021399339
   -0.0012943419
    0.0018669809
   -0.0002118854
   -0.0022040932
   -0.0019406292
    0.0044285473
   -0.0033228039
    0.0003088311
   -0.0010726908
   -0.0013444389
   -0.0052479979
   -0.0004597809
   -0.0012330395
   -0.0023190232
    0.0040514709
   -0.0023974787
    0.0007079642
    0.0019363087
   -0.0019091540
   -0.0141768928
    0.0037984667
   -0.0020524013
   -0.0019114592
   -0.0012991375
   -0.0004102839
    0.0005982178
   -0.0019098775
    0.0002505011
    0.0085151349
    0.0000682210
    0.0005418876
   -0.0009633472
    0.0019250989
   -0.0017659031
   -0.0038126736
   -0.0025248757
   -0.0025642072
    0.0000103821
   -0.0030387938
    0.0098588617
   -0.0121732631
   -0.0002607781
   -0.0022050010
    0.0009108003
   -0.0021237253
    0.0000901378
   -0.0021839582
   -0.0074624056
    0.0004039931
   -0.0038689286
   -0.0007739518
    0.0024780718
   -0.0000126440
   -0.0013337581
   -0.0031627850
    0.0003844603
   -0.0006149361
    0.0016658322
    0.0011043196
   -0.0007721205
   -0.0008239630
   -0.0007271899
    0.0023322896
   -0.0011577390
    0.0024675421
    0.0012765783
   -0.0021678179
    0.0012774821
    0.0020279228
   -0.0040277820
    0.0005917891
   -0.0045119335
    0.0018344924
   -0.0020174812
    0.0020371274
    0.0024427046
   -0.0018851201
    0.0012766734
    0.0008786350
   -0.0040496779
    0.0019151624
   -0.0008786357
   -0.0023933241
   -0.0076498706
   -0.0074911486
   -0.0018008625
   -0.0009087366
    0.0099127515
   -0.0017003702
   -0.0107639445
    0.0002204957
    0.0007418172
   -0.0019727421
   -0.0049731283
   -0.0022701227
    0.0000697678
    0.0023566768
    0.0013039325
    0.0021550998
    0.0001833453
    0.0035071993
    0.0064378204
   -0.0044204527
    0.0083611323
   -0.0020376070
    0.0022454223
   -0.0053998557
    0.0022943804
    0.0006725128
   -0.0022474032
   -0.0030108043
   -0.0010247529
   -0.0000934550
    0.0028269282
    0.0005257348
   -0.0013505360
    0.0010182845
   -0.0029065017
    0.0017093180
    0.0011651728
    0.0021273634
    0.0012115136
    0.0028777112
   -0.0122493139
   -0.0061333029
   -0.0039515029
   -0.0001700898
    0.0011141455
   -0.0091949937
    0.0010391982
   -0.0005163372
   -0.0022466029
   -0.0026497740
    0.0057916960
    0.0001402788
    0.0096255814
    0.0008606605
   -0.0035409127
   -0.0032044607
    0.0057297231
   -0.0017000041
   -0.0047449532
   -0.0007249532
    0.0037379843
   -0.0030733279
    0.0095971347
    0.0006210236
   -0.0079104081
   -0.0021124264
   -0.0022992422
   -0.0030381134
   -0.0024237330
   -0.0000259707
   -0.0103683855
   -0.0022065050
   -0.0024795779
    0.0006568783
    0.0004021445
   -0.0019292556
    0.0019342689
    0.0020873122
    0.0027981610
    0.0100613500
    0.0002355987
    0.0022802191
    0.0017223459
    0.0016060289
    0.0002036912
    0.0018258357
    0.0009833836
    0.0016662095
    0.0016186720
    0.0008649245
    0.0011077640
    0.0010890605
    0.0018359996
    0.0012742237
    0.0040864318
    0.0043707920
    0.0035002265
   -0.0103896347
    0.0018970754
    0.0014858318
    0.0016810253
    0.0014325575
    0.0000896409
    0.0020549233
   -0.0041780492
    0.0037597757
   -0.0007743769
    0.0011176378
    0.0013651915
    0.0011083680
    0.0016904622
    0.0015121583
   -0.0013282532
    0.0008277457
    0.0049143649
    0.0012103727
   -0.0139860656
    0.0016806247
    0.0016002246
    0.0008695905
    0.0020447498
   -0.0025238616
    0.0005381201
    0.0048593076
   -0.0049912132
   -0.0013699752
    0.0043552165
    0.0014797432
    0.0005827566
   -0.0085767303
    0.0029667719
    0.0040341079
    0.0009065120
    0.0010035611
    0.0034281448
    0.0007895662
   -0.0032601550
    0.0013634945
    0.0005718281
    0.0016284480
    0.0010220039
    0.0034514473
    0.0015591653
   -0.0081157094
   -0.0030948124
   -0.0039214682
   -0.0032049634
   -0.0058844981
   -0.0058118803
   -0.0043913171
   -0.0052032060
   -0.0031431051
   -0.0076855843
   -0.0048452338
   -0.0037083951
   -0.0026499950
   -0.0041771902
   -0.0024466827
    0.0044317909
    0.0068792446
    0.0027224537
    0.0059328665
    0.0049143455
    0.0042578653
    0.0038187770
    0.0041199874
    0.0062698455
    0.0059697878
    0.0075538676
    0.0032754942
   -0.0149105435
   -0.0022427892
   -0.0185098924
   -0.0083171410
   -0.0174726781
   -0.0170921457
   -0.0183517190
   -0.0183671483
   -0.0091606997
   -0.0176366974
   -0.0136072934
   -0.0076909471
   -0.0162287935
   -0.0031202234
   -0.0173594125
    0.0009569494
    0.0016757135
    0.0015376094
    0.0003527583
    0.0017016995
    0.0012732150
    0.0014010670
    0.0002398977
    0.0008790959
    0.0013151090
    0.0006726279
    0.0002051233
    0.0017472535
    0.0032982774
    0.0026371819
    0.0019331883
    0.0022532390
    0.0018225666
    0.0024032727
    0.0028042706
    0.0024314803
    0.0016677998
    0.0029587766
   -0.0011670810
    0.0011883251
    0.0011922361
    0.0021271434
    0.0008405206
    0.0004637574
    0.0007642326
    0.0035924640
    0.0007431755
    0.0089060033
    0.0009518736
    0.0006358581
   -0.0017549821
    0.0017868191
    0.0019165598
    0.0007115027
    0.0012709734
   -0.0039227429
    0.0007662734
    0.0043163636
    0.0010663522
    0.0004135248
    0.0023575927
    0.0005412768
    0.0013084213
    0.0029663278
   -0.0064342985
    0.0035792366
   -0.0058818060
    0.0059708268
    0.0002742463
   -0.0074587182
    0.0019488563
    0.0008975429
    0.0008902802
   -0.0009670642
    0.0020296789
    0.0008965045
    0.0000480574
    0.0015482148
    0.0017442739
    0.0003627752
    0.0014548235
    0.0010880282
    0.0009917916
    0.0101780752
    0.0017485603
    0.0018368513
    0.0021673975
    0.0005507083
    0.0045113089
    0.0000057461
   -0.0080902351
   -0.0094341464
    0.0001558602
    0.0052660615
    0.0005939722
    0.0004314813
    0.0015934151
   -0.0016575588
    0.0030028334
    0.0010175591
    0.0010830213
    0.0019001624
    0.0030766816
    0.0041284011
    0.0011447084
    0.0018767600
    0.0015056699
   -0.0149541322
    0.0002609475
    0.0005502084
    0.0027010720
   -0.0031284027
    0.0007942681
    0.0033578465
    0.0001281812
    0.0005023652
    0.0011899192
    0.0109015492
    0.0047648008
    0.0090382684
    0.0109844271
    0.0112194112
    0.0105070229
    0.0104611850
    0.0099090562
    0.0112122763
    0.0029360650
    0.0107640595
    0.0098596097
    0.0099621927
    0.0111595611
    0.0095644920
    0.0111605123
    0.0080998877
    0.0106470618
    0.0102745114
    0.0065565635
    0.0032288738
    0.0106548161
    0.0022661098
    0.0071584272
    0.0109031712
    0.0105934095
    0.0096105835
    0.0111957157
    0.0017018935
   -0.0022208688
   -0.0016217128
   -0.0021681923
   -0.0017319419
    0.0050721835
    0.0003325319
   -0.0025909653
    0.0006661976
    0.0005767334
    0.0019567492
    0.0061389673
   -0.0018352779
    0.0001834584
    0.0009159935
   -0.0004199039
   -0.0084926005
   -0.0021143597
    0.0021743502
   -0.0022886875
   -0.0021826497
    0.0009801271
   -0.0001752437
   -0.0009975594
   -0.0015720575
   -0.0107578417
   -0.0020060696
   -0.0023691795
   -0.0000797359
   -0.0019555425
   -0.0027421282
    0.0013746965
   -0.0057694857
   -0.0022474257
   -0.0022375582
   -0.0023536742
   -0.0005319479
   -0.0008591975
   -0.0019840158
   -0.0086720708
   -0.0014570883
   -0.0018285250
    0.0006680282
    0.0011110388
    0.0011588536
    0.0018437089
    0.0009296076
    0.0003984051
    0.0015979148
   -0.0012621642
    0.0063066308
   -0.0108289126
   -0.0007880400
    0.0005386495
    0.0010595397
    0.0055537834
   -0.0035189320
   -0.0006465004
   -0.0008207722
   -0.0051285466
    0.0015834103
    0.0023258159
   -0.0007606666
    0.0010470407
   -0.0022886341
   -0.0009277119
   -0.0039128007
   -0.0023494388
   -0.0014273354
   -0.0076319432
   -0.0009736979
    0.0022644088
    0.0027275105
    0.0011999670
   -0.0040557857
    0.0018768663
   -0.0024084171
   -0.0001029796
   -0.0005083291
    0.0006059684
    0.0069714118
    0.0023258229
    0.0001630355
   -0.0021912561
    0.0007141570
    0.0013122991
   -0.0014196464
    0.0002808382
   -0.0049079607
   -0.0003626949
    0.0019737176
   -0.0021566256
   -0.0030648062
    0.0021883811
    0.0019543768
   -0.0005730490
   -0.0068688524
    0.0036292172
   -0.0018627479
   -0.0022440053
   -0.0024928105
    0.0008068494
    0.0004875451
   -0.0015346843
   -0.0021415309
   -0.0016045608
   -0.0016175337
   -0.0049109545
   -0.0022791135
   -0.0104102240
   -0.0021277886
    0.0024429045
   -0.0035014381
   -0.0021739140
   -0.0016113166
   -0.0033736732
    0.0014919658
    0.0039362312
   -0.0155636461
   -0.0018865283
    0.0002171652
    0.0014795537
    0.0082710716
   -0.0027305398
    0.0011420329
    0.0070145729
    0.0017293717
    0.0030148360
    0.0015397733
   -0.0109655525
    0.0062933717
   -0.0017334782
   -0.0004557521
    0.0003591206
   -0.0084703316
   -0.0016023744
    0.0042095488
   -0.0121764532
    0.0049521460
   -0.0026231754
   -0.0064951599
   -0.0003921412
    0.0029304517
   -0.0070135467
   -0.0028358003
    0.0007138929
   -0.0012325034
    0.0020695619
   -0.0023168605
   -0.0021811876
    0.0006328506
   -0.0021817447
   -0.0019532542
   -0.0004421080
    0.0017872168
   -0.0011387943
    0.0033090702
   -0.0024772363
    0.0005783107
   -0.0000444848
    0.0062955444
   -0.0013060015
   -0.0028203653
    0.0090851500
   -0.0021174227
    0.0095881501
   -0.0013840218
    0.0012192014
   -0.0026453431
   -0.0012855722
   -0.0015675547
   -0.0090500597
   -0.0025245187
   -0.0000562236
    0.0012764058
   -0.0019206124
   -0.0030949537
    0.0027149980
    0.0008089632
   -0.0001063953
    0.0012446662
    0.0016831012
    0.0017182316
    0.0005915101
    0.0014421621
    0.0015859297
    0.0017262852
    0.0010553936
    0.0017053739
    0.0007505581
    0.0012946976
    0.0016067592
    0.0021430941
    0.0023719562
    0.0029721008
    0.0028604486
    0.0022537088
    0.0023157564
    0.0025990862
    0.0020293949
    0.0016593482
    0.0022314421
    0.0028066159
    0.0031249849
    0.0026473441
   -0.0027295137
   -0.0032996381
   -0.0072274526
   -0.0039312069
   -0.0063425967
   -0.0059820824
   -0.0080099064
   -0.0028437680
   -0.0045856673
   -0.0037458872
   -0.0080862726
    0.0028056442
    0.0023537246
    0.0024452319
    0.0019438926
    0.0025729839
    0.0027351675
    0.0028482568
    0.0027531699
    0.0028130553
    0.0022466917
    0.0025579279
    0.0023974381
    0.0019883582
    0.0028503543
    0.0050868965
    0.0057921069
    0.0037252100
    0.0055698049
    0.0040563161
    0.0043929137
    0.0061815093
    0.0051584359
    0.0046290180
    0.0045457397
    0.0035976939
    0.0040505591
    0.0004176127
    0.0016992467
   -0.0014580882
   -0.0056778522
    0.0025381063
    0.0020956548
   -0.0027554806
   -0.0053021696
   -0.0004214922
   -0.0016409673
    0.0072346823
    0.0021705917
   -0.0008604985
    0.0018072014
    0.0000949385
    0.0011823918
    0.0035714234
   -0.0022574525
   -0.0012911554
   -0.0038131147
    0.0014588528
    0.0003351165
    0.0009867812
    0.0040271124
   -0.0005910028
   -0.0002626717
    0.0062294965
   -0.0033392270
   -0.0019066792
    0.0006193193
   -0.0038165177
   -0.0021553346
    0.0014633491
    0.0023293515
    0.0010203927
    0.0018858721
   -0.0020115071
    0.0021834848
   -0.0025979916
   -0.0026850353
   -0.0017445184
    0.0014835060
   -0.0001885519
   -0.0015278591
    0.0003650664
    0.0001061891
    0.0010220785
    0.0055196288
   -0.0055017034
   -0.0120705868
   -0.0017006759
    0.0019930127
   -0.0016983963
    0.0002505539
    0.0026079778
   -0.0061998286
    0.0030520056
    0.0045314857
   -0.0018788158
   -0.0038834606
   -0.0009280263
    0.0016603232
   -0.0018496262
    0.0007562157
    0.0000311092
   -0.0046321585
    0.0060815094
    0.0017636385
   -0.0005107277
   -0.0008290599
   -0.0014380842
    0.0011039559
   -0.0025174829
   -0.0001055141
    0.0037056507
   -0.0026648376
   -0.0011875400
    0.0021747106
    0.0016742723
   -0.0007014376
   -0.0000594079
   -0.0039252063
   -0.0010537239
    0.0013727952
    0.0008735571
    0.0007772746
   -0.0022301022
   -0.0028270714
    0.0015094960
    0.0008460177
   -0.0013399314
    0.0004547224
    0.0060585271
    0.0078065434
    0.0061952467
   -0.0016749191
   -0.0005587219
    0.0028768972
   -0.0004800615
   -0.0092307465
   -0.0022304014
   -0.0004094321
    0.0018836883
   -0.0005676102
    0.0016848733
   -0.0013191805
    0.0027429763
   -0.0002108365
    0.0025812933
   -0.0006721524
   -0.0007222885
   -0.0054480307
    0.0014175378
   -0.0014815188
   -0.0038387603
   -0.0021023491
   -0.0029206569
    0.0003066586
   -0.0029804633
   -0.0083784300
   -0.0057238784
   -0.0023509209
    0.0015838799
   -0.0016434912
    0.0017835360
   -0.0017417826
   -0.0050536059
    0.0015190888
   -0.0006674209
   -0.0037368936
    0.0017149098
    0.0013304060
    0.0039669973
   -0.0025459467
   -0.0013027483
    0.0003631162
    0.0001396004
    0.0013088259
    0.0014781739
    0.0010123494
   -0.0048105625
   -0.0067426357
   -0.0014615510
    0.0023650642
    0.0023172226
   -0.0009770374
    0.0014719925
    0.0016495562
    0.0003344410
   -0.0034882672
    0.0019467047
   -0.0023432002
   -0.0003557536
   -0.0030767697
    0.0002596905
   -0.0002763798
    0.0048776538
   -0.0001150321
   -0.0001923784
    0.0018057425
    0.0020148792
   -0.0030880555
   -0.0018713027
   -0.0052515371
    0.0077150543
   -0.0015840212
   -0.0004131978
    0.0003348265
    0.0018232096
    0.0017541985
    0.0016641954
    0.0030775907
    0.0020654978
   -0.0033688955
   -0.0005919818
    0.0018017208
   -0.0006614008
   -0.0015531779
   -0.0016072669
    0.0019896347
    0.0010038037
   -0.0104166267
   -0.0000920794
   -0.0068921259
   -0.0042992039
   -0.0037816417
   -0.0003803120
   -0.0010322414
    0.0017844527
    0.0016402963
    0.0089486180
    0.0016156090
    0.0015136574
    0.0008000144
   -0.0008665115
   -0.0003040249
    0.0074738172
    0.0034158710
    0.0063496775
    0.0012250758
   -0.0024356524
   -0.0075500187
   -0.0013084802
   -0.0010957488
   -0.0092929476
   -0.0033926103
   -0.0014317513
   -0.0016944017
   -0.0004686207
   -0.0059807506
   -0.0009290590
    0.0015525686
    0.0024275431
    0.0011745177
   -0.0021818346
    0.0021036999
   -0.0000706518
    0.0050034946
    0.0008564439
    0.0002799910
    0.0006769194
   -0.0070274274
   -0.0020385193
   -0.0016660918
   -0.0022724971
   -0.0042215434
    0.0019686366
    0.0010097427
   -0.0019743015
    0.0004099357
    0.0000001612
   -0.0004415020
   -0.0067487497
    0.0005054182
    0.0019294547
   -0.0003720347
    0.0076091700
   -0.0005012728
    0.0018614278
    0.0018645862
   -0.0007511776
   -0.0009937653
    0.0032808507
    0.0010214262
   -0.0001584830
    0.0016787915
    0.0014587890
   -0.0009224571
    0.0004841716
   -0.0003615816
   -0.0027498762
    0.0018942636
    0.0035609492
   -0.0021866486
   -0.0020939798
   -0.0022514865
    0.0004696039
    0.0014922132
    0.0014940210
    0.0017002124
    0.0020613589
   -0.0001399430
    0.0015637567
   -0.0039119682
   -0.0042507681
   -0.0083089144
    0.0005446388
    0.0061768689
   -0.0012580475
   -0.0015687113
    0.0021508717
    0.0017815057
   -0.0014021097
   -0.0008143731
    0.0001277589
    0.0082224061
   -0.0022532126
   -0.0036797408
    0.0039332462
   -0.0036949107
    0.0006592297
   -0.0014422847
   -0.0019530816
    0.0008497568
    0.0014218047
   -0.0010162851
    0.0010506590
    0.0010462209
    0.0009595728
   -0.0013260261
    0.0011731211
    0.0010793709
   -0.0042785301
    0.0011643994
    0.0024959421
    0.0011068722
    0.0033383305
    0.0017340218
   -0.0091455841
    0.0027233930
    0.0005367036
    0.0048120869
    0.0011576924
    0.0029021435
    0.0024850662
    0.0026519884
   -0.0080839303
    0.0011928663
    0.0010175546
    0.0011826076
    0.0016964880
    0.0016667048
    0.0009787467
    0.0004419356
   -0.0009586869
   -0.0022619140
    0.0015164796
    0.0007278286
    0.0040596465
   -0.0033960627
    0.0011681533
    0.0008054833
    0.0005761348
    0.0012267962
    0.0009812084
    0.0007515220
    0.0007505940
    0.0015151813
   -0.0051192946
    0.0009589707
   -0.0124719944
   -0.0003445106
    0.0007641920
    0.0013653595
    0.0016091047
    0.0011074839
    0.0009194441
    0.0012068782
    0.0028686917
   -0.0020939569
    0.0019946866
    0.0011852210
    0.0006700852
    0.0012681589
   -0.0114902718
    0.0008990774
    0.0029384405
    0.0005280519
   -0.0017026477
    0.0008601518
    0.0014491198
   -0.0012761589
    0.0032599724
    0.0003617712
    0.0011480709
    0.0009590807
    0.0024882084
   -0.0005350691
    0.0048129521
    0.0000004538
    0.0024701651
    0.0040684871
    0.0016448139
    0.0032621860
    0.0027366276
    0.0033930663
    0.0023419625
   -0.0012625487
    0.0010035109
    0.0031160184
   -0.0027200874
    0.0004922749
    0.0019866315
    0.0042121464
    0.0010585797
    0.0004617326
   -0.0063630885
    0.0012111309
    0.0016369386
    0.0008947184
    0.0013688084
    0.0011308978
    0.0017930494
    0.0009558605
    0.0022489999
    0.0031190357
    0.0023024606
   -0.0043878074
    0.0008944558
    0.0009655387
   -0.0013969667
    0.0020888619
   -0.0046944527
    0.0020042426
    0.0012196157
    0.0009914615
    0.0011248678
    0.0013510126
    0.0012316318
   -0.0054168629
    0.0012528423
    0.0023588772
   -0.0031972110
   -0.0109550190
    0.0023403406
    0.0014528611
    0.0066159341
    0.0014756764
    0.0013085235
    0.0023114038
   -0.0035067592
    0.0010877322
   -0.0056558416
    0.0003957703
    0.0015757303
    0.0013352712
    0.0024052341
   -0.0010894760
   -0.0146499247
   -0.0043015162
   -0.0062254628
   -0.0143382821
   -0.0133713734
   -0.0115156592
   -0.0140582816
   -0.0141705598
   -0.0141175431
   -0.0135068307
   -0.0060012249
   -0.0110483419
   -0.0070187588
    0.0014211845
    0.0012050969
    0.0011492102
    0.0007897931
   -0.0080260816
   -0.0027173090
   -0.0000756075
    0.0011491005
    0.0076756088
    0.0014592825
    0.0009474445
   -0.0085056675
    0.0011137464
    0.0007503559
    0.0011725263
   -0.0090533435
    0.0072116724
    0.0009233831
    0.0015385422
    0.0013086830
    0.0002921894
   -0.0050769452
    0.0004489709
   -0.0057277214
    0.0055353770
    0.0004688223
    0.0068246596
    0.0025538215
    0.0009341587
    0.0006211244
    0.0011734388
   -0.0036084304
    0.0017891012
    0.0022347875
    0.0012549123
   -0.0019960544
   -0.0064640904
   -0.0021241989
    0.0017550064
    0.0010581037
    0.0038102289
    0.0054307846
    0.0016295281
    0.0009918088
    0.0072029634
   -0.0111433825
    0.0036578742
    0.0022198252
    0.0028372322
    0.0022014520
   -0.0045253884
    0.0042108393
    0.0016573768
    0.0014265436
    0.0012074730
    0.0018988507
    0.0017940867
    0.0008539559
    0.0007547127
    0.0011788024
    0.0037356496
    0.0012161726
    0.0013204067
    0.0006131897
    0.0014357395
    0.0017685333
    0.0011860711
    0.0026894754
    0.0013824914
    0.0013159206
    0.0007564114
    0.0005685901
    0.0017325318
    0.0011899217
   -0.0089636211
    0.0060052941
    0.0037194563
    0.0017455713
    0.0024127700
   -0.0097056831
    0.0007271258
    0.0029204527
   -0.0022627440
   -0.0007666269
    0.0011632149
    0.0052174269
    0.0015099617
    0.0012654411
    0.0010650227
    0.0018650308
    0.0014886586
    0.0001790654
    0.0009020456
    0.0010825278
   -0.0057552694
   -0.0019965722
    0.0012884279
    0.0012009012
    0.0010514085
    0.0006262056
    0.0011965578
    0.0008453294
    0.0033436897
    0.0027253995
   -0.0026267559
    0.0024286371
    0.0019413421
    0.0007592331
    0.0073722221
    0.0012064007
    0.0015764494
    0.0009957531
    0.0004695199
    0.0020186264
    0.0011482607
   -0.0075383743
    0.0024498769
    0.0013535530
    0.0021484474
    0.0092099500
    0.0047394011
    0.0094885861
    0.0093892721
    0.0046922308
    0.0093925934
    0.0079016301
    0.0094648495
    0.0094709310
    0.0055468580
    0.0051327274
    0.0076580164
    0.0044275597
    0.0079081298
    0.0071544374
    0.0093766944
    0.0092603170
    0.0038897133
    0.0091517477
    0.0008087918
    0.0075851615
   -0.0067333390
   -0.0077555183
   -0.0012042215
   -0.0050130389
    0.0010626402
   -0.0003742848
    0.0078409908
   -0.0025147525
    0.0020127123
   -0.0034883791
    0.0016234192
   -0.0068250491
    0.0018462931
   -0.0044016161
    0.0038040629
   -0.0021309718
    0.0017293412
   -0.0015549015
    0.0018494743
    0.0010419987
   -0.0012336744
   -0.0010590326
   -0.0007170829
    0.0012891642
    0.0052250283
   -0.0023365492
   -0.0050948068
    0.0009636208
   -0.0035313356
    0.0002302101
    0.0051703147
    0.0012332354
   -0.0022072211
    0.0007924660
   -0.0007332457
   -0.0085951336
    0.0019131658
   -0.0021439130
    0.0001026094
    0.0024264703
   -0.0045851485
   -0.0083972143
    0.0010012938
   -0.0001863840
    0.0021048273
   -0.0018055765
    0.0021769195
    0.0030092600
    0.0008217699
   -0.0018919411
    0.0081481531
    0.0005759359
    0.0015753264
    0.0022336532
   -0.0004249366
    0.0008051618
    0.0027452579
    0.0020220149
    0.0007399065
   -0.0017887387
   -0.0020091700
   -0.0009632181
    0.0011955095
    0.0040071571
    0.0018525281
   -0.0005145490
   -0.0011735021
   -0.0019181405
    0.0011972237
   -0.0001034904
   -0.0032692550
    0.0015230114
   -0.0003798955
   -0.0029299537
   -0.0011312329
    0.0022218945
    0.0017053087
   -0.0041401944
   -0.0036231923
    0.0071131549
   -0.0010233953
   -0.0004251170
    0.0046342123
   -0.0015136263
    0.0085019502
    0.0030112998
   -0.0033367772
   -0.0026629591
    0.0032867020
    0.0046984649
   -0.0019023051
   -0.0055221468
   -0.0065833376
   -0.0016850433
   -0.0007585964
    0.0024021585
    0.0022076133
   -0.0098405543
    0.0001652089
   -0.0112578880
    0.0012786395
    0.0019335263
   -0.0018701530
   -0.0012026077
    0.0017901095
    0.0013500629
    0.0035741457
   -0.0015968549
    0.0014881140
   -0.0001134477
   -0.0018392141
   -0.0035750785
    0.0008586396
    0.0020773686
    0.0006587890
    0.0019079887
   -0.0017095598
   -0.0006000345
   -0.0021764387
   -0.0061151847
    0.0018304621
    0.0003964630
   -0.0006998464
    0.0072341548
   -0.0045431851
    0.0012673746
    0.0027053137
   -0.0014932208
    0.0014638800
    0.0017968000
    0.0059631787
   -0.0029986680
    0.0005918617
   -0.0055984348
    0.0000314618
    0.0018502233
    0.0016768712
   -0.0011541585
   -0.0012636315
   -0.0088333707
   -0.0027582833
   -0.0074526910
    0.0022544559
    0.0022332973
   -0.0024298960
    0.0084273817
   -0.0003805245
   -0.0036156484
   -0.0042579393
    0.0010476905
   -0.0052722707
    0.0027561341
   -0.0017256960
   -0.0020974779
   -0.0091806524
   -0.0040864776
   -0.0062354522
   -0.0007926440
    0.0000818393
    0.0041932423
    0.0013972213
   -0.0020597293
    0.0077699656
   -0.0002322940
   -0.0040574398
    0.0015204134
    0.0007227046
   -0.0013640284
    0.0018246048
   -0.0032801660
   -0.0017799636
   -0.0042185447
   -0.0022766435
    0.0045540201
    0.0020447855
   -0.0024282991
    0.0074314796
    0.0059393338
   -0.0047113555
    0.0000964914
   -0.0023239822
   -0.0028289542
    0.0000701929
   -0.0016584434
    0.0008895665
    0.0007083189
    0.0020169038
   -0.0024467604
   -0.0015179651
   -0.0020227466
   -0.0010096522
   -0.0007461837
    0.0007546159
   -0.0071641121
    0.0022426149
   -0.0043776879
   -0.0123006126
    0.0026768717
   -0.0040779783
    0.0016422387
    0.0034723409
    0.0025236865
    0.0018609810
    0.0012320136
   -0.0017252546
   -0.0003811578
   -0.0006809275
    0.0012472827
   -0.0026929219
    0.0008810745
   -0.0018194188
    0.0068903624
    0.0012077193
    0.0027717020
   -0.0013741811
   -0.0022346094
    0.0007149442
    0.0000911935
    0.0018207500
   -0.0021435806
    0.0067567289
   -0.0041601958
   -0.0047573214
   -0.0053295478
    0.0018533805
    0.0015084777
    0.0017469257
   -0.0017821961
   -0.0059985000
   -0.0001547290
    0.0011245128
   -0.0005625330
    0.0068164888
    0.0000263751
   -0.0008308776
   -0.0014250936
    0.0000221060
    0.0008554300
    0.0013911342
   -0.0000899998
   -0.0003478054
   -0.0011218424
   -0.0012921436
   -0.0009809780
   -0.0011987289
    0.0019298336
   -0.0014253113
    0.0016716549
   -0.0000214559
    0.0001653329
    0.0036047262
    0.0025412976
    0.0034222252
   -0.0018854003
   -0.0027110572
    0.0003089335
    0.0014934418
   -0.0012626872
   -0.0013615378
   -0.0003783582
    0.0025064677
   -0.0080607425
    0.0001610410
   -0.0020805312
   -0.0021717525
    0.0020504091
   -0.0002057100
   -0.0014715755
   -0.0001591910
   -0.0072373699
   -0.0020807972
   -0.0009981279
    0.0012675529
    0.0009322895
   -0.0001836913
    0.0012471131
    0.0047699981
   -0.0026199045
   -0.0047159838
    0.0007538184
    0.0003967393
    0.0016524235
   -0.0024590298
    0.0019608057
   -0.0002235199
   -0.0017024015
    0.0002387617
    0.0004884169
    0.0018832324
    0.0003496497
   -0.0024187328
   -0.0017182549
   -0.0011925223
   -0.0006273455
    0.0006046191
   -0.0013663774
