-3.507958 -2.834678 0.145242
-4.487155 -1.448890 0.961425
-3.837224 -2.038242 -1.301369
-4.588017 -0.345097 0.054639
-4.666360 -1.900156 -0.166106
-4.360031 -2.300104 0.357871
-4.632935 -0.581152 -0.490824
-3.902603 -2.593478 0.541565
-4.686283 -0.576647 0.217090
-3.644738 -1.102844 1.582133
-3.545465 -1.512416 1.583146
-3.921574 -2.561939 -0.628379
-4.434524 -1.871350 -0.862960
-4.644975 -1.215018 0.738083
-3.570596 -1.743866 1.513670
-3.524605 -2.475319 1.010041
-4.072053 -2.025505 -1.152795
-4.347415 -1.759995 1.013821
-3.773555 -1.749318 1.440188
-3.660015 -2.671362 -0.651137
-4.728704 -0.833663 -0.441560
-3.157126 -2.626439 0.872722
-2.017459 -1.817417 1.559858
-0.875551 -2.324105 0.236541
-1.193471 -2.439688 -1.199551
-1.502302 -1.828116 -2.030220
-2.135195 -2.089625 1.411654
-2.533563 -2.324041 1.215860
-2.631724 0.057668 -2.210973
-4.122756 -0.355709 -1.331071
-1.928529 -2.456342 -1.675667
-2.018899 -2.605651 0.867482
-0.954752 -1.806764 -1.650217
-2.782916 -2.030578 1.400967
-3.238167 -0.390979 -2.179739
-1.583211 -1.059649 -2.304901
-2.108154 -0.369674 -2.377151
-1.121574 -1.294497 -2.022685
-2.797242 -0.636802 -2.380226
-2.334721 0.206881 -2.156922
-0.889520 -0.756498 -1.888875
-3.273244 -2.417975 -1.419168
-1.352304 -2.664037 -0.912164
-0.931522 -2.142434 0.663252
-2.337329 -2.924603 -0.853641
-2.316798 -1.874088 1.554887
-3.650115 -0.107115 -1.798224
-4.159386 -0.932780 -1.389398
-2.313702 -2.990340 -0.212372
-3.077199 0.196137 -2.001349
-2.828124 -2.865151 0.202222
-0.876536 -2.235195 0.431442
-2.501392 -1.571269 -2.317964
-2.583899 -0.594997 -2.413091
-3.330495 -0.188096 -2.065757
-2.681918 -0.317384 -2.343169
-2.454665 -1.041472 -2.435141
-1.559441 -2.667272 0.517583
-3.830506 0.088534 -1.477301
-3.561415 0.172020 -1.702816
-1.141456 -1.888418 -1.763695
-3.148896 -2.189003 -1.764705
-1.549686 -0.559682 -2.278042
-1.468972 -1.423329 -2.186695
-2.684839 -2.864796 -0.948989
-1.532161 -2.752396 0.266906
-2.382172 -2.957616 0.063095
-1.010583 -2.509413 -0.643351
-4.217254 0.001519 -0.747816
-1.151007 -2.640403 -0.241400
-1.669145 -1.692426 -2.167431
-3.781241 -1.439538 -1.756662
-1.922893 -2.854678 -0.959428
-1.755885 -1.299938 -2.323424
-0.821260 -2.303122 -0.775873
-2.207149 -0.627219 -2.430216
-3.623637 0.764255 2.050419
-1.950452 2.564013 1.178918
-2.369449 1.559314 2.354959
-4.389786 0.426860 0.119366
-1.303819 -1.239540 1.974627
-1.970987 2.694118 0.667354
-4.073008 0.551712 -0.845467
-2.497941 -1.471219 1.815215
-3.866431 0.577183 1.827465
-3.797409 1.467930 1.453094
-4.313467 0.111041 -0.259450
-3.829023 0.524731 -1.194815
-3.601914 0.417481 2.120768
-1.456540 1.655356 2.241693
-2.547910 2.389887 1.425762
-3.096256 1.927735 1.749648
-4.330895 0.363336 0.919403
-2.805315 1.671509 -1.465590
-3.515708 -0.326316 2.072758
-2.827347 2.211771 1.567691
-4.267740 0.091476 1.091476
-1.609994 2.287477 1.642642
-3.122850 2.172553 1.383299
-1.178113 -1.606474 1.426829
-2.467514 2.034834 -1.264538
-3.470667 0.718894 -1.506641
-4.004538 -0.436140 1.408599
-2.252578 0.805158 -1.979428
-2.601258 0.696345 -1.937640
-2.113344 2.713914 0.265301
-1.826037 2.140157 1.883534
-2.211875 2.692869 0.063579
-2.462660 2.581090 1.001375
-3.174730 1.262600 -1.522494
-2.222535 2.649450 -0.183111
-3.837535 -0.485473 1.643351
-2.310541 0.484284 -2.015205
-3.637100 -0.633487 1.796639
-4.372241 0.158186 0.672444
-3.062563 1.609392 2.063811
-4.024586 0.310430 1.628448
-2.624828 2.166765 1.740018
-3.834295 -0.237438 1.774439
-2.534029 1.250983 -1.794350
-3.297532 1.493715 1.985571
-2.465621 1.890617 2.090103
0.484539 2.859074 -0.621252
-0.940159 2.844783 -1.376662
-1.923470 2.105753 -1.703184
-1.383773 2.889218 -1.098827
-0.838974 1.789287 2.047431
-0.603146 -0.848908 -1.805648
-1.947920 2.721579 0.565518
-2.135840 2.488815 -1.014581
0.636470 2.269260 -1.508337
-1.338549 3.079670 -0.561509
-1.060895 1.919527 1.956004
0.063175 2.932855 -0.984863
-2.068199 2.667926 -0.725062
-1.940708 2.837065 0.095820
-1.724588 2.786126 -0.995345
-0.546129 0.971542 2.245714
0.084734 3.012064 -0.731533
-0.682227 -0.582825 -2.037175
-0.525208 1.271873 2.208230
-1.742038 2.381198 -1.587000
-2.262475 1.777437 -1.625183
0.486152 2.495137 -1.384053
-0.612723 1.771635 2.060879
-2.204854 2.329125 -1.167553
-1.755625 2.569929 -1.345085
-0.288973 1.322210 2.171458
0.394285 1.792853 1.775070
-1.987356 2.560181 -1.106972
0.405201 2.701180 -1.144344
-0.910214 2.695536 -1.594666
0.195978 2.439885 -1.659036
-1.683699 2.965862 -0.451701
-0.131849 2.565183 -1.672961
0.047504 1.631990 1.998339
-3.357458 2.182632 1.260555
-4.402442 1.522543 0.168632
-3.114053 2.566847 -0.590267
-3.417468 2.562181 -0.356945
-2.559951 2.605069 -0.552512
-4.212409 1.946209 0.304165
-3.811175 2.344229 -0.290884
-4.275942 1.272498 0.870364
-4.080312 1.281400 1.173841
-2.786527 2.762865 0.204943
-3.317025 2.637270 0.480083
-3.482123 2.047067 1.312332
-3.717524 1.967796 1.206718
-4.424217 1.223288 0.448304
-2.581227 2.715314 -0.224281
-4.048441 1.713575 -0.778717
-3.431046 2.342288 -0.777461
-3.974446 2.037593 0.827229
-3.852235 2.284460 0.612375
-3.324570 2.243380 -0.961153
-3.266351 -0.135483 2.484565
-3.125005 -0.270164 2.588437
-1.664670 -0.231672 3.011468
-1.079605 0.296629 2.816626
-2.814210 -0.707448 2.592769
-2.600171 -0.167246 2.951898
-1.876536 0.812997 2.972431
-2.013081 -0.055138 3.082903
-1.546100 1.106062 2.746795
-0.862379 -0.409119 2.497700
-1.470181 -1.285419 2.032650
-2.964401 0.162833 2.800069
-1.994598 0.642879 3.036124
-1.822285 -0.085729 3.067956
-2.299560 0.042813 3.068244
-1.130636 0.044134 2.846765
-1.983207 0.392171 3.086930
-2.110774 -0.578296 2.913466
-1.295314 0.343555 2.933666
-1.881866 -0.641699 2.877756
1.449132 -2.078964 1.113217
0.452121 1.484297 2.032231
-0.047683 -0.586730 -2.021611
0.141190 -2.230781 1.204358
0.644049 1.603890 1.913524
-0.868416 -1.601464 1.470177
-0.527301 -1.925677 1.350824
1.126679 -1.462432 -1.590720
0.062459 -1.994589 1.592287
0.772626 -1.991980 1.633787
0.057900 -0.447504 -2.070474
1.381591 -1.792930 1.636041
-0.579157 -1.483188 1.840668
-0.261775 -1.990518 1.448741
0.420918 -0.777611 -2.033970
1.157488 1.735106 1.625303
0.743605 -1.251806 -1.816304
-0.663256 -1.639158 1.623244
-0.418004 -1.508447 1.916239
0.048551 -0.824907 -1.976413
-1.671843 0.028931 -2.212033
-1.561644 0.319722 -2.499240
-2.110187 1.632271 -1.849842
0.315482 1.578905 -2.387313
-0.547435 1.807855 -2.650118
0.535409 1.458383 -2.220873
-1.926876 0.931555 -2.361167
-1.855827 1.889790 -2.014303
-0.807955 -0.177663 -2.430189
-1.616600 0.668533 -2.586380
-1.189740 1.406683 -2.753143
-1.032268 0.270144 -2.698609
-0.305613 -0.351456 -2.164359
-0.427597 0.096388 -2.613542
-0.075457 2.262833 -2.066177
-1.787698 0.204344 -2.242263
-0.893840 2.104101 -2.427501
0.192770 1.070527 -2.618370
-1.131824 -0.334240 -2.179276
-1.728209 1.429066 -2.457597
0.433097 0.413960 -2.305647
-0.054654 1.024142 -2.750935
-1.327718 2.365898 -1.899497
-1.102991 2.625365 1.653236
-0.090228 3.399915 0.701683
0.327797 3.145274 0.914412
-0.331975 2.262679 1.914722
0.339237 3.272051 0.248529
-1.228794 3.290255 0.686844
0.300260 1.973366 1.768208
-0.340122 2.929878 1.554992
-0.650368 3.490033 0.445870
-0.567930 2.607286 1.787105
-0.809995 3.474769 0.295097
-0.899572 3.409211 -0.084594
-1.605853 2.849319 1.052433
-0.034292 2.879179 1.520034
-0.250049 3.477111 0.171617
-0.287999 3.248858 1.162566
-0.455171 3.160510 -0.711134
-0.159861 2.204663 1.901520
-0.034505 3.380908 -0.107909
0.012925 3.414553 0.177632
0.028913 1.982608 1.886930
0.706852 2.961393 0.525348
0.805228 2.837665 0.043519
0.576387 2.612555 1.314196
-1.431388 2.815459 1.294368
-0.786820 3.354556 -0.326557
-1.355871 3.147803 -0.285044
-0.413266 3.364326 0.962845
0.510072 3.134619 0.556080
-0.946527 3.163430 1.214626
2.988119 2.431001 -0.838016
2.459599 2.371753 -1.483363
3.783334 1.771167 -0.549273
0.848628 1.877711 -1.863285
3.000018 1.920185 -1.703156
3.823429 1.604497 -0.845650
3.578575 1.527908 -1.452964
1.424268 -1.195872 -1.943704
2.130245 2.468771 -1.447673
3.232752 2.222622 -0.968437
3.546726 1.081384 -1.780367
3.244911 2.030588 -1.316657
3.039079 2.327571 -1.044807
2.181271 2.198350 -1.810751
1.528820 1.454590 1.869827
2.144507 -1.085188 -2.065791
3.732369 1.496352 -1.226950
2.926095 2.218366 -1.388595
0.980686 2.630318 -0.543598
1.507956 -1.348127 -1.802895
3.433753 2.185006 -0.458796
2.340804 2.248124 -1.706632
1.803477 2.193134 -1.853201
2.018490 2.608539 -1.195799
1.199379 -2.172945 -1.063874
0.179321 -2.490494 -1.053826
0.774095 -2.364604 -1.128370
1.374297 -1.687731 -1.304920
-0.257641 -1.322044 -1.727965
0.869346 -2.550080 0.395622
-0.277483 -1.593417 -1.651535
0.298020 -1.648048 -1.742804
0.239396 -2.720166 -0.474998
1.019542 -1.860849 -1.464331
1.038390 -2.553096 -0.459362
0.244658 -2.385019 -1.209407
0.788286 -1.488644 -1.719083
-0.366330 -1.769377 -1.537289
0.146874 -2.403508 0.844533
0.176430 -1.253698 -1.830262
-0.043623 -1.471384 -1.758927
1.501698 0.720544 2.339084
0.233560 -1.187048 2.647248
0.974761 -1.607040 2.117281
0.718226 -1.076700 2.740710
-0.502722 0.704899 2.297523
0.610270 -1.402271 2.489237
-0.184056 0.099386 2.815915
-0.423825 -0.702277 2.611890
-0.092774 1.047487 2.267163
-0.617924 -0.625669 2.474568
-0.337256 0.010997 2.748418
-0.421117 0.177015 2.658486
-0.653010 0.175628 2.459227
1.388340 -0.418998 2.748041
1.398802 -1.030916 2.491481
0.879856 -1.284635 2.552877
0.700868 0.944124 2.544468
1.176410 -0.865482 2.720270
0.440855 -0.785603 2.893628
-0.191047 -0.542532 2.801510
3.714147 1.635927 0.929193
4.376879 -2.168134 1.088183
4.095790 1.269200 1.297026
2.797966 1.172677 1.814465
4.311526 -2.393749 0.670887
2.304412 -2.418182 1.320316
4.427989 0.272110 1.866736
3.428102 -0.198797 -2.204715
3.274018 -2.153894 1.794020
4.091831 -0.369104 -1.993038
4.093083 -0.591620 -1.992908
4.513964 -2.162344 0.869148
3.379710 -2.706935 0.883989
4.051242 1.650293 0.146009
4.526314 -2.058044 -0.810508
3.406710 -0.877898 -2.193006
4.258881 -2.348680 0.899908
5.006728 -1.609132 -0.495967
2.215442 -1.262749 -1.988758
1.853707 -2.461070 0.785669
3.848209 1.639550 0.776131
3.683432 -2.614613 0.934229
3.872320 -2.084463 1.651275
1.696454 -1.227730 1.966046
3.966285 0.693089 1.947726
3.837888 -2.341182 1.351744
4.578634 -0.872752 -1.620265
4.294504 -1.892912 -1.298584
4.636346 -1.155300 -1.474996
2.941336 -2.318571 1.635570
4.734953 -2.031716 -0.396876
5.217739 -1.349039 0.054095
3.671256 0.511735 -1.935482
3.437368 1.666644 1.037340
4.815570 -2.024597 0.164567
1.460041 -2.269494 0.445341
4.279024 -1.284839 -1.722592
4.360032 0.801710 1.589103
4.921844 -0.522894 1.523766
5.165877 -0.507980 1.107512
3.049685 -2.684478 1.027613
5.225943 -1.268019 0.437142
1.894894 -2.170262 1.384666
2.101224 -2.074226 1.645505
4.628257 0.159415 1.731727
2.819718 -0.465677 -2.253956
4.010592 -1.695173 -1.664534
3.726826 -0.009447 -2.097055
4.754824 0.206391 1.571638
5.060892 -0.373371 1.305895
4.715669 -1.257653 -1.339583
3.300787 0.189816 -2.143419
4.565971 -1.358518 -1.447023
5.236583 -0.286302 0.910787
4.454514 -2.356683 -0.103191
5.034077 0.187498 1.157447
4.847255 -1.941362 0.487024
4.017526 1.658624 -0.067393
4.140364 -2.262502 1.217960
3.820855 1.739036 0.330423
3.415201 -2.561553 1.206174
0.962868 1.156266 -2.653356
1.303592 1.702649 -2.441386
0.601228 1.321211 -2.211300
1.237022 0.069128 -2.845096
2.952012 -0.081085 -2.393097
0.824662 1.503820 -2.303193
0.798361 -0.195164 -2.462166
1.708555 1.811857 -2.430392
2.823287 -0.353817 -2.327316
1.780607 1.429086 -2.761662
1.505840 1.472036 -2.701998
1.380175 -0.565347 -2.526824
2.554939 -0.505945 -2.414055
1.729776 0.539723 -3.014126
3.109753 1.238231 -2.130631
3.234726 2.456768 0.675003
2.379131 2.731329 1.137862
1.555633 2.820108 -0.662255
2.982614 1.812407 1.467762
1.668043 2.515100 1.373993
2.375592 1.789657 1.747443
1.258663 2.480401 1.207262
3.521352 1.916341 0.717676
2.340370 2.910932 -0.564521
2.185972 2.198371 1.628052
3.166023 2.544140 -0.355866
2.771953 1.555382 1.643513
3.378808 1.974564 0.967008
3.069428 1.935564 1.354780
2.326879 1.542894 1.794330
2.038404 2.822465 1.076251
2.385639 2.024143 1.672542
2.490140 2.404892 1.426584
2.870227 2.757870 -0.417190
0.937414 2.668680 -0.166519
3.124185 2.178914 1.162979
1.913982 2.408705 1.503211
1.951471 -2.389516 -1.372470
2.815155 -2.028087 -1.885158
2.556489 -2.077616 -1.836962
3.119694 -2.629050 -1.495500
4.019723 -2.693902 -0.184736
2.930175 -2.385095 -1.711059
2.581043 -2.957309 -1.040826
3.091849 -2.940026 -1.094028
4.021095 -2.641250 0.068849
3.428070 -2.993766 -0.754695
4.008523 -2.328112 -1.190405
2.218750 -2.298662 -1.613366
1.694231 -1.696676 -1.481866
2.665814 -2.954002 0.476795
2.482847 -2.576491 -1.510012
3.551771 -3.009075 -0.382311
4.158920 -2.324455 -0.958411
2.308420 -2.932981 0.327187
1.553460 -1.941133 -1.238336
2.120535 -2.979872 -0.208871
2.248475 -2.993750 -0.674008
3.667443 -2.886853 -0.739946
1.903980 -2.748292 -0.828250
4.422530 1.156628 -1.261099
4.690906 1.160812 -1.076405
5.343709 -0.978619 -0.535621
5.498833 0.529578 -0.140435
4.835102 -0.732164 -1.522766
5.196805 -0.207118 -1.362142
4.676188 -0.178043 -1.758589
4.526035 1.460409 -0.496170
4.945899 0.437073 -1.487368
5.258442 0.372885 -1.183583
4.493605 1.288935 -1.025029
4.055727 1.525500 -0.674640
5.223002 -0.409026 -1.291595
4.810942 1.041783 0.631586
4.212225 1.561404 -0.310139
4.444766 1.422552 -0.764397
4.798144 0.293255 -1.642056
4.808923 0.775760 -1.395189
4.734352 -0.624605 -1.633685
5.605014 0.151040 -0.268782
5.371504 -0.942554 0.007555
1.985640 -0.940641 2.417030
3.033568 -0.361150 2.859246
3.072402 -0.878323 2.850889
3.342303 -1.418082 2.634969
3.668183 -2.045927 1.799082
3.517770 -1.774763 2.305997
4.411272 -0.208160 2.153320
3.169308 -2.138062 1.844163
3.993265 -0.305774 2.580027
3.565962 0.649020 2.222652
4.345742 -0.630559 2.305296
2.157626 0.317827 2.262295
1.982399 -1.480665 2.098308
2.739376 -0.807068 2.825534
2.307313 0.152817 2.486202
2.790528 -1.396782 2.639968
4.606758 -0.463796 1.895950
2.767555 -1.977022 2.089827
2.906353 -2.133917 1.834892
2.678650 0.430158 2.466820
3.215753 -1.170982 2.766868
2.227122 -0.410300 2.629003
3.080913 0.660318 2.317272
3.042287 -1.943678 2.190542
-4.730126 -0.521851 -0.861966
-4.844869 -1.586755 0.787329
-4.790353 -0.524631 0.702489
-4.449687 -2.554428 -0.415036
-3.988256 -2.819020 0.583381
-3.064416 -1.810304 1.800707
-4.256838 -1.160424 1.546099
-4.440815 -2.387356 -0.795885
-4.317827 -0.717552 1.422084
-3.709916 -2.120396 1.570253
-4.685193 -1.982236 -0.859484
-4.429410 -1.949311 1.197558
-4.908316 -1.461956 -0.733205
-3.976640 -2.509530 1.115613
-3.583256 -3.066266 -0.163667
-4.791325 -1.731066 -0.853774
-4.120596 -2.854588 0.056537
-3.435075 -3.100513 -0.025334
-4.999243 -1.034774 -0.488525
-5.039156 -0.961340 -0.221347
-4.929418 -1.682631 0.503117
-4.819616 -0.955287 0.887593
-4.518005 -1.654785 1.245030
-4.119846 -2.831701 -0.305532
-3.550627 -2.952026 0.660414
-3.178590 -0.344798 -2.534419
-1.196396 -2.930480 0.299632
-1.981580 -3.230444 -0.769982
-2.817617 -0.612786 -2.686138
-0.816727 -2.609825 0.459470
-1.560315 -0.438559 -2.588697
-2.364354 -2.109987 1.770094
-2.266822 -1.247653 -2.719729
-1.658377 -2.577977 -1.912522
-3.606145 -0.635795 -2.370998
-1.003057 -2.868215 0.085231
-3.899086 0.308552 -1.750101
-1.960299 -2.427209 -2.147193
-1.981613 -2.618339 1.332064
-1.294632 -2.879605 0.576493
-1.212200 -2.982623 -0.765267
-1.071102 -1.183993 -2.379959
-1.694873 -2.398733 -2.098948
-2.244949 -1.008654 -2.745188
-2.363679 -3.145100 -1.163661
-2.113422 -2.763319 1.187240
-1.002368 -2.528197 0.867919
-1.824157 -2.220082 -2.275917
-2.884517 -3.044072 0.603034
-2.714574 -3.254378 -0.092467
-2.176652 -3.048808 0.741840
-1.525837 -2.979965 -1.217688
-2.664988 -2.657526 -1.926014
-2.999799 -3.029549 -1.195862
-2.934562 -1.255924 -2.639453
-1.531986 -0.267571 -2.539935
-0.745299 -1.845692 -1.889637
-1.516170 -3.075824 0.296282
-1.113494 -2.430578 -1.734268
-2.274975 -1.668357 -2.613658
-2.237262 -3.091708 -1.292978
-2.516104 -0.906825 -2.742498
-3.888296 -1.622682 -2.017519
-3.187810 -0.814204 -2.590606
-2.863999 -1.961739 -2.420470
-2.345247 -3.216888 0.300013
-2.648359 -3.175670 -1.003289
-2.349876 -2.461831 -2.152765
-2.276916 -0.825560 -2.749914
-2.538452 2.926854 0.993744
-3.544521 1.078798 2.470999
-1.791422 2.648258 1.757905
-4.633195 0.140085 1.078340
-2.833140 -1.418969 2.255036
-4.651453 -0.169101 0.820402
-4.416560 -0.370301 1.421647
-1.053540 1.656145 2.515232
-4.114845 0.812014 -1.328484
-2.550634 0.602179 -2.312278
-4.677361 0.912707 0.468657
-3.664462 1.298111 2.286039
-2.726711 1.948994 2.417006
-4.070894 -0.891999 1.642689
-2.195689 3.049043 0.455098
-4.507546 -0.013362 1.390353
-3.559595 1.605697 2.193148
-3.974365 1.524021 1.818252
-4.683668 0.705214 0.764814
-0.659214 0.784508 2.653679
-4.723289 0.263143 0.032895
-4.225314 -0.745388 1.514115
-4.266167 0.508470 -1.184661
-4.688977 0.346062 -0.191680
-1.679144 -1.857687 1.912520
-3.198156 2.478846 1.537296
-1.948679 1.816428 2.623888
-1.640126 2.319442 2.165330
-2.464440 1.370867 -2.133973
-2.937541 2.817404 0.980911
-3.036479 -1.662593 1.882487
-1.505571 1.849393 2.543582
-4.259982 1.115525 1.678142
-3.250417 1.754980 2.312025
-1.663966 1.651312 2.696912
-3.975298 0.886125 2.154092
-3.275019 1.645721 -1.686000
-2.264570 -1.723780 2.101344
-2.609513 2.290688 -1.456259
-4.248853 -0.492821 1.665891
-3.740293 1.536743 2.076498
-2.489270 -1.513312 2.280851
-2.503831 1.550596 -2.043412
-3.026902 -1.264226 2.298363
-2.568946 2.819475 1.310206
-2.245307 2.797220 -1.163867
0.120076 3.317459 -0.916520
-1.451443 3.412993 -0.518155
-1.254573 2.895837 -1.806114
0.834587 2.842602 -1.182583
-1.785348 3.018988 -1.307865
-1.428166 3.449069 -0.165863
-0.046128 3.188459 -1.344279
-2.342896 2.615737 -1.325595
-2.225202 3.055430 0.114839
-0.395494 3.386554 -1.035039
-2.130801 2.354447 -1.848276
0.942924 3.027296 -0.160552
-0.156681 1.465651 2.468915
-1.493676 2.820371 -1.796616
-1.532114 2.677153 -1.935429
0.710185 2.751884 -1.479353
-0.057920 -0.320693 -2.511232
-1.013348 2.721316 -2.058732
-0.894347 3.306493 -1.245595
-0.651758 -0.456851 -2.519649
-1.025449 3.451854 -0.787255
-0.890204 2.871781 -1.919021
0.426265 3.006198 -1.348986
-0.852120 2.095216 2.277430
-1.277197 3.297475 -1.115495
-2.316583 2.366042 -1.659970
-2.126264 1.844773 -2.191712
0.566843 2.441359 -1.942725
-1.926440 2.539907 -1.836095
-1.548844 2.537786 -2.059557
-3.502395 2.522040 1.175962
-2.606542 2.993178 0.010643
-3.550795 1.687097 -1.525424
-3.855586 2.311847 -0.885678
-4.510663 1.560575 0.811475
-4.339099 1.845747 -0.697250
-4.344291 1.688349 1.064271
-2.928948 2.225191 -1.410310
-4.009207 1.229778 -1.341516
-4.129415 1.861585 -0.997447
-3.189721 2.205194 -1.377461
-4.689529 0.990771 0.314864
-3.994177 2.547564 0.400365
-3.265330 2.677953 1.082821
-4.633052 1.590876 0.141455
-4.508000 1.395607 0.906448
-4.631307 1.493420 -0.182428
-3.852752 1.425491 -1.429034
-4.204535 1.938628 -0.837653
-1.944238 -0.972222 2.951538
-1.698178 -1.113264 2.801419
-1.621805 -0.804862 3.020151
-3.150339 0.965906 2.749285
-1.321601 1.043347 2.994473
-1.872463 -0.602525 3.166368
-1.616244 1.248845 2.969322
-1.081686 0.728549 3.012056
-3.280260 -0.419921 2.723605
-3.048641 -0.265149 2.968801
-1.442622 0.582864 3.211493
-0.972390 0.226933 3.037142
-1.211329 -0.484091 3.034827
-1.721584 1.459244 2.826841
-1.944624 -1.221319 2.726727
-1.871888 0.406577 3.322334
-0.915224 0.592385 2.946024
-1.238246 -0.758365 2.905935
-2.072871 0.115819 3.337673
-0.982364 -0.108575 3.017459
-2.897275 -0.232638 3.069091
-2.707341 0.967654 3.026678
-3.093013 0.812269 2.873097
-2.141592 -1.217582 2.725232
-1.263855 -0.255662 3.135089
-1.066084 -1.039040 2.562793
-2.120909 -1.440740 2.436558
-3.174644 -0.631021 2.707520
1.057891 1.557684 2.335528
-0.075739 -2.404109 1.540539
0.383193 -1.943892 2.221751
1.934858 0.467664 2.479520
0.554496 -1.133346 -2.266821
0.954324 1.300820 2.536775
-0.743964 -1.330926 2.318662
1.115992 -2.717831 0.492266
0.386841 -2.688702 1.013181
0.158833 -1.338390 -2.148608
0.794493 -1.854526 2.282407
-0.847137 -2.308227 1.050709
-0.093979 -1.886704 2.191050
-0.965393 -1.585640 1.978790
-0.294898 1.007209 2.606291
0.183463 -2.534534 1.377930
0.762376 -1.997465 2.153796
0.345288 1.727553 2.266207
-1.298980 2.485305 -2.221125
-0.532538 2.391318 -2.480134
-1.473421 2.403717 -2.223469
-0.730157 0.030420 -2.880476
-0.037931 2.056636 -2.636103
-0.892958 0.413175 -3.033721
-0.903141 1.899776 -2.871586
-2.070592 0.959109 -2.558154
-1.475017 0.420797 -2.878217
-0.436364 2.576053 -2.216275
-1.540993 1.124000 -2.927797
-1.031407 2.474046 -2.349840
-0.739810 0.502264 -3.067226
-1.127144 1.165489 -3.067966
-1.538818 2.140754 -2.477477
-1.758008 0.317653 -2.675637
-2.245612 0.889678 -2.353028
-0.239187 1.725471 -2.904810
-0.850222 2.498986 -2.353440
-0.287870 2.401625 -2.409326
0.014744 3.577566 -0.273240
-0.159649 2.769597 1.936353
-0.944154 3.127569 1.641691
0.793207 3.047517 1.004867
-0.174788 3.662726 -0.130560
0.532611 3.389317 -0.081951
-0.217431 3.675135 0.713857
0.042158 3.426106 -0.597787
0.401183 3.321982 -0.478566
0.628567 3.025011 1.276940
-0.746055 3.727322 0.314134
0.370860 3.064711 1.473793
0.627428 3.300706 0.763295
-0.839972 3.535722 1.102968
0.476414 3.470318 0.342528
-0.481479 3.741914 0.282601
-0.259806 3.283855 1.523091
-0.461077 3.650479 0.887538
-0.901967 3.588547 -0.338052
-0.910013 3.669688 -0.030677
-0.402592 2.382470 2.136474
0.549405 2.636987 1.683258
0.987115 2.995253 0.578312
0.421731 3.483522 0.053042
-0.641153 3.540325 -0.543504
3.098691 2.646025 -1.204253
2.266780 1.793684 2.058579
0.546590 -0.446705 -2.482315
3.624998 2.426556 -0.727284
1.060703 2.977198 -0.804031
3.726089 2.025809 0.880920
1.506906 -1.373550 -2.264653
1.423759 -1.202747 -2.391199
2.621204 2.843163 -1.236177
3.430226 2.013270 -1.791736
3.769115 1.034042 -2.074829
3.986966 2.058765 0.108927
0.827838 -0.846862 -2.433932
1.738274 1.152709 2.364640
2.202173 3.021632 -0.995619
3.159287 1.558123 -2.349075
3.251945 2.188884 -1.774801
2.426185 2.543932 -1.862821
3.715024 2.386655 -0.480876
3.430507 1.550166 -2.155910
3.353252 0.756191 -2.491694
3.685673 2.140733 -1.286107
3.070212 2.807484 -0.734265
1.873431 2.720905 -1.720655
1.405881 -1.552409 -2.067211
2.905442 2.301163 -1.916604
3.119312 1.646055 1.813512
1.142897 3.054339 -0.407705
2.464919 -0.777518 -2.611447
2.436393 2.889610 -1.250532
3.781642 2.271842 -0.737905
1.278775 -2.426815 -1.113387
0.090819 -2.973900 -0.036592
1.078759 -2.742831 0.374135
-0.421066 -2.813707 -0.510296
1.227520 -2.108441 -1.491355
0.052499 -2.794203 -0.971836
0.496672 -2.145869 -1.744204
0.296132 -2.851534 0.551260
0.587921 -2.942286 0.154410
-0.189081 -1.713561 -1.905417
-0.087395 -2.822188 -0.845654
1.258285 -2.709798 -0.466143
0.151413 -2.867106 -0.824152
0.683116 -1.739316 -1.924890
0.196951 -1.676758 -1.983760
0.291555 -1.925597 -1.884204
0.854074 -1.125901 2.970544
0.890635 0.124156 3.180764
0.482723 0.896735 2.900932
-0.403057 -1.475376 2.411072
0.050906 -0.815932 3.076488
1.504189 0.753247 2.675941
0.130457 0.825008 2.899719
-0.025755 -0.403339 3.149776
1.163855 -1.061497 2.914093
-0.580272 -0.520752 2.857263
0.466334 0.498218 3.111917
-0.156436 -1.115489 2.863498
-0.048990 0.281837 3.090918
1.755406 -1.085893 2.500173
-0.659111 0.138322 2.795011
-0.616914 -0.935372 2.675891
4.278444 0.766411 2.168386
2.165469 0.443300 2.535270
5.330675 -1.539248 -0.808300
5.215815 -1.801201 -0.753394
1.682659 -1.516270 2.263227
4.152589 -0.311890 -2.339019
5.315742 0.191368 1.376984
2.053388 -1.944167 2.210006
3.937957 0.579651 -2.201813
2.481280 -2.684915 1.632279
1.662683 -2.830693 0.445166
5.342047 -0.509687 1.503666
5.417397 -1.632543 -0.373921
3.880380 -2.246213 -1.758204
4.645702 -2.294528 -1.072506
4.243991 -2.487205 1.477553
4.488766 -2.756794 0.277186
4.520870 -1.325367 -1.974396
3.155057 -0.558087 -2.595603
4.197494 1.942995 0.384177
1.968981 -1.482237 -2.191672
4.163754 -1.654098 -2.044315
4.706887 -2.203447 1.358441
1.845671 -2.481759 1.560472
4.170276 1.748271 -0.901950
1.953333 -1.737429 2.294585
4.482007 -0.399221 -2.160756
4.372578 -2.691089 -0.688053
4.181314 1.030253 -1.806668
3.398226 -0.730140 -2.560616
4.329944 1.864550 -0.213518
5.642041 -0.415343 0.765774
5.563886 -1.395457 0.081607
5.444529 -0.299175 1.299216
4.992869 -1.159862 -1.605955
3.410361 -1.516672 -2.364291
4.806657 0.345028 1.976067
3.907965 -3.021770 0.495736
5.022255 -2.223594 0.658503
3.188144 -0.866606 -2.567571
4.238804 1.881358 -0.395989
5.558416 -0.077276 0.950561
4.730839 -1.984874 -1.349660
5.337371 -1.768412 0.660486
3.856442 -1.841880 -2.077799
4.094916 -2.618040 1.404720
3.857944 -0.873562 -2.433049
3.968288 1.112654 -1.858157
4.819982 0.859162 1.629718
4.209318 -2.922066 0.102221
4.819582 -1.466881 -1.649414
5.210690 0.677023 1.198230
3.355723 -3.146074 0.557955
1.948939 -2.164009 1.982771
3.347865 1.009348 2.364982
3.926428 1.919943 0.989056
4.980266 -1.610688 1.607071
1.825668 -2.787056 0.966885
5.127717 -2.143937 -0.233291
4.607706 -1.487448 -1.833490
2.156902 -2.599983 1.606975
4.644132 -2.377431 1.176460
2.522099 -1.519552 -2.350630
5.167742 0.364732 1.526532
3.087231 -3.034643 1.063308
4.441315 -2.298767 -1.307485
5.040757 -1.772147 -1.138561
3.238816 1.162880 2.269738
4.615322 -1.699199 -1.702657
5.193042 -2.095596 0.112450
4.051657 -2.284211 -1.629731
2.724398 -1.549163 -2.368925
4.538252 -2.555597 0.984429
5.120737 -1.952238 0.986788
1.952286 -1.802563 -2.017156
4.549096 -2.099965 1.666450
4.427433 -2.434317 1.369966
0.651985 -0.099706 -2.731591
1.132088 0.750459 -3.122056
2.459986 0.080376 -3.080529
1.543165 0.964767 -3.190145
1.305999 -0.714009 -2.700747
0.860087 0.845181 -2.979714
1.757567 0.024381 -3.184377
2.030080 -0.348745 -3.022111
2.260583 -0.535206 -2.858893
1.115719 1.510660 -2.843146
2.084979 1.917719 -2.644292
1.580976 0.208346 -3.213517
0.505605 -0.029488 -2.629840
2.234241 0.359691 -3.198190
1.991760 0.318237 -3.233563
0.997468 1.942795 -2.370458
1.915789 0.584376 -3.252039
0.531230 0.442675 -2.769752
1.676469 -0.385689 -3.012477
3.344533 2.416764 1.119127
2.546213 2.892871 1.264660
1.321643 2.196421 1.759421
1.886558 3.322585 0.392398
1.775072 3.113066 -0.730657
2.283599 3.143314 0.957903
1.950964 1.968209 1.986573
3.585165 2.420409 0.639586
1.358279 3.099103 0.809476
2.401901 2.612423 1.605026
2.116559 2.300381 1.852013
2.208067 3.327163 -0.012665
3.246384 2.814175 -0.350873
2.515769 2.425556 1.707620
2.159432 1.952306 1.987258
3.262657 2.877972 -0.014456
2.582368 1.991630 1.892509
1.030328 3.067938 0.174369
1.003495 3.039618 -0.051283
3.246052 2.186816 1.412006
2.269911 -3.228324 0.215347
3.294708 -2.380420 -1.938253
2.876918 -2.932676 -1.551173
2.487770 -3.319313 0.088518
2.677038 -2.622779 -1.828026
2.985249 -2.036782 -2.131694
2.504153 -1.959421 -2.121619
2.545460 -3.267407 -0.914418
2.252856 -2.724282 -1.623507
3.734739 -3.130718 0.147680
3.110236 -2.728633 -1.734595
1.870382 -2.726571 -1.363348
3.473040 -3.210849 0.261364
1.445702 -2.701093 -0.710669
3.977887 -3.030807 -0.102553
2.732654 -3.338060 0.155322
3.151701 -2.095672 -2.094065
1.965044 -3.026578 -0.986819
3.484812 -2.641216 -1.695184
1.994912 -2.873972 -1.286678
1.710268 -2.397065 -1.524870
1.931809 -3.143378 -0.490544
4.528912 1.678816 -0.689771
4.778192 1.450279 -1.023064
5.232930 -0.626228 -1.568965
5.701345 -0.811521 0.040196
4.494986 0.900306 -1.794996
5.806265 -0.506398 -0.466877
5.291944 -0.366887 -1.588582
5.010479 0.131593 -1.828941
5.399261 1.058784 -0.732473
4.314445 1.239828 -1.577520
4.375795 1.607069 -1.023405
5.448718 1.087150 -0.104505
5.039547 1.318420 0.447135
5.587620 0.795342 0.185274
4.561520 1.252119 -1.468651
3.804361 -0.530222 2.974849
3.660191 -1.648863 2.690881
3.750186 0.180123 2.823614
4.655561 -0.474123 2.293877
3.091907 0.583614 2.714894
2.637777 -1.693276 2.702568
2.750089 0.269916 2.879202
3.196168 0.381910 2.847551
2.624918 -0.746748 3.053302
4.308266 0.006311 2.549849
3.924143 0.061626 2.794753
2.099869 -1.302601 2.682071
4.354242 -1.028806 2.568015
3.873674 -0.092817 2.874013
3.999086 -0.899885 2.855572
3.524591 -0.502239 3.062657
3.999099 -1.200180 2.770237
2.717331 -0.418547 3.072396
4.543344 -1.155520 2.309364
4.195035 -1.160297 2.654996
2.685128 -0.049984 2.994215
4.303291 -1.709676 2.170144
2.354999 -1.095756 2.898241
1.974255 -1.579715 2.410021
2.953198 -0.454944 3.106444
3.012200 -1.037153 3.061686
-5.263341 -1.194168 0.404170
-4.324233 -2.989357 0.268777
-4.785257 -1.360271 1.377951
-5.220379 -1.767552 -0.218427
-4.608157 -1.964059 1.375988
-4.325201 -2.671831 1.036833
-4.210761 -3.011321 -0.527119
-3.232895 -2.576160 1.645880
-4.919442 -2.433961 0.015167
-5.123199 -0.353980 -0.200294
-4.909803 -2.427247 -0.246264
-5.143876 -1.116885 -0.833288
-5.264229 -1.548135 -0.254884
-4.882517 -2.407633 0.422779
-3.551630 -3.112382 0.904745
-4.548013 -1.980390 -1.465344
-5.183717 -0.495648 0.082388
-5.176279 -1.421253 -0.720453
-4.795098 -2.216616 -0.975317
-4.901843 -0.768985 1.160946
-5.046842 -0.471804 0.699053
-4.757220 -0.708089 1.331197
-4.490416 -2.885508 -0.172131
-5.286705 -1.311030 0.241338
-4.930292 -1.512249 1.157247
-3.287466 -2.305261 1.833080
-5.039673 -1.813997 -0.856966
-3.457274 -3.295281 0.415524
-5.102422 -0.803881 0.803322
-5.029873 -2.247853 -0.163023
-4.477836 -1.249645 -1.958342
-1.718271 -2.739903 -2.217701
-1.098890 -3.230669 -0.946516
-1.375863 -0.708841 -2.881222
-3.806776 -0.531918 -2.592220
-4.137038 -2.203537 -1.867323
-2.510195 -2.543493 1.833758
-1.508753 -3.420248 -0.862393
-3.238136 -2.724020 -2.104656
-0.827437 -3.008337 -1.130547
-3.695076 -0.857452 -2.684937
-3.175725 -0.953256 -2.916426
-0.531189 -2.223256 -1.879134
-1.938767 -1.837597 -2.847118
-1.911195 -3.048623 1.277932
-2.763197 -2.377725 -2.555256
-0.831415 -3.087207 -0.890265
-3.274806 0.421609 -2.537157
-2.859974 -0.837704 -3.001024
-3.000379 -3.510073 -0.487949
-2.722965 -3.530460 -0.787708
-4.761061 -1.230333 -1.502495
-2.592006 -3.349468 0.794940
-2.176580 -2.167459 -2.720370
-1.050566 -2.654042 -1.952480
-2.014183 -3.382620 -1.344710
-1.651526 -2.262160 1.936262
-2.504763 -2.594040 -2.431138
-1.998648 -2.658624 1.722021
-1.044347 -3.083632 0.646714
-0.856273 -3.162446 -0.563924
-2.898419 -2.388059 1.879844
-3.174959 -0.543470 -2.898213
-3.086922 -3.001968 -1.846214
-2.401487 -3.510068 -1.013624
-2.892756 -1.411141 -2.938049
-2.124154 -0.694151 -3.042154
-4.959573 -0.308839 -0.785248
-4.526276 -0.538998 -1.905789
-2.520758 -1.958394 -2.818759
-3.938086 -2.030132 -2.193563
-2.089123 -1.735416 -2.902059
-1.115703 -2.243735 -2.351012
-1.128781 -0.707315 -2.775859
-3.492248 -1.157812 -2.774182
-2.637943 -3.567439 -0.605933
-0.968954 -2.539379 1.370261
-4.259160 -0.666961 -2.240239
-1.846606 -0.308801 -2.955056
-4.389368 -0.650007 -2.097410
-4.147592 -0.100835 -2.207471
-2.265288 -3.493956 0.437111
-3.535575 -0.411497 -2.728293
-2.403889 -1.655288 -2.936736
-1.469566 -1.574364 -2.819940
-2.189232 -3.280573 0.959330
-1.660957 -1.863436 -2.778794
-3.737585 -2.951734 -1.379968
-0.730698 -1.995395 -2.236146
-1.807753 -3.153931 -1.726642
-2.851033 -0.484528 -2.975840
-3.949567 -1.044307 -2.510318
-2.750887 -2.554242 1.790370
-4.926826 -0.367187 -0.990146
-1.020988 -3.260231 -0.557185
-2.498578 -3.114917 -1.865356
-2.050187 -0.295326 -2.980875
-3.015591 -2.754352 1.534602
-2.551981 -3.574958 -0.020604
-2.785536 0.022126 -2.864916
-3.671707 -3.092073 -1.157233
-4.887366 -0.682565 -1.251114
-1.839774 -3.483559 -0.948487
-1.677901 -1.482629 -2.905117
-2.688782 0.401112 -2.716111
-2.787800 -3.450376 0.445741
-0.681648 -3.048813 -0.154015
-3.394420 -3.377053 -0.475170
-1.313290 -2.242769 -2.456563
-1.335938 -3.404018 -0.058814
-2.090786 -3.367369 0.763297
-2.590972 -2.846104 -2.186380
-3.031358 -2.889241 -2.017026
-2.103126 -2.758412 -2.281546
-4.335715 2.031001 1.410524
-4.692924 1.386786 1.404478
-1.463259 2.366137 2.563836
-4.139950 2.307241 1.340487
-2.745221 1.634648 -2.332517
-3.226814 -0.989279 2.823198
-1.465462 2.690788 2.216993
-5.036088 0.067098 0.796514
-4.559524 1.174413 -1.148379
-2.767560 3.097919 -0.745773
-2.460373 2.807381 2.094286
-4.972403 0.600596 1.110191
-3.523658 1.868526 -1.839744
-3.012779 1.592975 2.951139
-4.291997 0.677178 -1.680947
-3.133601 1.623012 -2.201749
-2.272884 2.096475 2.833549
-1.129607 2.170507 2.624136
-4.331792 1.058933 -1.530092
-4.712937 1.595362 1.076627
-3.201829 2.763167 1.786567
-4.876292 0.469573 1.437610
-3.670770 -1.332627 2.306745
-3.196655 1.281516 -2.320351
-2.902394 2.590795 2.215753
-4.839663 0.750535 1.462121
-5.017383 0.464305 0.955006
-3.688514 0.713151 2.881289
-4.394397 -1.004802 1.733699
-5.042586 -0.137355 0.221574
-2.600482 1.926340 2.892679
-2.570505 1.292739 3.197310
-4.081161 -0.247389 2.529414
-4.477850 1.442349 1.795355
-2.870118 2.767147 -1.312143
-3.134684 1.706963 2.842340
-2.910517 2.475682 -1.657321
-2.545048 3.301817 -0.204564
-3.442939 1.013886 2.966800
-4.812377 0.206329 -0.906473
-2.105537 2.181428 2.782808
-2.883691 3.267527 0.523326
-2.575945 1.469830 3.130695
-4.025803 1.106327 2.523544
-2.691966 3.013253 -0.980995
-3.930652 2.159600 1.891335
-4.731997 0.088399 1.741815
-1.360321 1.863622 2.910710
-0.679207 0.946902 3.023769
-2.572403 2.326673 2.601299
-3.745102 -1.483299 2.097991
-0.858559 1.421226 2.956892
-3.270347 2.220429 -1.720762
-2.826475 2.978187 1.661783
-4.216451 -0.424249 2.334761
-5.003784 0.898037 -0.054425
-4.892966 -0.408131 1.094957
-3.695973 -0.188969 2.849591
-3.820269 0.590088 2.805502
-3.677917 -0.009521 2.892437
-3.951339 1.757337 -1.560949
-1.051082 1.088080 3.145620
-2.109011 1.886793 2.979670
-2.124174 2.610391 2.388247
-2.963314 1.592140 -2.284518
-1.718074 2.245024 2.715484
-3.271349 0.814447 3.094850
-4.509831 1.088261 1.958107
-2.375213 -1.984342 2.304919
-3.070638 -1.862373 2.193860
-2.921479 2.297348 -1.827907
-2.483006 3.361367 0.404406
-5.057177 0.439297 0.717819
-2.299687 1.865803 2.978737
-3.038288 1.817907 -2.134747
-4.350018 1.427712 2.002176
-1.489745 -2.186451 1.989722
-4.845024 0.544436 -0.819694
-2.329019 3.142944 -1.264891
-0.462769 3.878433 -0.395127
-0.279841 2.744170 -2.488431
-0.316459 1.744157 2.773799
-1.183491 3.851634 -0.241289
-0.305430 3.851533 -0.507716
-1.459664 2.980533 1.908873
-1.869130 3.651916 -0.178711
-0.985306 3.845538 -0.589927
0.910375 2.517631 1.883420
-1.802647 0.081986 -2.867685
-0.815159 1.879759 2.745979
-1.463094 2.706832 -2.416116
-2.406059 0.914473 -2.645804
0.017016 1.909000 2.655385
-0.380544 -0.618537 -2.803225
-1.668745 3.698697 -0.548717
-1.968646 3.084318 -1.748107
-0.841821 -0.915592 -2.629605
-0.958751 -0.628368 -2.797884
-2.400533 1.998550 -2.367681
-1.559055 3.389221 -1.562570
-2.288320 1.798425 -2.539747
-0.999456 3.736456 -1.048863
0.223066 3.695609 -0.756560
-1.270035 3.525359 -1.460388
-1.084310 3.533157 -1.514238
-1.612885 3.157459 -1.885296
-0.484288 2.980130 -2.303763
-0.304924 3.385825 -1.781076
0.265058 1.936761 2.570998
-2.111145 3.464035 -0.748497
-1.999096 1.885934 -2.676142
0.935753 3.442070 -0.103403
0.384447 2.683758 2.073289
-1.018110 2.311756 2.531300
-2.137474 3.182138 -1.435264
-0.010380 1.587788 2.765031
-2.261037 1.100449 -2.727703
0.038009 3.029211 -2.141665
0.697388 2.559381 2.000773
0.706987 2.430245 -2.347711
0.556815 3.102377 -1.778965
-0.493883 3.791254 -0.905938
-3.937391 2.419114 -1.116936
-3.436246 2.575032 -1.292419
-4.272903 2.148045 -1.017057
-4.317471 2.598233 0.008321
-3.476905 3.129282 0.096245
-4.145544 2.645065 0.734520
-3.365592 3.117942 0.562717
-3.741763 3.000180 -0.143880
-3.651258 2.741991 -0.950648
-4.225809 2.683330 0.277278
-3.794583 2.225689 -1.401395
-4.131899 2.729902 0.493209
-3.773621 2.593009 -1.058319
-4.845821 1.368696 -0.439960
-4.055457 2.798386 -0.196364
-4.292445 2.462730 0.821555
-4.489996 1.484007 -1.132066
-3.656159 2.857700 -0.742430
-3.255716 2.894550 -0.952045
-4.527678 2.164143 0.797659
-4.223592 1.989373 -1.201832
-1.873161 -1.331210 2.953570
-2.958508 0.189927 3.358942
-2.215238 0.471263 3.550660
-1.600205 -0.631176 3.378565
-3.141457 -0.341680 3.181058
-3.330457 -0.031433 3.113099
-1.544687 0.716444 3.461807
-1.401762 0.568488 3.457687
-0.730003 0.031611 3.155758
-1.911399 1.273925 3.282492
-1.356809 -0.811574 3.223394
-0.793132 0.644829 3.146554
-1.299790 -0.220486 3.420634
-2.063708 0.038750 3.574381
-0.962301 0.506949 3.283057
-0.832606 -0.708090 2.998473
-2.562382 -1.072890 3.086384
-0.900021 0.141199 3.274573
-2.078363 -0.734921 3.373467
-3.217741 -0.155412 3.175997
-2.141165 -1.200837 3.072159
1.236716 -2.736935 1.568485
0.356431 -3.044145 0.999450
0.397216 -2.256927 2.392323
1.204085 -2.610317 1.811377
0.015204 -0.656785 -2.726577
-0.231370 -2.198483 2.330560
0.462189 -0.674027 -2.760945
1.078604 -3.036866 0.780065
-0.305027 -1.135590 -2.519514
-0.273295 -1.632846 -2.283990
0.722180 -1.813521 -2.271538
-0.355530 -1.589516 2.766448
-0.662398 -2.203283 2.121849
1.139097 1.182353 2.951026
0.593018 -1.236120 -2.591187
-0.553496 -1.631219 2.665084
0.157963 -2.022908 2.583905
0.687841 -1.458181 -2.485045
0.185438 -2.436236 2.172773
0.000677 -1.525675 -2.412276
-0.086176 -2.783141 1.559547
-0.337788 -2.954690 0.895750
0.394128 1.697804 2.728068
-0.733453 -2.635782 1.401572
1.142677 -2.975102 0.997544
-0.515527 -2.899543 0.886234
-0.564465 0.528130 3.047867
1.191173 -3.061086 0.200944
1.488604 1.376436 2.739011
1.270965 1.455959 2.768587
-0.717864 -1.886559 2.397327
1.133018 -2.919132 1.192632
0.438466 1.929770 2.545825
-0.085123 2.054117 -2.963858
-0.345945 0.185665 -3.185313
-1.976333 0.548362 -2.902787
0.191189 2.134069 -2.783753
-0.667902 1.183065 -3.353395
-0.637579 2.302499 -2.900863
-0.998859 1.016627 -3.344481
-0.991234 2.202133 -2.954071
-0.463274 2.023787 -3.072422
-0.660967 0.580072 -3.329106
-0.125982 0.224131 -3.147231
-0.153690 0.904176 -3.291086
-0.909974 -0.185000 -3.020585
-1.790513 2.121696 -2.675199
0.089073 0.788617 -3.203856
0.229942 1.715276 -3.000288
-0.715679 1.370146 -3.326663
-0.345331 1.351444 -3.298819
-0.348376 1.117298 -3.329008
-1.277902 -0.147203 -2.965316
-0.955378 0.531499 -3.305814
-0.610141 0.084575 -3.173606
-1.317573 0.797272 -3.270097
-0.951505 0.159220 -3.193081
-1.373044 2.424124 -2.654310
0.852641 3.140388 1.341007
-0.087194 3.938051 0.412259
0.648510 2.817857 1.831894
0.314901 2.719657 2.087270
0.409531 2.993797 1.868804
-0.930820 3.598699 1.456592
0.618569 3.517614 1.025969
-1.503111 3.708552 0.644398
-0.995985 3.122946 1.956919
-0.702775 3.788300 1.175988
-1.626050 3.509550 1.056598
-1.257055 3.792367 0.774829
-1.138017 3.714968 1.131171
-1.289479 3.613634 1.222426
-1.082897 3.301322 1.768314
0.942817 3.421357 0.367817
-1.273470 3.195141 1.784365
-0.739594 3.647478 1.434513
-0.034218 3.568330 1.483057
-1.191216 3.046789 1.945866
0.167460 3.871481 0.202243
2.045086 2.235550 2.206124
3.230077 -0.041156 -2.940399
1.056723 2.410412 1.941468
3.118526 2.200599 1.887216
1.395089 2.991995 -1.867815
2.165605 3.391406 -0.951496
2.870937 2.245101 1.981373
3.580306 0.739816 -2.752956
1.154161 3.402556 -0.489275
3.543733 2.853810 -1.018586
2.780494 1.731048 2.349181
1.804561 -0.947151 -2.988113
0.796061 -0.362683 -3.020819
1.048003 3.380587 -0.088172
1.275674 3.151571 -1.534502
3.721771 2.752445 -0.907433
3.590458 1.596881 -2.477066
1.428422 3.381672 -0.947712
4.068799 2.351014 0.582447
1.888690 2.131470 2.287041
1.062816 3.325467 -0.866655
2.517730 2.561074 -2.343589
1.856078 2.562917 -2.449084
4.024297 2.479275 -0.879356
3.352946 2.861867 -1.331142
1.112209 -0.759531 -2.979586
1.382071 2.669429 -2.289440
2.229804 1.497559 2.585388
3.413683 1.445983 -2.674726
2.082426 -1.316646 -2.756619
2.186743 -0.809283 -3.031918
1.995978 1.405025 2.640625
2.324740 2.536818 -2.420545
2.909324 -0.525990 -2.958526
3.866742 0.863768 -2.506225
1.483287 -1.117561 -2.871451
2.993818 1.917079 2.156671
2.177136 1.178663 2.692123
2.083243 2.923331 -2.011918
1.293914 -1.735081 -2.348435
3.624474 2.434865 -1.723961
1.877069 3.468090 -0.614851
1.251896 -1.067639 -2.858714
2.611940 1.677372 2.429639
2.480935 3.133808 -1.535732
3.642409 2.407476 1.228137
3.504765 0.980718 -2.762893
1.622007 2.919872 -2.020221
1.882374 3.128672 -1.696401
3.271462 1.911602 2.006542
2.440584 3.300806 -1.126137
2.750428 2.790937 -1.975268
-0.029880 -3.189865 0.080694
-0.396489 -2.690997 -1.408738
1.007939 -2.622879 -1.492536
1.060793 -2.464464 -1.632037
-0.626063 -3.010834 0.013927
-0.241763 -2.405386 -1.772667
0.059890 -2.363218 -1.878075
0.143158 -2.743393 -1.521746
0.832252 -2.809939 -1.332207
1.213766 -2.938550 -0.757034
1.033000 -2.864346 -1.123219
-0.507302 -2.808822 -1.156504
0.455547 -2.630219 -1.651791
0.696692 -3.168522 0.166249
0.276190 -2.832021 -1.414703
-0.040010 -1.318927 3.078679
-0.036353 -1.499254 2.950599
0.753765 0.259538 3.422083
0.564259 -0.836535 3.385369
0.627813 -1.267489 3.195667
-0.188519 0.401294 3.271328
-0.096284 -0.846724 3.285869
0.952098 0.779075 3.202825
1.552366 -1.244327 2.908957
-0.264607 0.103375 3.310059
0.261662 0.983544 3.112751
0.701720 1.012737 3.104450
-0.345885 -1.004063 3.125727
0.803230 0.059166 3.449897
-0.545574 -0.219385 3.197467
1.780858 -0.272523 3.080167
1.025464 -0.426897 3.411886
1.133898 0.277953 3.340999
0.909785 -1.664645 2.859854
4.525482 -2.571906 -1.519661
5.736211 -1.853811 0.023527
4.487715 1.647892 1.732381
4.980915 -2.573232 1.160109
2.960347 -3.523843 0.478191
5.467235 1.271404 0.560922
4.079441 -3.320186 -0.285561
2.051723 -3.281241 0.922195
4.578956 -2.698558 -1.286253
4.554492 -2.072898 2.223709
4.225348 -3.288403 0.202137
5.070927 -0.347737 -2.130383
1.950987 -1.857014 2.644808
5.300294 -2.460077 0.539545
4.302686 2.279854 0.271565
5.887210 -1.088041 -0.699403
3.210059 -2.633024 2.288615
5.067927 -1.187811 2.263279
5.608198 0.790738 1.087441
5.231533 -1.789826 -1.519942
4.991402 -2.080396 -1.571311
4.348970 0.908033 -2.248482
3.996084 -2.713974 -1.726536
3.369626 -2.497942 2.394314
5.782418 0.187865 1.202581
2.254735 -3.034974 1.637509
4.632158 0.371162 -2.324175
5.446170 -2.209226 0.761345
3.282388 -0.393454 -2.926596
2.031267 -2.257329 2.417543
5.419409 -2.143767 0.993187
3.033264 -2.769731 2.154676
3.239219 1.088158 2.732705
5.744587 -0.997406 -1.135486
3.326519 -3.463413 0.742142
4.447281 1.487353 -1.719579
4.869835 1.130216 1.924922
3.067969 -0.856600 -2.917594
4.934829 -2.792573 -0.428766
5.638274 -2.034523 0.208580
4.478635 -0.933284 -2.522799
4.223042 2.094409 1.221517
2.373629 0.474162 2.956225
2.969846 -3.054623 1.780685
3.804020 2.184079 1.381321
3.970447 -3.232337 1.055694
4.434380 -3.140355 0.628388
5.621737 -1.959988 -0.446953
3.775460 -1.267647 -2.736055
3.566527 -1.377850 -2.752713
4.377707 0.339121 -2.486439
3.628146 0.302098 -2.770638
4.087495 0.142017 -2.671930
4.421873 2.203508 0.458381
4.588618 1.219365 -1.865189
3.625278 -2.340298 2.471218
5.283355 1.542885 0.321357
5.944643 -0.423303 0.952441
3.413012 -3.263456 1.333739
3.746043 -0.151349 -2.830010
3.152640 -1.282624 -2.831340
4.236258 -2.431769 2.131209
4.044900 1.968098 1.620661
4.092631 -2.062430 -2.265150
2.910793 1.376789 2.545620
5.490072 -2.261924 0.012078
4.814915 1.840798 -0.694974
4.739441 1.894297 0.943069
4.564932 -0.214843 2.735250
5.774909 -1.409307 -0.783718
4.731137 1.425134 1.768446
2.452916 -2.069629 -2.440835
4.983884 -2.704843 -0.591660
4.585470 -1.726936 -2.185553
5.579711 -0.071897 1.713673
4.688517 -2.890394 0.974112
1.964689 -2.869972 1.732400
6.043040 -0.645044 0.408655
2.233738 -2.005210 -2.423529
3.458545 -2.642436 2.240568
4.352395 1.703514 -1.538205
3.054680 0.697336 2.940785
4.399928 1.877168 -1.232032
5.775682 -1.446639 0.979470
4.862198 -0.622418 -2.305946
3.460403 -2.267377 2.563758
5.336203 -1.795361 1.600242
3.903312 -2.665349 2.067540
4.706373 -0.508178 2.659656
4.435853 -0.273860 -2.575389
3.920673 -0.179425 -2.783396
5.116697 -2.643523 -0.359706
3.875185 -2.352241 -2.142306
2.719249 -2.575801 2.335781
2.602138 -3.353580 1.107634
5.469501 -0.154096 1.896768
2.939056 -3.415137 0.999737
3.068028 -3.500344 0.637120
5.117597 -0.474412 2.328886
2.932535 -1.373263 -2.808468
2.247172 -2.546771 2.251088
2.705780 0.649721 2.945405
4.307913 -2.840933 1.570367
3.111224 -0.512812 -2.938837
4.309469 -0.889095 -2.617432
3.484009 0.889107 2.810033
3.919477 -3.129128 1.355954
4.981169 1.359984 1.546452
4.327430 -1.469915 -2.456712
5.893671 -1.473472 -0.019938
1.242285 1.411739 -3.230947
3.060656 0.656184 -3.088957
2.392952 1.806267 -2.984434
2.110300 -0.526511 -3.188427
2.013086 0.155303 -3.450770
1.470147 0.627606 -3.468031
1.823503 -0.475289 -3.241656
1.703503 0.359508 -3.485781
2.584016 0.807492 -3.332389
1.706661 0.627081 -3.491855
1.561883 -0.410607 -3.259658
2.311902 1.680506 -3.099116
1.300080 1.750372 -3.053010
1.138541 -0.097329 -3.288987
2.216081 -0.175902 -3.331270
2.110817 2.059858 -2.840656
0.495910 0.138850 -3.006782
1.999263 1.300004 -3.348601
1.602091 1.842269 -3.047927
2.437936 0.605114 -3.399720
2.962182 1.404062 -2.941952
1.358207 0.258215 -3.430227
2.888649 0.781896 -3.188216
1.527521 1.098335 -3.404213
1.851916 1.663123 -3.180815
2.874196 3.403922 0.258792
2.297503 2.698351 1.868043
2.879099 3.382097 -0.153284
2.254391 3.567159 0.030472
2.338379 2.956667 1.634316
2.067457 3.541202 -0.273551
3.041088 3.145076 0.958146
3.413764 2.819087 1.027136
1.605096 2.987369 1.577330
2.660394 2.857203 1.629809
3.114532 3.256746 0.472031
2.071631 3.494138 0.758073
2.549065 3.404450 0.825132
1.769128 3.547082 0.448556
3.363151 3.105333 0.326205
3.055584 2.780757 1.469899
1.607761 3.362360 1.003928
2.327535 3.535408 0.477207
1.769681 2.798048 1.793768
1.887250 3.574052 0.292064
3.920499 -2.937411 -1.491895
1.799250 -3.291334 -0.784255
2.859897 -2.483453 -2.210199
2.935848 -3.072598 -1.753494
1.538601 -3.139653 -0.671002
2.073115 -2.597808 -1.966282
1.787006 -3.326782 -0.580767
3.146006 -3.491788 -1.026634
2.394190 -3.474541 -0.972335
3.755252 -3.424123 -0.592507
1.838906 -2.888468 -1.570834
3.778227 -3.278443 -1.067509
1.473932 -3.122588 -0.160985
3.814453 -2.789344 -1.729251
2.156505 -3.256593 -1.296602
3.031998 -3.574646 0.190769
3.391238 -2.890313 -1.846101
2.895709 -3.612798 0.024739
2.170205 -3.519083 -0.407767
2.669522 -3.125664 -1.680793
6.082080 0.149029 -0.426714
5.069629 1.747307 -0.244211
5.705169 1.014947 -0.821665
6.024200 0.227030 -0.730228
6.050061 0.130750 0.170570
5.206333 1.639167 -0.494727
5.180146 0.799997 -1.776658
5.354772 0.960517 -1.497156
5.743156 -0.719466 -1.267619
5.056617 1.540470 -1.114433
5.523372 -0.275421 -1.710904
6.101134 -0.018501 -0.188574
5.755913 1.077805 -0.302778
5.425716 0.321442 -1.763721
5.905200 0.610140 -0.813377
5.942227 -0.690346 -0.811838
6.039287 -0.499677 -0.580165
3.273932 -2.069752 2.758383
3.000882 -1.242245 3.253392
4.100441 -0.173644 3.056001
1.913443 -0.268304 2.981684
3.323755 -0.384604 3.332623
2.634756 0.415479 3.053438
1.951879 -0.655758 3.033604
2.405153 -0.488690 3.243498
3.978688 0.152250 3.016485
3.601883 0.243345 3.120081
3.989105 0.411260 2.882309
3.654905 -0.826151 3.265834
4.370575 -0.771437 2.922004
3.249984 -1.711670 3.034625
3.322179 -1.116184 3.277351
2.785604 0.049829 3.236841
2.882239 -0.182154 3.307112
2.829503 -1.978603 2.830894
2.747982 -0.624983 3.329056
4.264238 -1.183928 2.905335
-3.931139 -3.468865 -0.096306
-3.586157 -3.144107 1.321316
-5.221897 -2.336784 0.382086
-4.298965 -2.121080 1.874647
-3.648151 -2.659116 1.821171
-5.026886 -2.225166 1.064452
-4.027511 -3.331192 0.652273
-5.529043 -1.133268 0.250207
-4.213552 -2.648418 1.571193
-4.851268 -1.997505 1.470274
-4.209031 -3.212342 0.748617
-5.010412 -2.275969 -1.081133
-3.778934 -2.989516 1.452639
-5.165571 -1.552080 1.228545
-5.112523 -2.419719 0.619970
-3.686116 -2.264034 2.064640
-3.663583 -2.063829 2.160546
-4.422752 -1.414080 2.001880
-5.398566 -0.483903 -0.425918
-5.350278 -1.960059 0.550137
-3.648698 -2.878746 1.623417
-5.039347 -2.671350 0.102382
-5.431469 -1.476558 -0.695342
-3.653415 -3.483121 0.529521
-4.992460 -2.682785 0.376684
-4.805793 -2.515225 -1.149779
-4.571605 -2.593851 1.318962
-4.035416 -2.768512 1.567162
-3.999776 -2.907271 1.438462
-1.971808 -2.727765 -2.695484
-4.714895 -0.224439 -2.080359
-3.935780 -1.108008 -2.883237
-3.081196 -0.935592 -3.261383
-5.081643 0.085573 -1.167419
-2.084437 -2.510568 2.226442
-5.179764 -0.720658 -1.344283
-2.034520 -3.888325 -0.455492
-4.574967 -1.694729 -2.182974
-4.793613 -1.086149 -2.074232
-4.896280 0.248859 -1.490039
-2.274097 -1.427679 -3.305742
-2.858724 0.502050 -2.980279
-3.565934 -3.493125 -1.205417
-2.743276 -2.784156 2.000990
-0.999405 -1.113423 -3.044735
-2.421354 0.360213 -3.099021
-5.175810 -1.187178 -1.314419
-3.410331 0.110071 -2.984276
-3.451764 -3.505677 0.677005
-0.660016 -3.364080 0.166364
-1.571518 -0.616588 -3.254151
-3.711491 -0.041056 -2.893725
-3.663900 -1.830374 -2.869730
-3.447602 -0.393377 -3.102777
-3.795286 -1.412254 -2.920667
-1.016153 -3.520084 -1.017123
-0.798412 -3.495522 -0.360601
-3.916345 -0.902468 -2.906528
-5.089628 -1.069823 -1.558782
-2.895877 -3.826972 0.053702
-2.069300 -2.129525 -3.071630
-2.810816 -3.752746 0.495786
-3.093535 -1.832422 -3.095317
-4.945043 -1.506023 -1.714533
-2.843310 -2.998187 1.783503
-4.326840 -0.640184 -2.592465
-1.899688 -3.863315 -0.590161
-2.947765 -0.170029 -3.211149
-4.207599 -0.290262 -2.632614
-4.604857 -2.166668 -1.846468
-2.522928 -1.805819 -3.202387
-1.063522 -3.233408 -1.750223
-2.576065 -3.088942 -2.375586
-1.493914 -3.084161 1.587090
-3.804136 0.558167 -2.558823
-1.246744 -3.192164 1.315533
-3.346104 -2.219684 -2.839945
-3.781605 -2.337675 -2.541568
-1.835342 -3.305449 1.427598
-2.383276 0.113773 -3.196107
-3.315217 -3.698949 -0.791097
-2.643466 -3.310440 1.458405
-1.963269 0.039122 -3.198873
-3.910351 0.296961 -2.635420
-2.540289 -3.620605 -1.583754
-4.745144 -1.615982 -1.993252
-4.067781 0.062945 -2.627653
-3.766792 -1.154381 -2.977484
-2.259681 -3.043087 -2.438492
-2.171628 -2.810209 2.012727
-2.882952 -1.651582 -3.200979
-0.870723 -1.773221 -2.830930
-1.477602 -3.244519 -2.011905
-1.420122 -3.525430 -1.480980
-0.896320 -3.533242 -0.017670
-3.153671 -3.678930 0.475834
-3.029946 0.157242 -3.092616
-2.979276 -3.575386 0.890896
-2.314062 -3.692002 -1.436530
-2.927866 -3.461565 -1.778784
-2.908011 -2.530766 2.155832
-1.319805 -3.470121 0.886058
-2.951309 -3.648183 0.729723
-3.560044 -0.870526 -3.094964
-2.872885 -1.125864 -3.296849
-2.658794 -0.174064 -3.259823
-2.131468 -3.779523 0.524593
-1.937589 -1.915836 -3.145281
-3.326284 -2.601941 1.965074
-1.037249 -3.580537 0.148086
-5.215377 -0.382717 -1.115718
-3.099020 -2.516847 -2.749433
-0.887168 -3.511856 -0.740640
-2.832892 -3.631322 -1.470926
-1.068678 -3.066138 1.362636
-1.343051 -3.114814 -2.113732
-0.804175 -3.242764 0.815006
-1.673895 -3.047101 1.696422
-2.327001 -2.183029 -3.058062
-3.121402 -2.298919 -2.877141
-1.719450 -2.148364 -3.007877
-2.779062 -3.049933 -2.382256
-3.178687 -0.532188 -3.216285
-1.856402 -2.980335 1.814556
-2.089815 -3.891824 -0.156614
-0.756095 -3.392946 -0.951247
-4.959002 -0.368003 -1.746563
-2.891255 -2.110681 -3.032583
-2.285838 -0.147326 -3.272499
-0.725421 -2.607236 -2.231318
-1.988763 -0.135215 -3.250912
-1.107280 -3.650889 -0.242536
-0.817160 -3.495564 -0.560115
-3.797353 3.233986 0.465626
-3.531178 2.495364 -1.807593
-5.341820 0.774559 -0.246603
-5.396219 0.153032 -0.032538
-4.382305 0.684833 2.765007
-3.075877 2.708728 -1.853695
-2.060408 3.583689 1.351128
-1.993988 3.115190 2.302348
-3.356257 2.781235 -1.608025
-4.213350 1.385832 2.721237
-1.081038 2.035971 3.133311
-1.231176 1.747923 3.333240
-3.769102 -0.404547 3.163598
-3.546563 1.076799 -2.604948
-3.758323 2.942403 1.668017
-2.856442 2.941416 2.362618
-4.526140 1.257878 -1.764748
-3.650018 1.415132 -2.440705
-4.744097 0.661372 -1.668548
-1.166711 -0.900177 3.391912
-5.358701 0.557452 0.957231
-5.373955 0.849696 0.094853
-1.838121 1.559076 3.510057
-4.963796 0.575542 2.030487
-5.191758 -0.461927 1.277733
-3.327149 0.921553 3.427240
-2.516697 3.595015 1.179371
-4.509401 -0.788961 2.368758
-4.679728 1.244655 -1.573727
-4.438385 0.609136 -2.033691
-3.280607 0.249193 3.499881
-4.504130 -1.049919 2.206944
-5.181335 0.269108 1.597203
-5.067439 1.394832 -0.737210
-5.336175 -0.120595 -0.263041
-3.158742 3.300565 -0.875818
-1.409215 1.127369 3.592208
-3.363352 3.460767 0.391273
-2.152193 -2.157937 2.648871
-3.941483 3.017848 1.172217
-0.515786 0.971846 3.323951
-3.361388 3.134902 1.734520
-3.553023 2.630879 2.331033
-4.084052 2.245376 2.257245
-1.480496 -1.969031 2.781767
-3.058879 2.375423 -2.173190
-4.719600 0.168534 2.405292
-4.845335 -0.133371 2.177724
-4.826573 1.116390 -1.414276
-3.661836 2.830117 -1.286749
-2.929002 -2.249542 2.354481
-3.385972 0.947404 -2.711354
-5.321170 0.465995 1.154273
-2.394970 -1.805881 2.955924
-2.973952 3.600898 0.358482
-5.264399 1.204645 0.884712
-5.408662 0.462574 0.615885
-3.069816 -1.459094 3.032689
-2.722992 -1.568895 3.069622
-4.502565 0.070657 2.652583
-2.921844 2.519772 2.789155
-3.921758 -0.074068 3.132255
-4.958197 0.927912 -1.266530
-4.412726 1.019494 -1.976517
-4.868149 -0.927942 1.706267
-2.862705 2.747443 -1.902936
-3.917971 -0.315263 3.088526
-3.742499 2.060453 -2.029977
-4.306319 2.394703 1.794323
-2.255269 -2.376036 2.378668
-4.979078 0.597660 -1.314964
-4.591492 0.877322 -1.817370
-3.807060 -1.878787 2.203859
-3.009575 0.605424 3.584949
-3.852226 -1.365098 2.647709
-4.104970 2.028388 -1.745459
-1.917004 2.744566 2.741022
-0.917714 1.032727 3.482134
-2.683950 3.611258 0.975533
-1.470071 2.218919 3.119954
-2.134829 2.632215 2.848414
-3.289298 3.378011 1.182713
-3.317409 1.905393 3.066936
-2.789510 -1.130669 3.311995
-1.175148 2.282136 2.999518
-3.711809 2.700025 2.109066
-4.858877 0.832735 2.149914
-3.787436 1.664762 -2.241941
-2.358393 2.221381 3.152560
-0.801201 1.251558 3.381243
-3.978902 2.547332 2.029231
-1.017941 -1.124819 3.243533
-3.318758 2.914535 2.141060
-2.552676 -1.535603 3.130470
-3.164613 -1.006820 3.249313
-3.011165 0.800320 3.562389
-1.426727 -2.352585 2.335675
-2.234702 2.380511 3.051607
-3.532075 2.198347 -2.068742
-5.296587 0.966504 1.006445
-5.294957 -0.414403 0.874794
-4.300208 1.191543 -2.032094
-4.111356 1.147816 2.899394
-2.242272 3.851670 -0.146434
-1.423214 3.275977 -2.373335
-2.389886 3.714129 -0.697046
-2.597284 3.243776 -1.560183
-1.509039 4.070767 0.505032
-0.348545 2.474743 2.835042
-1.132717 2.543230 -3.031616
0.870602 3.862117 -0.320062
-2.521903 3.585246 -0.887540
-0.374024 1.817197 3.114974
-0.415822 4.227663 -0.108042
0.975042 3.723130 0.598007
-0.754047 4.184479 -0.717807
0.555411 3.367019 -2.040119
0.762424 3.619731 -1.456324
-1.834071 0.798379 -3.321477
-0.595197 -0.170653 -3.373599
0.033388 -0.462788 -3.189222
-0.541491 2.556139 -3.057945
-1.585778 3.756244 1.356048
-0.721418 3.126859 2.385669
-2.082021 2.719187 -2.581613
1.006591 3.763795 -0.557253
0.787014 3.855765 -0.698313
0.319571 4.079623 -0.387973
-0.222019 2.652990 -2.966721
-2.079914 3.207538 -2.115519
-2.577202 3.644867 -0.324435
-1.358522 3.867345 1.252570
0.459468 3.200662 -2.294968
0.426844 2.764849 2.449863
1.008649 3.058365 1.824481
-1.256655 4.085598 0.687349
-0.158886 3.222413 2.241232
0.197797 -0.524573 -3.119400
-2.059768 3.766929 0.894853
-1.090776 4.130689 0.604716
0.450185 3.112757 2.137142
-1.061155 4.099235 -1.002524
0.250261 3.199821 2.138033
-1.254881 2.911360 -2.757024
-1.397417 3.625356 -1.931943
-2.396586 3.519247 -1.304082
-1.316562 4.174831 -0.172142
-0.448742 4.223214 0.087571
-2.749577 2.384868 -2.327103
-0.498751 2.119141 3.017154
-0.924659 -0.693480 -3.152501
-0.943770 3.429582 2.055519
-1.065885 3.299595 2.183528
-0.012303 2.339264 2.851245
-2.757891 2.731663 -2.027509
-0.288308 2.289630 -3.177677
-0.205277 -0.738070 -3.104302
-1.332748 3.129423 2.294767
-2.257583 3.190181 -1.998760
-2.265450 2.355958 -2.717117
0.323549 2.601815 2.603930
-2.142329 3.845515 -0.711877
-0.379461 3.047644 -2.694317
-2.110170 3.907514 0.114743
-1.631921 2.991688 -2.575241
0.586615 3.985158 0.140889
-0.208309 3.516794 -2.168570
-2.175204 2.155092 -2.876260
-0.017540 2.943325 2.460947
-3.751408 2.820575 -1.216377
-3.654813 3.018358 -0.994197
-4.839701 2.279486 -0.179997
-4.809634 2.012801 -0.757951
-4.833831 2.327685 0.158233
-4.535758 2.686235 0.467672
-4.278337 2.252460 -1.340640
-4.096306 2.673309 -1.100181
-4.954419 2.054963 -0.181011
-4.957321 2.096382 0.111622
-4.284496 2.869980 0.685981
-1.833433 0.118123 3.812871
-1.613253 0.698547 3.731010
-2.383160 -0.357394 3.727628
-2.557111 -0.602772 3.619529
-1.416002 0.001828 3.739089
-2.597582 -0.296773 3.695882
-1.844831 -1.206430 3.369483
-2.173630 -0.384460 3.745729
-0.955658 -0.446314 3.483576
-0.972275 0.214628 3.585514
-1.202565 -0.163621 3.654467
1.335985 -2.455986 2.524331
-0.152465 0.568660 3.515701
0.624574 1.989233 2.933719
0.431183 -3.186543 1.627614
0.380513 -2.784389 2.302357
1.403370 1.576186 3.065299
1.386606 0.919229 3.364307
-0.461541 -1.778390 -2.547611
0.491835 -3.432273 0.824130
0.884143 -2.773737 -1.799131
0.749269 2.360130 2.591998
0.304038 -2.243743 2.859368
-0.382165 -2.386265 2.584580
0.678025 -3.109304 1.778771
1.132131 -3.377152 0.783966
0.874027 -3.424664 0.734935
0.328757 1.867226 3.021854
0.904019 -1.965985 3.041594
0.557088 -1.491449 -2.852443
-0.691670 -1.806726 2.922542
0.532340 1.269746 3.360421
1.228816 -1.356693 3.305844
0.894463 -3.455052 0.087528
1.928814 0.073219 3.318157
-0.120367 -3.427153 0.215443
-0.119999 -1.643948 -2.716697
0.420368 -3.472291 -0.013998
0.011693 1.009419 3.425251
1.696042 -0.965348 3.295386
1.122653 -3.157722 1.546723
0.623504 -3.477627 0.113778
0.512554 1.688469 3.143428
0.456586 -2.531269 2.599809
0.353261 -2.389833 2.734786
0.602132 -3.348621 1.179721
-0.168106 -3.407468 0.508298
0.408764 0.869715 3.504100
1.653458 0.902794 3.280458
0.558517 -2.935076 2.090239
1.140788 1.247485 3.301977
0.304168 -1.912512 3.100713
0.417107 -2.590800 -2.053026
-0.854871 -2.183187 2.551432
1.704305 1.358841 3.071303
1.628010 1.541893 3.003013
0.157016 -2.130246 2.934895
1.673378 0.649965 3.343574
0.668970 -2.072535 2.992302
0.394441 1.411176 3.293982
1.140147 -2.836032 2.127196
-0.596497 -0.930911 3.349024
1.866588 0.415640 3.310205
-0.071720 -3.309074 1.154267
1.532403 1.380528 3.128099
-0.029987 -3.420028 0.629248
0.691581 -3.438445 0.749199
-1.188401 1.031777 -3.555326
-1.002928 0.433844 -3.526062
-0.879067 2.309740 -3.186630
-1.550390 0.661114 -3.431314
-0.993420 1.061793 -3.585799
0.220954 1.386620 -3.377030
-0.241503 0.472064 -3.506013
-0.189338 1.037298 -3.546646
0.241778 4.094301 0.492243
-1.035694 4.079551 0.924050
-1.209053 3.977894 1.091181
-0.715398 3.560052 1.945230
-1.075812 4.135634 0.595151
0.289432 3.662015 1.621993
0.695303 3.887011 0.524989
0.421587 3.872507 1.135279
0.812668 3.459526 1.458775
-0.544250 4.205916 0.579769
-0.290397 4.212042 0.265245
-0.612548 3.915780 1.471787
0.647626 3.448193 1.637699
0.261642 4.093692 0.211455
0.135339 3.998643 1.083793
-0.974533 3.653062 1.782933
2.540851 1.563732 -3.383077
3.058143 2.726488 -2.446162
1.090054 2.130296 -3.102494
3.705394 3.011024 0.933883
1.218509 1.925506 -3.244835
3.474411 2.613555 -2.284619
1.113640 2.819096 -2.562603
3.433120 1.082184 -3.187176
1.108971 3.743391 -0.045155
2.529437 2.415272 -2.927729
1.549280 3.811921 -0.442312
3.812022 3.004477 -1.274862
2.853934 -0.758435 -3.275425
2.927833 2.666107 2.062561
2.947814 2.915508 -2.293053
1.769191 -0.550126 -3.510547
2.116371 2.568990 2.372430
3.277094 2.319228 2.178145
1.611656 3.423511 -1.850454
2.515446 -0.971935 -3.278613
1.699257 2.737203 2.237455
2.309556 2.997613 -2.433549
3.618853 2.918397 -1.738635
0.568201 0.949829 -3.365595
0.866340 2.923917 -2.350863
1.195794 -0.760313 -3.374762
3.666618 3.155392 -1.145199
3.256442 2.716896 1.823072
1.443951 -1.614366 -2.943628
4.066468 2.969910 -0.639495
2.322215 2.417232 -2.971374
3.400124 1.363578 -3.128179
2.821870 3.099706 -2.116989
3.685091 2.698845 -1.988786
2.982437 2.178566 2.426807
4.194158 2.518324 -1.541168
0.713262 -0.987275 -3.133699
3.627498 1.827031 -2.787369
4.193867 2.303740 -1.838131
1.941205 3.824550 -0.408091
1.345901 2.731444 -2.708505
4.124369 1.554399 -2.508164
1.844696 -1.022458 -3.329871
2.513462 -0.693409 -3.393171
3.308182 3.466481 0.168832
3.240675 1.700803 -3.080528
4.029406 2.925874 -0.985525
1.490059 3.131222 1.778832
1.646211 -0.899217 -3.379130
1.625001 -1.094482 -3.287229
1.371557 2.724741 2.208805
2.254159 3.379328 -1.894592
1.748610 3.504150 -1.704014
4.011823 2.971093 0.362432
1.796786 2.479343 2.456756
4.308475 2.679685 0.378086
3.682553 3.270646 -0.557940
2.364838 3.788437 -0.296254
3.793591 1.304405 -2.896808
1.278845 3.137271 1.722760
0.633654 -0.613176 -3.258570
3.512108 2.926147 1.334957
3.939589 3.098052 -0.425654
0.723196 2.014971 -3.048315
2.991771 -0.438125 -3.334419
0.574859 -2.858511 -1.743162
0.318459 -3.464594 -0.329905
0.310059 -2.973465 -1.627442
-0.356522 -3.370715 -0.337883
0.663192 -3.100915 -1.393528
0.677751 0.361355 3.652380
1.060602 -0.723360 3.602639
0.869623 -1.046856 3.540699
0.865951 0.397305 3.623560
0.258927 0.480752 3.609777
1.480649 -0.172619 3.525225
1.493754 -0.662210 3.469592
1.185141 -1.333189 3.331331
1.530204 -0.922574 3.378613
0.526411 -0.605571 3.687653
0.834311 0.089710 3.685917
0.625868 -0.114461 3.719441
1.079020 0.298896 3.605526
-0.193862 -0.064817 3.608207
4.688489 -3.400912 -0.340584
4.736089 -2.574873 -1.926159
1.852035 -2.021971 -2.687811
5.686656 -1.163650 2.090568
1.884365 -2.992979 2.125183
4.412987 1.109447 -2.531062
3.596221 0.281421 3.377559
4.476331 -2.893044 2.012700
3.170438 -3.115218 -2.029114
5.256622 -1.623906 2.394029
2.244870 0.329221 3.332295
2.065533 -2.306657 -2.595259
1.493191 -3.300078 1.286710
1.753591 -1.853948 2.970499
5.092767 -0.763360 -2.546852
5.818974 -1.667236 -1.371513
2.779864 0.567915 3.344254
1.906664 -1.810375 -2.814645
2.278240 -3.804970 0.250243
4.436990 -0.660377 3.195930
3.890194 -3.625625 -0.833526
3.232502 -2.857377 2.543814
4.067537 -0.499408 -3.109296
5.764147 1.402894 0.718809
1.410963 -3.488341 0.234848
1.469229 -3.212769 1.451150
2.540593 -3.541936 1.534964
5.417202 1.573554 1.336872
6.235208 -0.086712 1.089029
6.364741 -0.636000 -0.352451
5.375622 -0.509263 2.552248
5.987603 -1.540264 -1.116663
4.118684 -2.017782 -2.702667
5.463318 1.695545 -0.741710
4.041461 -3.706537 -0.198387
1.834381 -3.267436 1.687041
2.611121 -3.436144 1.762318
1.943969 -1.669433 3.125794
5.146704 2.133440 0.432445
4.501538 -2.292106 -2.339323
5.108714 -2.641979 1.689399
4.873055 2.139734 -0.960152
4.312166 -2.009130 -2.622953
6.384454 -0.674493 0.395125
4.760333 -3.215913 -0.885035
4.847038 1.095513 -2.258589
5.980136 0.939580 0.927991
3.712012 -3.748090 -0.519995
4.786303 -1.625604 -2.540309
3.364038 -1.572757 -3.081813
5.241224 1.123374 -1.869299
4.549115 2.516566 0.509262
3.756793 -2.873896 2.417565
5.323287 1.777166 -0.904789
4.360801 -3.202151 -1.407177
4.478728 2.570234 -0.081352
3.685630 -3.815588 0.105766
5.984729 -1.206921 -1.342585
4.256920 -3.414079 1.304219
4.857012 2.292124 -0.514369
5.046723 -3.200566 0.074097
4.969561 0.522100 2.701660
4.638965 -3.399478 0.738985
2.627989 -2.994633 2.382666
3.891615 -3.764465 0.002508
3.182374 -0.497220 -3.276084
4.911541 2.169943 1.046194
5.443561 -2.849338 0.049092
5.237341 -2.608694 1.550723
1.773798 -2.527871 2.544296
5.138093 -0.159944 2.743336
5.957680 0.341848 1.579787
6.254312 -1.054470 -0.688264
2.450011 0.512694 3.322258
5.489488 -2.631978 -0.752090
2.851429 -2.023609 -2.909336
5.680909 -2.181027 -1.106632
5.949973 0.046046 1.725627
5.588330 -1.812138 1.881143
2.769371 -2.748192 2.646010
2.157964 -1.123483 3.350463
3.500928 -3.796827 0.705217
3.710245 -1.900687 3.127956
5.907292 -1.971275 1.070394
2.765435 -3.873611 0.272749
3.943167 -1.763639 -2.887278
5.889848 0.624313 1.527318
4.482711 -2.311518 2.574502
5.412251 -2.396337 -1.327848
5.293522 -2.202632 -1.712570
1.574550 -2.304903 2.611890
5.260250 0.770787 -2.089564
3.321572 -2.442155 2.880897
2.204068 -2.320670 2.867912
2.229041 -1.577530 3.244925
4.062042 0.742991 -2.868508
6.069897 0.450420 1.244297
5.254386 1.854838 1.122064
5.779713 -0.943439 -1.785851
3.982553 -3.731342 0.362909
3.625673 -3.144499 -1.905352
1.944807 -2.783305 2.391392
5.688899 -0.114409 2.167832
5.075664 1.494165 1.945935
4.116964 -2.186013 2.843388
5.696845 -1.972389 -1.323415
3.016695 -3.861526 0.519806
4.481883 -0.003916 -2.903397
4.303504 -2.787632 2.255053
5.308726 1.199247 1.962060
4.144387 2.463745 1.366427
5.094348 0.736078 2.503604
3.441548 -2.325736 -2.705581
4.603157 1.696929 2.175999
5.887893 -1.157098 -1.546572
1.898236 -2.242363 2.812856
4.050051 0.175967 3.284838
6.396670 -0.538599 -0.043329
4.128007 2.209971 1.858447
5.880679 -2.141930 -0.603946
3.515293 0.564579 3.311747
4.881959 1.837945 -1.501004
1.416360 -2.970527 1.813892
4.839368 -2.178687 2.423960
4.413982 -2.736768 -2.000881
5.740918 -2.485317 -0.109985
5.048935 1.839480 1.519554
1.579281 -3.538443 0.584773
5.543361 -1.975679 1.814605
4.862978 -2.429755 -1.957453
5.516222 -0.445865 2.406398
4.817360 1.507706 2.189993
3.495210 -1.095595 -3.189002
4.194525 -1.577666 3.109383
1.629499 -3.554569 -0.389313
6.011226 -1.095495 1.577121
4.886524 2.307505 0.571962
3.436434 -2.114157 3.071521
4.838244 1.341575 -2.082557
5.982606 -0.911060 -1.458457
3.648898 -1.788433 -2.953721
5.008887 -3.114117 0.904794
6.088434 0.790546 0.751402
6.168562 -1.289259 1.057102
2.620095 1.299363 2.987858
3.237533 -0.858565 -3.252103
4.682827 -3.123754 -1.211256
4.870854 -2.994797 1.447875
3.429646 1.777657 2.620137
2.948461 -3.558548 1.572381
2.431571 -3.305210 1.931147
4.906403 -0.446583 2.934691
5.449288 1.772793 -0.564260
4.676888 -0.198095 3.063340
5.329767 1.977045 -0.152488
5.030928 -3.189108 -0.239398
3.652067 1.628229 2.701536
4.765859 -3.378888 0.387562
4.964717 0.930105 -2.268505
3.136075 -2.029353 -2.907089
3.400126 -3.344697 1.914688
0.832316 0.337823 -3.520762
2.079132 0.217287 -3.697898
2.542037 1.081084 -3.554763
2.427371 0.085853 -3.608328
1.949112 1.813683 -3.365378
1.800180 -0.067748 -3.657285
2.178070 1.633403 -3.439791
2.008708 0.930017 -3.695192
1.228740 0.274630 -3.650489
1.077174 1.473852 -3.424132
0.720121 0.608619 -3.475918
1.140300 1.636315 -3.365439
2.295456 -0.100864 -3.595571
1.878336 1.172363 -3.650055
1.817764 0.106692 -3.696113
1.122693 0.819919 -3.620017
2.019598 -0.055269 -3.650525
1.748149 0.615158 -3.733975
3.424501 3.132923 1.076645
2.701242 3.416973 1.296036
2.481967 3.772572 0.309835
2.469759 3.692123 0.786612
2.604881 3.573371 1.038144
1.936050 3.720436 0.836032
2.684404 3.728387 0.212553
1.696906 3.651078 0.978350
2.244651 3.589798 1.154287
2.820092 3.462552 1.127042
1.894854 3.818131 0.058401
2.829605 3.011395 1.753793
3.480726 -3.480013 -1.470323
2.467146 -3.720531 -1.052855
2.386606 -3.227468 -1.869381
1.638577 -3.246024 -1.358793
2.246724 -3.342432 -1.676194
1.706092 -3.549670 -0.643085
3.426167 -3.663459 -1.116151
2.600282 -3.525441 -1.521285
1.829717 -3.262072 -1.523351
2.435076 -3.574579 -1.382980
5.652374 0.381440 -1.865101
5.861404 1.312024 -0.563899
5.297841 1.292672 -1.662408
5.557619 0.828799 -1.765416
5.939394 0.287432 -1.525401
5.824579 -0.071208 -1.739193
5.900389 1.106116 -0.945800
6.221487 -0.153381 -1.001979
5.662775 0.162878 -1.903382
3.590221 -0.991032 3.507530
3.407872 -1.585695 3.355706
2.980798 -0.866728 3.577551
3.146257 -1.824150 3.253539
2.269354 -0.730636 3.448607
2.794500 -0.770301 3.571345
4.163865 -0.260451 3.313991
3.295449 -0.525806 3.585639
4.222968 -0.722761 3.304630
2.799146 -0.516644 3.577554
2.687284 -1.293567 3.455781
-4.682137 -3.241778 0.651174
-4.538648 -3.426112 0.270248
-4.921422 -2.845194 -1.075277
-4.278237 -2.370929 2.059839
-5.665648 -0.748486 -0.659573
-5.696325 -1.195655 -0.697857
-4.669010 -3.287267 -0.567780
-4.387725 -3.460402 0.553678
-4.799231 -2.772704 1.310988
-4.439136 -2.548607 1.847602
-5.444406 -1.683577 1.186100
-4.882409 -3.188001 0.078870
-5.662548 -1.654686 0.635423
-4.411649 -3.263133 1.039329
-4.527353 -1.859833 2.132306
-4.638899 -2.248495 1.890245
-5.446629 -1.846199 1.103095
-4.765048 -3.122155 0.794039
-5.067098 -2.742105 -0.970360
-5.458230 -1.088468 1.248643
-5.567746 -2.192446 0.328799
-5.338684 -2.334347 -0.955309
-4.372642 -3.526164 -0.271100
-3.924319 -3.434887 1.155596
-5.700498 -0.997152 0.611874
-5.062180 -1.751558 1.711330
-4.351590 -3.420593 0.752188
-4.122483 -3.622173 0.381003
-4.845081 -1.764769 1.921280
-5.301794 -2.069343 1.233116
-4.128992 -2.338051 2.152013
-5.200679 -2.301453 -1.258475
-4.332488 -3.159738 1.296235
-5.395014 -2.559981 0.236468
-5.356895 -1.567940 1.375628
-5.683981 -0.479103 0.007279
-5.136972 -2.489870 1.141012
-5.247076 -2.681010 -0.623509
-4.169491 -3.314015 1.190371
-5.399564 -1.668983 -1.349372
-5.312542 -1.878017 -1.418965
-0.458361 -2.709253 -2.394524
-4.338753 -2.234185 -2.607528
-3.964888 -0.786756 -3.229998
-5.380217 -1.147203 -1.640712
-1.321652 -3.632684 -1.906829
-1.282576 -3.834188 -1.452952
-2.315565 0.011498 -3.545723
-1.067219 -3.433861 -2.053511
-2.056947 -3.214343 2.046288
-2.969902 -0.886757 -3.599138
-4.505347 -1.896393 -2.631661
-3.541591 -2.617023 2.255170
-2.651191 -4.087358 -1.149439
-1.294632 -4.032102 -0.630271
-1.726275 -3.985013 -1.364328
-2.945858 -3.928751 0.867184
-1.589969 -3.541602 1.547592
-1.995024 -3.414129 1.820899
-2.405996 -3.952903 0.962035
-2.749547 -1.830896 -3.491390
-3.142031 -3.906479 0.803308
-0.800481 -1.802322 -3.145275
-2.779823 -3.730134 1.343727
-0.493412 -3.111743 -1.989599
-1.130043 -1.555137 -3.365963
-3.851378 -0.415719 -3.258101
-4.705549 -2.800371 -1.642931
-2.190565 -1.548288 -3.589469
-4.643486 0.079421 -2.532115
-5.211380 -1.052000 -1.991013
-0.545008 -2.392269 -2.704724
-5.616133 -0.735038 -0.877046
-3.812411 -2.787054 -2.613359
-4.982942 -1.763390 -2.133244
-4.490814 -0.615796 -2.851420
-0.812637 -3.579568 -1.558162
-4.378002 -0.971586 -2.953486
-3.768283 -3.865364 -0.614386
-1.172106 -3.970902 -0.781601
-4.635606 -2.559925 -2.037714
-3.056315 -3.469028 1.646474
-5.348751 -1.503754 -1.587893
-5.359820 -0.391916 -1.633189
-4.193877 -3.340519 -1.563214
-1.811103 -4.169383 -0.371599
-2.756251 -4.118114 -0.959563
-1.770541 -4.101795 0.315268
-4.388151 -2.888129 -1.997602
-5.153229 -2.226199 -1.463919
-1.145838 -3.908358 0.414735
-3.466087 -0.327200 -3.414345
-5.034834 -0.071297 -2.104975
-1.022902 -3.775069 0.694840
-3.570425 -2.846619 2.068009
-4.686098 -0.409912 -2.639118
-1.702614 -3.238520 1.954147
-3.715706 -0.570410 -3.343897
-2.870935 0.256707 -3.420640
-3.129104 -4.080216 0.120448
-3.986619 -2.162306 -2.912336
-2.430507 -2.450762 -3.260733
-3.559552 -3.019593 1.919144
-2.009691 -0.755686 -3.646267
-1.450947 -3.024407 -2.718900
-2.466250 -0.149021 -3.581893
-1.869634 -2.127839 -3.381860
-0.922282 -3.645494 0.903248
-2.911345 -3.054209 -2.776695
-1.915089 -3.943405 -1.559829
-2.479527 -3.395424 -2.499109
-0.928117 -3.559872 -1.725106
-0.561396 -3.651650 -0.882995
-0.901509 -3.879192 -0.601939
-2.789282 -4.173679 -0.446591
-2.277989 -3.596832 1.609458
-3.786883 -0.128439 -3.232901
-4.087714 -3.266915 -1.833308
-2.801403 -0.332609 -3.584946
-5.358975 -0.924458 -1.716301
-1.770137 -2.323724 -3.276741
-2.761664 -3.304392 1.925934
-0.809762 -2.365663 -2.896354
-0.700794 -3.370598 -1.827685
-3.374675 0.468947 -3.198581
-3.242522 -3.383532 1.679197
-3.711367 -3.680662 0.831626
-1.192204 -1.366190 -3.425977
-0.598803 -3.723993 -0.117739
-4.914469 -2.474493 -1.685826
-2.199519 -3.886305 1.109360
-1.776632 -3.138103 -2.709952
-1.363846 -3.226085 -2.484351
-3.224422 -1.760070 -3.411573
-4.963504 -1.521509 -2.260794
-4.698852 -2.024547 -2.364792
-5.280428 -0.280212 -1.762932
-1.475157 -3.401816 1.688942
-1.391592 -3.775116 1.040995
-4.407530 -1.710758 -2.791729
-4.380982 -2.598262 -2.302913
-5.206460 -1.892272 -1.662121
-2.065593 -2.171003 -3.386406
-4.092505 -2.013017 -2.912578
-2.173191 -1.154291 -3.646800
-3.344301 -2.676423 2.299617
-2.694040 -1.256098 -3.618753
-2.595142 -4.188444 -0.568309
-4.940400 0.354133 -2.003330
-3.995226 -3.012142 -2.260629
-2.497848 -3.782382 1.306235
-1.522816 -3.683155 1.294509
-2.294456 -2.792029 2.414155
-4.166059 -1.260181 -3.079863
-2.313144 -0.770798 -3.661307
-3.414843 0.233825 -3.281722
-4.996826 -1.288629 -2.279846
-3.538993 -2.447452 -3.001235
-4.307991 1.685874 -2.292156
-5.268476 -0.046493 2.159480
-5.620670 1.248139 0.797377
-4.549758 0.758897 -2.381316
-3.974794 2.189914 -2.253626
-4.704152 -0.937102 2.616503
-2.787921 0.891214 3.961162
-5.727035 0.775245 0.603628
-3.958983 -1.584586 2.900654
-3.750151 1.582372 -2.731435
-1.687446 -1.148297 3.758746
-4.961055 0.065850 2.639596
-1.902444 2.166229 3.602540
-2.546530 3.358334 2.483560
-4.883788 2.720463 0.683901
-5.118239 1.718823 1.920990
-4.379246 3.217988 0.703780
-1.251714 0.610232 3.992238
-4.232715 0.522561 3.353590
-4.380285 2.060840 2.678052
-1.600556 1.762647 3.774447
-3.629790 2.631216 2.820300
-5.249762 1.930951 1.356624
-2.206027 2.055440 3.659329
-4.233446 2.412220 2.531293
-3.769465 -2.207987 2.453881
-5.432839 0.980603 1.735255
-4.150576 1.220564 -2.602850
-4.742964 -1.400631 2.230704
-3.680951 -2.080419 2.664682
-5.655177 -0.015834 -0.471680
-3.138447 0.265985 3.911404
-2.311160 -1.845747 3.365868
-1.238055 1.187141 3.899347
-1.854205 -2.457374 2.822827
-3.950984 1.007461 -2.790566
-3.031720 1.644801 -3.012583
-5.632336 0.892831 -0.459837
-5.011347 1.568200 2.222879
-3.470556 3.765038 0.713175
-2.054454 -1.816632 3.400208
-3.133873 0.850021 -3.191206
-1.777943 -0.850258 3.880806
-1.456112 -1.886193 3.296470
-4.151904 2.099144 2.861695
-2.766183 2.929706 2.933249
-5.444545 0.034042 -1.134513
-1.035388 -0.567654 3.834908
-3.455794 3.434458 -1.186120
-5.524715 0.953920 1.499285
-4.800802 2.438314 -1.017496
-3.280483 3.230321 -1.665360
-2.795403 2.308683 3.425105
-0.552740 0.617445 3.770497
-4.384636 1.709355 2.896446
-5.756917 0.157841 0.419082
-2.643764 1.347881 3.889322
-5.446975 1.769644 -0.109460
-4.437005 2.226300 -1.798755
-5.246470 1.977440 -0.605539
-5.031509 -0.513320 2.393851
-1.602674 2.303088 3.496363
-2.721598 -0.585870 3.898843
-5.742476 0.048268 0.093125
-5.004591 2.141806 1.696926
-5.715051 0.915256 0.222518
-1.240668 2.426690 3.344308
-3.433709 -1.806129 3.063293
-5.510308 0.114359 1.672938
-4.785412 1.788451 2.402776
-1.311631 -1.368615 3.594426
-1.312867 2.166046 3.526828
-3.820552 1.795875 -2.594068
-4.830072 -1.009700 2.413597
-4.886622 1.844470 -1.530539
-2.109132 1.230337 3.973316
-3.793279 3.020608 2.252606
-4.301643 1.287895 -2.465642
-2.497984 0.589425 4.043621
-5.511445 -0.145278 1.599135
-1.598072 0.382624 4.058254
-2.696758 4.007736 0.582296
-3.987140 1.904449 3.111872
-3.776308 -0.171321 3.606325
-5.625991 1.335420 0.300382
-1.524882 2.653039 3.236788
-3.759551 1.614246 3.398277
-4.973705 1.421863 2.366962
-1.361907 1.829030 3.707978
-3.271710 1.546136 -2.968496
-1.538249 1.538994 3.851003
-4.175831 3.164935 1.504934
-2.267901 -2.553909 2.702765
-5.660450 1.014543 -0.195921
-3.383923 3.783855 -0.158778
-4.543841 2.967059 1.185410
-3.093928 3.898139 -0.052714
-4.693233 2.729279 1.405042
-3.227370 -0.619691 3.751383
-3.601029 -1.498259 3.193310
-3.601830 3.721131 0.539775
-5.585261 0.842251 -0.674879
-1.819815 2.543791 3.355356
-4.018447 0.691711 3.485230
-3.476544 0.987712 3.726179
-2.603981 -2.373917 2.852661
-0.454939 1.342841 3.586106
-1.627595 -2.740620 2.430882
-1.400410 -0.489959 3.936730
-2.975256 2.455989 -2.587969
-5.753218 0.260971 0.098161
-5.296294 2.074589 0.839684
-3.597362 3.541735 1.453944
-5.093790 1.892612 1.802598
-2.771150 -0.805592 3.824162
-5.676819 0.196327 -0.438420
-4.543991 2.730971 -1.034192
-3.136480 -1.337513 3.495695
-5.680053 -0.278839 -0.133812
-5.023841 2.336268 -0.646866
-5.340614 2.057222 0.464752
-0.963289 -0.016213 3.912238
-5.038082 2.420878 1.082859
-3.948351 2.010063 -2.391835
-0.760099 1.450258 3.682657
-5.109140 1.678386 -1.287574
-3.167086 3.841756 -0.283875
-2.455627 3.986574 1.035189
-5.606109 -0.282010 1.213618
-3.538429 3.039099 -1.751705
-3.477150 -1.376806 3.331490
-1.541297 -1.635010 3.483976
-1.841953 3.065673 2.893937
-2.989518 -0.862535 3.750391
-1.235391 1.935979 3.630782
-3.411590 3.807655 0.239441
-2.402398 3.842702 1.588599
-5.510972 1.457356 -0.405184
-3.146433 3.784973 -0.570704
-1.919949 -1.203806 3.749005
-3.115750 2.165063 -2.731318
-3.941860 2.778507 2.425995
-1.151025 0.447038 3.978143
-5.503686 0.623745 1.677975
-2.686744 -1.187829 3.692388
-3.389323 3.650163 1.410560
-1.141986 -0.167664 3.942441
-3.862574 3.291106 1.711093
-3.118657 0.624845 -3.221352
-3.025873 1.294294 3.815859
-4.450140 2.364716 2.337570
-4.107432 3.409289 -0.103578
-3.817714 1.190616 -2.825041
-1.540333 2.823400 3.094556
-4.960954 1.198969 2.489023
-2.934851 -0.443953 3.884461
-4.409338 -0.823015 2.977539
-0.839867 0.987218 3.830805
-2.943712 -0.665617 3.825874
-3.271750 3.272221 2.294493
-0.607752 1.724115 3.514899
-3.842902 1.105534 3.517716
-4.471251 1.849095 -2.045261
-2.935305 3.726371 1.633033
-3.301266 3.575888 -1.021245
-3.043447 2.993123 -2.084056
-3.342905 -0.242459 3.793304
-0.819347 -0.145701 3.850960
-3.859195 3.483057 -0.502428
-5.546638 0.329693 -0.908123
-5.694455 0.754316 0.913935
-1.024179 -0.836831 3.750609
-2.547968 -2.595921 2.603027
-1.079336 2.148216 3.476044
-3.307116 1.741576 3.561800
-4.187073 -1.110546 3.026821
-2.941209 3.960318 0.459536
-5.611055 1.346920 0.049181
-5.110127 0.619611 2.433355
-1.522083 0.050691 -3.682912
-0.184631 4.093400 1.647408
-0.086836 3.311460 -2.870607
0.728779 2.964874 2.612195
-0.050169 3.478722 2.446852
-1.322815 0.035271 -3.721440
-0.803308 4.564266 -0.408119
0.456105 3.992625 -1.789608
-2.209629 1.092930 -3.525964
0.898916 3.762224 -1.850959
-0.473576 2.503435 -3.469849
-1.750211 3.515393 -2.503752
0.844268 3.941541 -1.561985
-1.173387 3.456808 2.494126
-1.821710 2.780419 -3.107984
-2.784939 3.813724 -0.936065
-1.240848 3.651655 2.268646
-1.950158 0.487078 -3.623794
-1.593560 4.359941 -0.978539
0.932343 2.830376 2.601846
1.122022 4.116840 0.017916
-0.669429 4.101526 1.698073
-0.214711 4.492076 0.522730
0.596308 4.309109 0.447668
-1.622072 4.360988 0.687461
-2.112530 4.241941 -0.687583
0.650213 4.314695 -0.517574
-1.402381 3.869982 -2.189611
0.202070 -0.139872 -3.630522
-2.185840 2.579601 -3.068919
-0.223464 -0.762122 -3.478468
0.693764 3.346478 2.287667
0.666256 3.689652 1.889208
-1.020398 2.262566 -3.567193
-0.383400 2.224866 -3.588488
-2.074551 4.006285 -1.531284
0.767082 4.241863 -0.702929
1.112868 4.121011 -0.289838
0.608326 4.213111 0.851173
-2.010265 4.054994 1.227951
0.066467 3.660218 -2.467398
0.430087 1.144633 -3.688644
-1.382091 0.835455 -3.798815
0.093473 3.766774 2.068798
-2.068409 3.380691 -2.485704
-0.795259 4.261854 1.370632
-0.025119 4.415963 -1.001672
0.344242 4.213571 1.121556
-0.397019 4.526113 -0.679757
-2.246015 4.101665 0.792773
-0.697836 2.772612 -3.327437
-1.174469 4.433980 -1.019568
-1.404586 1.322133 -3.762177
0.124347 -0.386077 -3.571180
-2.041286 4.263326 0.479663
-1.280849 3.904084 1.924197
0.462518 4.399161 0.007012
-1.087616 3.507634 -2.712208
0.305329 4.447859 -0.126442
-1.648810 3.754305 1.998689
-0.521287 3.247529 2.728588
-1.661384 4.237649 -1.327855
0.116352 2.532517 -3.366954
-0.776332 0.333986 -3.831730
-0.330967 3.752763 2.190569
-1.708015 4.104542 -1.622019
-1.149396 4.497731 0.471236
0.005717 3.096915 -3.029867
-2.076880 4.299045 -0.280364
0.097931 1.708339 -3.682459
0.495978 2.559979 2.980890
-1.383364 1.020749 -3.793978
-0.145371 1.851195 3.434249
0.192012 3.780381 -2.267993
-1.247345 3.572929 -2.611202
-0.214134 0.184225 -3.781528
0.445149 4.379303 -0.572393
-0.655825 3.604722 2.388342
-1.029659 -0.188247 -3.705892
-0.416552 3.396399 2.588249
-0.401766 1.639346 3.515851
-0.270115 1.264538 -3.821221
-0.140652 2.720437 -3.314920
0.587304 4.353089 -0.341635
-1.301349 3.355911 -2.818909
-0.524382 0.156104 -3.801853
0.312522 2.748397 2.933782
-0.670948 -0.409652 -3.653307
-1.811507 2.941010 -3.000970
-2.856806 1.758733 -3.017837
-2.908256 2.811872 -2.380626
-1.788717 4.368522 0.387980
-1.657256 3.604378 2.186884
0.045934 4.237981 1.254806
0.398378 4.223368 -1.302261
0.361712 4.381854 0.472019
-0.650955 -0.874628 -3.452454
-0.632980 3.564611 -2.686093
-0.399205 4.370366 1.069072
-2.073925 0.339717 -3.557797
-2.587766 3.430988 -2.019709
-0.409373 -0.844380 -3.457741
-0.359315 2.188290 3.346315
0.679621 2.673672 2.838216
0.058722 0.487517 -3.778927
-1.239193 -0.259648 -3.657183
-0.089330 4.522277 -0.393724
-0.026517 3.993094 -2.028388
-1.455913 4.492603 -0.215345
-0.343602 1.084655 -3.844795
-0.598750 4.561380 0.209120
-1.104188 2.082490 -3.627014
0.115382 2.101672 3.303800
-1.059695 4.470145 0.671104
0.161192 1.171023 -3.758477
-1.603409 2.494350 -3.347500
-1.639873 4.448936 -0.082402
-0.518364 2.919065 2.976045
-0.603379 2.038192 3.414034
-2.407290 4.125229 -0.524341
-1.549753 4.170908 1.321782
0.462103 4.314887 0.655175
-0.794193 1.059740 -3.858573
-2.059947 1.495292 -3.536377
-2.048701 1.175265 -3.587319
-2.614295 4.028951 -0.266291
0.200606 1.556319 3.590456
-0.473217 -3.696227 0.258114
0.807297 2.063755 3.287610
-0.179426 0.497505 3.874681
0.132397 -1.461375 3.699294
-0.105015 0.856972 3.811927
0.989302 -2.680146 2.885427
-0.076164 -3.748882 0.715304
-0.081388 -0.697544 3.885698
0.497369 -2.338305 -2.741964
0.994630 -3.006487 -2.035749
0.850495 -3.603174 -0.968650
0.736907 1.340806 3.690986
0.303967 -1.721949 3.597608
-0.243376 -1.947557 -2.916423
0.521698 0.419154 3.947283
0.788738 -1.210844 3.794513
-0.017126 0.654481 3.872535
0.155822 -3.092312 -1.953583
1.109353 -3.626739 1.263002
0.610940 -0.811099 3.907619
1.481227 -1.922073 3.343292
0.176605 -1.957408 -2.979660
-0.109355 -1.799399 -3.026833
-0.160592 1.308908 3.651078
-0.398077 -3.667204 0.831485
1.484294 -0.655190 3.801070
0.641175 1.825324 3.454436
0.450706 0.082154 3.977379
0.619897 -3.820174 0.201895
1.509094 -2.299830 3.075726
1.275498 1.580674 3.497779
-0.542092 -1.842808 3.375340
0.360922 1.386598 3.678109
1.443038 1.665603 3.407353
0.047868 -3.546605 1.579981
0.636143 -1.041621 3.853252
1.336713 -1.551599 3.574979
0.077628 -2.479355 3.082458
-0.202841 -0.530590 3.888954
1.639028 -0.520682 3.773506
0.077238 -2.455207 -2.620150
-0.061144 -3.073483 2.417867
1.858762 0.446463 3.681581
1.081533 2.751923 2.608481
1.690860 -1.526277 3.475884
1.359460 -0.918494 3.781583
-0.081878 -2.859874 -2.197340
-0.335641 -3.433561 1.682032
0.510340 -2.603171 3.004194
0.790317 -3.306909 2.112519
0.957954 -3.151680 2.326913
1.516586 -1.442844 3.570625
-0.434828 0.156101 3.857028
1.026218 -1.502634 3.659462
0.179350 -3.214339 -1.779411
0.493684 -3.755936 -0.461838
1.300459 1.901674 3.306265
-0.265388 -1.611913 3.569465
-0.520465 -1.163983 3.675727
1.716019 1.289281 3.497614
-0.235284 -2.501729 -2.517116
0.282174 -3.070950 2.480413
-0.510170 -2.596841 2.822802
-0.760378 -2.672214 2.632123
-0.315709 -0.024096 3.892785
0.525800 -3.777366 0.820165
1.334140 0.894697 3.751360
-0.471845 -2.047115 3.274681
-0.622313 -2.460210 2.905030
-0.444911 -1.565747 -3.062194
-0.088443 -2.787493 2.758332
0.712103 -1.424112 3.725325
-0.164334 -3.526905 1.543299
-0.572245 -2.306252 3.054266
1.000361 -0.889416 3.857424
0.483627 -3.819065 0.403959
0.137847 -1.062614 -3.350809
0.986457 1.297982 3.681540
0.051411 -3.588362 -0.985300
-0.828435 -3.153926 1.918885
-0.392423 -3.342382 1.847967
3.485015 3.722217 -0.917514
1.177444 0.953477 -3.898919
1.338435 4.127662 -0.500391
2.773088 3.571835 1.545048
3.537053 3.739937 0.128319
1.904145 0.614867 -3.990338
3.904386 3.322175 -1.420294
1.308740 3.321942 -2.566231
3.406392 3.766195 0.376391
3.020913 -0.714102 -3.614710
3.420808 1.126580 -3.572348
1.963743 2.569348 -3.320329
4.051621 2.353492 -2.577754
1.896353 2.722964 2.698215
3.533641 2.135630 -3.120280
3.711965 2.354635 -2.858524
2.001038 3.272306 2.169374
2.002851 -1.086621 -3.670510
2.652456 4.009445 -0.970241
2.109171 3.017192 -2.942270
1.179990 2.877793 2.493749
4.322510 3.131881 0.465608
1.234481 3.082817 2.309910
2.604987 2.768448 -3.071717
3.158200 3.922153 -0.031217
2.586659 4.059317 0.248428
0.961331 1.302685 -3.784478
1.139797 -0.717973 -3.745644
2.313809 3.054174 2.366303
2.778746 0.070256 -3.857796
1.510254 -0.658023 -3.818696
1.272536 -2.380936 -2.657052
3.543233 2.569361 -2.806236
0.809372 1.954556 -3.511314
1.920578 2.480617 2.870839
1.463712 0.123636 -3.963961
4.011610 2.758042 1.706126
2.027599 4.145965 -0.629818
2.152750 1.655533 3.263937
4.106774 3.041414 -1.678697
2.727170 3.910854 -1.294725
2.164810 3.976675 0.884408
1.918020 3.539189 1.820865
3.948403 3.289391 0.911404
1.191987 3.820830 -1.693204
2.982534 -0.035840 -3.786047
1.289561 3.712991 -1.959513
4.035501 2.115225 -2.770256
1.283328 1.469417 -3.804675
3.226809 0.425435 -3.728719
2.800444 2.342580 -3.322174
1.997208 4.100773 0.440560
2.008547 1.252980 3.388810
1.466679 -2.013118 -3.063010
2.406607 4.116877 0.007850
1.442824 0.609084 -3.970044
1.764215 3.778862 -1.917917
4.082577 0.992272 -3.194888
1.763121 2.496299 -3.371591
2.192798 3.860539 1.190470
1.562863 3.623104 1.671129
4.379312 3.158153 -0.558823
1.771459 3.612102 1.707660
1.125532 -0.944751 -3.659772
2.191923 -0.498966 -3.861244
1.910119 -0.282578 -3.926402
4.044121 3.370638 -0.946485
1.908004 3.418457 -2.502498
4.068997 3.418347 0.034783
2.069593 1.070740 -3.932926
2.159633 -0.284327 -3.912766
1.614117 3.814976 1.317807
3.837249 3.528510 0.371564
1.521418 3.770977 -1.904992
1.827003 4.168015 -0.151041
3.389808 3.478768 -1.767599
3.789030 2.926137 1.733024
1.360673 3.545650 1.756418
1.625739 3.283826 2.151716
3.715099 0.737812 -3.476537
4.522744 1.658175 -2.553058
2.061795 1.938074 3.159538
0.823792 1.417778 -3.716559
2.789093 4.012493 -0.753729
3.864742 1.609931 -3.169779
3.870388 2.637966 -2.488484
0.816275 -0.348691 -3.767583
1.415882 4.145027 -0.201946
3.860229 2.720848 1.901928
1.874844 1.747969 3.244220
2.309505 3.327875 2.061016
3.238812 3.812023 0.511565
3.110560 3.809685 0.717462
2.199839 0.000781 -3.953336
2.925215 1.994235 2.963309
2.555420 2.162237 -3.491669
3.253269 3.843709 0.321007
1.815106 4.070513 0.598905
2.211031 0.962041 -3.938704
3.187337 3.723128 -1.405819
0.943703 0.548090 -3.884660
1.629504 1.317138 -3.882549
2.563165 4.097208 -0.146082
3.739937 3.497005 0.727766
2.176968 0.282203 -3.977334
2.049710 4.138547 0.176248
4.430798 3.124960 -0.166687
3.880089 2.908911 -2.172939
2.983743 2.568909 -3.101806
4.624607 2.874121 -0.760740
1.850824 -1.726666 -3.311379
5.076476 2.416412 1.241617
3.637353 -3.065550 2.750542
6.132975 1.378492 -0.720323
6.108732 -2.034357 1.508194
2.814666 -3.407408 2.445844
5.835710 -2.419538 1.605801
5.045777 2.641394 0.293342
4.264079 -3.481630 1.966737
4.446486 -3.741051 1.258317
3.827529 -1.268285 -3.443429
2.123813 -2.001868 3.423308
3.100720 -4.193930 0.591747
5.556372 -0.146027 -2.590641
3.546364 -3.171970 -2.424912
3.526470 -1.586729 3.654334
4.318821 0.238222 -3.305482
5.617344 1.805609 -1.257204
6.394892 0.087002 1.582403
4.608369 -2.380371 2.914124
6.678686 0.038127 -0.314608
4.507842 -3.771413 1.077256
2.056919 -3.778684 1.618969
4.051468 -0.328072 3.705045
4.830493 -3.430315 1.521589
2.363291 1.054782 3.467071
3.925932 -2.877634 -2.602823
1.423947 -2.629665 -2.508142
5.473594 2.114734 1.174390
5.311896 0.994221 2.660379
4.072756 -3.674874 1.751613
3.777230 0.059295 -3.498748
1.643589 -3.392422 2.040912
6.462509 0.930391 0.154513
4.763335 -3.769562 -0.189239
3.647812 -3.503895 -1.992123
2.433707 -3.859315 1.629544
2.529502 -4.167616 -0.334378
5.761682 -2.734817 -1.023564
3.317604 2.069741 2.831854
6.525202 0.699021 -0.286969
4.299800 -0.519861 -3.388004
2.622633 -2.169149 3.437032
6.425720 -0.817017 1.584869
3.568891 -4.175779 -0.093455
3.968636 0.114511 -3.443460
5.687095 2.048071 0.714488
3.503604 1.902242 2.953620
4.980668 2.093323 -1.730079
2.291727 -1.775649 -3.318895
2.569103 -2.783882 -2.799414
5.528492 2.139096 0.962832
3.365687 -3.683956 -1.784351
6.317398 -2.177608 -0.234310
5.592990 -3.172235 0.340880
3.680460 -3.875729 -1.305951
5.616278 -1.113856 2.717634
4.267200 -2.299134 3.134700
5.341033 1.947599 -1.491191
6.423774 -0.110370 -1.340900
1.929938 -3.059484 2.611818
3.423379 -0.923406 3.809201
6.026342 1.710092 -0.003947
2.995652 -1.843834 -3.365465
3.591743 -3.334806 -2.230138
5.108675 2.428460 -0.908269
4.923996 1.364995 2.739378
3.283243 -2.241750 3.408835
4.621289 0.979611 -2.916785
5.675349 -1.293885 -2.367194
4.309666 2.784237 1.378132
2.162228 -3.115462 -2.404075
5.317660 0.389365 -2.683726
4.381384 -2.970379 2.549330
5.442263 0.453690 2.792262
3.877599 -4.121014 0.139891
2.545643 1.001725 3.520397
3.428129 1.595277 3.197442
4.708652 -0.574479 -3.207125
2.959141 -4.221749 0.275652
4.342856 -3.224497 2.283201
5.097220 -3.134933 -1.484874
6.029825 -2.670557 -0.076186
6.408590 -1.787035 0.944344
5.529994 -0.907519 2.841795
5.914205 0.024004 2.408441
5.512916 -2.421911 2.100747
6.251535 -1.976099 1.213961
3.766194 -0.132939 -3.524833
6.692499 -0.882809 0.568675
4.057670 -0.701481 3.700146
5.243354 0.807300 2.818791
3.658938 -3.537253 2.178186
5.677848 0.466827 -2.313115
5.059950 0.458733 -2.857030
4.513660 0.054074 3.496696
1.822056 -1.888528 3.379208
4.930124 2.488523 -1.073658
6.731567 -0.741308 0.187409
1.784119 -4.017076 0.301202
3.905943 0.506392 3.609789
6.060083 -0.732293 -2.018328
6.713264 -0.777930 -0.228527
4.866170 2.707644 0.679378
6.070291 -2.559785 -0.393997
6.629173 -0.901981 0.925328
2.878654 -2.552667 3.233291
2.432316 -1.574512 -3.413337
5.874886 0.752348 2.167593
4.170240 1.653363 2.955719
5.992384 -0.437890 2.363331
5.934921 0.825182 -1.794650
5.356474 -2.757815 -1.690562
4.302289 -3.691907 1.537361
5.874512 1.868726 0.553888
4.547084 -0.325972 3.520780
6.075689 -2.457660 -0.683034
4.477140 -3.830033 0.907110
4.526206 -3.131092 -2.039846
2.568610 -4.198774 0.221547
5.173883 -2.130851 2.679927
6.730330 -0.704451 -0.058214
5.282724 2.154283 -1.227792
5.366717 1.278868 -2.178485
6.446057 -1.935846 0.240609
3.489805 2.305177 2.560790
5.182716 -3.009306 1.809255
6.145669 -0.256594 2.130562
5.654178 1.724478 1.556106
4.908618 2.399112 -1.305326
3.119812 -0.849711 3.839355
4.301105 2.617087 1.753883
6.344243 -0.200450 -1.532916
4.805583 0.601327 -2.971302
1.710373 -3.882315 1.003361
4.534454 -2.537567 2.843767
6.078840 0.456651 2.023548
2.820575 -3.128942 -2.520270
6.003275 1.514466 1.106390
1.994417 -1.412236 3.599738
6.037277 -2.349557 -1.017981
4.452303 -3.762419 -0.949347
4.166039 -2.608090 2.969283
5.044600 -3.266972 -1.320832
3.498141 -0.566729 3.824964
6.344067 0.627940 -1.134771
5.791830 1.063677 -1.830172
2.411280 -2.845007 -2.721983
6.115881 -1.292473 2.025183
2.816087 -0.237156 3.846231
5.861679 1.460478 1.539626
4.960294 -2.103800 2.862951
3.266933 -3.803099 -1.586478
6.572999 0.505815 -0.376894
4.159477 2.353043 2.261359
2.904932 -3.106725 2.784820
4.994080 -2.765627 -2.075270
5.012873 2.597089 0.781583
5.247170 -0.047645 3.077205
1.784227 -3.677148 -1.403778
2.848001 -2.207220 3.435536
3.280017 -4.196808 -0.247233
3.161860 -2.098780 3.489256
3.944442 -3.938480 1.201990
1.802745 -3.961897 -0.562765
6.655931 -0.663114 -0.653747
3.683040 -1.046735 3.753213
4.850655 1.178609 -2.673401
2.775347 -4.046046 -1.002340
4.845677 -1.127952 3.308347
3.023122 -3.482874 -2.117338
3.240673 1.394038 3.343703
2.197368 -4.080305 0.765195
1.928630 -2.882727 2.781731
4.173710 -2.915264 -2.470807
5.071416 -2.435113 2.547824
5.484666 -3.167219 0.910226
4.814444 1.382940 -2.565855
1.348342 -3.666662 -0.946372
4.048502 -1.852795 3.438710
2.641917 -3.183440 2.683916
3.176686 -2.396989 3.328730
5.987881 -1.977596 -1.565850
3.589367 -3.278092 2.535971
2.935148 -3.753931 1.935389
4.413557 -2.926750 -2.336826
6.113570 0.541713 -1.682234
5.458096 -3.095049 -0.948255
5.240533 -1.209794 -2.787321
2.267360 -3.816327 -1.415039
5.302149 1.611452 -1.953617
6.182409 1.437936 0.528128
5.767638 0.495044 2.436839
6.528728 -1.688684 0.426117
5.772525 1.037745 2.115680
5.466753 1.385708 -1.980227
6.532774 -0.870050 -1.049659
2.177815 -1.696021 3.560576
2.708198 -1.553933 -3.453038
2.007278 -3.625657 1.890522
5.832266 -2.887234 0.568377
4.308939 -1.955897 3.299311
5.987968 -2.267749 1.493161
6.695359 -0.266906 0.658867
3.481417 0.702870 3.632613
2.192000 -3.513779 -1.920866
6.349052 -1.981486 0.853392
5.102891 -3.451028 -0.760584
4.593736 -3.652835 -1.071402
5.523800 2.007150 -1.068719
5.481075 1.131036 -2.166610
5.937319 0.545655 2.193336
6.740050 -0.413695 0.160810
2.821621 -4.210169 -0.164695
2.248262 -2.225808 -3.104539
3.560782 1.366657 3.319771
2.488682 -1.399428 3.709242
5.389347 1.714439 1.975005
2.216131 -0.032745 3.747669
6.334959 0.948099 1.023255
5.713141 -2.458444 1.773827
3.522975 0.410951 3.712367
5.116683 0.511042 3.037738
4.119396 -3.129567 2.515795
3.791281 -2.730234 3.004033
5.264024 -3.392439 0.762875
2.644565 -3.589869 2.173802
5.635583 1.241782 -1.896815
5.947485 1.099661 1.790475
1.784422 -3.189005 -2.160728
6.011147 -2.669268 0.514715
3.762740 -3.223793 2.549640
5.128430 -0.674810 -2.951059
2.707844 0.449166 3.728556
5.016018 -3.294952 1.544823
4.959234 -3.147730 1.869500
5.000075 -3.631837 0.419461
6.099037 -2.219381 1.294811
2.296419 -1.458847 3.660711
6.138692 -1.803632 -1.431495
6.538170 0.717353 -0.052769
6.559830 -1.352658 0.873858
6.093633 -0.985637 2.161759
1.945471 -3.918220 1.162284
5.754078 -2.976493 -0.330132
5.765359 -1.319282 2.496058
3.200467 -3.273759 -2.365317
1.422418 -3.838036 0.623728
3.848178 -0.412982 -3.523010
4.193980 1.291182 3.186391
3.822217 1.773486 2.984572
1.780047 -1.457329 3.517881
6.107708 -2.397264 0.943684
2.397920 -4.089761 -0.675637
4.210135 2.040837 2.597829
5.778514 -0.661923 2.617378
2.661761 -0.391244 3.842451
5.769265 -1.066126 2.565832
2.832381 -2.717113 -2.877283
4.757288 -2.775153 -2.259886
5.040707 -2.985381 -1.772106
5.128881 -0.916213 3.164356
5.004768 2.360635 1.487720
4.213805 -1.976922 -3.088998
6.437241 0.881959 0.676127
4.573784 -3.817998 -0.518703
5.336970 2.408765 0.513128
5.441810 -2.879666 1.634548
2.838860 -2.166471 -3.217842
3.083862 -3.860662 1.727595
3.138996 -0.767832 -3.607703
5.197968 2.500114 -0.379261
1.212929 -2.942733 -2.060709
6.694681 -0.519567 -0.466534
2.732309 -1.576476 3.686219
4.591780 2.520852 1.674749
