-3.362232 -0.219972 1.219280
-2.250582 0.657966 2.431902
-3.125029 -0.008785 1.854191
-1.635297 -0.225466 2.482153
-3.225891 1.095007 0.947405
-2.104636 -0.466646 2.364989
-3.324157 0.863458 1.109856
-1.494397 0.453002 2.514931
-2.282612 0.337261 2.474899
-2.183339 -0.072311 2.475912
-1.943793 1.894819 1.097776
-1.979916 1.795348 1.471459
-2.235432 1.710154 1.544245
-2.731825 -0.293955 2.154502
-2.166368 -0.777479 2.156626
-3.282849 0.225087 1.630849
-2.208470 -0.303761 2.406436
-2.472024 0.994156 2.206392
-2.985289 -0.319891 1.906587
-1.462744 -0.171084 2.471747
-1.561283 1.578985 1.860819
-2.411429 -0.309214 2.332954
-2.349004 1.617508 1.647205
-1.715177 0.559142 2.521534
-1.873073 -0.507274 2.377160
-0.930933 1.013240 2.096550
-0.924989 0.733607 2.230494
-1.951323 0.858090 2.426101
-0.914558 -1.195112 2.101159
0.007007 -1.891073 -0.985023
-0.338395 -1.207078 -1.914059
-0.505411 -0.318140 2.251298
-1.046236 -1.499556 1.935405
-3.453516 -0.958687 -0.378031
-1.491779 -1.761731 1.716424
-0.815097 -1.909699 -1.517521
-1.589618 2.189219 0.417175
-2.085790 2.098479 0.089856
-1.770661 -1.433516 1.923452
-2.595039 -1.670746 1.222467
-3.249318 -1.413070 -0.199058
-0.039766 -1.823657 -1.148463
-0.428885 -0.347608 -2.221269
-2.670353 1.655175 -0.688243
-1.294377 1.845218 -1.327073
-0.807968 0.064442 2.329792
-2.319054 -1.866789 -1.230646
-1.800551 2.171982 0.260515
-0.572283 -0.594062 2.232506
-2.049363 2.100496 -0.241171
-1.249345 -1.258494 2.095599
-2.530409 -1.108132 -1.754862
-3.032820 -1.293576 -1.071639
-3.187459 1.242714 -0.211885
-1.455798 -0.919815 -2.235879
-1.673922 2.139483 0.582021
-3.233178 -1.363590 0.478068
-2.452708 1.926086 0.046883
-0.799774 -0.603675 2.287762
-2.179981 -1.610703 -1.617102
-0.301119 -0.754356 -2.089065
-3.451673 -0.533857 0.821693
-2.860585 1.625352 0.069282
-2.493317 1.891851 -0.206764
-0.716189 0.469035 2.239751
-2.477336 -1.972425 0.880489
-3.142628 1.245096 -0.457746
-2.634650 -1.780667 1.017731
-2.292146 -1.624270 1.534857
-3.320091 -0.617849 1.077591
-0.524996 -1.055320 -2.067520
-3.576279 -0.546132 -0.318794
-1.411647 2.156193 -0.642819
-3.332217 -0.797725 -0.949878
-1.030854 -0.961134 2.219063
-0.151030 -1.770936 1.324298
-0.536598 -1.706386 1.632190
-1.850615 -0.847465 -2.189434
-2.933965 1.499246 -0.436277
-1.730720 -1.938066 1.472778
-2.901252 -1.708818 -0.678458
-0.023256 -1.650629 -1.354504
-0.650108 -1.472714 -1.869476
-3.546246 -0.355806 -0.601887
-1.374132 -1.620064 1.852126
-1.573224 -1.385132 1.997056
-2.727685 1.712209 -0.318350
-0.006143 -0.910098 1.975393
-0.928451 1.999670 1.407142
-0.637511 1.743444 -1.808096
1.496854 1.613585 -1.545097
1.484386 0.908688 1.903497
0.686987 0.783898 2.287244
-1.112542 2.328667 -0.628581
-0.659542 2.283706 1.225185
1.963011 1.724478 -0.794445
0.380217 2.045715 -1.711641
-0.185270 -0.750015 -2.052133
-0.955046 2.244488 1.040793
-0.299709 2.106769 -1.607044
-0.886427 1.917426 -1.524043
-0.084773 0.877093 -2.321934
1.859341 1.615986 1.127553
0.855271 -0.261388 -2.170545
-0.433453 0.768280 -2.280146
0.357065 0.632002 2.360213
1.215109 0.169316 2.112862
-1.111178 2.139127 1.044424
-0.530216 1.925610 -1.704818
0.341767 2.212092 1.541028
0.490874 0.433521 -2.354593
2.206753 1.598013 0.053547
1.169237 0.183585 -2.136749
1.102373 1.761347 1.708984
0.260306 0.364913 -2.376707
1.849405 1.798539 0.911710
-0.147324 -0.510111 -2.175635
1.802668 1.970192 -0.693758
0.749061 0.282174 -2.298661
0.265905 -0.155015 2.309249
0.841645 0.988358 2.201132
-0.268921 0.094102 2.322484
0.213986 0.613887 -2.370041
-0.326233 1.261911 2.171278
0.003638 -0.640105 2.131764
-0.345081 -0.140858 -2.262882
1.292267 2.118314 1.195045
-0.049121 -0.158525 2.303276
0.862938 1.227950 2.116550
-1.132952 1.814645 -1.432671
-1.119391 2.288559 0.728411
1.211011 1.844007 -1.571527
0.757337 0.340367 2.299208
0.184898 1.553877 2.086231
-0.810255 1.600097 -1.825049
-0.142737 0.556219 -2.357711
1.376822 0.920473 -1.971486
0.653853 1.119604 2.213984
-0.371315 1.004085 2.245724
1.857721 1.994663 0.468116
-0.894758 1.681327 1.721305
-0.457024 2.238700 1.397512
0.696622 0.821428 -2.278201
-0.366224 1.322918 -2.136856
0.506410 -0.237110 -2.261968
-0.297816 1.962552 1.747597
2.032406 1.740279 0.576760
0.328583 -1.102339 1.829687
0.993204 0.776327 2.193599
0.985859 -0.100246 -2.167710
-0.360950 0.774870 2.296569
-1.107866 1.677397 -1.575780
-0.736774 1.333623 -2.007417
-0.023370 1.360932 2.174836
-0.451922 1.713445 -1.898597
0.541667 0.165087 2.334286
1.786434 1.990469 0.686634
1.452074 1.840904 -1.380932
0.973986 1.025434 -2.144249
1.970551 1.855423 -0.492004
-3.332151 0.491696 -1.472873
-1.985286 0.996688 -2.358447
-2.770601 1.530540 -1.294991
-2.904770 -0.191742 -2.047847
-1.383501 1.327560 -2.087875
-2.284634 1.840521 -0.936720
-2.458142 0.176723 -2.410375
-1.671262 1.080125 -2.322537
-3.262386 0.876685 -1.350196
-2.528052 1.613976 -1.485779
-1.103686 0.239843 -2.409338
-3.239340 0.591690 -1.633281
-2.907737 0.901960 -1.930371
-3.385773 0.738849 -0.805873
-3.230919 1.070711 -0.687571
-1.295251 1.082399 -2.241042
-2.867064 1.291387 -1.607338
-2.549960 1.461366 -1.732655
-2.713536 1.454485 -1.564575
-1.668589 0.069382 -2.540558
-0.884400 -2.193228 1.312750
-1.875594 -2.288348 -1.123985
-1.896048 -2.256110 1.142238
-0.990175 -2.388567 -1.169340
-0.249789 -2.386592 -0.666501
-0.964267 -2.732490 0.650692
-2.542726 -2.277752 -0.031973
-2.477727 -2.303433 -0.331553
-0.138396 -2.463032 -0.154223
-0.486230 -2.097775 -1.206761
-1.983649 -2.473445 -0.825810
-0.761632 -2.641393 0.732889
-1.271746 -2.484100 1.094070
-1.716391 -2.813969 0.165828
-1.566070 -2.220599 1.302905
-1.918653 -2.726428 0.263912
-0.711415 -2.276246 -1.182808
-1.403860 -2.432128 -1.141745
-1.604178 -2.777843 0.484625
-2.708764 -2.036322 -0.020830
-1.635724 -2.696237 -0.679038
2.798629 -1.469810 0.496037
2.261638 -1.395206 -1.391180
0.748702 -0.847857 -2.010599
1.659134 -2.284297 -0.364439
2.516699 0.093067 -1.568215
0.805852 -2.356022 -0.162643
2.872041 -1.462882 -0.107237
2.865692 0.456863 -0.987731
3.216260 -0.475042 0.304227
1.225095 -0.123344 -2.121504
1.720794 -1.918542 1.187606
3.041730 0.549923 0.433582
0.761524 -2.319782 -0.383937
2.823942 -0.884979 -1.112218
2.675810 0.637431 1.144569
1.757031 -0.054438 2.020349
2.944664 -0.256974 1.097009
1.110921 -2.110992 -1.046245
2.714710 1.146029 0.137332
2.405414 1.375731 -0.459846
0.736591 -1.900150 1.297036
1.954103 -2.036407 0.819222
2.535624 1.331495 -0.049480
0.596748 -2.049559 1.020883
3.037433 -0.903127 -0.664183
2.193617 -2.092455 -0.113561
0.838362 -0.862940 2.020131
2.948251 -0.642660 1.020920
3.121713 -0.389661 -0.714239
1.424863 -1.509743 -1.694096
2.828129 -1.169525 0.885276
2.666187 -1.689116 -0.305877
1.475287 -0.182424 -2.097303
0.859897 -2.223184 -0.773168
1.633139 -2.302267 0.294207
2.002355 -1.591001 1.405026
0.535861 -1.203471 1.813897
1.554462 -0.784422 2.015527
2.295544 -0.115241 1.768728
1.855313 -0.438382 1.988966
2.760469 -1.607226 -0.144902
1.653881 0.204592 -2.008030
1.177522 -1.545068 -1.693874
2.735631 0.269945 1.281929
1.606256 -2.077083 -0.992041
1.546424 -0.353026 -2.083238
1.895232 -0.746215 1.920914
2.724811 -1.455196 -0.723977
2.224193 -0.219729 -1.819842
2.855749 -0.622609 1.177556
0.318160 -2.169421 -0.478805
1.113142 -0.560813 2.106012
2.927467 0.706817 0.579332
2.824419 -1.288347 -0.752687
2.067552 -1.676923 -1.272811
1.333658 -1.687729 -1.561919
3.155723 -0.738196 -0.399195
2.570697 -1.009188 1.364754
0.305783 -2.221701 -0.079848
1.922602 -0.765354 -1.905246
3.234052 -0.049054 0.146252
3.232314 -0.522347 -0.049520
1.800814 -2.119168 0.775691
2.149974 -2.048321 0.514011
2.896146 0.883696 0.274635
2.568807 0.982931 0.945183
1.354815 -0.599560 2.087079
2.657043 0.832300 0.990570
1.720675 0.762570 -1.768921
3.226846 -0.245869 -0.309015
2.230904 -0.435068 1.806904
1.440012 -2.165876 -0.886960
2.769136 0.952110 -0.591392
2.677670 -1.580843 -0.596940
0.989397 -1.223479 1.891391
1.483008 -2.353658 0.070949
1.788560 -1.783281 1.324940
1.778050 -1.436283 1.645433
3.137829 -0.754332 0.464300
2.742162 0.310359 -1.256741
1.417963 -2.331893 0.372060
2.866908 0.078436 1.169537
3.130985 0.319314 -0.396327
2.973643 -0.705214 -0.947600
1.262766 -1.890493 -1.357777
1.237910 -0.550542 -2.104838
2.022312 -0.055801 1.916978
1.279346 -1.303790 1.846159
1.616724 2.400984 0.284304
-0.213924 2.553174 1.234969
0.198630 2.608708 1.264138
-0.737519 2.437047 1.010453
0.334108 2.693127 1.180345
-0.235930 2.625053 -1.161729
-0.899538 2.743331 -0.128994
0.364657 2.294244 1.475201
1.135262 2.360820 1.121918
-0.350198 2.833269 -0.848646
1.736484 2.237769 0.002173
1.090827 2.942641 0.025553
-0.663311 2.797923 -0.595134
-1.169305 2.376830 -0.334387
1.079149 2.756026 -0.723530
-0.583552 2.961531 0.197234
-0.327248 3.063508 0.283117
0.139220 2.976988 0.800669
0.745889 3.077134 -0.270245
-0.656528 2.669664 0.825664
0.264035 2.715218 -1.162269
0.946470 2.747444 0.868006
-2.630615 0.409088 2.588231
-2.043217 1.335844 2.427218
-1.117881 0.984492 2.512917
-2.856074 0.590925 2.426459
-2.792053 1.822418 1.269662
-1.085904 1.274024 2.332129
-2.626836 1.145659 2.340210
-3.066199 0.625233 2.248633
-1.420567 -0.161866 2.716673
-1.986424 0.622204 2.744046
-2.678728 1.745520 1.655168
-3.263619 0.262100 2.096163
-3.223298 1.274912 1.606105
-3.296641 1.379789 1.175249
-1.915480 -0.401655 2.679613
-2.246434 1.056815 2.547466
-1.207578 0.690946 2.648731
-2.523695 1.037798 2.454333
-2.777184 -0.665032 2.246365
-3.422503 0.310529 1.870615
-2.463363 1.346645 2.285914
-3.274082 -0.356830 1.927510
-2.361695 2.017261 1.303243
-2.386477 0.741662 2.625611
-2.018096 1.648709 2.154554
-3.115237 1.135190 1.925629
-2.357118 1.528757 2.173868
-1.764665 1.648664 2.175867
-2.210514 -0.784681 -2.460742
-1.182081 -1.624508 2.271616
-3.733841 0.535253 -0.899878
0.132257 -2.251093 -0.987316
-2.748501 -1.294460 1.952383
-3.086370 -1.825535 -1.080786
-3.001420 -1.364895 -1.679814
-3.741347 -1.088907 -0.543560
-2.519531 -1.923666 1.606830
-1.939528 -2.236888 -1.577834
-1.668076 2.523311 0.433716
-3.841182 -0.839249 -0.453363
-3.086465 1.877336 0.119411
-1.420598 2.282292 1.246045
-2.159447 -0.726557 2.494992
-2.256689 2.134763 -1.124860
-2.825360 -1.134594 1.980675
-2.874677 -2.313433 -0.080872
-1.071384 0.003154 -2.710346
-2.751195 -2.251890 -0.809958
-0.970200 0.583232 2.609575
-3.677334 0.989099 -0.526460
-2.390377 -1.429120 2.102789
-2.422194 2.246927 0.621581
-3.766873 -0.062032 1.040932
-3.678686 -1.131070 -0.721413
-1.031769 0.306632 -2.675260
-2.110934 2.226178 -1.055346
-2.377990 -1.276149 -2.195917
-0.941115 -1.662168 -2.225162
-0.750998 -2.197613 1.694092
-1.744137 2.545664 -0.012675
-3.609427 1.188003 -0.341937
-0.632794 -1.909823 1.960685
-2.518366 -2.366568 -0.893742
-1.088776 -2.343345 1.572333
-3.900774 0.458223 -0.225947
-1.010398 -2.217561 1.726596
-0.871659 -2.026465 1.911940
-1.062702 -1.426914 2.383333
-0.124633 -2.296576 1.194687
-3.789850 -0.805774 -0.717423
-2.042291 -1.931705 -1.879104
-2.864940 -0.789911 -2.090292
0.032275 -1.845350 -1.672887
-1.706616 2.351033 -1.019162
-2.627936 2.016289 -0.951951
-2.417594 -1.127321 2.247740
-2.195016 2.342015 0.635708
-0.523382 -1.584531 -2.178694
-3.190238 -1.814787 0.902191
-3.415265 1.263525 -0.888035
-3.493549 -0.407225 1.519861
-1.757480 -1.235033 -2.433810
-3.883903 -0.215713 0.692078
-1.143187 -0.333138 -2.709901
-2.822703 -1.728399 -1.544095
-0.630874 -1.375940 2.336136
-1.729461 -1.987484 -1.929184
-2.950490 -1.994246 1.023540
-3.848765 0.276946 -0.709760
-2.737986 -1.118952 -2.054132
-0.949359 -0.819624 -2.613118
-2.414768 2.160920 -0.896933
-0.064775 -2.080000 -1.476115
-1.991555 2.457533 0.400985
-3.387479 -0.507276 -1.645263
-1.617325 2.471365 0.707494
-0.455512 -1.721294 2.056197
-0.906331 -1.860988 -2.068712
0.179632 0.377233 -2.719474
2.308953 1.628125 -1.110106
1.421456 2.357544 1.405044
-0.125279 1.258061 -2.569648
1.387497 2.453284 -1.294843
-0.229151 2.353715 1.864359
-1.070637 2.659847 -0.922747
2.091676 2.225033 0.560082
1.943416 2.319987 0.717507
0.576400 -0.103053 -2.636332
1.497136 1.495328 -2.095560
-0.657973 0.811108 -2.567070
-0.517816 1.773156 -2.257454
1.095410 0.643936 -2.537862
1.600507 2.479861 -0.996476
0.370527 -1.233252 -2.156572
1.967678 2.415159 -0.232216
1.174599 0.366031 -2.517440
0.942408 1.988831 -2.065670
-0.342303 1.680329 2.354597
-0.739410 1.249950 -2.430371
0.718593 2.487294 -1.658314
0.946708 -0.503717 2.434094
0.167704 2.254208 1.998285
-0.602134 0.664890 2.602711
-1.308859 2.631253 0.586046
1.378604 0.555958 -2.419991
1.850529 1.428583 1.858227
2.034372 2.187178 0.818263
2.285011 2.046386 -0.375040
0.967694 0.685747 2.578164
-0.590193 2.007437 2.074077
2.040283 1.708586 -1.455927
0.879024 2.575253 -1.472129
2.136626 2.183435 -0.534618
0.519262 1.371485 2.516536
-1.020321 2.434050 1.391942
1.332560 1.700069 2.079270
-0.419445 1.225872 2.532201
1.400576 2.178519 1.640950
0.749981 2.222156 -1.935157
-1.044017 1.787641 2.020445
1.976225 2.414589 0.158420
0.133769 -0.526572 -2.553928
-0.430240 0.015236 2.629128
1.451147 0.942143 -2.325835
0.331495 0.126897 -2.698835
1.855388 2.234076 -1.069611
0.747025 1.914352 2.184266
0.029912 -0.479285 2.568431
0.927534 -0.268488 -2.515522
-0.477560 0.518545 -2.645199
-0.608835 2.004909 -2.069055
-0.063091 0.111900 -2.695526
0.685261 0.816911 -2.634426
1.146332 1.899550 -2.043202
0.886377 1.023704 -2.543868
1.381263 1.966493 -1.856169
0.785263 -0.413391 -2.512518
1.723540 1.892809 1.645452
-1.001381 2.690346 0.936703
1.734947 2.394759 0.964116
0.520432 2.523377 1.669528
0.455062 -1.017013 2.295704
0.254703 0.711636 -2.700770
1.947499 2.001334 1.271495
2.456308 1.757742 -0.490320
1.846427 2.004386 -1.400089
-0.857986 2.422146 1.529009
-0.196758 1.006563 -2.631179
1.760605 0.829062 2.148221
0.027263 0.618319 -2.709199
-0.781633 2.626392 -1.272974
-1.975155 1.434406 -2.362631
-3.594840 0.086469 -1.491374
-1.836328 0.071325 -2.785020
-2.471225 1.588967 -2.051601
-3.124317 -0.008033 -2.225025
-1.155844 1.057343 -2.492155
-1.477818 1.224052 -2.492037
-2.726642 1.721007 -1.646564
-2.396574 0.020757 -2.679459
-1.925334 1.071785 -2.596838
-3.187201 -0.414802 -2.008576
-2.251357 1.912546 -1.688076
-1.438909 0.469373 -2.747658
-1.552267 0.934008 -2.647534
-1.864506 1.997421 -1.638031
-2.712614 0.276435 -2.552805
-1.827310 1.211669 -2.527406
-1.456167 -0.078473 -2.738212
-2.543321 1.959484 -1.255766
-2.972048 1.333040 -1.909948
-3.324048 -0.050881 -1.981835
-1.699882 1.795456 -1.993110
-2.852263 0.036061 -2.455182
-3.413245 -0.103143 -1.828913
-3.018436 1.431778 -1.731424
-1.508036 1.733243 -2.045880
-2.329018 2.006635 -1.384586
-2.366417 1.014383 -2.529600
-1.604815 -3.018037 -0.536472
-0.777295 -2.917157 0.741860
-1.006511 -2.539466 -1.364175
-1.529458 -3.108583 -0.015157
-1.800531 -3.003780 -0.400628
-0.858315 -2.667954 -1.187261
-1.207087 -2.983779 0.732739
-2.138683 -2.568950 1.020782
-1.972232 -2.491475 1.231206
-1.707403 -2.747546 -1.053146
-0.670597 -3.031848 -0.185587
-2.409019 -2.651898 -0.504730
-0.243113 -2.695023 0.687842
-0.952184 -2.821167 -1.001601
-0.327212 -2.643362 0.886296
-0.912217 -2.884613 0.876788
-1.656144 -2.691785 1.149432
-1.875953 -2.646420 -1.107314
-0.376241 -2.493906 1.131091
-0.806418 -3.052511 -0.311004
-0.585594 -2.783877 -0.878555
3.238293 0.549936 0.883391
2.638602 0.363281 1.796077
2.739395 1.453710 -0.606398
3.243823 -0.383965 1.180389
2.393004 -1.964454 -1.177161
2.596648 -1.553176 -1.435663
3.292447 -0.743992 0.981943
1.565482 -2.182778 1.418138
3.335280 -0.188793 1.003983
2.647623 -2.075434 -0.530874
0.940554 -1.551488 2.051133
1.363029 -1.661133 -1.971824
1.781994 -1.546538 1.953534
2.226315 -2.421380 -0.113304
3.205334 0.967928 -0.263653
0.851114 -2.666557 -0.199167
3.004468 -1.511246 -0.893360
0.507572 -1.859391 -1.724475
2.088114 -2.433176 -0.498181
2.208182 -1.773400 -1.561229
3.032170 1.245948 0.047079
0.252150 -2.335859 -0.917234
1.212105 -2.430646 -1.088966
3.011342 0.751502 -1.150938
1.765527 -1.064197 -2.202442
1.157902 -1.919886 1.774765
3.202448 -1.450599 0.401093
0.717198 -2.625817 0.378962
2.860915 -1.059325 1.498467
2.751094 -0.393969 -1.800336
1.471121 -2.659219 -0.160259
3.182283 -0.802079 -1.171246
1.532119 -1.425878 -2.093509
2.762485 -0.205861 1.793795
1.442882 -2.343713 -1.208725
2.879475 1.238620 0.764200
3.406583 -1.061022 0.217421
1.867652 -2.542292 0.372406
2.514513 0.305831 1.911813
1.108528 -1.431997 2.129442
2.881437 -0.773344 -1.597508
1.670437 -1.753568 -1.837655
1.635777 0.272898 2.316684
1.318716 -1.135866 -2.259653
0.651767 -2.630259 -0.256418
2.463125 -1.281403 1.750896
3.466926 -0.875074 -0.179443
2.465085 0.220066 -1.970251
1.058927 -2.052642 1.639626
1.964027 -0.975922 2.165101
1.889351 -2.237891 1.184689
3.054906 0.584541 -1.211317
2.209556 -0.066243 2.166233
3.037715 -1.357230 -1.016967
3.528217 -0.002985 -0.238794
1.179806 -2.082206 -1.607407
3.015408 -0.607703 -1.485185
3.418607 -0.155380 0.791506
2.623333 0.041868 -1.889467
2.929990 1.337241 0.314973
1.565259 -0.084321 2.384558
2.340364 -1.604174 1.617133
1.482095 0.079695 2.381012
1.165796 -2.644575 -0.465098
2.848679 -1.907577 0.457314
2.081604 -2.491183 0.068269
3.336149 -0.848630 -0.812956
2.456554 -2.212258 -0.558981
1.234155 -0.230368 -2.429520
0.754694 -2.661085 0.066505
2.086028 -2.469709 0.302436
1.046752 -1.055051 -2.296695
3.409203 0.553951 0.146619
1.487608 -1.925017 -1.732619
2.822931 0.872529 -1.320029
2.790509 -2.018898 0.164869
1.213258 -1.571863 -2.044667
2.570080 1.050232 -1.451130
0.707848 -2.400210 -1.074424
1.464451 0.010078 -2.393023
1.934020 -2.452986 -0.660215
2.612195 0.689588 -1.671984
3.335203 -1.122038 0.516228
2.774294 -1.489372 -1.290957
2.669610 1.206769 -1.171885
0.830563 -2.395423 1.122513
2.837439 -1.220779 -1.429458
3.032931 1.210220 -0.325116
2.337671 0.010765 -2.089108
2.323222 -1.891207 1.342197
3.473172 -0.724222 -0.408002
-0.783875 2.826709 0.955788
-0.116428 3.316479 -0.528572
0.156768 3.419570 -0.084121
-0.661670 2.998896 0.812278
0.515906 3.338082 0.483090
0.773470 2.934021 -1.156694
1.080185 2.938803 -0.945615
1.131187 3.155642 -0.366715
0.714396 2.911766 1.209084
0.861892 3.156048 0.740267
0.302490 2.885657 1.329495
0.102908 2.688164 -1.505376
0.854698 3.085230 -0.886900
1.217369 2.802771 1.006375
0.111742 3.389276 -0.337794
-3.245652 0.669452 2.403653
-2.593751 -0.528614 2.723676
-2.242351 0.574107 2.957592
-1.925481 2.027585 2.074474
-1.849027 0.532483 3.012750
-2.779818 -0.438419 2.667060
-3.055740 1.722293 1.791293
-1.504060 0.434531 3.006828
-3.107889 0.254569 2.579895
-2.975239 1.405453 2.245241
-2.227274 -0.040840 2.969406
-2.782784 1.193298 2.533122
-2.625372 1.877531 1.999431
-3.091260 1.802549 1.584632
-2.305350 1.549879 2.508203
-3.567461 0.936257 1.870634
-2.885886 0.469290 2.716722
-1.788155 1.845799 2.315927
-2.886275 1.874127 1.751580
-1.360727 1.052766 2.829168
-3.633875 1.000212 1.685412
-2.186814 -2.619678 -1.515055
-3.319704 -2.018226 -1.238325
-2.154833 -1.592759 2.532707
-4.231765 -0.226106 0.701515
-3.709181 -1.372566 -1.339685
-1.211521 -2.456048 -1.987477
-4.064784 -0.543370 -1.138429
-1.119387 -0.246179 -3.054591
-0.313525 -0.764307 2.841893
-1.181141 -2.645034 -1.741174
-0.371642 -2.437414 1.805516
-1.022546 0.358948 3.011958
-2.579925 -2.212941 1.808125
-0.205892 -1.176619 2.677490
-1.609538 -0.293016 -3.034785
-3.262730 -2.225392 0.970095
-1.343725 -2.738879 -1.596365
-2.626905 -0.830409 -2.643690
-2.809355 -2.762877 0.120223
-1.687856 -1.002849 -2.900494
-0.781872 -2.307003 2.097886
-3.649662 1.757414 -0.256811
-4.209698 0.137451 -0.748469
-3.730908 1.639324 0.319740
-1.022304 0.036453 3.046819
-1.656532 -0.266788 3.030622
-3.851023 -0.456188 -1.586184
-3.923419 0.264133 1.444718
-0.062498 -2.579483 -1.393261
-3.597575 1.591933 -0.953780
-2.152642 -1.559969 -2.551737
-3.201831 -0.734812 -2.281609
-2.808159 -2.726401 -0.456824
-1.249935 0.673232 -2.952513
-4.235389 -0.111430 -0.692014
-3.362451 -1.946717 1.273201
-4.150801 -1.051263 -0.357186
-1.069062 1.239963 2.730133
-2.121324 2.347811 1.572946
-3.080353 -0.621239 -2.405927
-2.093379 2.812807 0.026327
-1.790392 2.852886 0.423959
-3.603957 1.822892 0.177508
-2.220502 -1.050943 2.753867
0.161050 -2.728744 0.778133
-4.123433 0.479994 0.873340
-3.978093 0.531637 1.228796
-1.308503 -1.696380 2.628303
-1.185786 -0.611370 -3.020900
-0.420226 -2.285216 -2.005253
-3.128902 -2.433435 0.738474
-1.402573 1.507452 2.581046
-1.093980 0.847045 2.895591
-2.455916 -1.154257 -2.621169
-3.047275 -2.609890 0.016801
-2.527800 2.171222 -1.564323
-4.263388 0.051193 0.528416
-3.271106 2.030030 0.795560
-1.964073 -2.128531 2.206113
-2.700043 -1.084956 -2.522236
-4.102196 -1.061619 -0.622452
-0.800111 -2.095516 -2.300521
-4.062761 0.021254 1.206818
-2.056396 2.476656 -1.387874
-1.613474 -0.749707 2.975230
-2.265816 2.621671 0.877768
-2.996135 -1.291148 2.232419
-2.563250 2.550635 -0.682512
0.037446 -2.664731 1.126486
-2.870416 2.271912 0.992411
-2.856045 2.075173 -1.391586
0.141164 -2.794350 -0.561749
0.033297 -2.587153 1.291130
-0.617004 -1.608877 2.602036
-3.686730 -1.802193 0.808083
-4.067434 1.067111 -0.139903
-0.466146 -2.059687 -2.239817
-2.611489 2.612089 0.065705
-2.846640 -1.171691 -2.396518
-3.426192 1.696302 1.146251
-0.992775 -2.518418 1.894942
-2.972567 2.368434 0.413711
-2.201836 -2.740854 1.284604
-3.631937 -1.192475 1.607575
-0.768826 -1.470426 -2.707290
-3.776319 -1.089113 1.444270
-0.628815 -1.834903 -2.462484
-3.894820 -1.594567 -0.498340
-0.655710 -0.431353 2.985811
-2.948448 2.131203 1.175943
-4.120107 0.695187 0.687684
-3.186844 -2.296038 -0.968624
-2.906623 2.053639 1.366599
-2.025953 -0.621777 -2.919894
-2.272622 -2.053855 -2.150625
-1.449878 -1.578928 2.688307
-3.506647 -2.129673 -0.541684
-2.285901 2.745668 0.177268
-1.318289 -1.017189 2.928054
-1.236192 1.539734 -2.564074
-1.503483 2.130030 -2.047813
-3.859149 -1.093289 1.285785
-4.285566 -0.483630 0.229893
-4.229069 -0.828278 -0.171375
-3.225963 -1.083242 -2.137362
-1.937168 -1.509850 -2.644365
-1.290286 -2.139078 -2.307531
-3.334217 -2.346023 -0.358113
-1.198486 -0.080284 -3.058879
-2.430467 -2.626677 1.322147
-0.928481 0.860407 -2.876670
-1.835789 2.783748 0.732695
-4.005670 1.095927 0.541902
-1.166663 0.313487 -3.026221
-2.872610 -2.585696 0.845991
-1.787081 -2.843441 -1.310162
-0.900081 1.201975 2.764308
0.323416 -0.636076 -2.870437
1.416803 2.906371 -1.228946
0.299593 -1.238175 -2.574208
0.722407 -1.151491 2.568486
-1.205298 2.464196 -1.820223
1.235320 1.892983 2.444300
2.566180 2.280170 -0.060182
-0.533018 0.087351 -2.966249
-0.153070 -0.532176 2.896460
-1.265872 3.004502 -0.795723
-0.821170 1.563599 -2.663535
2.133368 0.884181 -2.277434
-0.448910 0.707271 -2.986648
2.505856 2.175672 -0.819738
0.640196 0.495897 -3.018413
-0.224165 0.870458 3.002405
1.561836 0.107318 2.695972
1.736224 1.238896 2.479091
-0.646996 2.222438 2.333796
1.412058 0.858715 2.749288
-0.176823 0.261429 3.039502
0.829133 1.579538 -2.743259
0.606044 -0.954105 2.700893
2.253572 2.401278 -0.975180
0.266038 2.688480 -2.037633
0.894522 0.673798 2.955271
2.067134 2.751927 0.426949
-0.216551 1.328735 -2.895749
1.678938 0.912391 2.600054
0.385376 -1.417788 2.443401
0.519112 2.948768 -1.665137
1.416169 2.516025 -1.819115
0.712803 -0.422066 -2.889797
-0.431672 1.269895 -2.878884
1.653709 2.776356 -1.218401
2.259651 2.576479 0.443671
-1.177372 2.818521 1.344123
0.228290 2.073301 2.566538
-0.808809 3.112462 1.069166
0.575412 2.639192 2.050661
2.284476 1.282259 -2.006584
1.052115 1.631524 2.654810
-0.351942 1.572045 -2.786056
-0.258547 3.064574 -1.465229
0.184062 1.430844 -2.883909
0.027163 -0.373845 -2.955692
0.161192 0.102832 -3.044488
0.317826 2.256393 -2.433105
-1.397719 3.041795 -0.220694
0.726786 2.110387 2.476194
-1.236166 2.004172 2.215692
2.032046 0.904762 2.358058
0.548591 1.887546 2.648690
-0.710520 2.826228 -1.669188
0.089456 1.337300 2.915338
-0.584740 0.484197 -2.970426
-0.060243 1.435314 2.875464
1.586945 0.640143 2.689603
2.076648 1.492564 2.112257
-0.396256 1.774240 -2.684174
2.373939 2.483526 0.308078
1.005878 0.893526 2.896508
1.395008 1.407862 2.608793
0.663583 1.772088 -2.690059
0.313299 -0.889616 -2.765643
0.358098 -0.402393 2.942988
1.853075 2.892969 -0.527193
2.351734 2.529482 0.022256
-0.541555 1.513282 -2.769593
0.957502 -0.328215 2.856963
0.102012 -1.047924 2.690756
-0.512067 2.724809 -1.888565
2.305315 2.239525 1.161525
1.838238 2.664920 -1.187093
-1.109189 2.863354 -1.328035
-0.019118 0.608141 -3.048915
1.851480 2.668992 1.160353
-0.186960 -0.008808 3.013172
0.512960 -0.561347 -2.878670
-1.604024 2.904352 0.272507
0.991854 -0.122568 2.892432
0.287734 2.673526 2.053118
-0.503273 2.377697 2.250902
0.824762 2.402569 2.219987
2.653221 2.078851 -0.536197
2.036071 2.732786 0.624554
0.488783 0.716173 -3.025018
0.448087 2.061334 2.557780
0.723062 1.115850 2.920843
-2.437751 1.813133 -2.198677
-1.598041 1.127594 -2.832696
-1.665309 1.336037 -2.729511
-2.868606 -0.261727 -2.672500
-2.427513 0.990631 -2.792603
-2.056314 1.734472 -2.406828
-1.779613 1.487574 -2.635077
-1.958523 1.853958 -2.295882
-3.429866 1.464227 -1.545393
-3.123818 0.485480 -2.548733
-3.608483 0.059418 -2.014515
-3.401368 0.918407 -2.132183
-3.123006 0.223191 -2.567444
-3.341917 0.185713 -2.367726
-3.332275 -0.241306 -2.300210
-3.696210 0.044489 -1.857676
-2.940101 1.038393 -2.512430
-2.003084 -0.081322 -2.997931
-3.272583 0.568240 -2.402506
-3.735976 0.925267 -1.490625
-2.781417 1.590411 -2.230028
-1.527645 0.606204 -2.986023
-2.481561 1.588727 -2.407484
-2.144184 1.904482 -2.199389
-2.034557 0.804004 -2.942446
-0.733949 -3.057726 0.993523
-0.722843 -3.299098 0.159766
-0.041175 -2.867399 0.681575
-1.883036 -2.941862 1.122113
-0.732773 -3.285757 -0.302654
-1.899117 -3.253421 -0.250087
-0.914091 -3.302538 -0.418412
-0.033505 -2.872674 -0.655028
-1.767739 -3.183375 0.705541
-1.578502 -2.848804 1.366672
-2.479286 -2.945858 -0.362228
-1.688641 -3.316497 -0.176557
-1.567804 -3.212546 -0.742237
-1.280061 -3.186544 -0.869843
-1.742319 -3.002497 -1.098058
-2.031976 -3.213086 0.185755
-1.031472 -3.064984 1.084700
-2.433145 -3.001474 0.215372
-1.181038 -3.356884 -0.225161
-0.385286 -3.157818 0.358445
-0.781592 -3.316690 -0.099381
2.750155 -2.093255 1.209670
3.591656 -1.396538 0.294354
2.595094 -0.196734 2.304090
1.292318 -2.693433 -1.234901
2.254606 -1.209944 2.300792
1.035468 -2.991268 -0.081317
3.407890 -0.083368 1.492088
2.873475 -1.040153 -1.950639
1.209660 -2.260495 1.861749
1.708538 -2.860140 -0.607643
2.055684 -1.915421 1.965708
2.216249 -1.600785 2.117120
3.470165 -1.106966 1.116810
2.988068 0.716031 1.746947
1.791512 -1.889383 2.091272
3.420430 1.210341 0.210977
1.859357 -1.949083 -2.020372
3.053035 -1.824795 -1.140045
2.580882 -0.674834 2.276041
3.694389 0.652639 -0.191230
3.112708 -0.620812 -1.841106
3.179414 -2.054376 0.150133
3.246785 1.066091 -1.102865
3.823485 -0.538297 -0.325450
0.951024 -2.680324 -1.260504
3.645516 -0.119364 -1.046870
3.286257 -1.807630 -0.630486
1.273239 -2.935725 -0.540156
2.261664 -0.370060 2.484237
0.928981 -2.255169 1.859618
1.156920 -1.106064 -2.601235
3.140647 1.144210 1.200804
2.771941 -2.437302 0.105734
2.179756 -0.884432 2.443665
2.589634 -1.861248 -1.661307
3.005266 0.449039 1.853644
2.313057 -2.233351 -1.470972
2.461580 -2.000747 1.628143
1.497471 -0.465164 -2.702377
1.620949 -2.722137 1.078259
2.184080 -1.219791 -2.330741
2.189917 -1.872501 -1.933359
0.958455 -2.573169 1.448259
3.265718 0.265864 1.616288
3.770393 -0.515054 -0.634581
3.310466 -0.993991 -1.467161
0.551634 -2.592969 1.306667
3.477152 -1.560313 0.489205
2.530878 0.943364 2.013713
2.342033 0.926010 2.143137
2.317674 -1.625216 -2.045977
1.013265 -2.130045 1.991886
2.189517 -2.131298 -1.684002
1.972886 -0.085992 2.594152
1.258585 -0.826150 -2.673093
2.493426 -2.620667 0.141728
2.578259 -2.305454 1.081571
3.840586 -0.405390 0.264113
1.230012 -1.381133 2.492110
1.445693 -1.026029 -2.606126
3.715047 0.366590 -0.607556
1.711822 -0.271666 -2.671788
3.614885 -0.233436 1.125588
2.878673 1.223720 1.483862
3.842945 -0.172617 -0.267856
3.554929 -1.508259 0.001017
2.649311 0.035613 -2.250860
3.024163 -2.007908 0.895448
3.377395 -0.469210 1.533158
1.185576 -1.314731 -2.523089
3.647307 -0.703080 0.952179
2.195564 -0.286427 -2.516446
2.959700 -1.523745 1.582034
3.194506 1.521403 -0.149520
3.536362 0.551371 0.999126
2.054848 -2.527402 -1.209979
3.335958 0.852355 -1.161719
1.359460 -1.139118 2.578920
3.181803 -1.643012 1.149338
2.941923 -2.268717 -0.357576
2.529745 -2.524635 -0.603436
3.029717 -0.934620 1.839800
1.994175 -2.809989 -0.458954
1.827853 0.117229 2.616186
3.337940 1.251854 -0.542055
3.726967 0.178277 0.711400
2.969913 -2.204315 0.528689
1.750375 -2.908537 0.252228
1.016935 -2.879237 0.776207
0.787585 -1.520982 -2.404180
1.970846 -2.052037 1.882501
1.426984 -2.040154 2.052899
2.986582 -0.595527 -1.973288
0.668952 -1.541720 2.373017
2.901321 1.062845 1.603892
3.764302 0.385347 -0.295367
1.387266 -2.289387 -1.813502
2.247200 0.719720 2.293761
2.573273 -2.194308 1.275542
3.628647 0.673278 -0.576861
1.094692 -0.918377 -2.655219
3.209904 -0.274463 1.767064
0.637731 -1.835919 -2.182346
3.241046 -1.981412 -0.148589
2.729269 1.513849 -1.327554
0.533286 -2.072521 1.961005
1.992907 -2.760880 -0.679145
2.769817 -1.026520 2.043601
2.967115 -1.659805 -1.454059
3.553948 -0.717330 1.164708
2.934680 1.373334 1.239479
3.711570 0.583709 0.261463
1.403445 -2.977850 0.086715
0.595829 3.244540 1.222416
-0.540836 3.516073 0.154597
1.217819 3.266304 -0.755845
1.226858 3.388318 0.328324
-0.991061 3.201877 0.545205
-0.513362 3.477860 -0.466706
0.240874 3.253320 1.265024
-0.036278 3.523441 0.716352
-0.557199 3.200628 -1.081450
1.194378 3.333372 0.613115
1.045295 3.472960 0.334579
0.391524 3.388227 1.040459
-0.003650 3.579320 0.547972
-0.547514 3.414793 -0.641370
-0.400232 3.303507 1.015056
1.334845 3.169369 0.810946
0.424244 3.104874 -1.435070
0.532439 3.312701 -1.138230
-0.004248 3.404364 0.997972
-0.752908 3.404560 -0.300733
-0.269657 3.307463 -1.078403
1.217893 3.087282 1.081754
-0.011636 3.643390 0.162524
1.123763 3.388721 -0.549747
0.320907 3.659960 -0.051064
-3.435032 0.976367 2.450418
-3.412036 1.187079 2.358856
-2.558444 0.609639 3.114602
-2.328563 1.869276 2.547296
-3.195400 0.639847 2.772263
-2.725621 0.434519 3.072349
-1.984863 0.707330 3.218903
-2.985942 1.902954 2.114771
-2.533346 1.734685 2.593206
-2.160886 0.458585 3.233738
-3.136531 0.047612 2.846808
-3.610291 0.620210 2.382223
-2.392244 0.505004 3.179934
-2.819035 1.514425 2.622239
-2.927050 0.909801 2.873833
-3.473191 1.495408 2.023447
-2.909657 2.180097 1.867060
-2.228419 3.054707 -0.685473
-4.584361 -0.448257 -0.610112
-0.704347 -1.176932 -3.187401
-3.482951 -2.495150 1.000649
-4.576229 0.315833 -0.573562
-2.077510 -1.809118 2.839813
-4.113326 -1.928977 -0.389733
-2.723336 2.746485 1.063028
0.062312 -2.146726 2.399742
-1.670665 -2.383728 -2.511250
-4.624331 -0.064295 -0.448961
-1.665792 -0.858337 -3.295322
-1.568833 -3.059222 1.697422
-1.774599 -2.170224 -2.669432
0.143377 -2.162027 -2.339828
-1.490732 -2.511353 2.415383
-1.249827 -3.290774 -1.252390
-3.030718 1.996511 1.971062
-4.540963 0.726344 0.166753
-2.918710 -1.097896 2.802758
-2.842219 2.489782 -1.475318
-1.830721 -3.130653 -1.491070
-2.459512 2.882891 1.015856
-4.225254 0.076288 1.641449
-2.519501 -1.725368 -2.722849
-1.381455 0.774096 3.275366
-3.715229 -1.974339 1.450807
-1.762259 0.187386 3.347106
-0.868074 -0.500174 -3.357385
-3.435147 2.417243 -0.563630
-3.142091 2.638466 0.578169
-2.925468 -3.047527 0.506505
-3.030252 2.766839 0.128414
-4.555509 -0.789425 0.479962
-1.014422 -0.314093 3.386691
-1.788121 -3.195575 1.370347
-4.562083 -0.689786 -0.554978
-2.740197 -3.188035 -0.037808
-2.384807 -2.465517 2.197474
-1.297062 -2.078991 2.785759
-3.734747 0.147916 -2.309023
-1.199976 -1.858333 2.927587
-3.163050 2.151576 -1.646989
-4.441797 0.573547 -0.952680
-1.409620 -3.209391 1.432991
-0.837134 -1.741209 2.964882
-1.299172 -0.713092 -3.349119
-2.300317 -3.291341 0.687407
-1.797769 -1.659743 -2.987239
-1.172111 1.384555 3.043148
-4.006504 -0.883089 1.849712
-0.983299 -2.779842 -2.112670
-3.594982 1.990951 1.259290
-3.121979 -2.021281 2.120645
-3.021506 -2.000373 -2.222421
-2.775860 2.458867 1.595337
-3.027426 -2.436460 -1.759789
-4.209754 -1.600664 -0.815261
-2.505365 -2.677949 -1.871579
-0.170801 -1.215661 3.034370
-1.388071 -1.731503 -2.995991
-2.649537 -1.997653 -2.474915
-3.347731 -2.070260 -1.847661
-0.281379 -3.079806 -1.382078
-1.995867 -3.299980 0.980761
-1.796947 -2.607301 -2.264447
-4.279078 1.238592 0.735541
-1.111190 -2.788501 2.114755
-2.160127 -1.243704 -3.081976
-0.557549 -1.084194 3.188186
-3.634120 -2.121959 -1.389214
-4.146264 1.179539 -1.218229
-1.701484 -1.949162 2.837595
0.175456 -2.672951 -1.745495
-4.182300 0.614027 -1.560601
-2.968374 -1.731789 -2.461014
-2.827845 -3.127236 0.318843
-0.022491 -1.980922 -2.571820
-0.470305 -1.498782 3.011984
-0.111079 -1.634339 2.826630
-2.647116 -0.784766 3.032122
-0.143036 -1.114250 -3.058418
-2.125677 3.151133 -0.190065
-0.281644 -3.013173 1.516739
-1.515658 -2.762013 2.136560
-1.081223 -3.000373 1.814144
-0.473150 -1.638688 -2.944743
-0.417439 -1.841699 -2.815593
-3.903708 -2.250689 0.213415
-1.030085 -2.314655 -2.595267
-0.441314 -3.263307 1.039521
0.114615 -3.091728 0.955444
-0.931062 -2.477456 2.438294
-2.345231 -3.325006 0.403100
-3.606367 2.228209 -0.684787
-3.809308 0.682377 2.091732
-2.298002 -0.133134 3.236194
-2.541326 -3.217238 -0.610736
-4.276928 -1.676975 -0.181947
-4.530583 0.387196 0.749622
-2.033503 -2.251085 2.540720
-1.271288 -3.284222 1.269102
-2.018938 -0.032757 3.311787
-2.605552 -2.784190 1.640396
-1.950449 -3.232257 -1.204599
-2.023562 1.788011 2.700292
-3.761919 -0.301583 -2.289937
-1.527561 -3.311798 -1.166523
-2.302164 3.101428 0.146310
-0.586002 -1.314670 -3.115746
-2.586501 2.554090 -1.606838
-2.506952 -1.334427 2.922734
-1.637180 -1.614550 3.034940
-2.288147 -2.083516 2.583918
-1.725683 1.146757 3.116021
-3.408301 1.673161 1.916237
-3.727277 -0.572218 2.291724
-2.923199 -2.164469 -2.153159
-2.919179 -1.147560 -2.784426
-0.576232 -2.115113 -2.675356
-4.238180 -1.691231 -0.470511
-3.222387 2.291965 1.350368
-4.158321 0.845433 -1.475628
-2.534614 2.959635 0.613910
-3.293816 -0.863652 -2.619709
-0.592948 -1.983851 2.772372
-2.057974 2.972433 -1.135696
-0.847467 -3.022737 1.739661
-2.674306 2.848521 0.821052
-0.879407 -2.644014 -2.257772
-1.946978 2.745105 -1.677618
-1.655214 -2.025364 -2.793890
-1.285311 -0.251672 -3.397481
-3.647299 2.147343 0.806344
-0.568305 -0.367790 3.321674
-1.333567 1.805153 2.794709
-3.168979 -0.600615 -2.770042
-1.738854 3.177350 -0.622392
-2.451586 -3.013510 1.346509
-2.902135 -2.395460 1.927249
-1.657357 0.267702 -3.352383
-0.411333 -1.185799 -3.119693
-4.134909 -0.434320 1.781249
-4.607237 -0.489772 -0.437367
-4.366726 -1.421794 0.454940
-1.209096 1.564963 2.947281
-3.780214 -1.966493 -1.344838
-2.550614 -2.481646 -2.085507
-3.736957 -1.605692 1.794871
-4.193924 -1.824146 0.225963
-2.317905 3.073269 0.411683
-3.853146 -2.322730 0.005492
-3.215954 -0.704979 2.717380
-2.838246 2.255428 -1.833568
0.037995 1.638228 3.168259
1.727390 1.306252 -2.872726
1.272808 1.486588 -3.021191
-1.041053 2.574897 2.336717
2.315374 2.681694 -1.298807
-0.921288 3.516070 -0.875392
2.554223 2.628989 -0.911243
0.421730 3.523802 1.334678
-0.874558 1.255054 3.131074
0.440725 3.376442 -1.632807
1.731018 -0.007329 -2.978781
-0.320221 1.820972 -3.057441
2.481947 1.492726 -2.219716
1.367194 2.231587 2.597419
1.001770 1.581044 -3.074495
0.767727 -1.005191 -3.028677
-1.224521 2.275812 -2.489180
-1.137888 1.693211 -2.874334
-0.062302 2.851447 -2.355810
0.418592 -1.864018 -2.513752
1.591979 2.364849 -2.375309
2.400522 1.921437 2.046693
-1.361118 3.309503 -0.935511
1.286666 1.029332 3.142341
2.301779 0.878900 -2.586543
1.742660 1.973453 2.561799
-0.898560 1.569565 3.020404
-0.489122 3.406344 -1.473622
1.585341 0.625578 -3.072457
0.475745 1.989161 2.992421
-0.390471 2.675697 2.476793
1.317050 1.740003 -2.900949
0.338426 0.317830 -3.393188
1.489103 -0.161125 3.071075
1.641472 3.444183 0.331538
-1.175605 3.481502 0.610644
-1.421905 3.414385 -0.262701
2.396764 2.808413 -0.857410
0.225883 -0.262314 3.332265
-0.586583 0.976346 -3.271191
0.642386 0.102765 -3.349454
1.807034 3.346128 -0.415581
-0.547442 3.563282 -1.062424
-1.153813 2.839264 -1.990874
2.325649 3.010761 -0.195931
-1.077153 2.805304 2.078932
1.933743 2.610220 1.875587
2.884048 2.211125 -0.902048
-0.202624 1.999096 2.985051
-0.505336 2.881552 2.241070
0.657556 -0.880401 -3.104047
2.402926 1.446725 2.321400
1.447986 3.380304 -1.017159
-0.794159 1.844177 -2.935225
0.379785 -0.067817 -3.358147
0.419235 -0.247839 3.324886
1.693109 3.367137 -0.643670
0.001108 2.205574 -2.882728
2.253839 2.976548 -0.723208
0.692038 1.742354 3.079651
0.127175 0.162764 -3.390899
1.217034 -0.076513 -3.189994
-0.718995 3.530223 1.034155
1.354965 2.406257 -2.471379
2.419582 2.089392 1.888464
2.280177 1.153246 -2.539631
2.806190 2.504344 -0.302117
0.993944 2.391901 2.628483
2.907966 1.861719 1.349104
-1.037057 3.362003 -1.199771
1.391756 0.505751 3.162132
1.093655 2.667390 -2.357971
0.579436 2.277125 2.807544
1.302640 3.415369 1.087636
-0.919012 3.591819 -0.542934
0.689896 -0.454042 -3.243227
2.148373 2.312840 1.981198
-0.479121 2.524309 2.587473
2.852581 1.927283 -1.388326
0.349898 -2.051025 2.338361
2.874365 2.244177 0.864210
-0.877677 2.352324 -2.595136
0.150474 0.841378 3.372506
1.625359 2.887133 1.797107
2.460828 1.267897 2.337389
1.334144 2.898401 -1.987346
0.948119 -0.234827 3.240807
1.884093 0.170198 2.912421
0.443125 2.469040 2.688490
1.059271 -0.692463 3.084396
-0.573686 3.138734 1.894890
0.135338 -0.629094 3.237807
-1.596606 3.131557 -1.053857
-0.472245 1.921779 -2.981324
1.680102 3.441827 -0.084009
2.263799 3.068460 -0.025882
2.358570 2.940750 -0.503112
0.811031 -0.545961 3.194784
-1.218139 2.890355 1.882103
1.631041 0.352241 3.058056
0.371716 0.034050 3.371850
-1.461326 3.144775 -1.221291
0.987513 3.015040 2.014921
1.307110 -0.406833 -3.089535
2.698308 2.598551 -0.499908
-0.316428 1.159277 -3.283648
2.366091 1.692934 2.232067
0.063242 -0.505991 -3.273433
-0.543162 2.266513 2.763181
2.250922 1.377194 2.488275
1.339059 2.974935 1.884657
1.197010 3.206639 -1.620803
0.753796 -1.216363 2.924000
-0.016518 2.024702 2.987222
-1.073363 2.125962 -2.669169
0.643034 2.846796 -2.317031
0.624333 3.008890 -2.137828
-0.087742 1.180351 3.303199
0.865886 3.405096 1.436821
-2.259569 1.343636 -2.949443
-3.374697 0.115365 -2.665492
-3.043819 0.181882 -2.914685
-2.611067 0.106680 -3.121977
-3.125684 -0.037332 -2.843441
-2.584958 0.881340 -3.041919
-3.666602 0.945295 -2.182223
-3.398224 0.381555 -2.642796
-1.647958 -3.447172 -0.769708
-0.191643 -3.349699 -0.260194
-1.413966 -3.535489 0.567468
-1.019272 -3.416340 -0.916088
-0.640177 -3.377799 0.831361
-1.713146 -3.563306 -0.048329
-0.584390 -3.516310 -0.031091
-0.198700 -3.368163 -0.055480
2.570636 -2.925214 0.161873
1.872902 -3.090049 -0.809798
2.020555 -0.462075 -2.897080
3.148524 1.410073 -1.533419
0.429942 -3.136054 -0.692573
1.054435 -1.658291 2.697077
1.573304 -1.574876 2.702066
0.577660 -3.081284 -0.987202
3.504867 1.615216 0.228621
3.724795 1.153185 0.687437
0.345734 -3.115623 0.687390
0.735062 -1.533146 -2.732668
1.592772 -3.207138 -0.566786
2.260558 -0.162332 2.816584
2.296520 -1.099710 -2.674593
3.640719 -1.525229 1.134727
3.608291 -0.073508 1.738378
4.027886 -0.652024 -0.799355
1.633860 -2.631711 -1.828845
2.675312 -1.916560 -2.019081
3.117476 -2.378304 0.871944
0.413467 -2.003835 2.385472
2.357420 0.253826 -2.730136
3.844309 0.432914 -1.162281
3.869997 -1.179149 -0.915675
3.787013 -0.380455 1.456086
2.265866 -3.045589 0.399853
3.499031 -1.904358 -0.936959
2.423919 -0.435333 2.740788
0.567771 -3.108268 0.899730
3.058407 0.687178 2.143668
0.596916 -3.202601 -0.543226
4.048957 -0.416064 -0.803988
2.078716 -3.141905 0.084429
3.902407 0.609391 0.868909
3.101128 1.723085 -1.182777
3.902012 -0.387990 -1.222099
2.450212 0.774759 2.531433
3.814703 0.073621 1.370048
3.131202 -0.951757 2.172430
3.767934 -1.752397 0.060163
2.370304 0.530225 2.656928
2.568872 -0.747633 2.627728
3.920726 -0.222113 1.184641
0.534187 -2.809768 -1.544421
2.207009 -1.434723 -2.584460
2.208890 -3.035713 0.584730
3.692850 -1.725950 -0.688624
3.060508 -2.252121 -1.226745
3.503293 1.623781 -0.166844
1.704561 -3.072346 0.989633
3.430615 -1.152387 1.762900
2.879125 -1.159951 2.310150
2.355968 -2.670735 -1.376973
3.050531 -2.029801 1.542469
0.712601 -2.960392 1.330341
1.752291 -0.555649 2.958571
3.360416 0.709256 -1.814993
2.806098 -2.769828 -0.305542
2.589635 0.970392 -2.361936
1.302750 -2.969300 -1.362853
2.942294 -2.650986 0.445434
3.221269 1.895444 -0.442543
0.843344 -2.428773 -2.110088
2.915043 -2.277426 1.394558
3.246956 1.740567 0.854132
1.753162 -0.450628 -2.967662
3.979236 0.542760 0.658050
3.089884 0.903776 2.004040
1.115812 -1.992748 -2.496606
3.383374 -0.300484 -2.030863
2.357390 -2.474733 1.672790
3.881809 -0.510825 1.247784
2.611970 -0.087859 2.643739
3.193595 0.795257 -1.959528
3.000923 -2.570151 -0.602027
2.440910 -1.745849 2.298892
0.997927 -2.191066 2.342551
2.704975 -0.485075 2.584709
3.126683 -0.493653 -2.272909
2.902900 -0.132620 2.459823
2.327747 -1.988621 -2.189042
4.139238 -0.601699 0.126039
3.019690 -2.399931 -1.024705
2.140521 -2.404462 1.895731
3.802749 -1.078650 1.173663
2.760463 -0.845231 -2.492278
3.537216 1.470915 -0.645955
3.729813 -1.782311 -0.337439
3.785632 -0.638229 -1.414051
3.386365 0.760097 1.753378
2.456677 -2.874235 -0.783220
3.995311 -1.084164 -0.547417
2.654953 -2.874508 -0.207004
0.951440 -1.783653 -2.624132
3.509849 1.053609 -1.348266
3.001732 0.569870 -2.241018
3.526407 -0.837919 -1.766924
2.807442 1.439991 -1.875467
3.224282 -0.416209 2.189315
0.867805 -2.998296 -1.291443
3.321183 0.509701 1.952512
3.948371 -1.059160 0.779229
3.286606 -1.145923 -1.940581
3.294574 -0.068932 2.117068
3.450390 1.599683 0.605567
3.293569 -1.939404 1.301831
1.304694 -3.264499 -0.410012
3.577723 -0.696281 1.736314
1.783461 -3.223237 -0.098064
1.055459 -2.604762 -1.931380
0.911977 -3.286547 -0.156956
0.783382 -2.188443 -2.324089
4.006570 0.586925 0.451110
1.574013 -2.306262 2.199849
3.032608 0.807623 -2.110668
0.921125 -1.809800 2.606018
3.016484 0.249857 2.321884
0.682135 -3.203162 0.610940
3.681279 0.200641 1.574002
3.379419 -1.625880 -1.507383
3.358966 1.011984 -1.619695
2.894848 -1.855975 1.881824
1.537240 -2.735990 -1.711236
3.279527 1.143628 1.618352
3.357290 1.571136 -0.947547
-0.396919 3.818948 0.083199
0.327574 3.800729 0.684373
-0.209373 3.638155 1.004993
1.242288 3.661851 -0.254527
0.745247 3.667715 -0.896062
0.434077 3.877738 0.274894
0.029827 3.888806 -0.166993
-0.037819 3.789235 -0.679827
0.099600 3.708607 0.936825
-0.587887 3.750562 -0.211609
-1.931826 1.254740 3.407826
-3.703874 0.810458 2.665753
-3.276480 2.630724 -1.509476
-2.073629 3.141146 -1.617572
-0.976784 -3.430058 1.737848
-2.217431 3.040165 -1.735149
-3.976739 1.522332 1.961969
-2.519713 0.447138 3.472163
-3.451553 -0.193756 -3.025963
-4.667629 1.316370 -0.498024
-0.835477 -2.283357 -3.028744
-3.587579 2.097793 1.893053
-2.791364 0.155802 -3.397569
-1.110083 0.555056 -3.673690
-4.567000 -0.433675 1.710306
-3.224481 -2.112881 2.485297
-0.874513 0.168618 3.708823
-1.927496 2.301992 2.760787
-3.360795 -2.354640 2.145632
-1.987799 3.443409 -0.825377
-0.962013 0.059385 -3.723515
-0.243088 -1.454968 3.348089
-3.797369 -2.858346 0.280354
-0.281416 -1.924161 3.134030
-2.780539 2.172138 -2.521733
-1.651654 -0.686017 -3.676869
-3.278874 -1.941252 -2.570729
-0.296999 -2.436485 -2.783689
-4.550733 -1.456890 1.167838
-2.238029 3.098287 1.612489
-3.870624 2.212155 1.288449
-4.492438 -1.905988 0.592389
-0.854793 -2.768000 -2.620516
-3.793839 -2.323369 -1.651922
-3.936888 -1.060246 2.435018
-4.899184 0.555882 -0.485098
-4.763740 -1.040546 0.919703
-3.788661 -1.115967 2.568217
-2.221728 -0.840743 -3.542019
-3.300748 -0.772681 3.064255
-1.642720 -0.322901 -3.714615
-3.452666 0.179500 3.010368
-4.285645 -1.726893 -1.500155
-3.278680 -0.553356 3.116623
-2.686306 0.231447 3.436436
-0.124118 -1.083244 3.435373
-3.612862 1.606137 -2.326405
-2.938981 -3.358292 -0.853410
-1.361129 1.764362 3.223240
-4.312113 -2.190493 0.628126
-2.450189 -3.574584 0.832588
-1.118867 -1.920079 3.281125
-3.443619 2.261247 1.865369
-2.405277 1.404230 -3.210767
-1.714276 0.818697 3.588596
-2.358576 2.882149 -1.922465
-1.136413 -3.767010 0.863437
-2.525077 3.366757 -0.383410
-2.129808 3.299459 -1.208625
-1.839940 -1.946842 -3.216004
-3.848497 -1.967396 -1.970550
-1.211107 0.097138 -3.732645
-2.781764 0.453716 3.364016
-3.006796 1.743744 -2.721450
-4.295464 0.788378 1.974663
-0.532849 -0.558168 -3.644389
-4.035398 2.335018 0.424199
-3.984240 1.146183 2.215861
-1.347908 -1.972219 3.253640
-1.686486 -2.967026 2.398545
-3.218333 -3.278569 -0.466741
-3.671585 2.557247 -0.961948
-2.536450 -2.817953 2.262805
-3.103979 -1.647120 2.875289
-3.876370 0.918318 -2.452553
-0.663906 -2.058115 3.149891
0.038501 -2.977442 2.051220
-2.003974 -2.124841 -3.073329
-0.162582 -2.536282 2.646738
-2.354144 2.266151 -2.652687
-0.200510 -3.145210 -1.945095
-4.964442 -0.004800 0.458755
0.293151 -2.218877 2.688659
-1.988818 3.523127 -0.322312
-2.760293 -3.032516 1.815673
-2.868996 -0.286873 3.370251
-2.398455 -0.792772 -3.498401
-4.754556 -0.788496 -1.142326
-1.594177 1.738707 3.222100
-4.408309 -1.830573 -1.072443
-2.496912 1.680167 -3.027713
-4.541336 1.643419 0.203540
-0.390149 -3.578281 1.161601
-2.420917 1.230530 3.283016
-4.100137 1.203263 2.028526
-4.340220 -1.820833 1.268432
-2.244446 -0.595661 -3.576281
-0.604248 -3.214048 2.013304
-0.579943 -0.420894 3.667290
-1.155974 -3.085241 -2.289761
-0.383642 -3.685616 -0.765157
-4.705145 0.123702 -1.420426
-4.396855 -0.876789 1.886224
-1.119368 -2.675014 -2.736909
0.144061 -2.597866 2.437438
-0.897733 -3.147640 2.180453
-2.545390 -3.563934 -0.727433
-1.877160 -2.755889 2.589510
-2.714940 -2.742191 -2.242910
-2.838438 0.589203 -3.310759
-1.937274 1.627259 3.230387
-1.921215 -1.180022 -3.526942
-0.126827 -3.302193 1.628708
-2.794140 -0.152430 -3.408234
-2.220171 2.489689 2.488824
-3.209262 -3.196113 0.875428
-1.254185 0.999056 -3.565330
-2.720630 3.310268 -0.062668
-0.353978 -3.346478 1.682443
-1.386317 -3.803922 -0.686831
-3.211254 -3.306344 0.264974
-4.804457 -0.812800 0.959883
-4.514342 -1.788544 -0.781947
-2.434663 3.419078 -0.007181
-4.630081 0.429349 -1.510456
-1.551338 -3.824474 -0.499722
-1.784665 -2.333167 -2.975117
-0.834189 -3.822003 0.423576
-0.602755 -3.667552 -1.023345
-4.388202 -0.774292 -1.937320
-2.041719 -1.145742 3.512524
0.123325 -3.094900 -1.815662
-1.680240 1.139507 -3.491951
-0.276808 -3.725760 0.318223
-0.683758 -1.621326 -3.381701
-2.639373 -1.052980 -3.349192
-1.957733 0.244230 3.654438
-3.892303 -1.496946 2.272261
-4.830582 -1.093656 -0.521696
-2.038436 -3.719342 -0.699457
-2.137388 0.611397 -3.557752
-1.020002 1.252945 -3.466810
-1.594744 -3.660538 1.186271
-2.266932 -3.490114 -1.292945
-2.101136 -3.266246 1.853503
-1.432443 1.144298 3.511952
-0.622279 -1.788567 3.292077
-2.224363 2.155165 -2.797274
-3.376876 -0.035496 -3.078004
-4.252120 -1.206901 -1.960308
-3.789909 1.730916 2.024541
-3.385309 -3.179057 0.389003
-4.322493 -1.570353 -1.581515
-1.174177 1.513402 -3.358459
-3.130854 0.665140 3.136406
-3.793935 -0.975998 -2.612153
-3.317584 2.876736 0.832311
-4.554341 -1.791072 -0.583756
-1.541062 0.994494 -3.555264
-0.976763 -0.356902 3.722941
0.121630 -2.647899 -2.398323
-0.901248 -1.909175 -3.270407
-1.607900 2.524872 2.610752
-4.940568 -0.728500 0.210400
-3.468962 -2.307394 -2.083920
0.152884 -2.097330 2.852466
-3.180540 -3.133312 1.122097
-4.726514 -1.006894 -1.079385
-1.921401 1.230988 -3.419029
-4.192157 1.963565 0.988465
-3.677158 -0.681159 2.795870
-4.391150 1.049838 1.661188
-2.835853 -1.948499 2.860367
-1.736239 -2.586583 2.778798
-2.563488 -0.981321 3.398726
-0.240282 -3.672837 0.637512
-4.290953 1.907486 -0.786030
-4.599455 -1.766226 0.351172
-2.842261 2.616537 -1.980819
-0.791998 0.327444 -3.682768
-1.987576 -0.918753 3.581868
-3.188107 1.867599 -2.501742
-1.939822 -0.477621 -3.660046
-1.465030 -2.272242 -3.058206
-4.721690 -1.532031 -0.046116
-4.248321 0.300650 2.200395
-4.981566 -0.379162 0.191141
-1.607944 -1.921191 -3.263879
-3.370122 1.289487 -2.738076
-1.156893 -3.508702 -1.600381
-0.813344 -1.145796 3.572419
-3.232973 1.044890 -2.948380
-1.312143 -3.790518 0.764623
-3.503159 -1.889901 2.415736
-3.700364 -2.055961 2.073129
-4.077222 -1.594713 1.968892
-2.948896 -1.750760 -2.913630
-0.797822 -3.828850 -0.310807
-4.707092 -0.377556 -1.416748
-2.929442 -1.015085 3.225035
-3.508982 -0.344634 2.976780
-1.761405 3.165118 -1.694980
-4.235958 -1.415266 1.857080
-3.334327 -1.032044 -2.974562
-2.491780 -3.333188 -1.481854
-4.296831 -2.282218 0.318129
-0.895044 -3.331456 -1.899371
-0.641290 -2.936668 -2.394254
-1.516872 -2.638939 2.761312
-1.589650 -3.127374 2.211701
-1.950637 -1.815327 -3.265189
-4.495107 -0.591089 1.809934
-2.417929 -1.707627 3.185402
-2.100295 -3.399769 1.606681
-2.396650 -2.953357 -2.170495
-2.407442 2.705931 -2.148494
-0.112322 -3.149488 1.888224
-0.374683 -2.765213 2.503856
-2.711116 2.530961 2.187975
-4.760504 -1.424773 0.144364
-3.229321 -3.126497 -1.053023
-0.801880 -3.630426 1.236711
-4.217027 1.603279 -1.485950
-2.385591 -3.654454 0.535464
-2.428353 3.113149 1.446851
-2.386260 -0.137225 3.564927
-1.499131 -3.536253 -1.524525
-1.818780 -3.580343 -1.327986
-2.997948 -1.875797 2.811045
-0.582221 -1.254565 -3.502720
-1.285580 0.264499 3.719217
-4.240708 0.793244 -2.053949
-2.603810 1.751879 2.937294
-0.046269 -2.139589 2.913681
-2.186468 -2.810937 -2.435305
-2.552507 -2.111649 2.894373
-2.776995 -3.223524 -1.448953
-0.648076 -3.423642 1.664811
-2.222320 1.107194 3.394460
-3.891582 0.413994 2.596154
-3.325991 2.972049 0.274831
-0.984789 0.730099 -3.629548
-1.432832 1.370313 -3.421084
-4.193408 1.986301 -0.934464
-3.998333 1.575645 -1.884341
-4.886408 -0.524042 0.802363
-1.037391 -2.829005 2.579986
-2.198257 -3.604044 -1.013653
-3.048606 2.736095 -1.598455
-4.729702 0.753727 1.063969
-4.004172 0.727597 2.386211
-4.506814 1.647881 -0.501016
-0.915088 -1.021866 -3.615964
-0.003504 -3.620339 -0.488597
-1.437791 -2.479042 -2.904233
-3.506650 -0.523456 2.960228
-4.066703 2.123369 -1.001452
-2.885422 -2.679949 -2.196599
-1.192467 -1.598606 3.439196
-4.196928 -0.597598 2.261303
-1.556881 1.878338 -3.140376
-2.186793 -2.567561 2.679164
-3.256974 2.180634 -2.153891
-1.812461 0.544025 3.636460
-3.814181 -1.889532 2.083655
-0.837326 2.578996 -2.882843
1.226495 0.192908 -3.573815
1.557658 0.270632 3.460651
1.528960 0.808229 3.451945
-1.326243 2.960162 2.304803
0.183689 2.388778 -3.172579
1.292959 -0.450703 -3.454259
-0.988666 2.989384 -2.457806
0.337918 3.758827 -1.651662
2.550982 1.189405 -2.755503
1.629310 2.836730 -2.427274
-0.395495 0.939604 -3.662230
0.456366 0.754448 -3.710896
2.211803 0.890375 -3.080037
1.503974 3.892775 -0.072971
1.867806 1.988667 2.920159
2.455324 1.540930 -2.715045
-1.059067 3.949058 -0.053361
-0.023140 0.649231 -3.728310
3.183236 1.789885 1.689643
2.965626 1.454425 2.223433
-0.866330 3.929422 0.754328
1.830360 -0.066234 3.305309
0.779648 -0.518835 -3.567113
1.629941 3.321861 1.816558
0.392671 3.898971 1.321416
2.525798 1.477540 2.679909
-0.402769 1.254694 -3.601427
0.526955 0.290554 3.718779
3.244410 2.435268 -0.529004
0.289726 0.039431 3.719058
-0.097497 0.879188 -3.702191
2.070750 3.198412 -1.581206
-0.109817 2.417109 3.144840
-1.517663 3.725520 -0.469132
0.551949 1.308559 -3.607249
-0.260255 3.722422 1.686258
-0.144604 3.545084 -2.016638
-0.544331 1.618147 3.471288
-0.292205 -0.450392 -3.613374
0.907639 -0.063041 -3.630920
-1.096163 3.076735 2.308277
0.732747 3.337317 2.251189
-0.372730 3.971757 1.012298
0.080041 -0.535628 -3.618047
1.126851 -1.169121 3.245920
0.255837 -1.517637 3.203895
-1.572825 3.020511 -2.052467
0.625842 -1.773215 -2.999155
0.467272 0.690022 3.715669
0.905097 3.239909 -2.322853
0.869277 0.695350 3.658291
-0.676082 3.542624 -1.868454
1.424826 1.200552 -3.424041
0.854683 -1.427589 -3.179893
1.137896 4.006502 -0.245538
0.234148 0.152901 -3.730054
0.904506 4.047257 0.417342
0.376420 -0.792032 -3.534310
2.058083 1.730660 -2.929660
0.522144 0.018547 3.700623
0.376803 -2.214814 2.655424
-0.346470 2.047224 -3.325680
-0.665544 3.764540 -1.438170
1.119936 0.482464 -3.610031
-0.973362 2.816743 2.633978
-0.215497 0.906135 3.689274
1.038865 1.987992 -3.270405
0.407520 0.915951 3.696342
0.849421 -1.002718 3.391295
2.595183 3.216719 0.322821
0.994970 0.997481 -3.594317
3.058165 2.750651 0.147909
-0.723319 3.810473 1.289023
0.818546 0.092200 3.665478
0.274880 4.139452 -0.231447
2.616895 3.212051 -0.153123
0.945550 1.330660 3.535427
-0.338787 4.117266 0.022263
1.193021 1.074477 3.528292
-1.055634 3.715103 1.270124
1.373116 0.535079 -3.530506
0.310596 2.295928 3.224946
2.294829 2.065414 -2.573809
1.157738 2.971832 2.528924
1.406480 -0.018612 -3.494950
2.596246 0.906390 2.781400
1.879057 3.518220 -1.146760
1.666282 -0.138870 -3.372667
1.106095 3.664497 -1.570312
0.099189 4.082646 -0.698958
2.246854 1.206660 2.989572
0.331142 3.493253 2.107209
0.593081 4.036393 -0.792687
1.782878 3.770378 -0.088345
0.887416 0.302561 3.664327
0.931824 3.580877 1.818952
1.369585 -0.291617 3.464135
0.046875 0.157246 3.730346
1.953940 0.967923 3.225924
2.091462 2.071702 2.727222
-0.840753 3.399604 -2.017229
1.814422 2.332532 -2.739000
-0.134773 3.569838 1.979297
1.399355 3.702241 1.253081
2.061778 0.334634 3.211234
0.021499 -1.182351 3.382467
0.468749 4.033223 0.864607
0.121149 3.219119 2.467811
-0.233418 3.414720 2.192982
0.517421 3.288651 2.357316
0.605000 3.506797 2.044524
0.002666 1.366915 3.612505
0.182237 1.196553 -3.655797
1.195835 3.968482 0.462902
2.303863 3.429413 0.454769
-0.514265 4.071191 -0.373002
-0.179338 -0.650376 -3.571968
2.478575 3.076609 1.195520
-0.467603 2.680528 -2.906902
-0.626604 0.978549 -3.614619
2.435142 1.639797 2.689254
1.513900 0.232409 -3.476190
0.745413 4.100484 -0.000825
-1.327129 3.815854 0.458864
0.353251 1.681073 -3.510715
2.648742 2.585011 1.728520
2.259479 2.415593 -2.343594
1.146709 0.143502 3.593931
0.406820 4.132166 0.237773
1.327173 3.858391 -0.832175
-1.098253 3.198761 2.157990
2.076981 3.202245 1.567041
-0.199655 2.791445 -2.861955
0.023022 0.387789 3.738056
1.198719 3.992759 0.186318
2.497738 2.917695 -1.470177
-1.121567 3.129868 -2.230892
1.028898 4.013627 -0.461847
-0.263494 1.550634 -3.537724
3.238038 2.378969 0.737988
1.224987 1.685683 -3.345420
-1.303763 3.852142 -0.173475
2.867882 2.973023 0.055117
-0.191260 0.186488 -3.718004
-0.220934 1.191234 3.638949
-0.668245 1.842694 -3.356806
1.130088 3.890512 -0.946925
-1.370428 3.641918 1.111864
0.110982 -0.313978 -3.669186
-1.058454 3.382197 1.922788
3.022698 2.379576 1.351955
1.433644 3.906281 -0.311555
3.259972 2.026754 1.293209
-0.679980 3.902102 -1.050074
-0.752584 1.742553 3.376779
-0.801601 1.954050 -3.271319
0.553926 -0.580967 3.583606
1.506358 -0.721862 -3.295015
1.775136 1.913875 -3.011155
2.816355 2.883158 0.856679
-0.779263 2.997597 2.535930
0.428749 -1.706693 -3.071021
-0.044452 3.854718 1.441474
0.938314 1.954931 3.312112
0.681527 3.697255 -1.699007
0.709830 -0.115008 3.660057
0.324074 -0.944753 3.482021
0.270884 -1.000981 -3.461704
-0.422476 2.948172 -2.686231
1.434466 3.246457 -2.067482
0.232615 0.737681 -3.724374
2.159678 2.825688 2.022730
0.386778 -1.272388 -3.331975
-0.874187 1.287321 3.489473
-1.287322 3.511857 1.518398
1.554590 -0.373411 -3.374924
-1.398122 2.340162 2.806185
-0.254246 3.932187 1.189134
0.258100 2.153889 -3.305903
-1.015853 2.200450 3.070691
0.799379 -0.668408 3.521488
-0.637560 3.997494 -0.703882
0.624374 1.948485 -3.374500
-1.003332 2.643766 2.770017
0.603644 -1.263817 -3.313498
0.820847 3.805116 1.413420
1.642497 2.668945 2.576867
2.600477 1.640007 -2.538867
-0.468101 3.242490 2.362599
-0.935026 3.956748 -0.481404
2.491358 -1.946419 2.540213
2.640895 -0.772151 -2.934385
3.826185 1.575990 -0.709929
2.930592 -0.727248 2.772573
2.766807 -3.115148 0.557039
3.749342 0.341736 1.978789
2.690403 -0.236051 2.952686
1.096037 -2.145266 2.760005
3.744174 -1.016606 -1.930989
1.465897 -3.241851 -1.469713
3.839067 -0.719392 1.892733
2.915858 0.410015 2.741284
3.829843 1.607755 0.604915
2.028499 -3.298927 -1.054402
2.469939 -3.095561 1.144689
2.852277 -3.021631 -0.740368
1.315905 -2.709718 -2.265835
1.083077 -1.762231 -2.986527
2.519462 -2.768422 -1.710439
1.493918 -3.099572 -1.723078
4.355391 0.335697 0.609082
2.354818 -2.691893 -1.933236
3.059133 -1.310194 -2.514253
3.358731 -2.570423 -0.910519
2.150722 -2.433516 -2.321747
2.139464 -0.242407 3.184930
3.034723 1.017913 -2.428050
1.963933 -3.012620 1.697806
3.557460 1.842037 0.915418
1.294618 -3.075141 -1.793338
1.366351 -1.053326 3.238459
1.767873 -3.432690 -0.827688
3.824238 -1.412573 -1.595129
4.418952 -0.792125 -0.151816
2.011812 -1.522799 2.964387
4.022020 -1.821278 -0.569760
3.774438 1.356895 1.239222
2.758566 -3.029973 -0.904261
2.985448 -3.030711 -0.137052
3.508827 1.982203 -0.682056
1.575016 -0.704417 3.282560
4.013756 1.329772 0.543887
1.754110 -0.769760 -3.243734
2.037140 -3.458429 -0.316253
0.851891 -3.549982 -0.521213
0.631953 -2.718405 2.210658
3.951900 1.313768 -0.837359
1.519352 -0.893808 -3.259045
3.712461 -1.691515 -1.553745
0.617371 -2.954490 1.911843
4.403593 0.172037 -0.474343
3.466820 -1.281982 -2.152591
2.850637 -3.003086 0.809372
2.183102 -3.126058 1.351861
2.973171 -2.575427 1.543064
2.939589 0.808712 2.595670
3.151071 -2.638925 1.179996
2.265159 -0.087444 3.137401
2.841542 0.853010 -2.644054
1.386731 -2.166020 -2.733548
0.841965 -2.738775 2.224368
1.500729 -1.611568 -3.034397
3.549750 -0.146744 2.296029
1.731956 -2.161262 2.680465
2.290373 -1.301982 -2.954194
1.607738 -3.548933 0.337890
2.262477 -1.547418 -2.866856
2.108713 -3.201426 -1.242348
3.336649 0.216759 -2.459915
0.731986 -1.948458 -2.859038
2.863619 -1.158738 -2.708672
4.158243 -1.608609 -0.368048
1.055575 -3.446691 -1.004827
3.565773 -1.509540 1.907728
0.816836 -2.446190 -2.510392
3.935689 -1.175936 1.555067
3.843710 -0.043574 -1.930427
3.864551 1.070360 -1.376287
0.525036 -2.623290 -2.287481
2.847300 -1.560885 -2.550898
2.594725 -3.165650 -0.746041
3.400491 -2.434907 1.116997
2.324512 -2.750088 1.876790
4.452717 -0.548394 -0.013818
3.037688 -1.805164 2.261539
3.955886 -0.461278 1.762262
2.636587 -3.099388 0.900821
2.646144 -2.963833 -1.239224
4.390756 0.415021 0.201928
2.890662 0.118340 2.812275
3.478780 -0.841519 2.298482
3.946266 0.807629 1.437503
4.445457 -0.408994 -0.332078
2.534012 0.295481 2.979760
0.597542 -2.981860 -1.867778
0.511668 -3.353979 -1.106800
3.980322 -1.038254 -1.549414
1.374904 -3.294450 1.377003
3.504734 -2.538039 -0.550394
2.973303 -3.032414 0.232906
2.040889 -2.747546 -2.034527
3.456056 -2.565869 0.635779
1.738272 -3.142773 1.574140
4.172474 -1.593576 0.298029
0.698590 -3.117493 1.680730
3.105969 1.360259 2.150435
1.692684 -3.535297 -0.338074
3.779177 -1.209897 1.791933
3.058714 -2.876005 0.757482
1.781520 -0.684120 3.250068
2.409395 -0.437066 -3.081079
4.343757 -0.960523 0.551898
3.350823 -0.521517 2.478104
1.202237 -3.342142 -1.289766
3.529085 -1.743558 1.782385
2.941077 0.344564 -2.740404
4.309278 -0.106593 -0.998721
3.495624 0.556624 -2.209827
3.224148 -2.242270 1.679802
4.077467 -1.745166 0.481121
0.770811 -2.927830 -1.982830
1.058309 -3.461243 0.957009
4.311626 -1.255724 0.094240
4.187961 -0.314210 -1.332703
3.331042 -1.238828 -2.310574
4.464397 -0.205258 -0.062745
3.248122 -1.638499 2.179866
3.261951 -2.796899 0.391395
2.310054 -1.065875 3.019058
0.602237 -3.539248 0.380539
3.711651 -1.460140 -1.740212
2.208934 -2.661469 -2.055054
1.104290 -3.197244 1.594018
2.433766 -1.043997 -2.973830
1.254102 -2.856888 2.099604
4.165292 0.942047 0.690605
1.281158 -2.728046 2.247994
3.250773 -1.629689 -2.183419
2.532451 -1.404537 2.806182
2.757142 -2.897258 1.240686
3.314259 0.866702 2.260048
2.643835 -1.716608 2.595174
3.686246 -0.963020 2.026173
1.731033 -2.395029 2.498310
2.253760 -3.361548 0.516373
3.872786 -1.869260 1.007394
2.107348 -1.263538 -3.033236
4.259326 -1.229033 -0.626757
