    0.0346927666
    0.0377711737
    0.0237757842
    0.0284811162
    0.0325594690
    0.0193794067
    0.0110743707
    0.0231617247
    0.0146301625
    0.0254058381
    0.0341346904
    0.0208388599
    0.0273797142
    0.0378560172
    0.0333060123
    0.0367368730
    0.0352470884
    0.0277149597
    0.0257717701
    0.0321670972
    0.0293361425
    0.0346515275
    0.0338748141
    0.0209555124
    0.0353562245
    0.0316866529
    0.0377425091
    0.0219834050
    0.0251405834
    0.0253588356
    0.0382918972
   -0.0060831275
    0.0131418895
    0.0035839310
   -0.0097631675
    0.0000547733
    0.0029904703
   -0.0087481899
    0.0112887376
   -0.0121284866
   -0.0089488158
   -0.0077329542
   -0.0105693644
   -0.0155032690
    0.0131761676
   -0.0096970064
   -0.0073379634
    0.0023020278
    0.0136706186
    0.0036746615
    0.0113541627
    0.0033417775
   -0.0115104145
   -0.0007276907
    0.0125642739
    0.0005612484
    0.0121381116
   -0.0146315516
   -0.0081386771
    0.0214246362
    0.0042631980
   -0.0147353130
   -0.0136535243
   -0.0163114684
    0.0135134695
   -0.0057151746
   -0.0162197390
   -0.0001539163
    0.0063674742
   -0.0014014513
    0.0073445300
   -0.0097179099
    0.0072251341
    0.0030313323
    0.0166746122
    0.0060460510
   -0.0128402179
   -0.0160150809
   -0.0044407729
   -0.0142610242
    0.0127444145
   -0.0150753298
    0.0165812624
   -0.0117309945
    0.0161178524
    0.0081871425
   -0.0084378468
   -0.0091674200
    0.0070665175
    0.0039624493
   -0.0016624672
   -0.0000653980
    0.0151258236
    0.0036538119
    0.0079817769
    0.0082168389
   -0.0101557558
    0.0061172334
    0.0179484515
    0.0026416090
   -0.0064367358
    0.0119024630
    0.0106425492
    0.0056978280
    0.0068168445
   -0.0071503254
   -0.0006688419
    0.0120049152
    0.0048400806
    0.0058572833
    0.0095687594
    0.0045008081
    0.0045880933
   -0.0140536022
    0.0057909945
    0.0045013127
    0.0082443620
    0.0133688399
    0.0053920224
    0.0102698021
   -0.0062316557
    0.0145594440
    0.0059547395
    0.0103589493
    0.0162620563
   -0.0008885210
    0.0131680342
   -0.0125978997
    0.0048395306
   -0.0132181447
    0.0096888050
   -0.0090535050
   -0.0073872388
    0.0054673439
   -0.0014346294
   -0.0005878446
    0.0081147860
    0.0186142415
    0.0152694979
    0.0138578036
    0.0150552804
    0.0148361048
    0.0045740538
    0.0103151505
    0.0129009762
    0.0097115227
    0.0071397573
    0.0085079811
    0.0010743317
    0.0119817010
    0.0132243184
    0.0072838929
    0.0132190359
    0.0130473913
    0.0121806520
    0.0134722487
    0.0079203907
    0.0125753023
    0.0077471882
    0.0151195838
    0.0160219448
    0.0080374864
    0.0145621502
    0.0120476567
    0.0094506774
    0.0107792258
    0.0109220923
    0.0094886143
    0.0053226213
    0.0137696135
    0.0101654901
    0.0038491376
    0.0157885020
    0.0101269179
    0.0112117723
    0.0129657891
    0.0136224387
    0.0123645105
    0.0112755761
    0.0136897254
    0.0158624704
    0.0125912130
    0.0083130501
    0.0133476193
    0.0125651543
    0.0092064323
    0.0134397743
    0.0000984100
    0.0132567560
    0.0020189754
    0.0128277172
    0.0133753844
    0.0037256759
    0.0145866761
    0.0168360675
    0.0034863480
    0.0094939589
    0.0147314294
    0.0071655152
    0.0021458783
    0.0137711207
    0.0050325535
    0.0147406611
    0.0135519241
   -0.0428236071
   -0.0301105890
   -0.0436020630
   -0.0339719475
   -0.0317403348
   -0.0310131239
   -0.0407842880
   -0.0398763703
   -0.0397324581
   -0.0243678539
   -0.0150443680
   -0.0144430403
   -0.0350177588
   -0.0189273426
   -0.0215320236
   -0.0423376209
   -0.0156685372
   -0.0399317384
   -0.0376351960
   -0.0271328375
   -0.0284030971
   -0.0416596454
   -0.0418544516
   -0.0351915499
   -0.0337847678
   -0.0438690011
   -0.0413129587
   -0.0429248437
   -0.0433091233
   -0.0284353467
   -0.0267695738
   -0.0294638720
   -0.0307873048
   -0.0341869846
   -0.0272135095
   -0.0134245226
   -0.0194433637
   -0.0193329437
   -0.0357475091
   -0.0017285886
   -0.0411767671
   -0.0358163586
   -0.0236721164
   -0.0324469943
   -0.0408957652
   -0.0301491382
   -0.0419174544
   -0.0420283996
   -0.0252135742
   -0.0317058447
   -0.0435737282
    0.0051085298
   -0.0421053761
   -0.0434853470
   -0.0158096644
   -0.0104020143
   -0.0407436432
   -0.0362947570
   -0.0253427876
   -0.0160818564
   -0.0203242643
   -0.0174262435
   -0.0322122960
   -0.0418367837
   -0.0351554954
   -0.0153954228
   -0.0246765711
   -0.0421516647
   -0.0174781091
   -0.0270159581
   -0.0273015885
   -0.0314311125
   -0.0298541668
   -0.0111237842
   -0.0227361866
   -0.0320336557
   -0.0121632347
   -0.0372840220
   -0.0019995089
   -0.0415757104
   -0.0356814359
   -0.0004829684
   -0.0107731291
   -0.0258914923
   -0.0112550357
   -0.0392532805
   -0.0390326829
   -0.0261523048
    0.0171300757
    0.0139371811
    0.0172242361
    0.0164962456
    0.0159318446
    0.0189786670
    0.0176862966
    0.0184273011
    0.0194849258
    0.0181959141
    0.0185391065
    0.0178109569
    0.0173142646
    0.0168318556
    0.0190431069
    0.0156412013
    0.0115770545
    0.0181835657
    0.0164807161
    0.0138502093
    0.0165509248
    0.0081748709
    0.0184971419
    0.0146507193
    0.0110106754
    0.0128033434
    0.0134429421
    0.0123501016
    0.0087293730
    0.0036596473
   -0.0058264149
    0.0129861421
    0.0072572823
    0.0115037168
    0.0033762826
    0.0131214379
    0.0145677977
    0.0129537112
    0.0100207424
    0.0104482806
    0.0107421918
    0.0108212037
    0.0111880346
   -0.0091629270
    0.0135228593
    0.0144509334
    0.0182021061
    0.0190045524
    0.0154978939
    0.0190484946
    0.0155015145
    0.0193190933
    0.0171746125
    0.0168439230
    0.0186387033
    0.0185340789
    0.0117567665
    0.0167442863
    0.0174893020
    0.0124051255
    0.0181315423
    0.0173745211
    0.0167485459
    0.0199673867
    0.0287093052
    0.0272534253
    0.0213160593
    0.0241380331
    0.0170882908
    0.0294185675
    0.0193407151
    0.0254114579
    0.0186883919
    0.0233447265
    0.0291792356
    0.0166617685
    0.0287808608
    0.0172625777
    0.0299549421
    0.0268389175
    0.0300102312
    0.0257874230
    0.0205253734
    0.0275292893
    0.0269360204
    0.0106189590
    0.0149882502
   -0.0086772057
   -0.0068213404
    0.0018697173
   -0.0053549737
    0.0144933344
   -0.0015448830
   -0.0057687866
    0.0036048284
    0.0126926257
   -0.0078774366
   -0.0025982466
   -0.0055041422
    0.0100326152
   -0.0087207338
    0.0032934345
   -0.0001163437
    0.0206336702
   -0.0067087834
    0.0014969651
   -0.0075393143
   -0.0004146647
   -0.0014926853
    0.0066708163
   -0.0068842323
   -0.0034281962
   -0.0026870347
   -0.0024715039
   -0.0088832765
   -0.0086305888
   -0.0005567122
   -0.0061610639
    0.0195212528
    0.0020283203
    0.0090620620
   -0.0093865057
   -0.0032816052
   -0.0028056120
    0.0064305594
   -0.0052257851
   -0.0090452430
   -0.0102952740
   -0.0015043416
   -0.0046899088
    0.0137826283
   -0.0024124226
    0.0024604630
    0.0024796816
    0.0005449963
    0.0004790565
   -0.0083063303
    0.0053458463
   -0.0077253990
    0.0092202034
    0.0035007184
   -0.0066775771
   -0.0096740182
    0.0048567755
   -0.0086665526
    0.0022839583
    0.0172962976
   -0.0100519630
    0.0034574393
   -0.0042720549
    0.0092216773
   -0.0013668925
   -0.0099698486
    0.0052913157
   -0.0082930232
    0.0075619719
    0.0008340972
   -0.0085311915
    0.0073915514
    0.0110359560
   -0.0068269610
    0.0057414022
    0.0082587365
    0.0040560696
    0.0083112254
   -0.0097297840
    0.0080981476
    0.0003057797
   -0.0014554364
   -0.0053219820
    0.0042232245
    0.0080004630
    0.0034882289
    0.0021403982
   -0.0054430119
    0.0043451654
    0.0036509796
    0.0022826614
   -0.0085122903
    0.0017445879
   -0.0083264488
   -0.0009829646
    0.0015628899
   -0.0071634369
   -0.0122366126
    0.0065136967
    0.0070507484
    0.0072567038
    0.0028760822
   -0.0072474275
    0.0108763518
    0.0140299813
   -0.0064518079
    0.0055829655
    0.0120849273
    0.0100755303
    0.0102501574
    0.0094806683
    0.0131295741
    0.0096365468
    0.0089958046
    0.0138480551
    0.0064486937
    0.0124013262
    0.0113563215
    0.0112027463
    0.0088794064
    0.0120059542
    0.0136029273
    0.0063633389
    0.0102003554
    0.0091530271
    0.0114152461
    0.0080954851
    0.0106013746
   -0.0016857628
    0.0125004786
    0.0019708528
    0.0109948848
    0.0022318751
    0.0108804319
    0.0066719106
    0.0132771014
    0.0117875834
    0.0069876419
    0.0115381894
    0.0045657387
    0.0031702619
    0.0050044879
    0.0082572878
    0.0130328966
    0.0115701654
    0.0077088228
    0.0041582391
    0.0051006735
    0.0099206114
    0.0105982589
    0.0088477534
    0.0129380252
    0.0084585978
    0.0130678442
    0.0120515589
   -0.0021706884
   -0.0105491433
    0.0099189162
    0.0114730973
    0.0023875306
    0.0039081157
    0.0115043115
    0.0099305093
    0.0107190350
   -0.0005374649
    0.0116880889
    0.0114110445
    0.0073553552
   -0.0011947258
    0.0030284003
   -0.0200886331
   -0.0159984516
   -0.0240452405
   -0.0283904377
   -0.0320431140
   -0.0245714538
   -0.0249831862
   -0.0215055864
   -0.0319256244
   -0.0258626727
   -0.0189836289
   -0.0249801465
   -0.0254398600
   -0.0247703915
   -0.0176273920
   -0.0081874182
   -0.0196451417
   -0.0181704254
   -0.0244479531
   -0.0262874310
   -0.0158085581
   -0.0174175051
   -0.0151762475
   -0.0176264666
   -0.0235049886
   -0.0222439338
   -0.0286005513
    0.0037230861
   -0.0332762211
   -0.0230897042
   -0.0172346000
   -0.0124467345
   -0.0276562361
   -0.0226856544
   -0.0239643667
   -0.0277623601
   -0.0265582624
   -0.0087518819
   -0.0264321183
   -0.0114485025
   -0.0256509324
   -0.0282228505
   -0.0292450057
   -0.0309405406
   -0.0250481497
   -0.0226036617
   -0.0165364991
   -0.0263202032
   -0.0306013508
   -0.0336709759
   -0.0312164743
   -0.0254608776
   -0.0189814760
    0.0012842089
   -0.0162672010
   -0.0210865171
   -0.0346223639
   -0.0275868515
   -0.0338610192
   -0.0333878089
   -0.0338767042
   -0.0178394814
   -0.0345326556
   -0.0221995356
   -0.0225436548
   -0.0202793987
   -0.0189920772
   -0.0254670945
   -0.0149979449
   -0.0274386040
   -0.0248407283
   -0.0322727807
   -0.0146911658
   -0.0339012048
    0.0110113703
    0.0144857272
    0.0099226496
    0.0152334316
    0.0140312760
    0.0147532278
    0.0134840932
    0.0151132152
    0.0122405196
    0.0144345917
    0.0151436044
    0.0077399842
    0.0127985609
    0.0138891821
    0.0095205923
    0.0150551953
    0.0121822907
    0.0139877329
    0.0148099802
    0.0149803868
    0.0114171393
    0.0149945780
    0.0095115256
    0.0030793639
    0.0114807329
    0.0062465877
    0.0086616483
    0.0060532965
   -0.0095131056
    0.0051862991
    0.0107228389
    0.0106768366
    0.0001772813
    0.0106939088
    0.0076715515
   -0.0014399413
    0.0108848660
    0.0054880790
    0.0095918784
    0.0000820786
    0.0088526967
    0.0093307710
    0.0122665889
    0.0137688408
    0.0143534470
    0.0149624155
    0.0133291859
    0.0141002365
    0.0131684626
    0.0148266419
    0.0126831533
    0.0151536433
    0.0143482667
    0.0140850608
    0.0152796814
    0.0148618938
    0.0146754636
    0.0203505881
    0.0221483158
    0.0152827990
    0.0176456239
    0.0184355816
    0.0197960291
    0.0203824138
    0.0181930535
    0.0083284148
    0.0214200994
    0.0190290283
    0.0227280864
    0.0219793488
    0.0193042970
    0.0209067081
    0.0078866116
    0.0134901192
    0.0195452014
    0.0156355338
    0.0167904409
    0.0185192065
    0.0225437949
    0.0192008160
    0.0206213694
    0.0216801290
    0.0231142830
    0.0202581581
    0.0181274913
    0.0075108701
    0.0144195965
    0.0227542016
    0.0084422448
    0.0074427555
    0.0231745107
    0.0139747138
    0.0111824810
    0.0170037787
    0.0205695956
    0.0170513691
    0.0121641837
    0.0223051436
    0.0219274652
    0.0171656912
    0.0101388322
    0.0104451084
    0.0168438920
    0.0218454363
    0.0190339627
    0.0160824263
    0.0157266542
    0.0075177305
   -0.0031091561
   -0.0040378475
   -0.0025067572
    0.0009655410
   -0.0003331959
    0.0146457159
   -0.0018394160
   -0.0006231597
    0.0071451243
    0.0033452044
    0.0111853030
   -0.0022771435
    0.0072887239
    0.0028423227
    0.0028179594
    0.0012767377
    0.0059231075
    0.0062556872
    0.0051034274
    0.0090459400
   -0.0063956667
    0.0036097615
   -0.0042142662
   -0.0022207605
   -0.0054474720
   -0.0008864760
   -0.0053392647
   -0.0051517074
    0.0169027130
   -0.0004474363
    0.0032526610
    0.0033304710
   -0.0044112674
    0.0099692289
    0.0055191629
    0.0033260484
    0.0026587109
    0.0011631681
   -0.0031938794
   -0.0034870503
   -0.0049859449
    0.0131075324
   -0.0016147833
    0.0126469911
    0.0059078272
   -0.0060385227
   -0.0052660441
    0.0022629982
   -0.0031254073
    0.0171609068
    0.0099917808
    0.0008044060
    0.0005206285
    0.0021275324
   -0.0048338144
    0.0099772879
    0.0107109793
   -0.0043428834
   -0.0064040506
    0.0063355098
    0.0081621757
   -0.0037991107
   -0.0046523294
   -0.0046020585
   -0.0026221663
    0.0139150606
    0.0090454475
    0.0019323717
   -0.0035243259
   -0.0002047200
   -0.0062003716
   -0.0050245724
   -0.0009925349
    0.0040792884
    0.0026061627
   -0.0007914116
    0.0006679215
   -0.0065287291
   -0.0025957671
   -0.0040889080
   -0.0052080669
   -0.0061988041
   -0.0063149736
    0.0076580913
   -0.0006148338
    0.0021055972
    0.0120672964
    0.0088884263
   -0.0014362412
   -0.0054135329
   -0.0047758268
   -0.0041681183
    0.0072377921
    0.0062216784
   -0.0066302522
    0.0065128592
    0.0069795929
    0.0045748565
    0.0041257208
    0.0042597257
    0.0027035826
    0.0041490569
    0.0059149071
   -0.0017237932
    0.0001546299
   -0.0041191408
   -0.0086915241
   -0.0098893077
    0.0054925677
   -0.0000357205
   -0.0015804499
    0.0043471888
    0.0046179120
   -0.0035566480
    0.0030563564
   -0.0048853288
   -0.0066723159
    0.0050259386
   -0.0003906265
    0.0025858887
   -0.0059147795
    0.0016693940
   -0.0012076560
   -0.0015492586
   -0.0088787856
    0.0017983829
    0.0066297380
   -0.0005828146
    0.0034150065
   -0.0044640763
   -0.0036417839
   -0.0022632193
   -0.0086300117
   -0.0096998390
    0.0027763299
   -0.0026146348
    0.0018978322
    0.0087560638
    0.0093223909
    0.0083713062
    0.0073869431
    0.0077157168
    0.0069514987
    0.0097483401
    0.0017961307
    0.0099172976
    0.0039689621
    0.0068458860
    0.0098859516
    0.0079409178
    0.0088616568
    0.0092376094
    0.0071197887
    0.0083972567
    0.0102125824
    0.0019643457
    0.0111159683
    0.0059028946
    0.0121594901
    0.0098550245
   -0.0008459694
    0.0096759774
    0.0086272141
    0.0095688845
    0.0104054236
    0.0042233571
    0.0096503914
    0.0044717166
    0.0099900920
    0.0095388063
    0.0072239081
    0.0103007036
    0.0100903389
    0.0033319513
    0.0026513940
    0.0094813352
    0.0098514862
    0.0088587447
   -0.0005204121
    0.0096863016
    0.0067238884
    0.0055601042
    0.0103899783
    0.0111549587
    0.0092005400
    0.0055349080
    0.0071776681
    0.0100134123
    0.0071786610
    0.0016721469
    0.0096245536
    0.0028674944
    0.0092543726
    0.0002284859
    0.0093443586
    0.0099534650
    0.0096177944
    0.0011071876
    0.0083469256
    0.0089252449
    0.0097899843
    0.0095365266
    0.0065637670
    0.0064563462
    0.0061630516
   -0.0011619385
    0.0105365543
    0.0081000186
    0.0049295855
    0.0080097142
    0.0090126664
    0.0047917498
    0.0037435750
    0.0061834795
    0.0082448689
    0.0075508817
   -0.0013742631
    0.0088635798
    0.0050199704
    0.0100026321
   -0.0000014453
    0.0093227924
    0.0039128637
   -0.0047684190
   -0.0072244615
    0.0059413256
    0.0114712431
    0.0035631205
    0.0066019305
   -0.0069316932
    0.0082630685
   -0.0082496820
    0.0089400888
    0.0072380012
    0.0078042333
    0.0113122532
    0.0048638746
    0.0120253320
   -0.0007315116
    0.0045372938
    0.0089176905
    0.0075872711
    0.0047595720
    0.0116242615
    0.0054645374
    0.0069008490
    0.0049998875
    0.0089559948
    0.0012914274
    0.0067729017
    0.0031246511
   -0.0095918512
    0.0100782458
    0.0003050458
   -0.0062056827
    0.0085484218
    0.0087350100
    0.0089424996
    0.0082594330
    0.0116568623
    0.0081971342
    0.0102597517
    0.0006003889
    0.0092067354
    0.0103934243
    0.0117112046
   -0.0258927229
    0.0033686418
   -0.0228818494
   -0.0190997057
   -0.0198339394
   -0.0219025999
   -0.0152085989
   -0.0107105426
   -0.0271004720
   -0.0186104601
   -0.0278994335
   -0.0188490774
   -0.0160161712
    0.0007796508
   -0.0231434297
   -0.0184026410
   -0.0165462111
   -0.0175713916
   -0.0202290015
   -0.0150373660
   -0.0252234461
   -0.0207815099
   -0.0265855746
   -0.0224298331
   -0.0275000783
   -0.0250359274
   -0.0281653527
   -0.0265064764
   -0.0270617768
   -0.0206975777
   -0.0176451856
   -0.0224653080
   -0.0206899349
   -0.0221284570
   -0.0242883638
   -0.0130106078
   -0.0238889183
   -0.0075015793
   -0.0140781198
   -0.0172354328
   -0.0179407103
   -0.0266384006
   -0.0245309229
   -0.0270106869
   -0.0131594405
   -0.0228637236
   -0.0232881502
   -0.0187615262
   -0.0098474284
   -0.0128837279
   -0.0223633438
   -0.0234809866
   -0.0262486451
   -0.0240000064
   -0.0257815769
   -0.0212535064
   -0.0054516726
   -0.0216336978
   -0.0257263184
   -0.0183286362
   -0.0243312718
   -0.0228896684
   -0.0121974493
   -0.0249632970
   -0.0137130122
   -0.0169854794
   -0.0259006187
   -0.0275023961
   -0.0239995031
   -0.0042345812
   -0.0173676407
   -0.0142843978
   -0.0135948672
   -0.0221988803
   -0.0282370471
   -0.0228402089
   -0.0253209614
   -0.0248986420
   -0.0155626511
   -0.0246076734
   -0.0154189530
   -0.0129953510
   -0.0029142123
   -0.0234464818
   -0.0235393039
   -0.0160637636
   -0.0005792319
   -0.0215863925
   -0.0176612294
   -0.0211263940
   -0.0138953706
   -0.0253803985
   -0.0278396767
   -0.0257405977
   -0.0215537795
   -0.0281234057
   -0.0005413263
   -0.0242283958
   -0.0281376453
   -0.0267684342
   -0.0266431461
   -0.0131741888
   -0.0246976089
   -0.0153326118
   -0.0274563976
   -0.0126656337
   -0.0208413088
   -0.0208498922
   -0.0098076160
   -0.0245755576
   -0.0124976601
   -0.0244299877
   -0.0283962124
   -0.0138809383
   -0.0191916613
   -0.0174600559
   -0.0143071409
   -0.0192400321
   -0.0268621902
   -0.0238841263
   -0.0197636357
   -0.0256242020
   -0.0278546507
    0.0118993444
    0.0124610028
    0.0115151620
    0.0109835579
    0.0118944069
    0.0119986711
    0.0125428681
    0.0115839032
    0.0121291153
    0.0110843666
    0.0124689100
    0.0111069956
    0.0107379336
    0.0123968835
    0.0120974729
    0.0076591555
    0.0114194237
    0.0108110722
    0.0117251469
    0.0110584943
    0.0075401641
    0.0123615910
    0.0086003696
    0.0102937892
    0.0123612067
    0.0112047678
    0.0054965049
   -0.0007549051
    0.0050271471
   -0.0035618037
    0.0009175008
    0.0072815153
   -0.0039391091
    0.0060250009
   -0.0086205065
    0.0083136724
    0.0071824796
    0.0017632395
    0.0045749808
   -0.0105686327
   -0.0051481233
   -0.0027573063
    0.0043613424
   -0.0069669000
    0.0088864473
    0.0078307657
    0.0008514757
   -0.0067528149
    0.0116598339
    0.0116484790
    0.0118914667
    0.0108417994
    0.0086867594
    0.0114697667
    0.0116518714
    0.0123914947
    0.0118758694
    0.0121739669
    0.0121832418
    0.0122268278
    0.0102043061
    0.0084786731
    0.0113863963
    0.0109667408
    0.0111415909
    0.0122012310
    0.0121921129
    0.0123648104
    0.0124741527
    0.0119278605
    0.0171094950
    0.0113464094
    0.0132990227
    0.0173476597
    0.0100657384
    0.0097254258
    0.0151635207
    0.0184033714
    0.0099859250
    0.0146772815
    0.0171692438
    0.0071492439
    0.0160413408
    0.0116632419
    0.0174112608
    0.0154289537
    0.0169671242
    0.0132205945
    0.0178952084
    0.0158588337
    0.0179393550
    0.0177029346
    0.0158320418
    0.0170397338
    0.0178803767
    0.0157567823
    0.0071826354
    0.0152847701
    0.0182718393
    0.0118306717
    0.0101315586
    0.0098940146
    0.0183422982
    0.0159820716
    0.0176077708
    0.0031089944
   -0.0034240697
    0.0034688310
    0.0069195983
    0.0016883056
   -0.0009170577
    0.0056214396
    0.0087764552
    0.0040127813
   -0.0026924371
    0.0133887204
    0.0036859033
    0.0001737169
    0.0005833344
   -0.0037808037
    0.0021038519
    0.0102962832
    0.0017233923
    0.0007224923
   -0.0021724009
    0.0112048669
    0.0068085534
    0.0031982528
   -0.0019532044
    0.0071337466
    0.0057965401
    0.0058635983
   -0.0031959330
    0.0013635415
   -0.0015698788
   -0.0040745965
    0.0041855530
   -0.0029659034
    0.0079435920
    0.0023725829
    0.0117902052
   -0.0031359591
    0.0057948326
    0.0042911410
    0.0010056811
    0.0107563710
    0.0065866983
    0.0121180917
    0.0018356135
    0.0020733101
    0.0014062727
    0.0008619931
    0.0046322815
    0.0114385805
    0.0023668450
    0.0054390910
    0.0039707942
    0.0081205763
   -0.0038339472
   -0.0041672518
    0.0017618971
    0.0022337249
   -0.0016924513
   -0.0005391083
    0.0042588044
    0.0030990982
    0.0076631542
    0.0150962105
    0.0060125720
    0.0028776837
    0.0072156783
   -0.0008554690
    0.0015236913
    0.0100959545
    0.0003922436
    0.0117489119
   -0.0027416138
    0.0071154901
    0.0058330766
    0.0003831156
    0.0006077109
   -0.0035292834
   -0.0038618470
   -0.0017986692
    0.0099815392
    0.0006197115
   -0.0027335895
   -0.0012276879
    0.0026546767
   -0.0009984421
   -0.0002092654
    0.0002632738
    0.0087328954
    0.0022072396
    0.0019352689
    0.0063968720
    0.0025817674
    0.0000956793
    0.0021965373
   -0.0030383783
   -0.0013965936
    0.0000156243
    0.0028313056
    0.0057666188
    0.0017919478
    0.0085588930
    0.0028780653
   -0.0014118326
    0.0003538763
    0.0079282564
    0.0063151026
    0.0082427775
   -0.0003037491
   -0.0036464098
    0.0023583490
    0.0005232408
   -0.0002902842
   -0.0048289073
    0.0059027611
    0.0025282307
    0.0014518106
   -0.0036170301
   -0.0065892841
    0.0010245380
   -0.0016475106
    0.0027187533
   -0.0042044228
    0.0025230277
    0.0049332225
   -0.0026538466
   -0.0078327661
   -0.0013067612
    0.0006752799
    0.0038250922
    0.0019572404
   -0.0051604962
    0.0045498750
    0.0024868655
    0.0046193377
    0.0038609312
   -0.0000227932
    0.0026927362
   -0.0001954047
   -0.0008092311
    0.0031120184
   -0.0064839002
    0.0031347501
    0.0024816464
   -0.0017103928
    0.0042977993
    0.0041166607
    0.0020118400
    0.0041924921
   -0.0058532690
    0.0019924497
   -0.0040582862
    0.0006390073
   -0.0037684696
   -0.0007525630
   -0.0079521651
   -0.0027884276
   -0.0063720180
    0.0028789542
   -0.0055281491
   -0.0017218944
   -0.0029520549
    0.0044634129
   -0.0081130982
    0.0008920354
    0.0020950426
    0.0042818909
   -0.0003343803
    0.0060816087
   -0.0019346306
   -0.0023712145
   -0.0008800829
    0.0025824974
    0.0059978351
    0.0005929367
    0.0020267117
    0.0013904714
   -0.0065475805
    0.0021891151
    0.0069242117
    0.0040085563
    0.0070360723
    0.0086777376
    0.0054897615
    0.0078490933
    0.0085010413
    0.0067289544
    0.0094869392
    0.0047032925
    0.0076867436
    0.0076397016
    0.0051946976
    0.0017334286
    0.0062854087
   -0.0014002684
    0.0067156761
    0.0073699890
    0.0054982127
    0.0084694480
    0.0084299179
    0.0030832303
    0.0090897142
    0.0068078958
    0.0065953432
    0.0064279863
    0.0030849417
    0.0073023972
    0.0046923551
    0.0014606922
    0.0073447098
    0.0015898559
    0.0036231873
    0.0041108707
    0.0082016678
    0.0063288518
    0.0079953944
    0.0100118619
    0.0099604717
   -0.0057225901
    0.0031725908
    0.0071026364
    0.0083584198
    0.0082661633
    0.0098781539
    0.0021515102
    0.0097210399
    0.0080682990
    0.0004724422
    0.0095086218
    0.0067862688
   -0.0040324426
   -0.0062647259
    0.0087566146
    0.0068374822
    0.0087934121
    0.0021825944
    0.0100278496
    0.0073793873
   -0.0024349999
    0.0066664127
    0.0084762127
   -0.0039668607
    0.0063458196
   -0.0054096195
    0.0067775838
    0.0055158945
    0.0008365632
    0.0050606854
    0.0067498297
    0.0067669279
    0.0054707280
    0.0065632075
    0.0079764028
    0.0059784132
    0.0024971005
    0.0049232740
    0.0074827931
    0.0093702665
    0.0071813998
    0.0008816661
    0.0069361365
   -0.0031997212
    0.0067297764
    0.0082112823
    0.0058724503
    0.0003973752
    0.0069833168
    0.0083293370
   -0.0028078328
    0.0077477110
    0.0031226818
   -0.0016865112
    0.0085814790
    0.0056629895
    0.0045567043
    0.0062532634
    0.0047044208
    0.0072026896
    0.0004353212
   -0.0015265579
    0.0073921880
    0.0030260683
   -0.0036179133
    0.0069532158
    0.0041692453
    0.0084016748
    0.0013451273
    0.0003942174
    0.0086517680
    0.0086956729
    0.0077251318
    0.0039770355
    0.0068357390
    0.0023710405
    0.0087579739
    0.0070585113
    0.0013456165
    0.0082653920
    0.0085526404
    0.0079849601
    0.0028697635
    0.0059234148
    0.0072467514
   -0.0039773050
    0.0034224248
    0.0073047631
    0.0004238573
    0.0035699882
    0.0055515300
    0.0046049093
    0.0078197583
    0.0024416144
    0.0057822368
    0.0083365036
   -0.0025529028
    0.0079345621
    0.0104026013
    0.0027633307
    0.0086445938
   -0.0000229788
    0.0082598642
    0.0083190610
    0.0074423771
   -0.0098133577
    0.0096103706
    0.0061185751
   -0.0075620729
    0.0088964130
    0.0052314370
    0.0083856852
    0.0089602361
   -0.0058366906
    0.0063214077
    0.0032283548
    0.0094089617
    0.0085301675
    0.0096286131
    0.0074850328
    0.0074995291
    0.0080407078
   -0.0001068964
    0.0084218185
    0.0088694093
    0.0083506479
    0.0090600117
    0.0048181856
    0.0034887335
   -0.0008038706
    0.0039486030
    0.0077215139
    0.0076836769
    0.0064891375
    0.0088261679
    0.0045608736
    0.0084408050
    0.0083926623
    0.0073847682
    0.0037798041
    0.0069306740
   -0.0088787618
    0.0090010836
    0.0078320560
    0.0099026025
    0.0022643001
    0.0078717991
   -0.0107732898
   -0.0162504857
   -0.0185530879
   -0.0113454934
   -0.0116262039
   -0.0114945567
   -0.0112944993
    0.0019842548
   -0.0153348618
   -0.0176108551
   -0.0204443762
   -0.0135800904
   -0.0143490254
   -0.0164141729
   -0.0158795546
   -0.0209727869
   -0.0079841964
   -0.0140993482
   -0.0203650520
   -0.0104112825
   -0.0209119571
   -0.0149528605
   -0.0148910839
   -0.0075111220
   -0.0228639932
   -0.0219733799
   -0.0182685761
   -0.0195078545
   -0.0133932912
   -0.0160900854
   -0.0120623803
   -0.0047546252
   -0.0179711308
   -0.0046336640
   -0.0166419142
   -0.0151203540
   -0.0169044106
   -0.0094640700
   -0.0160469497
   -0.0064374409
   -0.0116774201
   -0.0175462754
   -0.0068229515
   -0.0111360334
   -0.0232022690
   -0.0193269728
   -0.0011189643
   -0.0168897516
   -0.0147319479
    0.0032230851
   -0.0195898652
   -0.0054914264
   -0.0163181972
   -0.0208477703
   -0.0186089344
   -0.0012607176
   -0.0191045318
   -0.0160765490
   -0.0156576036
   -0.0116199764
   -0.0231695892
   -0.0225395725
   -0.0175338924
   -0.0099095685
   -0.0117521744
   -0.0136506505
   -0.0135200188
   -0.0191879692
   -0.0166039213
   -0.0115110227
   -0.0144456308
   -0.0123229159
   -0.0188463303
   -0.0154676950
   -0.0195781949
   -0.0166553390
   -0.0178837283
   -0.0189189474
   -0.0141995765
   -0.0207710533
   -0.0027510706
   -0.0101598154
   -0.0177782854
   -0.0066881148
   -0.0112660254
   -0.0027256057
   -0.0194507879
   -0.0121798966
   -0.0225328444
   -0.0149237526
   -0.0038791353
   -0.0111745451
   -0.0216915479
   -0.0112089069
   -0.0212525157
   -0.0118734015
   -0.0207530440
   -0.0123772482
   -0.0098695463
   -0.0210297392
   -0.0219275701
   -0.0209985589
   -0.0188936192
   -0.0182167880
   -0.0228940521
   -0.0182452549
    0.0009050400
   -0.0175790540
   -0.0209720216
   -0.0148773841
   -0.0188578311
   -0.0173782885
   -0.0211375428
    0.0041638792
   -0.0093532720
   -0.0122797246
   -0.0119284092
   -0.0203336651
   -0.0114758981
   -0.0104333734
   -0.0170181287
   -0.0127225434
   -0.0120439050
   -0.0171715150
   -0.0201862217
   -0.0153358518
   -0.0229776305
   -0.0198891306
   -0.0048375541
   -0.0223953513
   -0.0233172626
   -0.0188231719
   -0.0223900887
   -0.0153650337
   -0.0104492222
    0.0098583852
    0.0087724966
    0.0099201115
    0.0100419601
    0.0080115497
    0.0085784037
    0.0100237447
    0.0096511765
    0.0102308813
    0.0035020410
    0.0005307122
   -0.0016067344
    0.0008040506
   -0.0022369165
    0.0037184222
    0.0027512042
    0.0016731541
    0.0094173228
    0.0098279926
    0.0104230007
    0.0087997002
    0.0100092257
    0.0076480808
    0.0091742449
    0.0095253076
    0.0099668061
    0.0133224314
    0.0105308662
    0.0080954778
    0.0128981132
    0.0113898600
    0.0128985224
    0.0146061953
    0.0077476522
    0.0130207581
    0.0090817081
    0.0146963245
    0.0139377910
    0.0105799792
    0.0123007334
    0.0114647154
    0.0145497510
    0.0149208494
    0.0124630532
    0.0116014299
    0.0060351958
    0.0114568403
    0.0133672659
    0.0132905331
    0.0119778524
    0.0140242287
    0.0100737154
    0.0099455602
    0.0123271242
    0.0140134882
    0.0046178780
    0.0076076675
    0.0118014661
    0.0116344169
    0.0067791069
    0.0095087413
    0.0127578133
    0.0029629291
    0.0063655980
    0.0013614099
    0.0018295407
    0.0015613878
    0.0029881770
   -0.0012727696
    0.0016144133
   -0.0022753515
    0.0004529870
   -0.0011352804
    0.0018880156
    0.0007353169
    0.0021880224
    0.0014144451
    0.0013464836
    0.0023554316
    0.0100182229
    0.0017352991
   -0.0006695939
   -0.0000070635
    0.0010135749
    0.0083692799
   -0.0009358680
    0.0039006252
    0.0032517626
    0.0035476255
    0.0017317378
    0.0042657514
    0.0024528266
    0.0012911254
    0.0018917723
    0.0004527587
    0.0011379604
    0.0005920056
   -0.0005967477
    0.0018181035
    0.0119605321
   -0.0017052925
   -0.0006622549
    0.0084351358
    0.0023789859
    0.0017361793
   -0.0020608848
    0.0011497759
    0.0011079778
    0.0015067636
    0.0000614821
    0.0053938558
   -0.0007183935
    0.0120681705
    0.0087591852
    0.0090978476
    0.0018139878
    0.0051321856
   -0.0002934292
   -0.0008346542
    0.0029873341
    0.0053183513
    0.0026401571
    0.0045888108
    0.0079714561
    0.0025782925
   -0.0006754516
    0.0036646538
    0.0033735502
   -0.0017851761
    0.0087176104
    0.0131656836
   -0.0017248740
    0.0021665970
    0.0020257794
    0.0055796001
    0.0090191318
    0.0034918477
   -0.0017586325
    0.0015468254
    0.0071326682
   -0.0006183438
    0.0053233264
    0.0049477624
    0.0014858095
   -0.0011625325
    0.0061694828
    0.0026584614
    0.0001680813
    0.0049687635
    0.0112553241
    0.0029323197
    0.0136791414
    0.0020535099
   -0.0015430815
    0.0062405255
    0.0023112949
    0.0121488958
    0.0032769619
    0.0004731780
    0.0022073963
    0.0040001890
    0.0055064243
    0.0111487760
    0.0016154918
    0.0115292935
    0.0032102124
    0.0115343944
   -0.0006472623
   -0.0024173880
   -0.0008648700
    0.0006357487
    0.0016228241
   -0.0022750711
    0.0130589824
    0.0019030045
   -0.0014430177
    0.0053441218
    0.0031886230
    0.0030193835
    0.0043154671
    0.0111524987
   -0.0007118504
    0.0109649942
    0.0029185241
    0.0095702451
    0.0021602008
    0.0021728831
    0.0102472888
    0.0024861548
    0.0037105548
    0.0079017700
    0.0103378808
    0.0077947522
    0.0025184262
   -0.0024424463
   -0.0017036956
    0.0063442225
   -0.0010465216
    0.0040555340
   -0.0002458711
    0.0048920940
   -0.0021402398
    0.0093167313
   -0.0014606841
    0.0032788461
   -0.0017402795
    0.0010141647
   -0.0021276300
   -0.0008966813
    0.0003216999
    0.0021300981
    0.0025732824
    0.0089031549
    0.0021911737
    0.0004482449
   -0.0001125886
    0.0049194635
   -0.0005712736
   -0.0033360804
   -0.0039294992
   -0.0079144298
    0.0004482927
    0.0034594672
   -0.0027046790
   -0.0025492946
   -0.0079484429
    0.0010603090
    0.0024715927
   -0.0017035109
   -0.0037308030
   -0.0037797086
    0.0020986415
   -0.0018459993
   -0.0072731012
    0.0001659391
    0.0000694458
    0.0022649737
    0.0010220226
    0.0019248916
   -0.0012437378
   -0.0000800735
   -0.0044964146
   -0.0055073696
   -0.0013827692
   -0.0008065029
    0.0015542882
    0.0026587841
    0.0004900139
   -0.0002582622
    0.0033292872
    0.0013740407
    0.0010289613
    0.0020866751
    0.0034573359
    0.0020352270
    0.0015755955
    0.0020123482
   -0.0080275835
   -0.0045295604
   -0.0021515372
    0.0036613829
   -0.0016789959
   -0.0003437434
    0.0028951719
   -0.0024923520
    0.0030789255
   -0.0013441967
    0.0018843764
    0.0023613283
   -0.0053986926
   -0.0035534458
   -0.0011441956
    0.0027768197
   -0.0039661582
    0.0009449085
    0.0022549068
    0.0037395633
   -0.0027147236
   -0.0030421039
    0.0000608127
    0.0013240496
    0.0006559801
    0.0017790263
   -0.0074990933
   -0.0045072098
   -0.0007958090
   -0.0019417719
   -0.0024851887
   -0.0067059609
   -0.0044970076
   -0.0031530000
    0.0002284820
    0.0037959317
    0.0018985133
    0.0015071890
   -0.0010302701
    0.0026129272
   -0.0040460316
    0.0040263561
    0.0081291093
   -0.0057019118
    0.0060054477
    0.0065007854
    0.0027531422
    0.0078487839
    0.0023253606
    0.0060124391
    0.0067395663
    0.0051864298
    0.0066370405
    0.0077525290
    0.0038687848
    0.0076087860
    0.0052054078
   -0.0051865008
    0.0038876677
    0.0064941617
    0.0060293560
    0.0057971758
    0.0045214316
    0.0026858829
    0.0064957075
    0.0077100393
    0.0064746317
    0.0047195883
    0.0064619268
    0.0079790604
    0.0084696931
    0.0061537549
    0.0027760207
    0.0058513104
    0.0004215788
    0.0030419092
    0.0039195192
    0.0075373632
    0.0075085373
    0.0009615766
    0.0009057769
    0.0061908415
    0.0050691587
   -0.0037376887
    0.0077525465
    0.0072045316
    0.0068035547
    0.0073455068
    0.0057864763
    0.0042113478
    0.0064942265
   -0.0044460808
    0.0084224268
    0.0077340231
    0.0081812134
   -0.0023733235
    0.0080540231
   -0.0010673342
    0.0037974447
    0.0047559775
    0.0043173028
    0.0067762364
    0.0039082491
    0.0073608147
    0.0084257964
    0.0075654825
    0.0079119138
    0.0077192451
    0.0060022066
   -0.0057827546
    0.0073752675
    0.0067963590
    0.0072907094
   -0.0020630334
    0.0076014888
   -0.0044593748
    0.0050816887
    0.0074517865
    0.0033793878
    0.0052539225
    0.0049494240
    0.0072136523
   -0.0034574757
    0.0013930915
    0.0070073903
    0.0057023885
    0.0072106570
    0.0071952137
    0.0052640624
   -0.0035088042
    0.0064737672
    0.0031692252
    0.0076650255
    0.0083063019
    0.0021873444
   -0.0008243900
    0.0032223717
    0.0075936943
    0.0057836912
    0.0076899890
    0.0054022700
    0.0041665029
    0.0081986044
    0.0021013822
    0.0083830212
    0.0046637581
    0.0069981051
   -0.0076498306
    0.0073240829
    0.0076630902
    0.0041972878
    0.0053234090
   -0.0055483485
    0.0074895816
    0.0075167450
   -0.0044549226
    0.0053899842
    0.0048876587
    0.0032678719
    0.0038116865
    0.0032333904
    0.0080102291
    0.0070458008
    0.0060492258
    0.0030957908
    0.0084430726
    0.0080246456
    0.0083770805
    0.0031910663
    0.0082604939
    0.0078133600
    0.0031739434
    0.0020684055
    0.0028486459
    0.0078349227
    0.0077297907
    0.0047366013
    0.0070792423
    0.0024241526
    0.0068733486
    0.0067160915
    0.0075064775
    0.0031757135
   -0.0053116006
    0.0048093115
    0.0082442189
    0.0080092143
    0.0081325810
    0.0073262386
    0.0041790101
    0.0071797505
    0.0070433857
    0.0030107745
    0.0059491354
    0.0067024750
    0.0084014365
    0.0009935459
   -0.0002008512
    0.0077688159
    0.0044231345
    0.0004117165
    0.0065422568
   -0.0029455136
    0.0085489375
    0.0001177922
    0.0060224595
    0.0057255974
    0.0038672626
    0.0048972537
    0.0061041407
    0.0070232589
    0.0060830770
    0.0049375704
    0.0052662700
   -0.0001648608
    0.0071590330
    0.0077139264
    0.0036038991
    0.0067316139
    0.0067747918
    0.0062827622
    0.0071108888
    0.0037275680
    0.0023498050
    0.0074706057
    0.0030864489
   -0.0024307067
    0.0037000010
    0.0074338256
    0.0008068983
    0.0048604393
    0.0001497967
    0.0044172401
    0.0074891389
    0.0020813048
    0.0044707990
    0.0062235862
    0.0082368088
    0.0083420328
    0.0084135265
    0.0062406975
    0.0070236958
   -0.0029193385
    0.0067513031
    0.0071955408
    0.0028932907
    0.0068802554
    0.0050694627
    0.0056125046
    0.0081247726
    0.0069112083
    0.0039368817
    0.0059593769
    0.0015459820
    0.0078281599
    0.0067200597
    0.0071143558
    0.0072899065
   -0.0031622527
    0.0082394805
    0.0071776233
    0.0080981296
    0.0067361547
    0.0046156965
    0.0027150885
    0.0069669445
    0.0020193125
    0.0067614713
    0.0073489347
    0.0060206182
    0.0066364949
   -0.0030512760
   -0.0013451093
    0.0084550767
    0.0046386177
    0.0038051780
    0.0081349583
   -0.0046509211
    0.0050341725
    0.0068769293
    0.0086187193
   -0.0011472333
    0.0019584075
   -0.0041329254
    0.0063857734
    0.0011509261
    0.0052049548
    0.0044928037
    0.0069028604
    0.0055736051
    0.0084118798
    0.0009256694
    0.0029814888
   -0.0057914328
    0.0049789428
    0.0076787952
    0.0059289054
    0.0081055120
    0.0065320175
    0.0075521275
    0.0066049904
    0.0086110192
    0.0055218907
    0.0045169830
    0.0028798144
    0.0084834745
    0.0077055434
   -0.0022818571
    0.0039296251
    0.0058178508
    0.0002964404
    0.0073541010
    0.0053354704
    0.0073315664
    0.0061247870
    0.0068816476
   -0.0048570784
    0.0032388546
    0.0045263657
    0.0071379606
    0.0074232118
   -0.0129505772
    0.0026912592
   -0.0122482735
   -0.0149522241
   -0.0164440352
   -0.0197504058
   -0.0175132878
   -0.0087817045
   -0.0196731542
   -0.0166007182
   -0.0163521837
   -0.0144623657
   -0.0115688084
   -0.0113656067
   -0.0171741606
   -0.0118202836
   -0.0103379819
   -0.0104034616
   -0.0063787508
   -0.0101129936
   -0.0160359159
   -0.0164229451
   -0.0170499312
   -0.0194019126
   -0.0190664021
   -0.0184954535
   -0.0180733708
   -0.0156691916
   -0.0123118126
   -0.0163239044
   -0.0173824445
   -0.0040755724
   -0.0061304350
   -0.0173807539
   -0.0081471583
   -0.0101544258
   -0.0121124405
   -0.0182179168
   -0.0186577027
   -0.0143537747
   -0.0138964140
   -0.0075165471
   -0.0183402532
   -0.0162759802
   -0.0184952297
   -0.0106169491
   -0.0155923021
   -0.0083285647
   -0.0108564583
   -0.0035995448
   -0.0107855002
   -0.0097552686
   -0.0197994594
   -0.0166316537
   -0.0152112970
   -0.0083508113
   -0.0135254996
   -0.0108498597
   -0.0008409596
   -0.0163953420
   -0.0174763642
   -0.0189601013
   -0.0197291292
   -0.0114986793
   -0.0179943965
   -0.0139392232
   -0.0142828712
   -0.0114288646
   -0.0111471788
   -0.0141225968
   -0.0181833107
   -0.0051270819
   -0.0091895571
   -0.0161042735
   -0.0192388511
   -0.0054008524
   -0.0195408809
   -0.0170055469
   -0.0088159202
   -0.0154390221
   -0.0063878192
   -0.0079651538
   -0.0173220436
   -0.0179602831
   -0.0081966759
   -0.0058976031
   -0.0136849720
   -0.0175096241
   -0.0176747623
   -0.0108754176
   -0.0156894526
   -0.0149983771
   -0.0087858706
   -0.0171627717
   -0.0139691419
   -0.0106879331
   -0.0100360356
   -0.0079308292
   -0.0061130830
   -0.0164165757
   -0.0154183889
   -0.0104741260
   -0.0097864081
   -0.0091018457
   -0.0110684319
   -0.0095375195
   -0.0130574300
   -0.0164913362
   -0.0149601845
   -0.0133284470
   -0.0091420238
   -0.0184007721
   -0.0075841912
   -0.0116675898
   -0.0188808654
   -0.0002503092
   -0.0076037092
   -0.0153623708
   -0.0177465935
   -0.0184929742
   -0.0117553951
   -0.0186963994
   -0.0173408382
   -0.0155652204
   -0.0171013174
   -0.0137260329
   -0.0143714043
   -0.0193870367
   -0.0106501715
   -0.0120516500
   -0.0178183854
   -0.0110806995
   -0.0127995333
   -0.0124068991
   -0.0162852096
   -0.0155042873
    0.0004468531
   -0.0102587648
   -0.0120527175
   -0.0168210029
   -0.0082719528
   -0.0112973526
   -0.0115326188
   -0.0139173181
   -0.0151597738
   -0.0093552554
   -0.0158841373
   -0.0077281746
   -0.0135038211
   -0.0105779026
   -0.0197680465
   -0.0141733280
   -0.0192555877
   -0.0165672457
   -0.0036600242
   -0.0134561461
   -0.0181951338
   -0.0145698507
    0.0036565414
   -0.0161732254
   -0.0130779753
   -0.0157198085
   -0.0185902902
   -0.0064802075
   -0.0133937042
   -0.0196497321
   -0.0041986746
   -0.0126461873
   -0.0019030671
   -0.0046524697
    0.0006405264
   -0.0159046202
   -0.0148642921
   -0.0093116082
   -0.0195461051
   -0.0168847951
