    0.0293161333
    0.0262593934
    0.0299367982
    0.0253840838
    0.0305947453
    0.0317133466
    0.0323768613
    0.0318289864
    0.0380633376
    0.0237069817
    0.0388734438
    0.0336806125
    0.0114643469
    0.0289511160
    0.0110993788
    0.0210095106
    0.0240563946
    0.0129144433
    0.0388008536
    0.0286378283
    0.0322709114
    0.0204133998
    0.0281903989
    0.0332726765
    0.0098418820
   -0.0092640231
   -0.0064778045
   -0.0111258332
   -0.0081779092
   -0.0010694992
   -0.0111731820
    0.0126453999
   -0.0102754524
   -0.0080952987
   -0.0144065460
   -0.0048221486
   -0.0153510963
    0.0205225219
    0.0186883361
   -0.0021508136
   -0.0046841820
    0.0106270028
   -0.0015268715
   -0.0008710197
    0.0039350716
    0.0089558381
    0.0015787065
    0.0148518864
    0.0013592234
   -0.0141116772
    0.0100190323
    0.0156357726
   -0.0039599015
   -0.0055077845
   -0.0163536693
    0.0145151664
   -0.0084842891
    0.0192124847
   -0.0013335948
   -0.0169426814
    0.0061024401
   -0.0037522943
   -0.0116361362
   -0.0056413200
   -0.0044909935
    0.0071235284
   -0.0089207441
    0.0137907462
   -0.0001151303
    0.0028784282
   -0.0152802505
   -0.0045282934
    0.0103784310
   -0.0055336593
    0.0025618041
    0.0013361577
    0.0052584289
   -0.0039245415
   -0.0021734559
    0.0051617664
   -0.0131884502
   -0.0157465879
   -0.0077245141
    0.0190770996
   -0.0163285736
    0.0026121347
   -0.0098160311
    0.0064913962
    0.0174423540
   -0.0123389966
   -0.0077804304
   -0.0171448892
    0.0045585889
   -0.0043352748
   -0.0054386581
    0.0140537564
    0.0020165871
    0.0058554488
    0.0109858441
    0.0069902542
   -0.0036740082
    0.0095240295
    0.0036076687
    0.0121184221
    0.0023345767
    0.0023702343
    0.0052208256
    0.0056015419
    0.0052633360
    0.0048268151
    0.0068029560
    0.0048299635
    0.0084958240
    0.0066648362
    0.0118664741
   -0.0010634149
    0.0140266060
    0.0057685337
    0.0161790595
   -0.0041128787
    0.0164872275
    0.0145145887
   -0.0060631011
    0.0065643057
    0.0079085468
    0.0019916182
   -0.0037424901
    0.0008863314
    0.0015459811
   -0.0073885521
    0.0093575076
    0.0133151772
    0.0131410977
    0.0108256009
    0.0109935786
    0.0092969122
    0.0132689318
    0.0131029894
    0.0028703712
    0.0056964579
    0.0140524306
    0.0171384413
    0.0110153023
   -0.0001289706
    0.0115156330
    0.0120420635
    0.0155902443
    0.0002416215
    0.0142451731
    0.0141672378
    0.0123538844
    0.0161039853
    0.0119041945
    0.0144424513
    0.0050891635
    0.0140971424
    0.0111799060
    0.0149560435
    0.0119040701
    0.0018450633
    0.0016112093
    0.0095934779
    0.0165744156
    0.0150251284
    0.0162616337
   -0.0003360767
    0.0152028503
    0.0147135874
   -0.0407977677
   -0.0273398988
   -0.0423391189
   -0.0370523002
   -0.0251145392
   -0.0269366914
   -0.0128011607
   -0.0416453993
   -0.0424808101
   -0.0345759276
   -0.0067183666
   -0.0186048867
   -0.0180042700
   -0.0193133410
   -0.0407587784
   -0.0161345189
    0.0033729101
   -0.0412089391
   -0.0369343323
   -0.0360241166
   -0.0345846355
   -0.0285361444
   -0.0228607639
   -0.0362179010
   -0.0132533439
   -0.0392336601
   -0.0398831807
   -0.0410581951
   -0.0432160079
   -0.0430799321
   -0.0400419606
   -0.0432621904
   -0.0176513607
   -0.0272663113
   -0.0277712281
   -0.0351221191
   -0.0208436620
   -0.0340043759
   -0.0184657169
   -0.0224057998
   -0.0200756607
   -0.0264116866
   -0.0191499170
   -0.0325012500
   -0.0339467193
   -0.0400836405
   -0.0376311370
   -0.0268246936
   -0.0390370224
   -0.0424429469
   -0.0415012586
   -0.0278444558
   -0.0384030730
   -0.0395416571
   -0.0360838445
   -0.0206614684
   -0.0267518085
   -0.0402756903
   -0.0317511954
   -0.0401023182
   -0.0378763708
   -0.0184590300
   -0.0408358754
   -0.0154466312
   -0.0238446556
   -0.0391345484
   -0.0186687966
   -0.0290130206
   -0.0182130203
   -0.0138785592
   -0.0387974075
   -0.0251883674
   -0.0415369503
   -0.0333081137
   -0.0429266091
   -0.0317179635
   -0.0110067827
   -0.0287600332
   -0.0259939638
    0.0039696365
   -0.0179772794
    0.0104353766
    0.0000499607
    0.0036540865
    0.0072154699
   -0.0227750156
    0.0007133949
    0.0114200143
    0.0017784246
    0.0018040734
    0.0057296067
    0.0059624236
    0.0095729195
    0.0103572339
    0.0003483914
    0.0083541924
   -0.0012557309
    0.0140560972
    0.0071744276
    0.0084094089
    0.0020453711
    0.0054092359
    0.0068759150
    0.0020088837
    0.0106154526
    0.0044616407
   -0.0022460070
    0.0015343274
    0.0028706706
    0.0008384856
   -0.0010231887
    0.0032508779
    0.0142583043
    0.0081059940
    0.0098823659
    0.0018200150
    0.0129579402
   -0.0043236197
    0.0022018837
    0.0037488083
    0.0029074300
    0.0071401396
    0.0025082445
    0.0013166696
   -0.0062563880
   -0.0073464243
    0.0079489538
    0.0078208084
   -0.0339387414
   -0.0007977440
    0.0016395125
    0.0099437364
    0.0023528432
    0.0018000335
    0.0091847136
    0.0004399637
    0.0064284758
   -0.0030428506
    0.0035772561
    0.0037082293
    0.0086898085
    0.0129663691
    0.0140828752
    0.0098045832
    0.0120956765
   -0.0055395974
    0.0005600975
   -0.0283557232
    0.0001256021
   -0.0008495885
    0.0168400693
    0.0159376342
    0.0141354015
    0.0162286792
    0.0159356045
    0.0145656577
    0.0174491207
    0.0154431675
    0.0168680182
    0.0159834377
    0.0088009071
    0.0161592862
    0.0173220057
    0.0164310437
    0.0158752540
    0.0170755077
    0.0168414159
    0.0065565141
    0.0175564559
    0.0108518322
    0.0172895369
    0.0166165230
    0.0150467551
    0.0174976701
    0.0172642594
    0.0097640708
    0.0172820987
    0.0167158708
    0.0153303667
    0.0164570348
    0.0161436632
    0.0171549772
    0.0160386098
    0.0152709128
    0.0050182645
    0.0135840099
    0.0159987400
    0.0170598790
    0.0163061321
    0.0164703954
    0.0175354713
    0.0137398039
    0.0168949429
    0.0163617514
    0.0070185813
    0.0170197585
    0.0153215698
    0.0155494650
    0.0157634630
    0.0112175024
    0.0148971480
    0.0159910878
    0.0165272672
    0.0170359568
   -0.0176917116
    0.0049056842
   -0.0042028336
    0.0062486186
   -0.0032767909
   -0.0022364199
    0.0007830815
    0.0043718238
    0.0067817349
    0.0020626059
   -0.0191939064
    0.0074103472
   -0.0157399021
    0.0012543433
    0.0059532539
    0.0036002958
    0.0049952229
    0.0051811222
   -0.0000157963
   -0.0072505394
    0.0072178257
    0.0046386265
    0.0020027568
   -0.0208345289
   -0.0040279048
    0.0043606181
    0.0081859779
   -0.0149732507
    0.0085163054
    0.0091991398
    0.0119020817
    0.0138252169
    0.0142498365
    0.0049967765
    0.0094580784
    0.0084362935
    0.0100418364
    0.0059051446
    0.0132464180
    0.0064932446
    0.0140274245
    0.0097062177
    0.0092093042
    0.0081760759
    0.0149768130
    0.0075856292
    0.0101503444
    0.0125414060
    0.0109084823
    0.0083828452
    0.0131186195
    0.0138517413
   -0.0041242879
   -0.0074119725
    0.0026203061
    0.0056050572
    0.0037984492
    0.0030432524
    0.0015884901
    0.0063746700
    0.0019549523
   -0.0014832450
    0.0057028295
    0.0043121109
    0.0021114233
    0.0043937343
    0.0049220753
   -0.0012685754
    0.0035231077
    0.0008104878
    0.0060086952
    0.0116859411
    0.0263307021
    0.0268856553
    0.0213354294
    0.0164290328
    0.0183823847
    0.0245897433
    0.0247038555
    0.0201812065
    0.0146804534
    0.0283619125
    0.0232342754
    0.0275202519
    0.0224012421
    0.0170464803
    0.0183240269
    0.0161792745
    0.0162559724
    0.0114286180
    0.0276838719
   -0.0057340408
   -0.0016867931
   -0.0074642061
   -0.0023454185
    0.0160426830
   -0.0078825979
    0.0052076900
   -0.0097537048
    0.0034789469
   -0.0047093449
   -0.0109738876
    0.0062748411
   -0.0038897463
   -0.0010623104
   -0.0075031508
   -0.0106357436
   -0.0080552100
   -0.0075428390
    0.0137183949
    0.0000941457
   -0.0097513556
    0.0106501702
   -0.0105970487
    0.0062049727
   -0.0044874055
    0.0042693387
   -0.0073742176
    0.0017119510
   -0.0051722754
   -0.0067625499
   -0.0018191182
    0.0125940091
   -0.0010590771
   -0.0108679631
    0.0013653415
   -0.0087836388
   -0.0046549283
    0.0112521197
   -0.0009393994
   -0.0073011189
   -0.0087667341
    0.0159715397
   -0.0085435234
    0.0092379758
   -0.0099250586
   -0.0002061103
    0.0141188110
    0.0123816277
   -0.0036286879
    0.0051187287
   -0.0112454108
   -0.0047503077
    0.0047207609
    0.0089304204
    0.0034244509
    0.0087623689
    0.0032845765
   -0.0110786396
    0.0000370267
   -0.0076025108
   -0.0019921905
   -0.0102866280
   -0.0024301931
    0.0024039569
   -0.0000888908
    0.0036319294
    0.0029751596
    0.0061892071
   -0.0093604808
    0.0055576209
    0.0036662063
    0.0076075362
    0.0046509022
    0.0105272811
   -0.0014440046
    0.0077798553
    0.0020209216
    0.0066534745
    0.0024055555
    0.0047594727
    0.0052156830
    0.0051884101
    0.0025532362
    0.0010596778
    0.0100977306
    0.0089004363
    0.0098328144
   -0.0022556527
   -0.0076166558
   -0.0040878289
    0.0061691546
    0.0123138300
    0.0112247531
    0.0068864804
    0.0021747509
    0.0099778575
    0.0008018179
    0.0120473498
    0.0127161760
    0.0127985141
    0.0018788108
    0.0122511630
    0.0088595403
    0.0089315904
    0.0126748468
    0.0101196312
    0.0036415261
    0.0120558443
   -0.0046290972
    0.0108944352
    0.0118149031
    0.0123718147
    0.0087352434
    0.0128969424
    0.0122446275
    0.0104572352
    0.0058247413
    0.0067536792
    0.0112732243
    0.0121563606
    0.0125689893
    0.0022910535
    0.0123676998
    0.0090020647
    0.0118971075
    0.0115337150
    0.0006450011
    0.0061762889
    0.0105317889
    0.0093875026
    0.0064924902
    0.0120525352
    0.0119083745
   -0.0150224417
   -0.0162693070
   -0.0249727419
   -0.0323752587
   -0.0186160929
   -0.0154738545
   -0.0268874101
   -0.0203812304
   -0.0193085890
   -0.0312095731
    0.0019898498
   -0.0228847890
   -0.0161447633
   -0.0235837349
   -0.0140832095
   -0.0092853795
   -0.0114217271
   -0.0229784215
   -0.0293786959
   -0.0295409586
   -0.0307956091
   -0.0161256677
   -0.0229387935
   -0.0136307849
   -0.0155197060
   -0.0336881335
   -0.0268507263
   -0.0258004073
   -0.0149574406
   -0.0237528119
   -0.0253287958
   -0.0318057182
   -0.0265400264
   -0.0294836155
   -0.0135548126
   -0.0345945447
   -0.0337271336
   -0.0298864223
   -0.0329829847
   -0.0057428815
   -0.0140573216
   -0.0299924416
   -0.0301867163
   -0.0160389931
   -0.0206825940
   -0.0109980914
   -0.0309471615
   -0.0076677058
   -0.0317591746
   -0.0338030145
   -0.0308170351
   -0.0230863741
   -0.0239283984
   -0.0316281024
   -0.0320668962
   -0.0268851308
   -0.0340510088
   -0.0062200789
   -0.0278506086
   -0.0307816443
   -0.0329696484
    0.0116877726
    0.0062868741
   -0.0040939444
    0.0065044118
   -0.0186790895
   -0.0013849751
   -0.0015808083
    0.0011474719
    0.0049799984
    0.0043738288
   -0.0010737838
    0.0103495139
    0.0059464503
    0.0031220533
    0.0047216494
   -0.0071538356
    0.0086843045
   -0.0197960927
    0.0015673145
    0.0095786481
    0.0067468566
   -0.0234230558
    0.0062419304
    0.0049729118
    0.0044079088
    0.0081151425
    0.0010346563
    0.0066216867
    0.0028689674
    0.0034406335
    0.0055064604
    0.0108081240
   -0.0015877422
    0.0062411529
   -0.0088439124
    0.0027365919
    0.0037802431
   -0.0036819583
   -0.0006622662
    0.0044768936
   -0.0007063105
    0.0095134222
    0.0044267388
    0.0066537497
    0.0041463841
    0.0016861768
   -0.0038799375
    0.0071190436
    0.0017311239
    0.0039812764
    0.0095886518
    0.0021452968
   -0.0061172523
    0.0057781247
   -0.0140594360
    0.0046466528
    0.0028960894
    0.0023673274
    0.0043307602
   -0.0017350898
   -0.0050793853
    0.0022329745
    0.0000466928
   -0.0231930917
   -0.0078518333
    0.0095019772
    0.0119952148
    0.0134487889
    0.0135541131
    0.0133924347
    0.0069750723
    0.0131496781
    0.0049703379
    0.0121334003
    0.0131117852
    0.0029419494
    0.0104916353
    0.0105414856
    0.0108311017
    0.0119983052
    0.0102378722
    0.0138179719
    0.0133666275
    0.0131901588
    0.0137686772
    0.0135684277
    0.0100712943
    0.0078119579
    0.0112613219
    0.0128897055
    0.0134008127
    0.0123518115
    0.0124105410
    0.0137826548
    0.0137061029
    0.0127106218
    0.0130659584
    0.0130255323
    0.0127126933
    0.0136127626
    0.0137638156
    0.0138323208
    0.0127876417
    0.0132753544
    0.0114696120
    0.0135810408
    0.0018353764
    0.0138818230
    0.0119964418
    0.0079165140
    0.0135271573
    0.0125548082
   -0.0005366674
    0.0034343364
    0.0000337134
   -0.0051434354
   -0.0015776804
   -0.0066092516
    0.0020954469
   -0.0102864791
   -0.0022825916
    0.0003039539
    0.0021748612
   -0.0136130148
    0.0035596793
   -0.0038913202
    0.0013600545
    0.0027646303
    0.0045917865
    0.0054563995
   -0.0016371298
   -0.0077514453
    0.0010936363
    0.0033974181
    0.0010245683
   -0.0014482177
   -0.0023407245
    0.0033780419
    0.0045727803
    0.0072833689
    0.0079433109
    0.0052109071
    0.0108884609
    0.0118422850
    0.0092021229
    0.0070104050
    0.0091304238
    0.0047938524
    0.0050861819
    0.0051066248
    0.0057268842
    0.0102620582
    0.0048065113
   -0.0157783561
   -0.0010260261
    0.0002770885
    0.0001003386
    0.0040075007
    0.0021587723
   -0.0087776221
    0.0050381883
    0.0027842907
    0.0029106629
    0.0047327358
    0.0032925113
   -0.0050909413
   -0.0015714080
   -0.0165720881
   -0.0102431976
   -0.0052805174
    0.0127191437
    0.0152068372
    0.0219056617
    0.0068942659
    0.0223455683
    0.0208701484
    0.0167202878
    0.0153985659
    0.0188841393
    0.0203321540
    0.0213851288
    0.0202043898
    0.0107101523
    0.0063070287
    0.0089457463
    0.0217834645
    0.0222000581
    0.0140241041
    0.0210584903
    0.0160824457
    0.0226526864
    0.0114497264
    0.0130754798
    0.0220136352
    0.0125661296
    0.0094649320
    0.0182781005
    0.0148328773
    0.0190520053
    0.0208835404
    0.0124463494
    0.0193732373
    0.0168053185
    0.0224704584
    0.0019580844
    0.0149879668
   -0.0075840678
    0.0065030979
   -0.0020158712
    0.0009540912
    0.0166388693
    0.0009044748
   -0.0055179483
    0.0015308775
   -0.0009234438
   -0.0063943918
    0.0096248685
    0.0058821248
    0.0015917580
   -0.0065628601
   -0.0043808517
   -0.0042384129
    0.0001719278
    0.0029969693
    0.0088349677
   -0.0033723106
    0.0079798967
   -0.0020475225
    0.0117124208
   -0.0043701752
   -0.0008955391
    0.0092976249
   -0.0009288296
   -0.0035637737
    0.0108066896
   -0.0036753863
   -0.0013223396
    0.0022935187
    0.0113474431
   -0.0053181444
   -0.0039972542
    0.0073989552
   -0.0017045559
   -0.0012011315
    0.0008298820
   -0.0052970224
   -0.0071460181
    0.0062885836
    0.0001034285
   -0.0012734732
   -0.0060618984
    0.0007937427
   -0.0075613742
   -0.0047224752
    0.0004797387
    0.0134170478
    0.0139435895
   -0.0068354379
    0.0049794184
   -0.0075842037
   -0.0049069247
   -0.0022916199
   -0.0062855226
   -0.0031115359
    0.0019165570
   -0.0053739026
   -0.0033997229
    0.0100087787
   -0.0061187067
   -0.0015556182
    0.0032706612
   -0.0045699516
    0.0053073586
   -0.0062012505
    0.0050338207
    0.0049314832
    0.0030543090
    0.0126652771
   -0.0048848630
   -0.0061789030
   -0.0035069556
    0.0061109997
    0.0030019747
    0.0073602977
   -0.0038265251
   -0.0049759431
    0.0033557184
    0.0071560060
    0.0029053679
    0.0031810776
    0.0002470913
   -0.0067670230
    0.0000375660
    0.0024163838
    0.0061230306
    0.0045134745
    0.0013240389
    0.0038567651
   -0.0071358318
    0.0031618400
    0.0031634800
   -0.0054440910
   -0.0082837353
    0.0022943400
    0.0041725042
    0.0076977882
   -0.0027134031
   -0.0060038527
    0.0020580132
   -0.0013249912
    0.0040276848
    0.0064647119
    0.0038244987
   -0.0016188107
   -0.0000546418
   -0.0036006243
    0.0051298714
   -0.0095258423
   -0.0048653316
    0.0028330900
    0.0008668477
    0.0008721248
   -0.0011501426
   -0.0045013777
    0.0011415243
    0.0023575289
    0.0027582627
    0.0026722755
   -0.0069152208
    0.0039472355
    0.0093249397
    0.0092961848
    0.0079884480
    0.0110007133
    0.0098353351
   -0.0006558985
    0.0086925033
    0.0058541516
    0.0085661085
    0.0107834769
    0.0095992254
   -0.0012670425
    0.0089293849
    0.0059380631
    0.0110877550
    0.0110881809
    0.0015198135
    0.0100248972
   -0.0000556711
    0.0103927979
    0.0097977143
    0.0099358610
    0.0092837339
    0.0099897248
    0.0092775434
    0.0102487486
    0.0109984656
    0.0078028958
    0.0073194564
   -0.0014952904
    0.0111641573
    0.0102550386
    0.0095635069
    0.0094305588
    0.0024383428
    0.0058323484
    0.0046955459
    0.0095980574
    0.0093955665
    0.0103942052
    0.0091456938
    0.0103774591
    0.0000953941
    0.0093555267
    0.0044377414
    0.0039690529
    0.0092167947
    0.0068905745
    0.0091198022
    0.0105537136
    0.0089679634
    0.0104598799
    0.0104103356
    0.0095620897
    0.0091591747
    0.0081430360
    0.0020240934
    0.0073485630
    0.0095139724
   -0.0238296384
   -0.0279801291
   -0.0206332866
   -0.0190065852
   -0.0239351234
   -0.0072348708
   -0.0106863866
   -0.0113079952
   -0.0087077780
   -0.0167471444
   -0.0178779205
   -0.0248889755
   -0.0257969062
   -0.0219965719
   -0.0154134450
   -0.0174858289
   -0.0145187020
   -0.0272347381
   -0.0204368252
   -0.0160323279
   -0.0095784367
   -0.0172816881
   -0.0054902853
   -0.0076860358
    0.0026196003
   -0.0207276023
   -0.0118956920
   -0.0220956845
   -0.0119602150
   -0.0193450061
   -0.0238395114
   -0.0121988470
   -0.0005778983
   -0.0229596704
   -0.0124000248
   -0.0125451744
   -0.0220635891
   -0.0258812924
   -0.0209607084
   -0.0281116562
   -0.0150036664
   -0.0210115665
   -0.0112503095
   -0.0226160402
   -0.0276825529
   -0.0230232456
   -0.0207790715
   -0.0265718844
   -0.0277952283
   -0.0214989105
   -0.0252629319
   -0.0257186333
   -0.0268701694
   -0.0268016906
   -0.0185190108
   -0.0172709647
   -0.0220927730
   -0.0186802752
   -0.0269678714
   -0.0215536589
   -0.0241290457
   -0.0239011202
   -0.0218544732
   -0.0095685425
   -0.0093373491
   -0.0065510612
   -0.0134872050
   -0.0134011490
   -0.0260000586
   -0.0096303080
   -0.0127478758
   -0.0205528634
   -0.0115247998
   -0.0241488266
   -0.0266204390
   -0.0094091569
   -0.0277204032
   -0.0092542391
   -0.0246397663
   -0.0195250886
   -0.0233277505
    0.0023965068
   -0.0126083039
    0.0058227317
   -0.0191504843
   -0.0080102078
   -0.0003423845
    0.0081249024
    0.0041384254
    0.0045476760
   -0.0007695682
    0.0062736401
    0.0067739928
    0.0041295953
    0.0071571452
    0.0092062567
   -0.0006695363
    0.0066217565
   -0.0015497519
    0.0051718654
    0.0103638310
    0.0089427171
   -0.0183780860
    0.0075726888
    0.0091014753
    0.0029597231
   -0.0011705642
    0.0031540465
    0.0070783591
    0.0032037759
    0.0033752557
    0.0026116896
   -0.0042349615
    0.0005228549
    0.0004736013
    0.0084962795
    0.0026903139
    0.0033425430
    0.0052943628
    0.0090090237
   -0.0158289166
    0.0007343572
    0.0030165552
   -0.0018740500
    0.0044211789
    0.0012668803
    0.0040176440
   -0.0003550869
    0.0022032570
   -0.0049219803
    0.0034627942
    0.0033395029
    0.0033340270
   -0.0194688764
    0.0074266298
    0.0041713819
    0.0037645578
    0.0010095526
    0.0040157662
    0.0101349542
   -0.0023695033
   -0.0043156876
    0.0104506748
   -0.0040039168
    0.0103869501
    0.0023582980
    0.0079591721
   -0.0112340055
    0.0044988526
    0.0100880024
    0.0016845379
    0.0048979479
   -0.0008370414
    0.0049506233
    0.0030776032
    0.0089369248
    0.0026958113
    0.0056142220
   -0.0036317749
    0.0099841116
    0.0082565454
    0.0008193034
    0.0065984565
    0.0027059407
    0.0030585568
    0.0021027112
   -0.0033548258
   -0.0097684390
   -0.0051753986
    0.0050320786
    0.0088740673
    0.0018469480
    0.0078252499
    0.0019199835
   -0.0041298834
    0.0051679269
    0.0006753934
   -0.0006037533
    0.0027876723
    0.0095142136
    0.0041826988
    0.0033706272
    0.0080384631
    0.0054357495
    0.0022070879
   -0.0184781217
    0.0090984002
    0.0061077947
   -0.0090844577
    0.0010480014
    0.0026967228
    0.0054004725
   -0.0069837250
    0.0086578973
    0.0040358818
    0.0103315190
    0.0038043042
    0.0101940328
    0.0064512153
    0.0102812863
    0.0107278695
    0.0091917781
    0.0075542193
    0.0097065639
    0.0110701058
    0.0089654818
    0.0114422220
    0.0068384762
    0.0097345578
    0.0085161722
    0.0100539642
    0.0081465950
    0.0110029721
    0.0108612128
    0.0091228196
    0.0082446913
    0.0068780839
    0.0041395147
    0.0112323997
    0.0103387255
    0.0115128876
    0.0109947518
    0.0101213407
    0.0108309006
    0.0045543584
    0.0074007365
    0.0090384391
    0.0114576620
    0.0081277968
    0.0107700618
    0.0083506312
    0.0023226349
   -0.0002684499
   -0.0030179792
   -0.0011479452
   -0.0074431824
   -0.0047151058
    0.0018226921
   -0.0012046142
    0.0013718272
   -0.0063610233
   -0.0097902990
   -0.0157732756
   -0.0005067927
    0.0022253522
    0.0011080311
   -0.0026760907
    0.0030045034
   -0.0132686119
   -0.0013268272
   -0.0082453610
   -0.0009667499
    0.0026198524
   -0.0014627171
    0.0003615922
    0.0035667330
   -0.0024365624
    0.0007348735
    0.0009871604
    0.0034995752
   -0.0034466918
    0.0000202376
   -0.0043990206
   -0.0086676537
    0.0090884093
    0.0089463028
    0.0096833306
    0.0070792610
    0.0067029982
    0.0070336940
    0.0072877409
    0.0089902563
    0.0101644406
    0.0056133367
    0.0081377616
    0.0083511596
    0.0092682329
    0.0073275745
    0.0083871516
    0.0063752770
    0.0052491811
   -0.0003209984
    0.0012971625
   -0.0047416078
   -0.0006339675
   -0.0091815193
   -0.0034187611
   -0.0053524098
   -0.0021905304
    0.0018911388
   -0.0016769856
    0.0026379178
    0.0010936603
    0.0038147011
    0.0002432881
    0.0018090278
    0.0019961227
    0.0033674403
    0.0148644116
    0.0152975213
    0.0166181799
    0.0175724456
    0.0155807419
    0.0087208966
    0.0179410161
    0.0169799941
    0.0139826061
    0.0155298030
    0.0086900736
    0.0096367101
    0.0162322682
    0.0167351329
    0.0064195590
    0.0153399478
    0.0104045349
    0.0170265311
    0.0153735144
    0.0158320750
    0.0107100854
    0.0114960498
    0.0160304676
    0.0168467319
    0.0092120239
    0.0162549228
    0.0146437272
    0.0168839165
    0.0161150717
    0.0076974369
    0.0083069372
    0.0161790947
    0.0144176498
    0.0136304105
    0.0054801524
    0.0091138869
   -0.0040149463
    0.0016348547
    0.0137441214
    0.0044879497
   -0.0040470385
   -0.0036262007
    0.0133658035
   -0.0040090427
    0.0119041318
    0.0084161413
    0.0005184099
   -0.0032861658
   -0.0033225683
    0.0032364523
   -0.0032987437
   -0.0046783092
   -0.0045814546
   -0.0035013633
   -0.0008590238
   -0.0049207273
    0.0079775193
    0.0059171019
   -0.0002800722
   -0.0006040887
    0.0104721576
    0.0031437793
   -0.0005925903
    0.0062563150
   -0.0026652910
   -0.0021515399
    0.0112780726
    0.0004401951
   -0.0006153060
   -0.0015886226
   -0.0008268946
   -0.0005346196
   -0.0023807402
    0.0033221280
   -0.0018283800
   -0.0003136071
    0.0026026375
    0.0094169746
   -0.0017676902
    0.0036440877
   -0.0048138871
    0.0022191601
    0.0001542604
    0.0129838409
    0.0012608219
   -0.0016619980
    0.0015426858
   -0.0033653311
    0.0058556852
    0.0007051105
   -0.0037523555
   -0.0032621041
    0.0051506170
   -0.0047424690
    0.0124460292
   -0.0034426418
   -0.0029316127
    0.0071957723
   -0.0003493475
   -0.0012150089
    0.0028931632
    0.0100319083
   -0.0027772776
    0.0118698453
    0.0008957701
    0.0031156468
   -0.0027431326
   -0.0042647431
    0.0052646036
   -0.0033473894
    0.0000272350
    0.0003480560
   -0.0025900264
   -0.0019483420
    0.0057385714
   -0.0017268786
   -0.0009543318
   -0.0037107545
    0.0003024419
    0.0018892766
    0.0014147598
   -0.0012233960
   -0.0003802452
   -0.0014710926
   -0.0000036268
   -0.0039804223
    0.0093034251
    0.0070823366
   -0.0004499471
    0.0016343014
    0.0007063279
    0.0019829109
   -0.0020608594
    0.0022459642
    0.0031633789
    0.0005572681
    0.0024815709
    0.0143688928
    0.0024849399
    0.0009585666
   -0.0047072744
   -0.0013174951
    0.0063394561
   -0.0003276576
    0.0081924302
    0.0053713809
    0.0082047938
    0.0027264139
   -0.0019112504
    0.0010216935
    0.0018116566
    0.0017231263
    0.0003247351
    0.0005796269
    0.0005076871
    0.0018088838
   -0.0054891808
    0.0015302335
    0.0021523285
    0.0034395737
   -0.0012897973
    0.0023066409
    0.0034445571
   -0.0024583215
   -0.0035275199
    0.0025919887
    0.0053046735
    0.0002927956
    0.0037216998
    0.0008746396
    0.0005754195
    0.0048631400
   -0.0028839424
    0.0031005310
   -0.0074549737
   -0.0071903801
   -0.0001213851
    0.0034717367
    0.0024827541
   -0.0025102387
   -0.0010474711
    0.0009974220
    0.0020407916
    0.0020434331
    0.0008590813
    0.0015405194
    0.0018728484
    0.0023244017
    0.0034995933
   -0.0015717485
    0.0007255376
    0.0017051865
   -0.0049129340
    0.0020383207
    0.0026794228
   -0.0034856194
    0.0012629079
    0.0037403708
   -0.0010305756
   -0.0052285368
    0.0046923595
    0.0014694439
    0.0061397723
    0.0062201191
    0.0053942967
    0.0094919227
    0.0068307301
    0.0075944401
    0.0095920224
    0.0093431318
    0.0088097330
    0.0094720633
    0.0082858256
    0.0024587114
    0.0013393389
    0.0067928222
    0.0080425160
    0.0095613680
    0.0090225650
    0.0043567833
    0.0066414100
    0.0082214924
    0.0094492127
    0.0052682625
    0.0077280233
    0.0088962081
    0.0095964813
    0.0082835060
    0.0067956581
    0.0086002534
    0.0089453029
    0.0044161028
    0.0036986437
    0.0016443811
    0.0079251355
    0.0036857968
    0.0094197784
    0.0069145361
    0.0036146661
    0.0047565754
    0.0068260602
    0.0088675397
    0.0080628033
    0.0086064486
    0.0014772250
    0.0086924709
    0.0085436166
    0.0062891908
    0.0085833515
    0.0083678000
    0.0033536091
    0.0072994182
   -0.0003816918
    0.0065712711
    0.0088644271
    0.0088933799
    0.0020296649
    0.0074672422
    0.0070066510
    0.0069718749
   -0.0009255707
   -0.0014813307
    0.0087859836
    0.0090087550
    0.0087954637
    0.0031107750
    0.0053015810
    0.0065655056
    0.0067110911
    0.0084501797
    0.0080324522
    0.0073451452
    0.0063430371
    0.0073355537
    0.0063705070
    0.0069112257
    0.0058958611
    0.0083228809
    0.0050461188
    0.0058989279
    0.0050172832
    0.0065973354
    0.0081009874
    0.0052810945
    0.0081417740
    0.0013932289
    0.0045009762
    0.0082019452
    0.0075935247
    0.0078489059
    0.0070153978
    0.0057933954
    0.0022467040
    0.0087266070
    0.0073718210
    0.0064193726
    0.0054809518
   -0.0046387467
   -0.0149083686
   -0.0130214642
   -0.0132645303
   -0.0152417368
   -0.0132312738
   -0.0092860799
   -0.0209021752
   -0.0186069390
   -0.0163937201
   -0.0096000595
   -0.0203298372
   -0.0134324098
   -0.0112586539
   -0.0220039558
   -0.0140703810
   -0.0174111337
   -0.0157526997
   -0.0086206573
   -0.0168980614
   -0.0226466591
   -0.0220349548
   -0.0205009641
   -0.0092002295
   -0.0102270440
   -0.0224130634
   -0.0127321185
   -0.0217983000
   -0.0022825157
   -0.0060653041
   -0.0121371405
   -0.0207538217
   -0.0211482009
   -0.0059392445
   -0.0168200058
   -0.0178858586
   -0.0197942909
   -0.0059310201
   -0.0109082807
   -0.0200908864
   -0.0090915399
   -0.0173650027
   -0.0131085261
   -0.0155057164
   -0.0211172713
   -0.0175228913
   -0.0217556881
   -0.0177097706
   -0.0223750628
   -0.0171220801
   -0.0209523381
   -0.0210788626
   -0.0224827045
   -0.0164939724
   -0.0226675292
   -0.0077205362
   -0.0150768221
   -0.0185128945
   -0.0212282987
   -0.0137838785
   -0.0182531593
   -0.0119695724
   -0.0183943428
   -0.0158881111
   -0.0230313004
   -0.0196449217
   -0.0175941384
   -0.0140760759
   -0.0111216790
   -0.0228414878
   -0.0137196298
   -0.0141627092
   -0.0166279369
   -0.0184707057
   -0.0132836148
   -0.0230272336
   -0.0130707560
   -0.0188662595
   -0.0151310837
   -0.0189019250
   -0.0229878409
   -0.0085700035
   -0.0196842177
   -0.0129165067
   -0.0107317199
   -0.0201214536
   -0.0124367719
   -0.0184984538
   -0.0083947371
    0.0058212521
   -0.0018578057
   -0.0021425160
    0.0039200887
    0.0014713757
   -0.0054256047
    0.0076730465
    0.0015432922
    0.0035909271
    0.0017382979
    0.0053346482
    0.0041110492
    0.0019589909
   -0.0107365000
    0.0020229963
    0.0086778390
    0.0015638420
    0.0051947426
   -0.0019466878
    0.0003284134
   -0.0051757214
   -0.0075635657
   -0.0030838554
    0.0026176999
    0.0041387102
   -0.0146701007
    0.0068505275
    0.0032884537
    0.0048943374
    0.0069711639
    0.0020050245
   -0.0123612242
   -0.0018007506
    0.0039284858
    0.0017747835
   -0.0029307867
   -0.0004453020
    0.0060649257
    0.0016067597
   -0.0031454166
    0.0045175570
   -0.0154211118
    0.0041785706
   -0.0065449061
   -0.0002875772
    0.0065319616
   -0.0023275574
   -0.0028475096
    0.0003909890
    0.0001334874
   -0.0069309518
   -0.0059871613
    0.0028719050
   -0.0123130943
    0.0037650108
    0.0059691671
    0.0005195541
    0.0002610679
   -0.0035032951
   -0.0157570420
   -0.0028802065
   -0.0092989287
    0.0022340134
   -0.0036734548
   -0.0004107794
   -0.0024577964
    0.0027394911
    0.0014795078
    0.0049751790
   -0.0007502134
    0.0003887725
    0.0070851302
   -0.0064498236
    0.0072785167
   -0.0012219011
    0.0015101097
    0.0025437802
    0.0002995562
    0.0022788790
    0.0080769407
   -0.0018280779
    0.0004010125
    0.0015634863
    0.0002057896
   -0.0103475952
   -0.0131271749
    0.0086435256
   -0.0109260056
    0.0028044787
    0.0023086377
    0.0079384683
    0.0039682446
    0.0009068286
    0.0008832029
    0.0088076106
   -0.0051568018
    0.0073306754
    0.0031984806
    0.0041844268
    0.0018531055
   -0.0067678738
    0.0046044764
    0.0075570163
   -0.0053684310
    0.0043939588
    0.0031391035
   -0.0001075707
    0.0027798975
    0.0080029882
    0.0045234784
    0.0071998408
   -0.0093882778
    0.0023272371
   -0.0148793667
    0.0029709990
   -0.0014764355
    0.0035556398
    0.0084871214
   -0.0068965735
    0.0035227744
    0.0082416665
    0.0024316085
    0.0064468992
    0.0034156524
    0.0024892953
   -0.0108499147
   -0.0041570180
   -0.0179277775
   -0.0131517473
    0.0012686763
    0.0052325099
   -0.0160784098
    0.0054754653
   -0.0016297702
   -0.0006704093
    0.0045413524
    0.0007736511
   -0.0019715640
    0.0017628096
   -0.0025238738
    0.0047678682
    0.0029676075
    0.0059427969
    0.0048274524
    0.0074179366
    0.0022599071
    0.0017803038
    0.0035139828
    0.0068029731
   -0.0091453664
    0.0058536698
    0.0068775681
    0.0051116934
   -0.0001575168
    0.0028301561
    0.0071385608
    0.0001283259
    0.0025168389
    0.0051314312
    0.0038029546
    0.0051106103
    0.0007080264
    0.0048411327
    0.0012015233
   -0.0000311671
   -0.0037695985
    0.0027519011
    0.0085343742
   -0.0028523039
    0.0060350473
    0.0077545579
    0.0084203156
    0.0094810455
    0.0091508191
    0.0091916014
    0.0074694029
    0.0091607676
    0.0066657406
    0.0083902051
    0.0079410990
    0.0090679702
    0.0091547223
    0.0062880565
    0.0089255700
    0.0091056057
    0.0080380655
    0.0091922337
    0.0070322977
    0.0088314184
    0.0085732721
    0.0090503307
    0.0075499553
    0.0094232758
    0.0004598864
   -0.0055579539
   -0.0092959632
   -0.0034143921
   -0.0039914139
   -0.0008494753
   -0.0056783817
   -0.0052031743
   -0.0004503708
   -0.0019419254
   -0.0022381371
    0.0011707943
   -0.0017919856
    0.0067246284
    0.0063019326
    0.0074936236
    0.0082508344
    0.0070633480
    0.0070764595
    0.0055961695
    0.0059505136
    0.0082350707
    0.0078607777
    0.0075406012
    0.0082965781
    0.0078234200
    0.0065889666
   -0.0001997382
   -0.0034553316
   -0.0039048177
    0.0012933470
   -0.0017453876
   -0.0026862684
   -0.0057459437
   -0.0008838892
   -0.0005665484
    0.0007648422
    0.0007932879
   -0.0046646785
   -0.0013020921
    0.0044814083
    0.0135906154
    0.0061657452
    0.0099776656
    0.0135049800
    0.0112073386
    0.0064650029
    0.0100689029
    0.0063390134
    0.0140405940
    0.0063328576
    0.0133763892
    0.0053798584
    0.0106612485
    0.0137357482
    0.0131094453
    0.0094574507
    0.0127729709
    0.0082195815
    0.0122432247
    0.0140527373
    0.0092496644
    0.0145044473
    0.0131078224
    0.0125310462
    0.0135073532
    0.0122917256
    0.0130022404
    0.0143565772
    0.0138066275
    0.0056637225
    0.0020109360
   -0.0003964569
   -0.0020433149
   -0.0023282042
   -0.0025989896
   -0.0027866096
    0.0035673480
   -0.0030895713
    0.0034505257
    0.0011337671
    0.0060601656
   -0.0002023115
    0.0094882035
   -0.0014452209
   -0.0025587788
   -0.0022291529
   -0.0001650087
    0.0025259086
   -0.0003429931
   -0.0013841070
    0.0075754414
   -0.0026057255
   -0.0018808128
   -0.0010172440
    0.0017781992
    0.0018136010
   -0.0030435045
    0.0009742567
    0.0087300664
    0.0050163828
    0.0046758853
   -0.0029776035
    0.0002064688
    0.0016806595
    0.0011819936
    0.0087484734
    0.0005032583
    0.0112129408
    0.0016161741
    0.0099578496
    0.0040285965
    0.0077601165
    0.0029383744
    0.0010437631
   -0.0005700635
    0.0044140195
    0.0119275492
    0.0060308395
   -0.0024850173
   -0.0014066246
   -0.0007815170
   -0.0021386037
   -0.0001831713
    0.0039602696
   -0.0001799584
    0.0082559574
   -0.0017569296
    0.0057940983
   -0.0008887753
   -0.0018521710
    0.0099969019
    0.0071138278
    0.0129014797
    0.0062061299
   -0.0003535433
   -0.0027681830
    0.0009327298
    0.0006502345
   -0.0004172490
    0.0025830830
    0.0003425549
    0.0002083497
    0.0008459108
    0.0039738246
    0.0038800070
    0.0011255559
    0.0010098571
   -0.0006304712
    0.0116540841
   -0.0028404811
   -0.0003845682
   -0.0006819917
    0.0052164304
    0.0019349951
    0.0012157042
    0.0018503722
    0.0019190556
    0.0108805505
    0.0047905355
    0.0019954458
    0.0024281994
   -0.0017619292
    0.0035994147
    0.0020877801
    0.0016592963
    0.0064391837
   -0.0025117330
   -0.0022571228
    0.0023619037
    0.0089446544
    0.0007592388
    0.0012132318
    0.0050731205
    0.0030333312
    0.0042080890
    0.0032212359
    0.0022597315
   -0.0018920815
    0.0124306980
    0.0005015785
   -0.0027479295
    0.0029956935
    0.0053577753
   -0.0018788027
   -0.0007505601
   -0.0023306073
   -0.0017801312
    0.0046706469
    0.0085768242
    0.0002621449
    0.0117705652
   -0.0009440077
    0.0053660936
    0.0047839488
   -0.0004059502
   -0.0001440341
    0.0016047607
    0.0000082723
   -0.0019668932
    0.0024105861
    0.0026779530
   -0.0026015524
    0.0062966082
   -0.0024489076
    0.0064916134
   -0.0030556566
    0.0108769551
    0.0051137928
    0.0029069294
    0.0037105917
    0.0041580535
    0.0011775813
    0.0037580711
   -0.0014893090
    0.0020895234
    0.0034696066
    0.0031398075
   -0.0005700057
    0.0012778966
    0.0027999938
    0.0015239162
   -0.0005205021
    0.0027189595
   -0.0010716183
   -0.0000665700
   -0.0028110817
   -0.0020382759
    0.0019403081
   -0.0022637082
   -0.0022853943
   -0.0001109100
    0.0033598738
   -0.0045950498
   -0.0055837848
    0.0021916266
    0.0029568170
    0.0026638832
    0.0000674931
   -0.0007085627
   -0.0058288834
    0.0004968805
    0.0019167829
   -0.0034631399
    0.0024429287
    0.0023306577
   -0.0005286091
   -0.0007843060
   -0.0046344206
   -0.0039099086
   -0.0005028468
    0.0042993726
   -0.0020695910
   -0.0004249485
    0.0032280761
    0.0043137281
    0.0012481232
    0.0043815118
    0.0012617438
   -0.0029079667
   -0.0013420073
   -0.0021069998
   -0.0037355218
    0.0018105042
    0.0017908541
    0.0019679118
   -0.0042830942
   -0.0022461702
   -0.0003490531
    0.0011879726
    0.0013532785
    0.0034431225
    0.0072911125
    0.0076912555
   -0.0002397102
    0.0015474247
    0.0075820617
    0.0048029191
    0.0059179571
    0.0041860552
    0.0050660858
    0.0076087487
    0.0069133289
    0.0037480723
    0.0070791888
    0.0055183176
    0.0063174526
    0.0073506970
    0.0053291895
    0.0038479292
    0.0047241865
    0.0032788843
    0.0058408195
    0.0069767311
    0.0034066592
    0.0063211754
    0.0040872560
    0.0038754287
    0.0074692528
    0.0068488835
    0.0056261352
    0.0056603068
    0.0077916524
    0.0044187766
    0.0076103483
    0.0047705597
    0.0034996663
    0.0050387241
    0.0031756442
    0.0070286740
    0.0023567927
    0.0067542659
    0.0074626176
    0.0050609610
    0.0047048327
    0.0068179065
    0.0078522538
    0.0064359184
    0.0074195149
    0.0058608051
    0.0063920422
    0.0016216645
    0.0061830513
    0.0057420301
    0.0037057167
    0.0077615461
    0.0072914208
    0.0051129364
    0.0050028680
    0.0006831874
    0.0076651794
    0.0066821255
    0.0061557813
    0.0069339382
    0.0061540937
    0.0074000707
    0.0042235839
    0.0062901555
    0.0016062436
    0.0077986715
    0.0053420720
    0.0019519758
    0.0067308952
    0.0068069465
    0.0077112622
    0.0049811762
    0.0033260462
    0.0050512291
    0.0063679949
    0.0066111154
    0.0076904569
    0.0054339420
    0.0077589027
    0.0065244998
    0.0058218970
    0.0039014629
    0.0046124556
    0.0033204348
    0.0044959870
    0.0066962820
    0.0076480738
    0.0073834113
    0.0074975364
    0.0076561616
    0.0053644649
    0.0047741328
    0.0075055107
    0.0076122862
    0.0035469753
    0.0071197236
    0.0070905238
    0.0068105514
    0.0052235036
    0.0078705987
    0.0075017177
    0.0075276722
    0.0061044330
    0.0050700846
    0.0007065313
    0.0063949711
    0.0057089875
    0.0039106985
    0.0043412897
    0.0064747741
    0.0062281590
    0.0070494361
    0.0075992997
    0.0052383513
    0.0059427899
    0.0071828923
    0.0019342797
    0.0065018560
    0.0015254223
    0.0064720790
    0.0025269366
    0.0066432060
    0.0058415829
    0.0067302264
    0.0069844858
    0.0056498118
    0.0051282007
    0.0027443739
    0.0041030619
    0.0055610373
    0.0078277396
   -0.0003005972
    0.0073650883
    0.0075350502
    0.0071589369
    0.0032618331
    0.0076775949
    0.0051431236
    0.0063614809
    0.0067239689
    0.0039671710
    0.0073708367
    0.0076157368
    0.0026691475
    0.0070028069
    0.0043134657
    0.0045450280
    0.0073905250
    0.0078239232
    0.0072181675
    0.0027980110
    0.0057393136
    0.0057509273
   -0.0090916421
   -0.0184880460
   -0.0124043360
   -0.0139487461
   -0.0117021291
   -0.0084166310
   -0.0164299721
   -0.0154533257
   -0.0062526297
   -0.0125672544
   -0.0165112042
   -0.0016554155
   -0.0136154350
   -0.0141872634
   -0.0052909096
   -0.0163477313
   -0.0139927594
   -0.0182723289
   -0.0140821509
   -0.0133664064
   -0.0174850371
   -0.0012385746
   -0.0060440457
   -0.0191216760
   -0.0092175368
   -0.0029780269
   -0.0136551119
   -0.0141256783
   -0.0109047173
   -0.0178185060
   -0.0122754661
   -0.0070025580
   -0.0168058580
   -0.0130888790
   -0.0048023136
   -0.0034476436
   -0.0144905307
   -0.0193955704
   -0.0087082722
   -0.0059306613
   -0.0163358692
   -0.0114444198
   -0.0188656885
   -0.0079357314
   -0.0063087797
   -0.0125107790
   -0.0077259353
   -0.0163990476
   -0.0100088621
   -0.0183342784
   -0.0042129846
   -0.0088405074
   -0.0124406069
   -0.0166410629
   -0.0173772569
   -0.0142915843
   -0.0179169171
   -0.0163391357
   -0.0144208066
   -0.0167049358
   -0.0188928533
   -0.0072902836
   -0.0114323528
   -0.0081366555
   -0.0150106394
   -0.0103974659
   -0.0188216201
   -0.0095342406
   -0.0185824767
   -0.0117348157
   -0.0091424608
   -0.0108070105
   -0.0189473737
   -0.0141593809
   -0.0158707145
   -0.0161852777
   -0.0106284872
   -0.0100684324
   -0.0069332116
   -0.0157999494
   -0.0088635214
   -0.0097348103
   -0.0076501721
   -0.0165627866
   -0.0192791560
   -0.0068653325
   -0.0183656035
   -0.0188247564
   -0.0174827673
   -0.0172949198
   -0.0118176617
   -0.0121806440
   -0.0153527266
   -0.0121962718
   -0.0187222923
   -0.0184474912
   -0.0138793924
   -0.0081542166
   -0.0114103028
   -0.0080656150
   -0.0089683759
   -0.0102779324
   -0.0105852188
   -0.0069546444
   -0.0151819468
   -0.0147700015
   -0.0115132584
   -0.0191249078
   -0.0174954062
   -0.0124676196
   -0.0169907142
   -0.0163347838
   -0.0071242422
   -0.0106518718
   -0.0030902794
   -0.0075071115
   -0.0143369463
   -0.0155684709
   -0.0170667715
   -0.0121671001
   -0.0089707591
   -0.0086249354
   -0.0092081950
   -0.0178014818
   -0.0005065500
   -0.0026017541
   -0.0125388863
   -0.0135015999
   -0.0173401538
   -0.0142775571
   -0.0178964287
   -0.0149313181
   -0.0027440285
    0.0070003818
    0.0063757237
    0.0054991852
    0.0038719700
    0.0039766969
    0.0006945602
    0.0012702448
   -0.0009239668
   -0.0031850574
    0.0069978190
    0.0042329207
    0.0041385838
    0.0036527175
   -0.0071299326
   -0.0059250298
    0.0001390974
   -0.0023652282
   -0.0073750531
   -0.0017037234
    0.0072770575
   -0.0120377940
    0.0033943792
    0.0040699743
   -0.0029412569
    0.0030600074
   -0.0019668108
    0.0004864548
    0.0040630830
    0.0010808321
    0.0036510727
   -0.0005754469
   -0.0001354069
   -0.0044495785
    0.0016359908
   -0.0080092611
    0.0049877306
   -0.0013019599
    0.0017540081
    0.0020163901
    0.0055558872
   -0.0004633087
    0.0040134596
   -0.0087240599
    0.0045906442
   -0.0085596351
    0.0013155918
   -0.0006748000
   -0.0161666665
    0.0015304598
    0.0026041455
   -0.0015637848
   -0.0149991137
   -0.0148357648
    0.0002832913
    0.0021401801
    0.0010588559
    0.0029609688
    0.0012833617
    0.0069127176
    0.0075162332
    0.0033012383
    0.0059674365
    0.0073381087
    0.0042992413
   -0.0047649151
   -0.0124489452
    0.0068776681
   -0.0121358380
    0.0014558376
    0.0050233718
    0.0008930926
   -0.0060336871
    0.0040190279
   -0.0020711046
   -0.0125521474
   -0.0002932031
   -0.0084321514
    0.0035219439
   -0.0041908513
    0.0040171011
    0.0047546685
    0.0004630022
    0.0059663680
    0.0022903319
   -0.0007052465
    0.0005021696
   -0.0000453008
    0.0070568629
    0.0047091816
    0.0006071855
    0.0014626791
   -0.0079897682
    0.0069719876
    0.0014353456
    0.0036143135
    0.0037609563
   -0.0066852350
    0.0037955694
    0.0031461226
   -0.0016923433
    0.0041055571
   -0.0033214244
   -0.0010071910
   -0.0050130668
    0.0065452360
   -0.0005910264
   -0.0020729218
    0.0042489089
   -0.0011668239
    0.0025507926
   -0.0031692988
    0.0014925222
   -0.0020689780
    0.0056759044
    0.0004545868
   -0.0019130366
    0.0047299386
   -0.0020760690
   -0.0027091379
    0.0012137322
    0.0032308148
   -0.0133603529
    0.0058531360
    0.0002902545
    0.0009593060
    0.0035841243
    0.0046122699
    0.0001157322
    0.0019920037
    0.0043123243
   -0.0005649367
    0.0011743752
    0.0044363213
    0.0034986782
    0.0034995848
    0.0061678844
    0.0053504811
    0.0014428778
    0.0000879695
   -0.0118716522
    0.0031496646
    0.0015683597
    0.0006121476
   -0.0075793848
    0.0047347275
   -0.0004531559
    0.0004013029
   -0.0018514712
   -0.0050741965
    0.0032470211
   -0.0000572964
   -0.0017643967
    0.0012101209
    0.0052856856
    0.0029880964
    0.0060670803
   -0.0048583765
   -0.0019633341
   -0.0061648874
    0.0011177148
    0.0029337974
    0.0076446875
    0.0013635118
    0.0016181065
    0.0074382243
    0.0007728543
   -0.0005319214
    0.0012797033
    0.0017370193
    0.0021345055
    0.0025404496
    0.0048250463
   -0.0063349792
    0.0030894639
    0.0055208347
   -0.0007155162
    0.0027504998
    0.0038600535
    0.0066987586
    0.0041328443
    0.0066682215
   -0.0014309688
    0.0036560800
    0.0044015557
    0.0050483916
   -0.0128131830
   -0.0128438183
   -0.0023974777
   -0.0033939903
   -0.0048967631
   -0.0042925183
   -0.0005868577
    0.0072975012
   -0.0005004807
    0.0066008756
    0.0021267039
   -0.0078311759
    0.0032694690
   -0.0106768600
    0.0009793287
    0.0028353203
   -0.0008949116
    0.0014397278
    0.0060271878
   -0.0037943193
    0.0060695767
   -0.0161589017
    0.0045882448
   -0.0066943118
    0.0025926633
    0.0017531144
    0.0025488436
    0.0031706413
    0.0032261936
    0.0022007666
    0.0074115535
   -0.0077297869
   -0.0159800232
    0.0040848743
   -0.0008093736
   -0.0090319883
    0.0046700256
    0.0031547067
    0.0061376049
   -0.0005812805
   -0.0139006081
    0.0017722900
   -0.0037061068
    0.0070679684
    0.0053397861
    0.0069022143
    0.0048490942
   -0.0126833314
   -0.0026665094
    0.0054728598
   -0.0056391645
   -0.0037665476
    0.0056360340
    0.0014082895
    0.0033459666
    0.0075731569
    0.0056262753
   -0.0018528745
    0.0063786672
    0.0027999464
   -0.0034238056
   -0.0041054129
    0.0018521821
    0.0060700492
   -0.0044352334
    0.0036217594
   -0.0019549212
    0.0027692897
   -0.0048594429
   -0.0005451663
    0.0047720275
   -0.0121207132
    0.0011242269
    0.0006879229
    0.0064257565
    0.0012380670
   -0.0072061628
    0.0037744226
