   -0.0002698598
    0.0133081414
    0.0108648546
    0.0039775979
    0.0127829078
    0.0099442159
    0.0154607998
    0.0050569775
    0.0161595447
    0.0052648492
    0.0103563652
    0.0066720458
    0.0128056855
    0.0001652252
    0.0065830748
    0.0093833861
    0.0032095977
    0.0019765006
    0.0149373428
   -0.0217103231
   -0.0085383182
   -0.0178331738
   -0.0233885941
   -0.0153355714
   -0.0183825214
    0.0100699074
   -0.0104585138
   -0.0127257640
    0.0000828197
   -0.0119004662
   -0.0061134079
   -0.0052992639
   -0.0184503566
   -0.0141149852
   -0.0094128414
    0.0147574614
   -0.0149302309
   -0.0031304427
   -0.0194596648
   -0.0177671342
   -0.0106751827
   -0.0015293282
    0.0093482573
   -0.0159310228
   -0.0133620585
   -0.0111084630
   -0.0107967642
   -0.0121348688
   -0.0168201386
   -0.0177021351
   -0.0062590276
   -0.0158360246
    0.0148152184
   -0.0150299375
   -0.0207053432
   -0.0122676105
   -0.0098193486
   -0.0043126207
   -0.0153723694
    0.0030509267
    0.0077758854
   -0.0134603644
   -0.0065988917
   -0.0033052200
   -0.0110286353
   -0.0180637424
    0.0092416589
   -0.0092854682
   -0.0152346590
    0.0053346255
   -0.0176378051
   -0.0191122998
   -0.0143231436
    0.0046262355
    0.0011513513
   -0.0352468718
   -0.0481647512
   -0.0440168712
   -0.0390705660
   -0.0409993780
   -0.0398219752
   -0.0494183357
   -0.0266188332
   -0.0226526984
   -0.0331825037
   -0.0328927757
   -0.0374004242
   -0.0469631671
   -0.0264118954
   -0.0320393621
   -0.0213366187
   -0.0480474501
   -0.0306887047
   -0.0446205955
   -0.0224590824
   -0.0483004974
   -0.0306596997
   -0.0370810978
   -0.0276172705
   -0.0309494072
   -0.0248510120
   -0.0216147832
   -0.0322767962
   -0.0265318638
   -0.0282485037
   -0.0275510766
   -0.0316606179
   -0.0278541461
   -0.0347677745
   -0.0499720654
   -0.0217189812
   -0.0454631765
   -0.0396923624
   -0.0278691344
   -0.0460532715
   -0.0375071686
   -0.0390544606
   -0.0456515714
   -0.0422658717
    0.0152728212
    0.0004226319
    0.0117376347
   -0.0041641921
   -0.0010293770
    0.0043206157
    0.0181765917
    0.0019780418
    0.0039700017
   -0.0085475452
    0.0090833228
   -0.0137179692
   -0.0002933036
    0.0046454516
    0.0200444416
    0.0063728253
   -0.0017088312
   -0.0103451477
   -0.0023805865
   -0.0150254869
   -0.0131575778
   -0.0055344802
    0.0064560617
   -0.0087253243
    0.0094304814
    0.0211638213
    0.0069869559
   -0.0014420437
   -0.0046440050
    0.0169089340
   -0.0021538504
   -0.0111539468
    0.0006227178
   -0.0096485928
    0.0095582861
   -0.0110266928
    0.0099314853
    0.0069482845
   -0.0053779464
   -0.0031024837
    0.0129440555
    0.0097511903
   -0.0103294099
   -0.0006899478
    0.0144353057
   -0.0127706526
    0.0071045580
    0.0165132744
   -0.0122858362
    0.0065840744
    0.0210993087
   -0.0068590575
   -0.0151638378
    0.0085868467
    0.0008624688
    0.0013030174
    0.0062818704
   -0.0045124070
    0.0151124850
    0.0181592687
    0.0052787117
   -0.0082981780
   -0.0154395038
   -0.0083989773
   -0.0090120476
   -0.0104194732
   -0.0033943709
    0.0008583838
   -0.0056191269
   -0.0149522577
   -0.0201301322
   -0.0006612988
   -0.0187257282
    0.0011498878
   -0.0121176036
   -0.0115253926
   -0.0150231320
   -0.0079944192
   -0.0055602145
   -0.0178727545
   -0.0156321781
   -0.0149055229
   -0.0164048437
   -0.0160865416
   -0.0052373631
   -0.0167321418
   -0.0100916887
   -0.0021558637
   -0.0210162014
   -0.0068703144
   -0.0092245207
   -0.0195685747
   -0.0189687392
    0.0058436790
   -0.0152644546
   -0.0186762328
   -0.0065198159
   -0.0030109846
    0.0079807256
   -0.0135931494
   -0.0037287185
   -0.0180803013
    0.0037290622
   -0.0062300176
   -0.0099838487
   -0.0131684229
   -0.0115971463
   -0.0159237603
   -0.0028266474
   -0.0209689320
   -0.0126404063
   -0.0096161465
   -0.0089603762
   -0.0190305090
   -0.0172899596
   -0.0241845859
    0.0076809363
   -0.0221061431
   -0.0125061099
   -0.0053670848
   -0.0156749400
   -0.0166164580
   -0.0229377620
   -0.0191963955
   -0.0076618356
   -0.0147266297
   -0.0182508829
   -0.0186101454
    0.0181467050
    0.0145599904
    0.0183549449
    0.0202720197
    0.0170541610
    0.0170638474
    0.0126085636
    0.0190526329
    0.0102152288
    0.0198237468
    0.0200863533
    0.0148516584
    0.0120994183
    0.0199143241
    0.0183614216
    0.0194270958
    0.0170388676
    0.0140111298
    0.0178799104
    0.0181428505
    0.0179636502
    0.0165728323
    0.0154950721
    0.0200825755
    0.0123270014
    0.0061733845
    0.0148650976
    0.0146651183
    0.0059774707
    0.0048654759
   -0.0139844348
   -0.0059706235
   -0.0129483232
   -0.0043009126
    0.0026031426
    0.0213380386
   -0.0148389985
   -0.0085655133
    0.0046591326
    0.0145971696
    0.0154951327
   -0.0045515393
    0.0142291673
   -0.0145015149
    0.0211937099
    0.0018871443
   -0.0029716819
   -0.0029881435
    0.0025599293
    0.0080571512
    0.0003222190
    0.0215524427
    0.0073733932
    0.0045985324
   -0.0020861837
    0.0057895270
    0.0112745061
    0.0035521120
    0.0121764521
    0.0211769523
    0.0104480603
    0.0119717561
   -0.0018411311
    0.0076657843
    0.0109381529
    0.0161012203
    0.0128784517
    0.0095707575
    0.0050521200
    0.0218072132
    0.0066962406
   -0.0017279048
    0.0152015229
   -0.0060108497
   -0.0032290537
   -0.0078127800
   -0.0059057468
   -0.0027901989
   -0.0043426221
    0.0143651667
    0.0058194608
    0.0110626706
    0.0036195778
   -0.0007909029
    0.0002927307
    0.0118445630
    0.0119488894
    0.0067372930
   -0.0022668099
    0.0093510890
    0.0149474578
    0.0112493825
   -0.0041081548
    0.0062120918
    0.0098589019
    0.0115071759
    0.0011866706
   -0.0009863560
    0.0142939742
    0.0071918152
    0.0024391138
   -0.0086100621
   -0.0101722632
    0.0099550170
    0.0086729874
   -0.0112607650
   -0.0046819895
   -0.0037270178
    0.0007165225
    0.0090263469
   -0.0113117043
    0.0040426492
   -0.0097695197
    0.0156258061
    0.0099424265
    0.0099257472
   -0.0039285554
    0.0073599298
    0.0128919739
   -0.0078217731
    0.0167370040
    0.0140261160
   -0.0102889459
    0.0036997857
   -0.0104121429
   -0.0046240968
   -0.0015142737
    0.0036315794
    0.0089959293
   -0.0128313151
    0.0075007896
    0.0068149635
    0.0060790451
    0.0071529312
   -0.0073961565
    0.0096477927
    0.0113477661
   -0.0053613889
   -0.0042471180
    0.0232176380
    0.0213596283
    0.0225772719
    0.0225110742
    0.0202861069
    0.0159807584
    0.0227714162
    0.0150721415
    0.0217168914
    0.0180984962
    0.0165125627
    0.0204678740
    0.0207955435
    0.0223203538
    0.0161958091
    0.0218729308
    0.0220817628
    0.0167425069
    0.0176960547
    0.0189530800
    0.0222706971
    0.0183656749
    0.0217384917
    0.0180290731
    0.0191054627
    0.0155389113
    0.0198786451
    0.0182426665
    0.0199772872
    0.0177399242
    0.0126935571
    0.0181900846
    0.0161562379
    0.0179976689
    0.0209246941
    0.0202420628
    0.0137808960
    0.0184337226
    0.0143038009
    0.0191169585
    0.0113513707
    0.0190225448
    0.0113578494
    0.0201410484
    0.0200393322
    0.0177488001
    0.0196048836
    0.0095269145
   -0.0015259130
    0.0116371488
   -0.0001356726
    0.0075699321
    0.0063139748
    0.0077510521
    0.0021717851
    0.0120174973
    0.0035266345
    0.0064454782
    0.0048614700
    0.0070987346
    0.0096025081
    0.0038179102
   -0.0042949131
    0.0058034190
    0.0044723340
   -0.0055070776
    0.0072781934
    0.0003568107
   -0.0054682849
   -0.0134855264
   -0.0016769528
   -0.0138107104
   -0.0073546621
   -0.0030632018
   -0.0127191063
    0.0133349691
   -0.0156803260
    0.0031196346
   -0.0118837953
   -0.0084116775
    0.0067302999
   -0.0103018615
   -0.0056685195
   -0.0162848075
   -0.0095791795
   -0.0179882248
   -0.0125208179
   -0.0069356949
   -0.0207270265
   -0.0091331147
   -0.0061226366
   -0.0148865465
   -0.0210160693
   -0.0113673572
    0.0017684514
   -0.0076214959
   -0.0193981148
   -0.0209166116
   -0.0162608696
   -0.0205238423
    0.0109243074
   -0.0112937530
   -0.0206013607
   -0.0159227776
   -0.0159849811
    0.0095411280
    0.0131337004
   -0.0208079751
   -0.0081518293
   -0.0053616490
    0.0076256644
   -0.0093961428
   -0.0204373649
   -0.0093552082
   -0.0131855754
   -0.0073700327
   -0.0009104497
   -0.0126536157
   -0.0014908211
    0.0003941673
    0.0002200182
    0.0022953904
   -0.0218889440
   -0.0236196251
   -0.0234743200
   -0.0299113375
   -0.0273701544
   -0.0207499542
   -0.0343330291
   -0.0343195356
   -0.0329297337
   -0.0308600461
   -0.0273198385
   -0.0346077306
   -0.0286187072
   -0.0317506452
   -0.0267089340
   -0.0379553386
   -0.0194898997
   -0.0266513340
   -0.0260578158
   -0.0320690590
   -0.0200005776
   -0.0302769546
   -0.0262163755
   -0.0304819245
   -0.0287417162
   -0.0216684174
   -0.0323292954
   -0.0283485533
   -0.0365481171
   -0.0345131774
   -0.0277317164
   -0.0288224662
   -0.0315685293
   -0.0379057605
   -0.0344191806
   -0.0231308964
   -0.0262183776
   -0.0369795526
   -0.0371784716
   -0.0378473588
   -0.0258178193
   -0.0308413242
   -0.0358328972
   -0.0362352137
   -0.0332711336
   -0.0251201351
   -0.0248552102
   -0.0256164040
   -0.0348794897
   -0.0307373414
   -0.0329712181
   -0.0276159334
   -0.0251947012
   -0.0347361220
   -0.0329763510
   -0.0374828576
   -0.0266249090
   -0.0313252729
   -0.0212868106
   -0.0260338636
   -0.0318185080
   -0.0293890071
    0.0154428253
   -0.0091615760
    0.0013009726
    0.0084642983
    0.0010453209
    0.0047924048
    0.0142490905
    0.0077689242
    0.0147326923
   -0.0073272116
    0.0036008316
    0.0070517384
    0.0103575561
   -0.0067039293
   -0.0034469994
    0.0009224523
   -0.0075393399
    0.0112153734
   -0.0114641102
    0.0005647057
    0.0036638688
    0.0134963098
   -0.0029930979
    0.0131554421
   -0.0024363545
    0.0058536150
    0.0038756948
    0.0096511290
   -0.0111041685
    0.0111386954
    0.0170314336
    0.0003365583
    0.0038054029
   -0.0065331170
    0.0065045217
    0.0109328160
   -0.0078389465
    0.0066403918
   -0.0079656245
    0.0033060425
    0.0090503999
   -0.0017080161
   -0.0034634875
   -0.0042821313
   -0.0022737014
    0.0100426452
    0.0046913513
    0.0120693676
   -0.0076953346
    0.0080224643
    0.0109408172
    0.0035162047
    0.0047520961
    0.0046676966
    0.0097969580
    0.0025827168
    0.0122680316
   -0.0129447648
   -0.0104524580
   -0.0000363329
   -0.0052759829
    0.0000677859
   -0.0078264349
   -0.0144141929
    0.0094794328
   -0.0091014165
   -0.0160194516
   -0.0060059140
   -0.0145137691
   -0.0139296309
   -0.0143115446
   -0.0108975938
   -0.0164842270
   -0.0030728400
   -0.0079541665
    0.0064959867
   -0.0112070374
    0.0018860211
   -0.0013215639
   -0.0031160474
   -0.0117100503
   -0.0059857243
    0.0127582838
    0.0127172737
   -0.0147689010
   -0.0242452967
   -0.0175562623
   -0.0043561007
   -0.0139854989
    0.0008179714
   -0.0105928486
   -0.0033029939
   -0.0176377879
   -0.0138120589
   -0.0134928040
   -0.0124746246
   -0.0151487034
   -0.0035996606
   -0.0035418879
   -0.0200743532
   -0.0112025784
   -0.0111093430
    0.0012307299
   -0.0107831268
    0.0110756028
    0.0003478645
   -0.0014871024
   -0.0140294067
   -0.0156186478
   -0.0082513415
   -0.0156481800
   -0.0033288525
   -0.0071021652
    0.0006315269
   -0.0131936953
   -0.0091297393
   -0.0123763225
   -0.0103644198
    0.0034737911
   -0.0048472394
    0.0078271072
    0.0098957068
   -0.0015356968
    0.0137395763
    0.0138035315
    0.0121587571
    0.0162378047
    0.0144638283
    0.0147321668
    0.0150634678
    0.0127719238
    0.0145161585
    0.0167545487
    0.0148136825
    0.0155764610
    0.0161465871
    0.0146146774
    0.0152036162
    0.0159211731
    0.0139540083
    0.0114403249
    0.0119357893
    0.0110664606
    0.0165425338
    0.0170760316
    0.0106164561
    0.0020414764
   -0.0038813631
   -0.0116014648
    0.0175478136
    0.0142378518
    0.0002572934
    0.0110016272
    0.0142855276
    0.0145301097
   -0.0064780049
   -0.0000529831
   -0.0060234885
    0.0144308604
    0.0127452294
   -0.0108533413
    0.0151632479
    0.0180529732
    0.0051528181
    0.0007991038
    0.0098746668
    0.0072633945
    0.0080322731
   -0.0046240089
   -0.0068346414
    0.0167808927
    0.0181040686
   -0.0026210854
    0.0015548988
    0.0105763928
    0.0010686244
    0.0032725608
    0.0107376531
    0.0163870801
    0.0089256691
    0.0121616824
    0.0056255687
    0.0002786193
    0.0000578057
    0.0084482590
   -0.0049446407
    0.0050071464
    0.0099316131
    0.0106346469
   -0.0142921315
   -0.0094083591
    0.0162200038
    0.0102056263
    0.0019717289
    0.0102564112
    0.0142352382
    0.0140400717
    0.0022028334
   -0.0022866719
    0.0083450188
    0.0055916451
   -0.0037659836
    0.0099172910
    0.0040410088
    0.0055271505
    0.0090464973
    0.0100915061
    0.0084596490
    0.0035340400
    0.0057900056
    0.0065910524
   -0.0030907488
    0.0035950893
    0.0036679100
    0.0060752095
    0.0113476975
    0.0041419669
    0.0170411722
    0.0154364352
    0.0041768306
   -0.0018217675
   -0.0045212601
    0.0067281121
    0.0105298096
   -0.0040479629
   -0.0138974327
    0.0017933677
    0.0160769214
    0.0101081577
    0.0023237407
    0.0099008275
    0.0019153794
    0.0013464411
   -0.0008092940
    0.0028174304
   -0.0001720192
   -0.0028520253
   -0.0003194335
    0.0085887068
    0.0042495223
   -0.0068436397
    0.0075732647
   -0.0095353154
   -0.0013783315
   -0.0098648656
    0.0038254086
    0.0079281574
   -0.0032202025
   -0.0047376394
    0.0060582031
    0.0169480438
   -0.0078752438
    0.0137409660
    0.0123000444
   -0.0048417358
    0.0030884377
   -0.0069679063
   -0.0041664458
   -0.0099930027
    0.0109127295
   -0.0062062567
    0.0105655499
    0.0008497265
    0.0071964754
    0.0111976544
    0.0005137188
   -0.0048668619
    0.0001402146
    0.0161219068
    0.0030026282
    0.0168861210
    0.0183577697
    0.0182962625
    0.0182858875
    0.0177657256
    0.0172828240
    0.0172960530
    0.0165675019
    0.0164518580
    0.0179960394
    0.0183173071
    0.0178612776
    0.0163333886
    0.0167088177
    0.0183921146
    0.0166641690
    0.0185375102
    0.0150480699
    0.0185403322
    0.0144026223
    0.0154712458
    0.0158189909
    0.0153072020
    0.0164069874
    0.0109422809
    0.0124894133
    0.0107851092
    0.0144889905
    0.0136579170
    0.0161955155
    0.0142708766
    0.0155296718
    0.0151006150
    0.0159905209
    0.0147026007
    0.0160368431
    0.0024968649
    0.0021873844
    0.0062241970
    0.0037469256
    0.0065345250
   -0.0013155324
    0.0014592908
    0.0078445433
   -0.0012512431
    0.0050779012
    0.0092711120
    0.0075928150
    0.0089587619
    0.0067810439
   -0.0031866039
    0.0029076550
    0.0051571799
   -0.0092247967
    0.0059203815
   -0.0142575150
   -0.0039559760
    0.0108917392
   -0.0147412666
   -0.0142989473
    0.0090832330
   -0.0144128641
    0.0101248186
   -0.0092274443
   -0.0137900475
   -0.0163274592
   -0.0093241760
   -0.0185183999
   -0.0121894316
    0.0003038881
   -0.0198121185
   -0.0036094639
   -0.0160793106
    0.0059591338
   -0.0064589067
    0.0044931919
   -0.0077288059
   -0.0116525178
   -0.0042248685
   -0.0023379056
   -0.0107925794
   -0.0092804959
   -0.0169449218
   -0.0063684795
   -0.0086074005
    0.0092210000
   -0.0150994157
    0.0021513806
   -0.0005014242
   -0.0146935672
   -0.0163810255
   -0.0105354768
   -0.0115822297
   -0.0104642692
    0.0037168357
   -0.0025998571
   -0.0033584826
   -0.0126189353
   -0.0146981860
   -0.0033316461
    0.0026778377
   -0.0059693425
   -0.0141271010
    0.0070250324
   -0.0007327292
   -0.0098072941
    0.0009793820
   -0.0137625118
   -0.0077082030
    0.0064543057
   -0.0119021115
    0.0091374309
   -0.0036448405
   -0.0053348328
   -0.0127601548
   -0.0031818566
   -0.0171828474
   -0.0048030447
   -0.0170958697
   -0.0185023875
    0.0023258937
   -0.0111706113
   -0.0058706412
   -0.0086648838
   -0.0138224899
    0.0098713162
   -0.0175587279
   -0.0021865043
   -0.0073132786
   -0.0153032087
    0.0018960840
    0.0003596233
   -0.0110501152
   -0.0060472863
   -0.0112259979
   -0.0207977952
   -0.0286238244
   -0.0207600059
   -0.0218028261
   -0.0218355632
   -0.0205423416
   -0.0234015901
   -0.0213107363
   -0.0266245037
   -0.0167556410
   -0.0206094045
   -0.0247330861
   -0.0272418231
   -0.0218770693
   -0.0160557176
   -0.0219151226
   -0.0176035355
   -0.0245309355
   -0.0222371407
   -0.0215513117
   -0.0278791939
   -0.0240954261
   -0.0289518887
   -0.0257095661
   -0.0270837033
   -0.0293420220
   -0.0238843017
   -0.0260730895
   -0.0228602966
   -0.0196381794
   -0.0179270601
   -0.0276949221
   -0.0256545784
   -0.0231901100
   -0.0279165052
   -0.0284182393
   -0.0252182001
   -0.0263146184
   -0.0266998396
   -0.0255034546
   -0.0254877119
   -0.0222222286
   -0.0216480245
   -0.0236014813
   -0.0230080990
   -0.0209357747
   -0.0256484268
   -0.0247478333
   -0.0175900207
   -0.0262507518
   -0.0210951752
   -0.0292548402
   -0.0238022276
   -0.0270038187
   -0.0278847165
   -0.0263021886
   -0.0225680673
    0.0004705000
    0.0007564297
   -0.0094584127
    0.0041678510
    0.0020341821
    0.0075071306
    0.0020321149
   -0.0075718866
    0.0029801440
   -0.0109514545
    0.0060895957
   -0.0065868874
    0.0118514430
    0.0051897073
    0.0141378583
    0.0112411668
    0.0009356375
    0.0035503843
    0.0035565001
    0.0106632257
    0.0133191324
    0.0066487078
    0.0045515097
    0.0036042846
   -0.0107759158
    0.0113012912
    0.0055997213
    0.0122063793
   -0.0058937973
    0.0025786648
    0.0128057659
    0.0001589778
    0.0039045718
    0.0052310402
    0.0085553521
    0.0098609165
    0.0098570744
   -0.0026061260
    0.0083665235
   -0.0085804967
    0.0112025536
    0.0115669272
   -0.0020883795
    0.0030003634
   -0.0033778576
    0.0004259827
   -0.0050334189
    0.0021426994
    0.0030616126
    0.0013890493
   -0.0072337648
    0.0086363508
   -0.0006348572
    0.0114366565
   -0.0086417839
    0.0091963943
   -0.0097599124
    0.0086435341
   -0.0072656360
    0.0020723593
   -0.0005274353
    0.0094931366
   -0.0004395596
    0.0061587076
   -0.0090880162
   -0.0012478097
   -0.0018778022
    0.0007688081
    0.0015066626
   -0.0030456456
    0.0086426452
    0.0030729285
   -0.0110556323
   -0.0178013603
   -0.0165027799
   -0.0024661867
    0.0055931616
   -0.0135878683
   -0.0127577208
   -0.0023466496
   -0.0060728818
    0.0015808856
   -0.0064093170
   -0.0132197108
    0.0026145692
   -0.0027577428
   -0.0166381333
    0.0104347496
   -0.0054168917
   -0.0031200245
   -0.0033519579
    0.0001564790
   -0.0123774689
   -0.0041672844
   -0.0118754150
   -0.0163647325
   -0.0017281983
   -0.0038753188
   -0.0094228185
   -0.0059846047
   -0.0190845349
   -0.0096303722
   -0.0077797266
   -0.0183386318
    0.0025339202
   -0.0111555497
   -0.0107572581
   -0.0155273045
   -0.0089185066
   -0.0025267585
   -0.0117506064
   -0.0057171157
   -0.0113368499
   -0.0135111786
   -0.0109795019
   -0.0098394546
    0.0018533086
   -0.0062533299
   -0.0065858559
   -0.0017094214
   -0.0023999298
   -0.0114375068
   -0.0014739708
   -0.0117262556
   -0.0014835066
   -0.0147386631
   -0.0199109106
   -0.0133373249
   -0.0110651700
   -0.0068235917
   -0.0004320832
   -0.0014913276
   -0.0114554641
   -0.0048177246
    0.0002182455
   -0.0090587377
   -0.0063852972
   -0.0048552176
   -0.0082625994
    0.0096030819
   -0.0138953412
   -0.0057592833
   -0.0061833216
   -0.0048265637
   -0.0098004929
   -0.0151661267
   -0.0079634545
   -0.0130618392
   -0.0117988005
    0.0009491892
   -0.0113760058
   -0.0014475568
   -0.0024558689
   -0.0047870456
   -0.0139681801
   -0.0113028748
    0.0133575138
    0.0128518189
    0.0126957455
    0.0120989451
    0.0115402897
    0.0106476930
    0.0125651780
    0.0132798194
    0.0124063164
    0.0108140255
    0.0139799952
    0.0108090614
    0.0131459053
    0.0104857810
    0.0108573523
    0.0136796445
    0.0121554398
    0.0123826853
    0.0131261400
   -0.0065537982
    0.0100271693
    0.0077440024
    0.0086486015
    0.0131392710
    0.0013283058
    0.0026335881
    0.0061563587
    0.0048030502
    0.0113008020
    0.0004222289
    0.0026076642
    0.0074035362
   -0.0054242896
    0.0147697224
   -0.0003741784
    0.0099302193
    0.0034127243
   -0.0042196158
    0.0002639750
    0.0090313712
   -0.0003919261
    0.0134009939
    0.0140880463
    0.0146203489
    0.0000407824
   -0.0068905860
    0.0027999187
   -0.0029417970
    0.0122227937
    0.0069882375
    0.0037630940
    0.0103469572
    0.0124775417
   -0.0030833058
    0.0134317757
    0.0013563150
    0.0071144411
   -0.0052841972
   -0.0036117227
    0.0114576407
    0.0032857496
    0.0079929520
    0.0105632616
    0.0142769563
    0.0103778782
    0.0118740920
    0.0092432681
    0.0128130468
   -0.0070223157
    0.0021106608
    0.0033220604
   -0.0054085778
    0.0052269056
   -0.0068916229
    0.0076872254
    0.0109761496
    0.0058124181
    0.0048858892
   -0.0099777318
    0.0078193526
   -0.0016477532
    0.0019033486
   -0.0046995663
   -0.0079409291
   -0.0040492146
   -0.0019017788
    0.0032643549
    0.0141395254
    0.0031138459
   -0.0022683077
    0.0115387478
    0.0124325968
   -0.0099908889
    0.0151553313
    0.0090488524
    0.0036323411
    0.0010923748
    0.0040555744
   -0.0001460677
    0.0073170000
    0.0015865916
    0.0002208486
    0.0063611371
    0.0019511308
    0.0057568102
    0.0059159334
   -0.0023364422
    0.0049957977
    0.0028972851
    0.0051294249
    0.0061534478
    0.0056423075
    0.0071812461
    0.0030558664
    0.0045728243
   -0.0011703334
    0.0059336595
    0.0067455093
    0.0043396735
    0.0040543480
   -0.0033408711
   -0.0020356921
    0.0072436632
    0.0019604745
   -0.0060855490
    0.0031651961
    0.0016102723
   -0.0091288366
    0.0102255985
   -0.0082857136
   -0.0035109831
    0.0031213705
   -0.0029316034
    0.0137228076
   -0.0002597838
    0.0075458789
   -0.0047175242
    0.0000218538
   -0.0052246967
   -0.0032804372
   -0.0057393324
    0.0010405365
   -0.0092859081
    0.0110789457
    0.0099612764
   -0.0109667659
    0.0123909147
    0.0100720723
   -0.0083676052
   -0.0011084858
    0.0101372651
    0.0059748674
    0.0036993385
    0.0093142647
   -0.0062706686
   -0.0017274821
   -0.0058813957
   -0.0009965400
    0.0113823867
    0.0106970350
   -0.0024202914
   -0.0032206811
    0.0050729412
   -0.0103722326
    0.0079917986
   -0.0057545062
    0.0037406220
    0.0087837315
    0.0088466546
    0.0024534173
   -0.0006246552
    0.0031659740
   -0.0026302549
    0.0091134892
    0.0104345255
    0.0073345940
    0.0058839261
    0.0155159474
    0.0152025598
    0.0147392337
    0.0150200161
    0.0142338089
    0.0151326746
    0.0153502593
    0.0149021226
    0.0144942964
    0.0151501282
    0.0147675492
    0.0155507540
    0.0137079495
    0.0135424525
    0.0133169594
    0.0130605993
    0.0118012408
    0.0114661442
    0.0123762191
    0.0114870449
    0.0118530728
    0.0114757659
    0.0138406317
    0.0119477030
    0.0132242978
    0.0126847077
    0.0122034254
    0.0123889832
    0.0136156764
    0.0128606042
    0.0128455271
    0.0122648468
    0.0009209951
    0.0026817101
    0.0005447862
    0.0038520113
    0.0030692247
    0.0035326904
    0.0033811368
    0.0041204147
    0.0060379975
    0.0045150071
    0.0019714483
    0.0048027397
    0.0036043133
    0.0024810542
    0.0006115354
    0.0060072639
   -0.0027934703
    0.0004635849
   -0.0126497332
   -0.0083190948
    0.0004009942
   -0.0086355159
   -0.0024849797
   -0.0109096117
   -0.0040835875
   -0.0054308281
   -0.0019205339
    0.0004300307
   -0.0129940216
    0.0020446208
   -0.0056128758
    0.0046472780
   -0.0027413811
   -0.0098302141
   -0.0130303301
   -0.0037199270
   -0.0084128742
   -0.0067938561
   -0.0049441503
   -0.0010618540
   -0.0163489940
   -0.0092692344
   -0.0110266134
   -0.0075325376
   -0.0079586404
   -0.0164195349
    0.0025233653
   -0.0016160025
   -0.0008158970
   -0.0000432813
    0.0075125296
   -0.0116888682
   -0.0100160152
    0.0009304957
   -0.0076256499
   -0.0048900890
   -0.0092556659
   -0.0026399192
   -0.0050953987
   -0.0040642367
   -0.0132214733
   -0.0091755503
   -0.0070193846
   -0.0098906906
   -0.0082041386
    0.0024897255
   -0.0067494594
   -0.0064542209
   -0.0145462629
   -0.0076600138
   -0.0070416442
   -0.0029397411
   -0.0114037812
   -0.0113669914
   -0.0005950576
   -0.0066527184
   -0.0055888715
    0.0002730913
   -0.0126678691
   -0.0034520821
   -0.0030948432
   -0.0013799660
   -0.0140865925
   -0.0014833628
   -0.0093878171
   -0.0122121724
   -0.0108741508
   -0.0135357293
   -0.0042415149
   -0.0082173005
   -0.0012942444
   -0.0041885963
    0.0078862173
    0.0031346345
   -0.0064233268
   -0.0068108036
   -0.0119155792
    0.0001481536
   -0.0104915570
   -0.0073312939
   -0.0059583805
   -0.0099771840
    0.0043123539
   -0.0061154305
    0.0032975927
    0.0066692538
    0.0018949773
   -0.0064670442
   -0.0079821099
   -0.0021612101
    0.0061673941
   -0.0085935878
   -0.0016002012
   -0.0112983733
    0.0031501927
    0.0071283198
   -0.0002042028
   -0.0059556346
   -0.0035665339
   -0.0041614714
   -0.0094953154
   -0.0028869202
    0.0064604705
   -0.0163334155
   -0.0152227813
   -0.0175503037
   -0.0155955197
   -0.0223253593
   -0.0219725293
   -0.0143497276
   -0.0224008171
   -0.0175963274
   -0.0149000219
   -0.0232374045
   -0.0232091789
   -0.0194116244
   -0.0190785510
   -0.0165876323
   -0.0233481541
   -0.0213574558
   -0.0217244930
   -0.0170691135
   -0.0212317626
   -0.0163783774
   -0.0174147392
   -0.0224783528
   -0.0210992784
   -0.0204715626
   -0.0177687619
   -0.0189351882
   -0.0203015676
   -0.0159090412
   -0.0181258629
   -0.0198610972
   -0.0227750533
   -0.0195955803
   -0.0235892940
   -0.0193258052
   -0.0171196734
   -0.0219675618
   -0.0223579451
   -0.0168644106
   -0.0204259707
   -0.0196068350
   -0.0177060469
   -0.0222500288
   -0.0234434320
   -0.0202971539
   -0.0236738412
   -0.0176190474
   -0.0195422929
   -0.0184312772
   -0.0187798064
   -0.0190423820
   -0.0187370698
   -0.0183992277
   -0.0158268943
   -0.0195736900
   -0.0177217531
   -0.0224397386
    0.0043090186
    0.0119824621
    0.0101327638
   -0.0016324027
   -0.0013539979
    0.0099613642
    0.0095559660
    0.0037105335
    0.0071362229
    0.0028283004
   -0.0033389440
    0.0010214777
   -0.0007027406
    0.0070637425
    0.0099780720
   -0.0057033954
   -0.0084196776
   -0.0082419092
    0.0052493556
    0.0010828130
    0.0081246202
   -0.0007169691
    0.0087827289
   -0.0021573767
    0.0112365485
    0.0085974294
    0.0079276025
   -0.0003078798
    0.0089087383
    0.0104852843
    0.0117557456
   -0.0043618460
    0.0014392963
    0.0118465250
    0.0033254134
    0.0053161671
   -0.0074193578
   -0.0059784615
    0.0010952619
    0.0083062616
    0.0026424290
    0.0116561954
    0.0036486754
    0.0082101745
    0.0015863698
    0.0089064488
   -0.0055652814
   -0.0024842081
    0.0072464608
    0.0000660502
    0.0043513453
    0.0086277413
    0.0085104998
    0.0105154802
   -0.0064497510
    0.0120569851
    0.0057368247
    0.0084103198
    0.0092259400
    0.0045055313
    0.0109143458
    0.0089335084
   -0.0082259465
    0.0107953464
    0.0100303229
    0.0102085190
    0.0083979379
   -0.0026557649
   -0.0060175796
    0.0068441295
    0.0047077327
    0.0074251543
    0.0097206058
    0.0063154790
    0.0017031190
    0.0027062710
   -0.0008217968
    0.0014105170
    0.0074581398
    0.0060384442
    0.0020712061
    0.0055696933
   -0.0007344247
   -0.0053077663
    0.0071908960
   -0.0047490170
    0.0076928778
    0.0091365123
    0.0033709118
   -0.0046122780
    0.0014935567
   -0.0084551358
   -0.0152720356
    0.0026064515
    0.0081975822
   -0.0065433019
   -0.0116836385
   -0.0104574067
   -0.0144718918
   -0.0120180603
   -0.0087858028
    0.0021701465
   -0.0125146581
   -0.0054828687
    0.0076701562
   -0.0020429004
   -0.0024874547
   -0.0037768835
   -0.0072095507
   -0.0099441376
   -0.0114566857
   -0.0014529416
   -0.0141804337
   -0.0137087165
   -0.0062480645
    0.0039638293
   -0.0042236917
    0.0031165082
   -0.0111758032
   -0.0001873768
   -0.0083709861
   -0.0061941677
   -0.0113428048
   -0.0065527257
   -0.0153166076
   -0.0092161335
   -0.0055149404
    0.0042857591
   -0.0108169224
   -0.0105247492
    0.0075446452
   -0.0154530402
   -0.0012634882
   -0.0046499594
   -0.0059660908
   -0.0106512670
   -0.0100947078
   -0.0020397060
   -0.0062626014
   -0.0076705669
   -0.0026236596
   -0.0091756017
   -0.0029190573
   -0.0080291871
   -0.0015210772
   -0.0075603123
   -0.0115166810
   -0.0058121737
    0.0062616627
   -0.0098520541
   -0.0111277973
   -0.0026620740
   -0.0112943354
    0.0083888394
   -0.0006306595
   -0.0036579691
   -0.0100321483
   -0.0088647346
   -0.0056896888
   -0.0039906632
   -0.0037016586
   -0.0080953058
   -0.0078366831
   -0.0077918982
   -0.0040070736
   -0.0089362926
   -0.0137615008
   -0.0001079123
   -0.0007537225
   -0.0084117822
   -0.0120312087
   -0.0072263227
   -0.0143223475
   -0.0089194633
   -0.0122476089
   -0.0030786701
   -0.0123825182
    0.0070516439
   -0.0101024097
   -0.0056085957
   -0.0066532802
   -0.0077492334
    0.0108067868
    0.0114599662
    0.0111205021
    0.0106974207
    0.0108000415
    0.0116487769
    0.0103933319
    0.0114216769
    0.0113353713
    0.0089690741
   -0.0068575537
    0.0125670575
    0.0125480874
    0.0124740791
   -0.0056176723
    0.0046029972
    0.0065591819
    0.0041621745
    0.0075651157
    0.0065335635
    0.0099340791
    0.0012792376
    0.0120494078
   -0.0087911375
    0.0115994425
    0.0084341701
    0.0033798793
    0.0004987335
    0.0045585771
    0.0056453886
    0.0000317849
    0.0099791534
    0.0132683403
    0.0124649382
    0.0078450985
    0.0118765470
    0.0092359362
    0.0113023243
    0.0054688710
    0.0103135473
   -0.0005310722
    0.0030824925
    0.0117233864
    0.0129579034
    0.0012425057
    0.0128607592
    0.0044040288
   -0.0017204619
    0.0126841234
    0.0110877071
    0.0066825050
    0.0105613059
    0.0118498876
    0.0002379117
    0.0015129262
    0.0070973496
    0.0017840564
   -0.0067244707
    0.0125612449
    0.0088337104
    0.0120851620
    0.0073748120
    0.0011102451
    0.0063363577
   -0.0053520568
    0.0089191381
    0.0091428901
    0.0106931308
    0.0123875678
    0.0070359058
    0.0111895012
   -0.0020511026
   -0.0030690548
    0.0094135988
   -0.0038088894
   -0.0011725111
    0.0052100348
    0.0033686308
   -0.0014308975
    0.0089856805
    0.0125372088
    0.0014099371
    0.0107323716
    0.0122695906
    0.0040822723
    0.0019717944
    0.0053796503
    0.0010822238
    0.0094671630
   -0.0076797602
   -0.0056268321
    0.0119842006
    0.0122414609
   -0.0004013335
    0.0048643713
    0.0072869755
    0.0030231315
    0.0052783408
    0.0037602218
    0.0027064145
    0.0015102839
    0.0035414989
   -0.0002311468
    0.0009301943
    0.0038069461
    0.0016994986
    0.0027022541
    0.0020873424
    0.0037612763
    0.0028786638
    0.0054364657
   -0.0046525752
    0.0091142799
   -0.0015348267
    0.0067791159
   -0.0069079274
    0.0064122868
    0.0061678291
   -0.0006857934
    0.0032199904
    0.0106626253
   -0.0059627498
    0.0007039943
   -0.0069229582
   -0.0038855190
    0.0092588319
    0.0090872805
    0.0015519497
    0.0086235177
    0.0067023336
    0.0083121683
    0.0095133697
    0.0030376182
    0.0030842941
    0.0053873403
   -0.0039534157
    0.0039594447
    0.0051477713
    0.0098939407
    0.0006148654
   -0.0032503966
    0.0014263342
    0.0033790769
   -0.0047640722
    0.0042100910
    0.0071270086
    0.0017611817
    0.0099009508
   -0.0068529637
    0.0099031284
    0.0077522931
    0.0011206347
    0.0005933746
    0.0085068167
   -0.0003311872
   -0.0075171560
    0.0001493011
    0.0074525016
    0.0018545240
    0.0050414976
    0.0078336798
    0.0070462577
   -0.0004631915
   -0.0061626084
    0.0059957793
   -0.0060395346
    0.0089652511
    0.0030400348
   -0.0015038083
    0.0098093258
   -0.0065339739
   -0.0086691410
   -0.0039982148
    0.0091960459
    0.0005920889
   -0.0011919752
    0.0088463459
    0.0022108124
    0.0109294585
    0.0046262892
    0.0049802260
    0.0107845261
   -0.0005338397
    0.0057821327
    0.0092612979
    0.0086470712
    0.0024354252
   -0.0016035305
   -0.0021189257
    0.0132488032
    0.0133757135
    0.0127415318
    0.0132457582
    0.0133113950
    0.0131418701
    0.0133216946
    0.0125914500
    0.0133499611
    0.0130508410
    0.0130460088
    0.0108807189
    0.0109377726
    0.0112701964
    0.0112828638
    0.0101657294
    0.0112929544
    0.0106765899
    0.0103133132
    0.0020659887
   -0.0086305183
    0.0029130313
   -0.0062575095
   -0.0003411118
   -0.0103125123
    0.0044875544
   -0.0089378274
   -0.0099328601
   -0.0055337736
   -0.0045737542
   -0.0075924617
   -0.0037464108
    0.0035797273
    0.0048476878
   -0.0129384340
    0.0055427600
   -0.0038256186
   -0.0002306626
    0.0003692651
   -0.0112918214
    0.0032383173
   -0.0082970267
    0.0049016847
   -0.0063383781
   -0.0045378507
   -0.0056556622
    0.0012877433
    0.0029213503
   -0.0028276048
   -0.0053832164
    0.0014527435
   -0.0056187558
   -0.0020420544
   -0.0016367657
   -0.0039078633
   -0.0043773822
    0.0057314012
   -0.0128708126
   -0.0037382399
   -0.0046051615
    0.0001735252
    0.0059995879
    0.0046409347
   -0.0124693134
    0.0034564438
   -0.0067994236
    0.0002843524
   -0.0027600157
    0.0028056413
    0.0030217939
   -0.0068092868
   -0.0006126246
   -0.0145803133
   -0.0028656384
   -0.0066160929
   -0.0064549751
   -0.0073037460
    0.0056507279
   -0.0079942297
   -0.0017028514
   -0.0086833550
   -0.0030787823
    0.0036306438
    0.0006257313
   -0.0013333330
   -0.0058210572
   -0.0089958410
   -0.0089323590
   -0.0038670400
   -0.0083095057
   -0.0120378113
   -0.0070579778
    0.0018092774
   -0.0090004101
   -0.0069413657
   -0.0133192841
   -0.0033241438
   -0.0038539765
   -0.0118957874
   -0.0071103481
   -0.0117383079
    0.0030126876
   -0.0095978528
   -0.0100829661
   -0.0059921638
   -0.0047695732
   -0.0079959853
   -0.0002914810
   -0.0090042565
    0.0058658368
   -0.0117976765
    0.0026392507
   -0.0071720719
   -0.0088235368
   -0.0089592745
    0.0041361870
    0.0060307173
    0.0023497393
   -0.0144128425
   -0.0106372013
    0.0051056687
    0.0031875038
   -0.0052028973
   -0.0088402835
    0.0018882379
   -0.0064211291
    0.0011185966
    0.0041894759
   -0.0108927997
   -0.0002719250
    0.0024004016
    0.0051920018
   -0.0116132284
    0.0012218904
   -0.0012283629
   -0.0123889331
   -0.0010532740
   -0.0082912159
   -0.0011895159
   -0.0036330485
    0.0031488851
   -0.0009406350
   -0.0029509711
   -0.0030055403
    0.0032759768
   -0.0071848287
    0.0020504938
   -0.0007970885
   -0.0037531530
   -0.0112561640
    0.0002413648
   -0.0001048291
   -0.0027518497
   -0.0003076027
   -0.0079971086
   -0.0000327767
    0.0008470506
   -0.0120073719
   -0.0091631012
   -0.0104562907
   -0.0058061035
   -0.0060313592
   -0.0004063368
    0.0056485325
   -0.0072322527
   -0.0023942636
   -0.0049422605
   -0.0049310070
    0.0028212703
    0.0035528900
   -0.0132766249
    0.0018616416
   -0.0116635290
   -0.0048659539
   -0.0119209153
   -0.0036398476
   -0.0055387040
    0.0021727166
   -0.0072818445
   -0.0079136204
   -0.0000603128
   -0.0060694300
   -0.0018517521
    0.0029173085
   -0.0019357573
   -0.0026516507
   -0.0128852809
   -0.0055298757
   -0.0063944450
   -0.0047373977
   -0.0022899610
    0.0051707279
   -0.0107297815
    0.0014050379
   -0.0087435046
   -0.0012390392
   -0.0039820376
   -0.0180657566
   -0.0164598626
   -0.0179508808
   -0.0165879403
   -0.0144343157
   -0.0157788067
   -0.0174105838
   -0.0164327694
   -0.0182192866
   -0.0190208649
   -0.0190933945
   -0.0137020008
   -0.0124023327
   -0.0193306615
   -0.0173359251
   -0.0185985296
   -0.0174498612
   -0.0165962875
   -0.0159476266
   -0.0154742771
   -0.0175848762
   -0.0153519688
   -0.0128673222
   -0.0163274631
   -0.0173149926
   -0.0183853932
   -0.0189909402
   -0.0150410730
   -0.0137382970
   -0.0134295873
   -0.0188281460
   -0.0194225909
   -0.0175168543
   -0.0154880717
    0.0084547541
    0.0017077754
    0.0002668584
    0.0028318869
    0.0023250653
    0.0058940730
   -0.0030265278
   -0.0015262515
    0.0053133909
    0.0093305197
    0.0085687573
    0.0021506723
    0.0058797650
    0.0075859492
   -0.0056744303
   -0.0054098582
    0.0045471357
    0.0060242589
   -0.0023421144
    0.0097752010
    0.0062734209
    0.0084473882
    0.0054892984
    0.0048674332
    0.0072804700
    0.0067592371
    0.0009947240
    0.0071280818
    0.0029358360
    0.0029757358
    0.0067844215
    0.0041421072
    0.0027884608
    0.0082157719
   -0.0022424252
   -0.0026368593
    0.0089942647
    0.0092437463
    0.0084044350
    0.0056189251
   -0.0028406295
    0.0069591814
   -0.0035380765
    0.0032289907
    0.0069917168
    0.0095938712
    0.0070081363
   -0.0006584483
    0.0083549878
    0.0077905160
   -0.0055035995
    0.0069284947
    0.0050630733
    0.0049223202
    0.0054827870
    0.0072721174
    0.0067567602
    0.0046566593
    0.0066690187
    0.0032744183
    0.0033354619
    0.0084712434
   -0.0037450123
   -0.0045075919
    0.0021122254
    0.0088895426
    0.0041080214
    0.0061646547
    0.0083722167
    0.0006590661
    0.0088173792
    0.0084987698
    0.0072824368
    0.0083547477
    0.0067805340
    0.0004559937
   -0.0017569666
    0.0071382655
    0.0047568510
    0.0081761460
   -0.0055406105
    0.0092990570
   -0.0030525733
    0.0077066322
    0.0079722184
    0.0080451279
    0.0052193802
    0.0047695036
    0.0093224500
    0.0073465199
    0.0020504134
    0.0059627155
   -0.0033127124
    0.0094812889
   -0.0002079752
   -0.0022347416
    0.0067892725
    0.0061683582
    0.0032158177
    0.0053708047
    0.0093028038
   -0.0015717513
   -0.0020654096
    0.0020135981
   -0.0045986037
    0.0058555328
    0.0074834168
    0.0064701091
    0.0054874722
    0.0065199901
    0.0075617974
    0.0037137476
    0.0094614183
   -0.0004422627
    0.0098673283
    0.0002200921
    0.0019174123
   -0.0028490219
    0.0094793621
   -0.0017499117
    0.0094126591
    0.0067571414
    0.0036198169
    0.0065925069
   -0.0016637946
    0.0064902484
   -0.0039213991
   -0.0010100794
    0.0078530414
    0.0031948488
    0.0043783270
    0.0042760233
    0.0082740327
    0.0046264168
    0.0073869910
    0.0096012019
   -0.0036829631
   -0.0074950902
    0.0092943640
   -0.0056636810
   -0.0066231607
    0.0028548716
   -0.0022196798
   -0.0109666577
   -0.0000428138
    0.0015010889
   -0.0031952465
   -0.0065825578
   -0.0062263029
   -0.0059113848
   -0.0052177439
    0.0010756658
   -0.0020132880
    0.0042775697
    0.0032026051
   -0.0068358536
   -0.0115146266
    0.0002443208
    0.0001423670
    0.0026416539
   -0.0080689905
   -0.0019112198
   -0.0083303060
   -0.0049774709
   -0.0035661869
    0.0040757922
    0.0047685253
   -0.0096697450
   -0.0065171690
   -0.0026413613
   -0.0004474140
   -0.0116309556
   -0.0061770444
   -0.0010577815
   -0.0070352891
    0.0018924573
   -0.0032115239
   -0.0117697052
   -0.0006559410
   -0.0085731142
   -0.0070928141
   -0.0068404814
   -0.0064287574
    0.0048777579
    0.0028887332
    0.0031466776
   -0.0079643916
   -0.0053593932
   -0.0142632508
   -0.0147730487
    0.0014377424
   -0.0040241889
   -0.0035110321
   -0.0051807329
   -0.0066982922
    0.0021932530
    0.0047366050
   -0.0086088164
    0.0008169257
    0.0019411595
   -0.0100814561
   -0.0061611337
   -0.0025270492
   -0.0117420723
   -0.0070884772
    0.0058384972
   -0.0114054327
   -0.0082254309
   -0.0097560134
   -0.0063418342
   -0.0100416740
   -0.0008297516
    0.0006962183
   -0.0045860531
   -0.0001487210
   -0.0035296250
   -0.0116546358
   -0.0070432309
    0.0000607542
   -0.0035411674
   -0.0091330492
   -0.0093715598
    0.0051525374
   -0.0090526030
   -0.0033923807
   -0.0098968956
   -0.0013250015
    0.0015763059
   -0.0049765039
   -0.0012301513
   -0.0087482822
   -0.0105303337
   -0.0123721852
   -0.0004216991
    0.0048296525
   -0.0009782202
   -0.0085167132
   -0.0028729010
   -0.0144533766
    0.0017102466
   -0.0005347993
    0.0046237129
   -0.0104163559
   -0.0027331943
   -0.0139883232
    0.0035770789
   -0.0050824627
   -0.0055831664
   -0.0088237257
    0.0010753895
   -0.0076842381
   -0.0002491208
   -0.0111210015
   -0.0126223081
    0.0007299627
   -0.0038354781
    0.0027774513
   -0.0108310714
    0.0006526376
   -0.0036424224
   -0.0099000101
   -0.0022710547
   -0.0126845146
   -0.0054870940
   -0.0080951531
   -0.0046545448
   -0.0057800206
   -0.0065319646
   -0.0002666315
    0.0045706484
   -0.0066008790
   -0.0085413050
   -0.0057782094
   -0.0039560853
   -0.0069766615
   -0.0040798785
   -0.0073495077
    0.0056874053
   -0.0082209783
   -0.0120916604
   -0.0080065280
   -0.0075782623
   -0.0063193027
   -0.0045659006
   -0.0037805392
    0.0031760506
   -0.0096295156
   -0.0103874292
   -0.0059962562
    0.0057421713
   -0.0084315692
   -0.0097949528
   -0.0111895462
   -0.0089794045
    0.0034167965
    0.0028503518
    0.0008009674
   -0.0143015902
    0.0013510490
   -0.0135381911
   -0.0074447221
   -0.0003686495
   -0.0079984787
    0.0058707524
    0.0103411456
    0.0056177698
   -0.0044221009
    0.0105209228
   -0.0006499726
    0.0109241821
    0.0104680621
    0.0054264272
    0.0107596995
    0.0062827840
    0.0006730822
    0.0044114260
    0.0062446770
    0.0102542251
    0.0107689049
    0.0052461077
    0.0050570951
    0.0104385659
    0.0106188578
    0.0057997203
   -0.0015141860
   -0.0029375762
    0.0016203039
    0.0101401100
    0.0007979354
   -0.0002526580
    0.0001827367
    0.0067526483
    0.0026886848
    0.0044464507
    0.0103885940
    0.0109336126
    0.0092543100
   -0.0038075725
    0.0006739141
    0.0078371116
    0.0088674005
    0.0011797268
    0.0079448846
    0.0065036061
    0.0103471086
    0.0091226478
    0.0109595423
    0.0106307826
    0.0026971182
    0.0033559262
    0.0108318306
    0.0105514400
   -0.0001223771
   -0.0049230439
    0.0106429965
    0.0079515805
    0.0097278943
    0.0095758229
    0.0109118749
    0.0105353779
    0.0114270407
    0.0054782629
    0.0040504701
    0.0044780800
    0.0016039187
    0.0028659293
   -0.0054364339
    0.0110868405
    0.0017490156
    0.0103565741
    0.0050719323
    0.0111274771
   -0.0007990708
    0.0093166742
    0.0079327170
    0.0101030149
    0.0038872406
   -0.0005282958
    0.0095601383
   -0.0023297899
   -0.0001399139
    0.0000101604
    0.0056072723
    0.0056095753
    0.0088722515
    0.0094333162
    0.0079023827
    0.0065035017
    0.0017388446
    0.0104593214
    0.0111048022
    0.0097493216
    0.0011022507
    0.0110108392
    0.0061379716
    0.0084472498
    0.0105174770
    0.0018968176
   -0.0056231239
    0.0112812668
    0.0106810018
    0.0037955936
    0.0024163900
   -0.0008968351
   -0.0020995647
    0.0050624241
   -0.0031830989
   -0.0008449725
    0.0107166275
    0.0071930635
    0.0075316283
    0.0074582986
    0.0085638976
    0.0083243579
    0.0077203724
    0.0073052270
    0.0098027223
    0.0015449649
    0.0033836661
    0.0109563399
    0.0023898663
   -0.0004542447
    0.0041291093
    0.0089590791
    0.0059369511
    0.0079061408
    0.0001597999
    0.0021147281
   -0.0012899976
    0.0041289714
    0.0005324289
   -0.0006688629
    0.0030583611
    0.0091285687
    0.0113283488
    0.0109852604
    0.0044942846
    0.0105576792
    0.0093870188
    0.0065030381
    0.0107653165
    0.0037158589
    0.0113476185
    0.0106899509
    0.0099681256
    0.0093174781
    0.0050654416
    0.0002926720
    0.0080692937
    0.0028484143
   -0.0062008808
    0.0034662110
    0.0040188798
    0.0073841904
    0.0059105903
   -0.0042756554
    0.0008063050
    0.0095627161
    0.0022423952
    0.0095055546
   -0.0058819913
    0.0072724006
    0.0042561936
   -0.0010752628
    0.0051179583
    0.0090412848
    0.0041313700
   -0.0047478849
   -0.0003897381
    0.0083040607
    0.0064438900
    0.0085180171
   -0.0037923342
    0.0023443618
    0.0028058582
    0.0059344116
   -0.0030493456
    0.0084915942
    0.0009583195
    0.0020610845
    0.0032124057
   -0.0025551101
   -0.0011734997
    0.0003113551
   -0.0070035500
    0.0035210686
    0.0093952922
    0.0057381509
    0.0047737092
   -0.0045640140
    0.0013283839
    0.0044297587
    0.0059816592
    0.0090335393
    0.0031524810
   -0.0047726609
    0.0098392534
    0.0076947110
   -0.0018990802
   -0.0059941510
    0.0068836063
    0.0074035962
    0.0024258234
   -0.0039696815
   -0.0001967267
    0.0062032034
   -0.0003570794
    0.0020883761
    0.0032854600
    0.0069636107
    0.0091083608
    0.0071872523
    0.0084078285
    0.0096855870
    0.0092791870
    0.0015415821
    0.0045415979
    0.0099623396
   -0.0044034422
   -0.0069909947
    0.0027601861
    0.0065442520
   -0.0026688547
    0.0090858707
    0.0080553206
    0.0077478930
    0.0011864744
    0.0001771670
   -0.0038781685
    0.0097399686
    0.0024138047
    0.0072454713
   -0.0018333378
    0.0056440207
    0.0067681076
    0.0069969615
    0.0095574554
    0.0072679073
    0.0006810789
    0.0073334422
    0.0081070193
    0.0076737101
    0.0015660539
    0.0074404308
   -0.0041685610
    0.0067834099
   -0.0055282900
    0.0043201098
    0.0083976286
    0.0062571976
   -0.0019059037
    0.0045886362
    0.0051337871
    0.0032519322
    0.0054905237
    0.0000411745
   -0.0013669232
    0.0001071849
   -0.0038463310
    0.0049355887
   -0.0022256387
   -0.0016373358
    0.0093132200
    0.0045709295
   -0.0052810243
    0.0021935747
    0.0049565365
    0.0077257507
