-0.344790 1.603895 -2.610393
-0.981132 0.514716 -2.826672
-2.154914 -0.023742 -2.409346
-3.105919 2.120908 -0.691736
-1.705405 0.645529 -2.832752
-3.162815 1.821906 -1.382656
-0.082351 2.291293 -2.017334
-2.574132 2.528862 -1.570259
-3.230390 1.827612 -0.485965
-0.363334 2.503160 -2.023742
-1.320206 3.060160 -0.133093
-1.203963 3.156680 -0.928103
-0.081583 2.029599 -2.236147
-2.426237 2.277025 -2.076067
0.117314 2.348646 -1.709095
-2.979603 2.051622 -1.559386
-1.647081 0.059415 -2.639710
-1.481928 3.134003 -0.501266
-1.527684 3.008006 -0.027935
-2.911494 0.187656 -1.854029
-1.851337 2.900094 0.064262
-2.596935 2.037811 0.550802
-1.464245 1.588364 -2.831036
-1.780587 2.987097 -0.103023
-3.142513 1.929726 -0.282448
-1.713428 2.424835 -2.336144
-0.160324 0.415458 -2.486156
-2.452365 -0.007608 -2.221152
-0.468597 -0.109504 -2.385744
-3.150693 1.597437 0.055535
-1.570158 1.387698 -2.862867
-0.997416 2.733947 0.465255
-1.118528 3.131201 -0.456037
-1.995195 2.782743 0.194677
-0.758199 3.052299 -1.217893
-1.327137 2.818106 -1.944845
-2.190066 1.433344 -2.665750
-0.395106 2.899659 -1.305010
-0.676092 1.305592 -2.807689
-1.246463 0.430398 -2.824831
-0.854118 2.961401 0.013228
-0.855053 2.838303 -1.831946
-2.814448 1.821347 -2.029729
-3.284122 1.502059 -1.320255
0.157256 2.603912 -0.710756
-2.801170 2.199911 0.138233
-0.419570 2.961842 -0.506289
-2.771984 1.147121 -2.296250
0.191966 2.107192 -1.887755
-0.789460 0.803014 -2.842798
-2.315398 1.128727 -2.640528
-0.068250 2.660059 -1.434896
-0.936491 3.134633 -0.736548
-0.458966 0.071714 -2.496296
-1.045380 3.112864 -1.179504
0.084020 1.510134 -2.348855
-1.588389 1.957497 -2.677049
-3.079420 1.544121 -1.797147
-2.587533 2.363713 -1.808619
-0.606962 2.977898 -1.334372
-2.021343 3.027270 -0.704560
-3.320915 1.601739 -0.598284
-2.193651 2.757819 0.064869
-2.929739 2.259653 -0.236130
-0.539875 0.840181 -2.770977
-1.064819 1.530155 -2.843228
-1.062316 3.019191 -1.522283
-1.753906 1.263028 -2.846303
-1.291385 2.106710 -2.622999
-0.190081 2.822084 -1.171788
-1.697313 2.737676 0.420724
-1.766306 3.092991 -0.551971
-2.945449 2.022785 0.094460
-2.321681 2.499352 -1.922661
-0.423944 2.632699 -1.900614
-1.069642 1.806130 1.502199
-1.405217 -0.727197 -2.348422
-1.518353 1.028999 2.039858
-0.250538 -0.561738 -2.201608
-0.665608 0.661653 2.127209
-0.453498 0.632240 2.073176
-0.474416 -0.862702 -2.180062
-0.215716 -0.121160 -2.269543
-1.551647 1.285086 1.899980
-1.800035 -0.654847 -2.301976
-0.599527 -1.280096 -1.982018
-0.638739 1.381127 1.786713
-2.278454 1.653507 1.294669
-0.663016 0.437734 2.174770
-0.792193 2.013248 1.187662
-1.535273 -1.096179 -2.164606
-2.305049 1.898325 0.928320
-0.494732 -0.607552 -2.283018
-0.992938 0.285838 2.247740
-3.643464 1.062598 1.504586
-3.952174 -0.923816 -1.313786
-3.049519 -0.356252 -1.804168
-1.016733 -2.474290 1.184407
-2.190519 1.135562 2.001190
-4.393544 -1.434033 1.484376
-4.279796 0.394413 1.435847
-4.652753 -0.963778 1.124137
-3.602880 -1.776711 2.179240
-2.679610 -1.586641 -1.715472
-0.850437 -2.021490 1.673624
-4.578013 -1.417064 1.007970
-0.973630 -2.566521 0.710581
-2.827142 1.576496 1.119031
-2.877368 -1.217388 -1.802719
-3.354300 -1.751398 -1.424709
-3.665171 -2.416861 1.445004
-4.532131 -1.524231 -0.111411
-3.651677 1.212029 1.188573
-4.687943 -0.703145 1.065579
-4.202016 -1.490068 1.761008
-4.139295 -1.443396 -0.950470
-2.675023 -0.520311 -1.897549
-4.001581 -1.638081 1.914296
-4.736722 -0.846409 0.790100
-4.509554 -1.726177 0.269300
-3.354535 -1.817253 2.305750
-4.389067 -0.694164 1.746104
-2.410715 -2.619096 1.822552
-2.989310 1.162171 1.857675
-3.662014 0.489120 2.103228
-2.830102 0.886023 2.207760
-2.943480 -2.401541 1.992557
-1.176620 -2.020410 2.000020
-4.364743 -1.015684 1.736901
-4.426489 -1.087735 -0.691344
-1.959338 -2.819052 1.384150
-3.269060 0.257093 -1.547254
-3.143144 -2.533561 1.729268
-2.152889 -2.819354 1.450290
-3.419616 -2.294979 1.856315
-3.698584 -0.801053 -1.520859
-3.874353 -0.126489 2.237295
-4.691494 -1.260239 0.471686
-4.057095 -1.282602 -1.119349
-2.838147 -2.118899 2.291775
-4.140992 -0.484662 2.057969
-4.038309 -1.991813 -0.627123
-1.343379 -2.551666 1.473662
-4.265607 -2.056117 0.007017
-4.093226 0.369606 1.754685
-3.096428 1.602181 0.370056
-3.790422 -1.513245 2.186076
-3.857187 0.208902 2.113479
-1.530397 -2.004694 -1.312811
-3.245278 -2.784075 1.129382
-3.342230 -0.754867 -1.717622
-1.141147 -2.240890 1.740351
-3.614047 -1.411648 2.358702
-0.079253 -1.788027 -1.480825
-0.546895 -2.581972 0.025346
0.061141 -0.129709 2.315066
-0.298306 -0.895848 2.308413
0.201561 -2.033311 1.696724
0.570459 -2.410009 0.963184
-0.770267 -2.482001 -0.196748
0.393939 -1.531898 2.040022
0.272363 -0.084701 2.282188
-0.589522 -2.002128 -1.206646
-0.351396 -2.599904 -0.112633
0.090393 -1.781393 1.932127
0.067555 -2.325641 -0.888336
0.390386 -1.764243 1.889946
0.475555 -0.251570 2.266858
0.775283 -0.744642 2.167426
0.289221 -2.447308 1.051339
-0.287504 -1.348508 2.173924
0.545893 -2.331919 1.155455
-0.100251 -2.132680 1.612950
-0.663468 -2.550514 0.437178
-0.473062 -1.798913 1.877476
-0.586799 -0.344761 2.283364
-0.267596 -2.066850 -1.219081
-0.521331 -2.504755 0.840988
-0.338426 0.232960 2.199381
-0.304567 -1.849567 -1.416414
-0.561290 -2.401387 -0.632986
0.531269 -2.179067 1.414749
-2.667132 -3.321009 -0.188575
-2.391292 -3.156175 -0.711450
-3.203287 -3.141286 0.343329
-2.797218 -3.107675 0.920494
-1.536533 -3.141540 0.024880
-1.163450 -2.823115 -0.126949
-2.589469 -3.244748 -0.495862
-1.979015 -3.307182 0.346802
-2.338713 -2.709393 -1.222735
-2.000238 -3.129405 -0.668657
-3.017156 -3.202303 -0.263470
-1.636058 -2.813489 -0.890318
-3.806414 -2.388426 -0.445111
-3.696847 -2.433587 -0.625975
-3.026927 -3.243577 0.051495
-1.034221 -2.653013 0.400270
-1.750491 -2.093829 -1.389609
-1.570987 -3.106698 0.520332
-3.312791 1.503050 0.094874
-4.392093 0.845419 -0.603174
-4.791713 -0.938720 0.086386
-3.426685 1.425252 -0.334125
-4.373600 0.068660 -1.107745
-4.054189 0.719124 -1.044955
-4.505275 0.339745 -0.888606
-4.752571 -0.421135 0.960041
-3.831067 -0.420660 -1.415434
-4.030124 0.994246 -0.798615
-4.081036 0.011261 -1.315508
-4.588441 0.652118 -0.526204
-3.863634 -0.121744 -1.422170
-4.698510 -1.054170 -0.134296
-3.609821 0.125922 -1.464409
-4.493943 0.126939 -0.980710
-4.260102 0.758720 1.168927
-3.758514 0.946726 -1.003255
-4.899993 -0.182645 0.660264
-4.422121 1.065004 0.029479
-4.345703 -0.979117 -0.879189
-4.689560 0.134818 1.044947
-4.849440 -0.355372 0.774161
-3.872782 1.154942 -0.690173
-4.185895 1.119596 -0.436661
-2.134992 -1.275532 3.102862
-3.480520 -0.349323 2.700071
-2.223821 -0.882640 3.206060
-1.181231 -0.252145 2.704063
-3.640461 -0.230569 2.463412
-3.356124 0.180469 2.532121
-2.641417 -1.217578 3.099180
-2.813859 -1.393746 2.978493
-3.502354 0.014471 2.497894
-1.683739 -1.892444 2.524647
-2.852140 -0.232221 3.065244
-2.031573 -1.563121 2.944566
-1.068963 -0.040179 2.467292
-1.591995 0.559628 2.408179
-3.067796 -1.673803 2.669090
-2.540262 0.275829 2.899141
-1.730593 -0.031604 2.974128
-3.251512 -0.375974 2.898477
-2.984956 0.555942 2.451122
-1.329649 -0.033159 2.736349
-2.843762 -2.031918 2.392436
-2.490568 -0.348605 3.176366
0.726875 -0.704781 -2.448278
-0.039062 -0.879637 -2.064705
3.168904 0.981256 -1.110520
2.931762 0.733467 -1.670351
-0.116917 -0.385488 -2.188153
0.710886 -0.949873 -2.347145
0.186195 -0.965437 -2.152245
2.462812 1.342160 -1.743380
3.812768 -2.533318 -1.227776
2.053802 -0.799314 -2.636566
3.234639 -3.229050 -0.154993
3.146325 -3.006233 0.765913
4.060342 -2.325446 0.473807
3.364167 -3.122908 -0.676883
1.577613 -3.172420 0.758185
3.283619 -2.611410 -1.743215
1.488167 -0.803734 -2.542535
3.693300 0.009257 1.153194
3.888223 -2.446867 0.660273
0.463921 -2.584667 0.509978
1.591004 -1.363591 -2.576964
3.642010 -1.460969 -2.106176
0.970630 -2.863191 0.808672
2.233963 -0.688040 -2.620235
3.750102 -2.862405 -0.520908
3.397667 -3.030360 -0.942641
4.395916 -1.912736 -0.379121
4.115759 -2.452142 -0.108363
4.110231 -1.409599 1.047974
2.255091 -1.288224 -2.650602
2.441530 -3.367967 0.418688
4.240854 -2.252471 -0.419097
2.756818 -0.580117 -2.520682
2.926096 -3.331931 -0.651335
2.966028 -3.206458 -1.064880
2.273002 -3.482272 -0.120146
2.424690 -1.713900 -2.565917
4.075000 -2.428933 -0.778188
3.198701 -2.816729 -1.571040
2.042166 -3.343026 0.537152
3.894684 -2.196901 -1.490039
3.370553 -3.148197 -0.479808
3.965329 -0.584314 1.176492
3.168566 -1.137654 -2.433635
1.172254 -2.717815 1.173329
1.095604 -3.231844 -0.088511
1.866837 -3.439980 0.111948
4.017874 -0.410220 1.029546
3.894237 -2.688701 0.116959
0.909587 -2.163040 1.452554
1.920249 -0.367360 -2.527820
3.847484 -0.027867 0.999920
2.534219 -1.558334 -2.586169
2.362609 -3.458804 -0.606917
2.988352 -0.904719 -2.500007
3.522965 -3.016803 -0.686021
3.461784 -1.527826 -2.225771
2.854475 0.272064 -2.086839
1.223112 -1.175698 -2.467216
0.699052 2.410736 -1.112756
1.177993 2.270247 2.756659
3.880167 0.972783 1.370487
2.106277 2.976341 -0.754639
1.624249 2.772390 2.444885
1.831316 3.526781 0.723603
2.396439 3.094050 1.831742
1.568950 2.921350 -0.901208
0.160831 1.875311 2.446800
3.096721 2.049969 2.322334
3.457479 0.696594 2.117926
1.372123 3.366257 1.552334
3.357457 0.394263 2.114520
3.304415 1.614690 2.298964
2.313233 3.395804 1.088781
3.257584 2.713739 1.412366
-0.051826 1.917934 2.226557
3.543005 1.276496 2.073018
2.502393 2.934664 2.000993
-0.069508 0.734180 2.333792
1.783963 3.336755 -0.243806
0.961089 2.556465 2.511203
2.246654 3.053305 -0.591727
1.199943 3.283633 1.686809
1.931862 2.000008 2.898355
2.516991 2.776883 2.183489
3.457431 0.358322 1.959130
3.811804 0.548630 1.347549
2.643498 2.287519 2.515747
0.290705 1.567984 2.637751
1.110494 1.872596 2.912062
2.703012 2.706163 2.132217
-0.042406 1.667710 2.336635
2.133742 2.744345 -0.996877
0.563993 2.364145 2.464275
2.747261 1.624334 -1.338720
0.081683 1.150281 2.525041
2.131155 2.475016 2.607619
2.447168 3.083705 -0.419682
3.338320 0.007853 1.853290
2.480549 2.462065 -1.091416
3.293776 2.281383 1.941541
2.985606 2.456167 2.136157
3.747680 0.631306 1.589044
-0.427267 1.567530 1.865239
2.995587 2.895373 1.539988
2.360430 3.268937 1.494373
1.932886 3.007913 2.157223
3.181570 2.551126 1.808944
2.513660 3.342109 0.955961
0.597454 1.576193 2.811668
0.257782 0.440504 2.522633
0.315315 0.597211 2.616580
1.725833 3.214682 -0.494590
3.018038 1.525387 2.576079
0.821515 1.538937 -2.471846
0.335385 0.768136 -2.724665
0.935512 0.560416 -2.896287
0.435900 1.800696 -2.009207
0.920806 1.023394 -2.792524
1.390579 1.527111 -2.437469
0.962500 0.284964 -2.895875
0.406965 1.612900 -2.254133
1.880913 1.669862 -1.948851
1.714468 1.339849 -2.446975
1.822757 1.786537 -1.790688
1.557924 1.147729 -2.639618
1.276197 1.293600 -2.639515
0.599350 1.896032 -1.936050
1.310242 0.633256 -2.863183
0.743135 1.272567 -2.652456
1.211054 1.039811 -2.775575
1.778756 0.513039 -2.713764
0.937845 1.970298 -1.892260
0.970391 1.282764 -2.670462
1.161031 2.014594 -1.762855
1.731903 -3.506782 -1.390574
2.452900 -3.439580 -0.966241
2.871668 -2.976419 -1.657292
0.872403 -2.065540 -2.329800
2.720664 -2.882237 -1.946095
0.415321 -1.852220 -1.884926
0.381543 -2.187343 -1.781815
1.778294 -2.874446 -2.305431
2.040223 -1.709862 -2.599596
2.312737 -3.429903 -1.383144
1.275710 -3.459656 -1.212442
1.922688 -3.302630 -1.845231
0.497270 -2.746000 -1.553979
0.844454 -2.829575 -1.950078
1.493957 -3.470966 -1.414632
0.792575 -2.328951 -2.209633
1.559895 -3.550193 -0.958482
0.265253 -2.035949 -1.594959
2.147144 -3.164643 -1.984073
1.168949 -1.588218 -2.469982
1.404193 -3.234286 -1.866722
2.311398 -3.483050 -1.107608
1.679639 -1.874777 -2.620474
2.520256 -2.742657 -2.204412
0.960668 -1.729556 -2.387576
4.463200 -0.206252 -1.478070
4.355325 -0.270339 0.387482
4.395073 0.216537 -1.126643
3.894173 0.729633 -0.702286
3.752602 0.077025 -1.949587
3.718012 0.601445 -1.420132
4.327686 -1.303781 -1.667498
3.328946 -0.282038 -2.234911
4.292370 0.422476 -0.854149
4.695390 -0.618122 -0.079001
3.878766 0.518575 -1.419856
4.087037 0.539494 -0.193947
3.966079 0.654812 -0.314831
4.501338 -1.354389 0.104998
4.605006 -0.186119 -0.107339
4.422244 -0.545624 0.398565
3.350864 -0.465917 -2.275618
4.446315 0.268815 -0.663052
4.752363 -0.741473 -1.023499
4.617051 -1.094409 0.040644
2.602713 -2.869763 1.685556
3.825271 -1.492339 1.399462
1.591650 -2.839651 1.504054
2.171020 -2.433675 2.122822
2.752278 -2.430256 2.055402
2.687680 -0.850561 2.186796
1.057303 -2.415747 1.427717
3.210261 -2.750274 1.428014
1.662113 -2.747316 1.687097
1.580659 -3.014819 1.074155
2.733695 -1.920006 2.282547
2.016728 -3.175810 0.967703
3.258294 -1.150659 2.026581
2.651272 -1.173409 2.306262
3.222796 -2.247103 1.915421
2.461653 -0.764694 2.186871
2.878024 -2.036080 2.201550
1.914931 -1.494216 2.341303
3.047633 -1.407684 2.202332
2.679352 2.077709 -1.238081
3.856288 1.329919 -0.667273
3.585447 1.778637 -0.946547
3.797282 2.673466 0.576257
4.188947 1.652651 0.709008
4.077852 1.163490 -0.202904
3.397888 2.906442 -0.205614
3.651846 2.327486 1.374554
3.987126 2.186322 0.969404
4.035002 1.782333 -0.394249
3.723327 2.352449 -0.553185
3.286921 2.481460 -0.845046
3.548660 2.475204 -0.643748
2.784903 1.756676 -1.294398
3.577753 2.226074 -0.796311
4.077199 0.974622 0.715282
3.020195 2.290364 -1.084701
4.172507 1.249430 0.076834
-0.010920 3.111196 1.545749
-0.205184 3.012293 -0.024106
0.573095 3.539745 0.246933
1.148761 3.502470 1.296013
0.553319 2.786789 -0.713566
-0.626004 2.675034 0.943371
1.209622 3.589565 0.538132
0.206723 2.611224 -0.685394
0.741599 3.573408 1.131692
0.310220 2.680439 2.115210
0.962110 3.580029 0.301895
-0.279301 2.526888 1.789062
-0.440075 2.030044 1.754961
-0.488611 2.311209 1.626382
0.336187 3.501263 0.339939
1.368058 -0.026617 3.129438
1.657395 -0.691916 2.501951
0.350159 0.465584 2.597171
2.639386 1.540943 2.905458
0.963410 -0.504029 2.454317
1.470420 -0.595981 2.623982
1.613473 -0.150528 3.095573
1.107368 0.189424 3.144588
1.380679 1.047096 3.326524
2.902992 0.149412 2.735800
2.657508 0.772088 3.111857
1.291619 -0.550881 2.621219
0.638670 0.435231 2.927208
1.686598 1.014722 3.369424
1.725432 0.497549 3.361067
2.227217 1.126544 3.276480
1.995333 -0.042210 3.145147
2.321213 -0.670055 2.309260
2.170799 -0.398891 2.816175
3.064301 1.167712 2.663498
1.954906 0.938536 3.364818
0.707483 0.798566 3.032759
0.731015 -0.320868 2.470698
2.646295 1.070098 3.090205
2.998771 0.745313 2.815474
-3.668502 1.400139 -1.045792
-1.833044 3.283775 -0.043715
-0.524382 3.186261 -1.631781
-3.248723 1.025116 -2.210208
-2.043079 3.208468 -1.562540
-3.599559 1.347673 -1.439367
-2.226711 2.881295 0.482435
-1.032576 1.660216 -3.122053
-1.785204 1.650306 -3.082299
-2.751267 2.796871 0.015403
-2.195821 2.905470 -2.039099
-1.504059 1.094430 -3.205488
-3.572953 1.058897 -1.590120
-2.099954 2.998728 0.391113
-0.943123 0.691664 -3.168945
-0.222042 2.100434 -2.698718
-0.198757 2.488625 -2.408185
-0.696516 3.146551 0.272029
-0.035143 1.013605 -2.874867
-2.713295 0.990334 -2.747748
-1.866391 2.512384 1.055275
-0.667081 3.364842 -1.119403
-1.273683 0.034433 -3.001438
-3.244240 1.697906 -2.053606
-1.284067 2.845567 0.838786
-2.404274 0.224043 -2.782089
-1.742872 3.414050 -0.979825
-0.291558 1.196816 -3.001633
-2.231487 1.288861 -3.007680
-3.285924 1.897020 -1.852769
-0.838103 2.121045 -2.915673
-0.405601 2.871092 -2.119300
-3.000308 1.530544 -2.428988
-2.328909 2.218695 -2.631153
-1.377863 3.422876 -0.335396
-3.362211 1.893499 0.128874
0.422240 1.982322 -2.242454
-1.126833 2.251420 -2.885093
-0.541190 3.246712 -0.092766
-2.196293 3.281951 -0.635294
-2.554805 0.461402 -2.773788
-1.347946 2.993595 -2.224503
-3.511631 0.706221 -1.689672
-1.170714 0.942420 -3.212583
-1.560273 0.905195 -3.196841
-2.891744 2.493470 0.303302
-2.368847 0.478091 -2.886010
-1.622517 0.341040 -3.090111
-2.430691 0.873136 -2.920256
-2.919598 2.196480 -2.152694
-3.181704 2.534818 -0.988988
-0.982104 2.997301 -2.190264
-3.120235 2.296270 0.179998
-3.246277 2.440963 -0.530761
-3.341740 0.775511 -2.045535
-1.111790 2.961787 0.689621
-1.991916 -0.101742 -2.812929
-3.195595 0.425045 -2.151041
-2.538210 2.097211 -2.573185
-2.132323 1.443876 -3.024803
-0.976786 3.387919 -1.320094
-3.647223 1.049514 -1.334874
-3.313207 2.078249 0.042974
-2.066506 2.762433 -2.304170
-1.631257 3.166900 -1.900197
-2.716277 2.633972 0.350878
-0.970738 2.802221 -2.426766
-1.944815 3.373614 -0.763957
-1.215382 3.403672 -0.237735
-1.218155 3.363904 -1.482121
-3.145379 2.586858 -0.643803
-0.760103 3.308597 -1.474660
-0.301584 -0.282626 -2.654871
-1.142870 -0.365258 -2.797764
-0.462372 -1.853120 -1.894967
-1.335570 1.518140 2.181744
-1.061265 0.931111 2.461339
-1.155102 2.350407 1.358160
-0.428392 -0.601788 -2.633254
-2.488877 -0.786223 -2.354508
-0.800048 -1.684499 -2.157428
-0.772372 0.487085 2.539418
-1.653720 1.287819 2.274162
-2.152635 2.051044 1.483067
-1.646823 1.552639 2.119821
-0.503190 -1.652650 -2.103468
-0.647784 -1.452843 -2.301395
-0.660821 1.229351 2.283921
-1.588187 -1.942090 -1.910056
-1.151988 -0.835782 -2.679132
-2.110747 -1.035376 -2.429837
-1.109810 -2.427688 -1.202055
-1.810765 -1.163907 -2.463066
-1.235759 -1.723221 -2.163659
-0.632349 -2.265459 -1.397289
-2.577646 -0.535539 -2.382612
-1.067496 -1.401335 -2.400643
-4.213850 -1.521902 -1.364362
-4.028944 0.293516 2.403695
-3.460823 1.824932 0.283923
-4.435376 -1.896594 1.760345
-3.100686 -3.232740 1.015907
-4.092425 -2.778800 0.283519
-2.021450 -3.177367 1.443439
-4.872027 -1.017957 1.508010
-1.618187 -3.199431 1.091423
-3.924077 0.601103 2.310804
-4.683019 -1.506154 -0.731851
-0.973728 -2.982234 0.673241
-3.329886 -2.337407 2.389113
-4.338846 0.519426 1.935908
-4.942150 -1.435285 0.987239
-2.510424 -2.337367 2.603923
-4.526708 -2.313582 0.130515
-4.951634 -1.548402 0.666812
-4.589796 -1.749982 1.631771
-4.861014 -1.563828 -0.226681
-3.655188 1.737990 0.499805
-4.026968 -1.970436 -1.274631
-2.043625 -2.862282 2.030177
-4.975139 -1.321823 -0.058629
-2.467351 -2.979836 1.890588
-3.562637 1.474252 1.654953
-4.645299 -2.175580 0.609628
-3.919540 -2.885486 0.100589
-3.302022 1.812810 1.098568
-4.175417 1.109323 1.480279
-2.491939 -1.363407 -2.167105
-4.428417 -1.899777 -0.847669
-3.810353 -1.962313 -1.461907
-3.636143 -3.041018 0.911884
-4.527536 -2.203064 1.136165
-3.400960 -2.667188 2.000144
-1.870052 0.844798 2.661238
-4.624464 0.110931 1.795799
-3.614899 0.750386 2.429682
-4.339779 -0.118470 2.271749
-3.639501 0.641126 -1.568344
-2.629052 -2.728375 2.219000
-3.035853 -0.600703 -2.180202
-4.613335 -1.497416 1.783547
-2.264501 -3.008549 1.840078
-3.969243 1.444079 1.118894
-2.853751 -2.517907 2.398507
-5.037630 -1.264996 0.346462
-5.018623 -1.279465 0.150651
-1.162765 -2.454009 2.106483
-2.237597 -1.821870 -1.998172
-2.933427 1.814880 1.427862
-2.695203 -3.242321 1.281423
-5.050721 -1.196913 0.601981
-3.873424 -1.870267 2.394494
-2.336205 -3.224325 1.387324
-4.185816 0.739819 1.936687
-4.418429 -2.465958 0.649248
-2.801654 -2.824717 2.064403
-3.260939 -2.479079 2.291278
-4.842453 -0.473275 1.613015
-4.099485 -2.450334 -0.673764
-4.280589 -1.644469 2.150436
-1.859082 -2.237745 -1.697279
-3.753101 -0.534560 2.808273
-3.473525 1.795246 0.072008
-4.126089 -0.247101 -1.587938
-4.178945 1.196731 1.302583
-3.443297 -2.888996 1.620995
-3.941884 1.550545 0.702406
-4.038169 -2.126230 2.054940
-2.963439 1.082408 2.460979
-4.191541 -2.218560 1.777434
0.328909 -1.732115 2.296573
-0.236159 -2.217256 1.958928
0.505537 -2.342464 1.729553
-0.350580 -2.826665 0.938537
0.295881 -2.384113 1.743765
-0.434590 -2.767658 -0.622213
0.075562 -2.854519 -0.433645
-0.195418 -1.662407 2.369174
-0.012605 -0.824041 2.638924
-0.165222 -2.793719 -0.626294
-0.847125 -2.726527 -0.430198
-0.542754 -2.902808 0.166169
0.991305 -1.441465 2.211812
-0.527039 -0.623660 2.612840
0.208347 -2.282147 1.878270
0.508837 -2.599170 1.345732
-0.223960 -0.391877 2.650558
-2.573832 -3.034315 -1.246303
-1.311724 -3.166721 0.720342
-1.971804 -3.045608 -1.184979
-1.926478 -3.538595 -0.154528
-2.963228 -3.509853 -0.107802
-1.742850 -2.679483 -1.403494
-2.087649 -3.553512 -0.257425
-1.304906 -3.171411 -0.467749
-2.846448 -3.447590 0.741645
-1.302384 -2.616111 -1.176721
-3.478934 -3.236463 -0.207483
-2.776139 -3.565920 -0.042442
-1.829676 -3.516358 0.351144
-3.081326 -3.474000 0.279613
-2.315034 -2.872618 -1.399175
-1.177141 -2.940760 -0.707704
-1.621972 -3.000166 -1.068443
-3.437919 -3.285900 0.305939
-2.180566 -2.584297 -1.574262
-2.324936 -3.601820 -0.085646
-3.845644 -2.931883 0.001750
-1.086460 -2.756214 -0.821217
-1.617601 -3.424872 0.433115
-4.892975 -0.775891 -0.723749
-4.827532 0.861636 -0.358381
-4.734841 -0.148717 -1.113441
-4.936351 -0.939225 -0.485854
-4.172425 -0.083053 -1.547788
-4.828025 0.939995 0.469530
-5.065385 -0.677823 -0.394893
-5.096329 0.433506 -0.118653
-4.365300 1.402609 -0.073111
-4.642882 -0.528017 -1.164552
-5.122052 -0.754537 0.298060
-4.390599 1.338502 0.602358
-4.830009 0.280578 -0.903368
-5.117243 0.432728 0.202862
-3.945504 1.521683 -0.461689
-3.161277 0.057109 3.094162
-2.236387 -1.473453 3.289124
-2.733685 0.050522 3.262821
-2.834794 0.679402 2.785739
-3.569328 -0.480325 2.977118
-0.729451 -0.833507 2.616176
-1.985339 0.291379 3.160460
-2.107130 -0.224204 3.392555
-2.145546 -1.303618 3.350044
-0.973435 -1.160111 2.831363
-3.184130 -1.566324 3.006498
-2.630113 -1.586146 3.205550
-1.522570 0.000830 3.149932
-0.846989 -0.696842 2.780320
-3.529872 -1.216742 2.926468
-2.725317 -1.958638 2.916419
1.125202 -0.621036 -2.869352
1.765451 2.069725 -1.937327
2.036545 1.830403 -2.083028
4.345792 -1.136417 1.335949
3.765867 -2.839347 -1.629151
3.552305 -2.934993 -1.736553
2.263050 -3.822584 -0.456363
1.387311 -1.378345 -2.874159
3.556066 -3.322558 -1.020000
4.404806 0.154840 0.585009
1.942543 -3.737031 0.393844
4.545408 -1.852149 -1.349735
4.353500 -0.324053 1.119822
3.852271 -3.041962 -1.170951
3.783133 -2.484046 -1.972988
3.638665 -2.271559 -2.242973
3.480557 -3.154145 0.933566
2.664709 -0.754100 -2.927685
1.293838 -3.011844 1.463467
4.420663 -1.372612 1.206518
3.637076 -0.808860 1.983080
2.130093 -1.634739 -2.948107
2.288611 -3.756980 -0.893156
2.601332 -1.871627 -2.852573
4.824981 -1.565437 -0.004194
4.406430 -2.636321 -0.389332
1.129328 -1.266088 -2.792650
2.119162 -0.821695 -2.983626
4.123033 -2.938814 -0.717268
2.904457 -1.697169 -2.828009
2.038147 -0.175760 -2.830850
2.905992 0.028966 -2.632966
0.374911 -3.002593 0.521095
4.028692 -1.687150 1.608659
3.712464 -0.661248 1.906739
2.622800 -2.246737 -2.706322
4.280513 -1.548008 1.363765
1.828638 -1.693143 -2.915681
1.906205 -3.453851 1.078514
2.658705 -1.653098 -2.897018
1.935067 -3.813568 -0.074617
3.275973 -2.736094 -2.151286
4.597589 -0.219611 0.527356
2.743256 -3.687942 -0.920799
4.095642 -2.994311 0.025296
4.853061 -1.320305 0.017488
4.222730 -2.565171 0.729060
3.477120 0.018217 -2.372846
3.537992 -1.747274 -2.534685
2.466812 -1.406612 -2.965332
4.093050 -2.427431 -1.663941
4.007647 -2.237514 -1.923900
0.820897 -3.444494 0.125780
1.730775 -3.562933 0.816854
0.969114 -3.556901 -0.309670
4.396423 -2.087844 -1.475111
2.033575 -3.573986 0.866969
2.281258 -3.784691 0.201666
1.855806 -3.800868 -0.541647
3.582260 -3.011670 1.044951
2.032510 3.842742 0.776071
0.787703 2.548003 2.886788
1.609699 3.856545 0.357860
1.371601 3.836159 1.108571
2.579761 3.451086 -0.393849
0.519992 1.802019 3.106027
0.107829 2.425008 2.580791
1.638904 3.449121 -0.768661
1.735566 2.717103 -1.528286
1.783233 3.822370 0.180492
4.287374 1.294149 1.126819
2.884785 2.374271 2.765506
2.389228 3.444409 1.943319
0.305218 1.170123 3.085761
0.937169 2.485976 -1.581214
2.201866 3.617826 -0.298539
4.195814 1.028087 1.514901
1.828072 2.179040 -1.814588
2.105649 3.520760 1.947041
2.337087 3.239103 -0.894222
2.560787 3.663126 1.152518
2.477033 2.264059 -1.630326
1.774274 3.802805 1.307452
2.955025 3.384054 1.483580
-0.413979 2.002822 2.311283
1.756991 3.491449 2.085384
3.230690 1.507587 -1.456040
2.315904 2.597949 2.891693
2.582851 1.845384 3.139757
0.907999 3.339123 -0.771116
3.062370 3.452016 0.591998
3.995996 1.077858 1.990960
2.791245 2.326357 -1.454247
1.354079 3.865863 0.660339
4.109161 0.224954 1.204459
1.907499 3.840820 0.368044
3.937483 1.609538 2.020973
3.131875 2.311512 2.629398
2.338755 3.770848 0.874450
3.960224 0.297117 1.750612
3.474193 0.273974 2.463953
3.313479 2.960431 1.805570
3.006107 3.452092 0.282511
2.075053 3.027355 2.615348
0.990061 2.692057 2.856574
1.024769 3.600152 -0.350448
1.414156 1.940194 3.294513
-0.127700 1.564637 2.753253
1.995875 3.835567 0.969967
4.099540 1.853366 1.528497
1.228365 2.179054 3.189157
3.183420 1.207466 2.911184
2.771576 3.425230 -0.250117
-0.117729 2.600177 2.229330
-0.372910 0.803874 2.529720
0.496068 1.576730 3.144537
3.140793 2.835581 2.188074
3.073952 2.100471 2.782662
1.681110 3.876633 0.687191
2.195386 3.795841 0.396116
1.792254 3.702366 -0.245894
1.051329 3.457732 -0.645754
2.399365 3.686498 1.307055
1.542058 2.705771 2.932108
2.295159 2.395334 -1.625245
1.217828 3.803528 0.198427
2.989134 2.502497 2.613372
1.775054 2.473597 -1.677938
1.641634 2.513619 3.054165
-0.287594 1.614999 2.595715
1.742059 0.560660 -2.992577
-0.112247 -0.171188 -2.660624
1.645155 1.039643 -2.929036
1.175273 2.106855 -2.145007
0.745562 1.228472 -2.949507
1.359933 -0.367479 -2.933263
0.283821 1.156324 -2.846105
0.891210 1.810387 -2.553291
1.825392 1.535602 -2.564303
0.226250 0.193928 -2.960085
1.117504 0.379639 -3.139104
0.280274 -0.272702 -2.853976
0.413021 -3.139106 -1.367130
1.991601 -3.105483 -2.419093
2.325027 -3.701243 -1.310083
2.494242 -3.004648 -2.348742
0.239319 -2.061997 -2.039436
1.842982 -3.764932 -1.351041
2.143025 -3.235755 -2.271705
2.087997 -2.061457 -2.836941
1.824908 -1.965693 -2.863784
0.586884 -1.891674 -2.427399
1.245405 -3.699558 -1.246741
-0.006372 -2.379502 -1.339105
0.393700 -2.304845 -2.175891
1.957809 -3.318182 -2.218255
0.897547 -1.788872 -2.633099
0.106228 -2.733278 -1.225273
0.326976 -2.989519 -1.476629
2.411445 -2.846215 -2.496129
0.911580 -3.141462 -2.091677
1.572596 -3.619816 -1.741704
0.669382 -2.623965 -2.305612
0.731416 -3.342679 -1.588788
2.251044 -3.094704 -2.371966
1.060971 -3.056889 -2.273598
4.645836 0.098897 -1.421943
4.800076 -1.166622 -1.467444
4.116887 -1.104931 -2.240145
4.658137 0.277849 -0.149923
3.968549 -0.205058 -2.267420
4.145360 -0.115673 -2.126564
4.646797 -0.158568 0.355643
3.788366 0.647293 -1.760213
4.851050 0.046940 -0.459810
5.018436 -0.497184 -0.576262
4.557160 -1.666954 -1.525600
4.392238 -0.655912 -2.069802
4.503574 0.440971 -1.208647
4.313347 0.743326 -0.652563
4.315799 -1.084953 -2.101941
4.806623 -0.356409 -1.456953
4.909696 -1.442654 -0.561899
4.366865 0.671208 -0.922058
1.689208 -2.650990 2.149335
3.539500 -2.557895 1.756385
2.438755 -3.298572 1.463021
3.117366 -2.667596 2.024901
2.089415 -3.302874 1.437907
3.627084 -1.531510 2.089334
2.639272 -2.457795 2.356846
3.935219 -2.013435 1.586090
3.288108 -1.593499 2.348628
2.347560 -2.737253 2.205844
2.286011 -1.917233 2.588275
2.203421 -2.440824 2.398763
2.241412 -2.115507 2.536633
2.753918 -3.331247 1.223569
2.799223 -1.686188 2.552810
1.649705 -1.252012 2.490609
3.679935 -2.089550 1.917735
3.404106 -2.348242 2.049279
2.734411 -1.970484 2.524744
3.017546 -2.538522 2.178365
1.520537 -2.169603 2.345468
2.046651 -2.571125 2.306058
3.403708 3.113282 -0.401326
4.303452 2.175622 0.848062
3.774045 2.962747 -0.139297
3.790319 3.026545 0.197119
2.897732 2.976094 -0.903060
4.458472 1.753080 0.301267
4.339060 2.117698 -0.065812
3.842877 2.608501 -0.608148
3.396213 1.897895 -1.332780
3.500930 3.122780 -0.251499
3.651198 3.105369 0.016736
3.988029 2.077997 -0.806029
4.321011 2.253039 0.638161
3.889613 2.763464 1.040947
3.502149 3.226009 0.555549
-0.056092 3.516649 1.324035
-0.555326 3.226081 0.870019
0.493818 3.829128 0.856829
0.048561 3.346456 -0.322485
0.120669 3.402039 1.719431
-0.388840 2.698924 1.949611
-0.757462 2.596406 1.493497
-0.456423 3.190478 0.086532
1.028235 3.852022 0.942906
0.442214 3.703249 0.048611
0.493240 3.796950 1.084900
0.779339 3.749842 0.040168
0.170724 3.658312 1.242722
-0.765728 2.812651 1.221887
0.675934 3.778506 1.269673
0.754614 0.407620 3.311201
2.275936 1.589207 3.364483
1.923259 1.729582 3.367412
2.407497 1.116475 3.474681
0.520799 0.009395 2.972015
2.526337 -0.378873 3.013387
1.186545 -0.685459 2.810090
2.834954 1.176992 3.232226
0.901497 -0.315625 3.038115
1.537144 -0.724097 2.875427
2.256966 -0.745148 2.742571
1.676908 0.412780 3.588466
0.648903 -0.127859 2.996881
1.741328 0.808762 3.625802
1.695629 -0.099166 3.409549
2.023336 -0.046483 3.412700
2.128115 1.053806 3.566613
1.479566 0.325152 3.551992
1.290807 -0.317404 3.212746
1.277948 0.629124 3.563479
0.550939 -0.335917 2.716025
2.961296 1.382183 3.060027
-2.444783 3.495832 -0.523090
-1.033480 3.292457 0.741325
0.503449 2.817631 -1.848960
-3.852823 1.956325 -0.876449
-2.527719 3.087533 0.523345
-1.065266 3.762434 -0.764284
-2.256288 2.443831 -2.916374
-0.301258 -0.024396 -3.110475
-3.161990 1.505870 -2.712301
-3.525424 1.497727 -2.275326
-1.895508 3.517467 -1.754886
0.353981 2.388512 -2.513545
-3.070134 2.972351 -0.062891
-3.608417 2.190481 0.064248
-1.841289 1.966263 -3.294934
-2.231438 2.937602 0.934772
-1.321406 0.438845 -3.454676
-1.360006 1.409786 -3.493674
0.248697 3.281087 -1.113681
-0.932809 3.256778 -2.343318
-1.050760 3.699257 -1.363241
-3.957425 1.320673 -1.260468
-0.700538 3.672875 -0.345936
-0.160315 1.610022 -3.214726
-0.985337 1.306656 -3.491374
-1.989619 3.346989 -2.062847
-2.881080 1.606228 -2.927225
-3.366744 1.689900 -2.426372
-3.028287 2.340867 -2.433213
-0.503755 0.925329 -3.406509
-1.890275 2.208915 -3.179027
0.043105 2.140208 -2.910203
-2.537274 2.911808 0.757232
-3.383936 1.464383 -2.478097
-2.154927 1.553408 -3.324074
-1.536835 3.380100 0.600382
-2.969659 3.184217 -0.713129
-1.917411 3.690735 -0.631904
-0.729115 3.683989 -1.192121
-1.832674 2.497535 -3.029458
-3.399543 2.408109 -1.833602
-2.590957 2.722656 -2.491726
-3.740213 2.208261 -1.003290
-0.709720 0.861290 -3.455356
-3.243802 1.810805 -2.522649
-2.340587 3.526090 -1.173093
-2.605298 0.369068 -3.082891
-1.423107 3.226298 0.846887
-1.331406 3.637527 -1.626617
-3.585768 2.504315 -0.740859
0.205865 1.794756 -2.953918
-2.904089 0.983960 -2.984713
-2.391595 3.489009 -0.312232
-2.033764 3.419511 -1.892977
-1.517179 2.169864 -3.262687
-2.320748 0.575883 -3.272372
-2.246033 2.900216 -2.536722
-3.810006 1.143311 -1.816444
-3.497205 2.488985 -0.115684
-1.205837 2.823064 1.284727
-1.024319 2.881390 1.218116
-2.081737 3.637589 -1.041218
-2.942873 3.107205 -1.432908
-2.175785 0.793222 -3.358021
-1.091278 3.523827 -1.905235
-3.055247 0.049537 -2.617048
-3.860472 1.930211 -0.656587
-1.617460 3.016449 -2.640474
-0.081515 2.764637 -2.534322
-3.594845 0.673348 -2.194938
-3.322540 2.126520 -2.239031
-1.718163 3.595892 -1.640952
-1.431270 -0.338433 -3.146179
0.239131 2.562846 -2.472381
-2.950416 2.560371 0.752306
-2.523417 1.493249 -3.177471
-3.426768 2.674867 -0.360373
-2.690850 1.625757 -3.052149
-0.571403 2.400007 -3.047957
-0.346725 1.893228 -3.209794
-0.660730 3.084018 -2.489148
-2.761580 3.257170 -1.373591
-3.510369 2.081473 -1.971370
-2.226434 3.373690 0.271895
-1.745536 0.809313 -3.471085
-3.902310 1.515156 -1.392674
-0.353194 1.403340 -3.333064
-1.842538 3.378106 0.510016
-0.523464 2.837370 -2.699587
-0.405086 3.079784 -2.378864
-0.309773 3.381088 -1.805822
-2.186210 3.611966 -0.644271
-1.155115 3.432319 0.527722
-1.061767 1.477774 -3.475929
-0.479978 3.413611 -1.875458
-2.018897 3.444153 0.279391
-1.377071 2.932483 -2.753176
-2.107618 1.318140 -3.376570
-0.292396 3.228847 -2.088526
-2.016664 2.952641 -2.590958
-0.752709 3.243039 -2.312202
-3.434501 0.650184 -2.424418
0.024072 1.604718 -3.122393
-0.332527 1.190988 -3.347298
-2.763440 1.367911 -3.058296
-0.775966 -1.025064 -2.940238
-1.698026 -1.629154 -2.613814
-2.535815 2.391037 1.360480
-1.041942 -1.393989 -2.798481
-0.860313 -2.753050 -1.259913
-0.917251 1.425204 2.612515
-2.427726 2.167912 1.740934
-1.842928 -0.548106 -3.041937
-1.426877 -1.160166 -2.908520
-0.944128 -0.910783 -3.001685
-2.513412 -0.264778 -2.858665
-0.663573 0.356613 2.885149
-0.931994 0.772755 2.851664
-2.962319 2.326471 0.959061
-2.393764 -0.411854 -2.891426
-1.296168 -0.821166 -3.040468
-0.251202 -0.730659 -2.909841
-0.465258 -1.053963 -2.863823
-3.024887 -0.137831 -2.563554
-2.326549 2.015094 1.959386
-1.402070 -2.453646 -1.842215
-1.897162 2.383244 1.758073
-0.250267 -0.542222 -2.956231
-0.484209 -0.628061 -3.005105
-1.456605 1.787036 2.402920
-1.505406 -2.152999 -2.201254
-0.959789 -2.054923 -2.307690
-2.275189 2.366407 1.593378
-1.843315 -1.768350 -2.479277
-2.286262 -1.562711 -2.468348
-1.652701 -0.725226 -3.034945
-0.921412 -1.684294 2.946994
-3.868708 -2.897511 -1.021049
-3.566311 1.758572 1.904223
-4.220277 -1.798390 -1.712774
-0.742646 -3.231219 0.160877
-4.018366 -3.047360 -0.558326
-4.035252 -2.337222 2.424401
-3.561137 0.276921 -2.202695
-3.266876 1.586200 2.333410
-3.478995 -3.026665 2.074336
-0.578127 -2.978801 1.327567
-5.204144 -0.254060 1.579778
-5.381864 -0.540289 1.072663
-4.052996 -0.291444 2.998945
-0.787515 -1.820501 2.800789
-4.758878 -2.009396 1.851356
-4.877038 -2.300645 -0.242603
-5.407067 -1.141949 0.339230
-4.386260 -2.743338 -0.567346
-2.964963 0.921746 3.010335
-4.752901 -2.543934 -0.032896
-4.445642 -1.251984 2.647071
-4.842332 0.437755 1.913011
-3.706578 -1.915248 2.922908
-2.159451 -3.494946 1.608583
-1.206132 -2.792308 2.319410
-3.499165 0.702369 2.959996
-0.574040 -2.629500 1.953583
-3.631221 -0.593268 -2.334104
-3.747926 2.061020 0.713867
-4.234327 -3.106133 0.406266
-3.807420 0.009291 3.084457
-5.176859 -0.798266 -0.788817
-4.844367 1.053087 1.061416
-5.095747 -1.146038 -0.879328
-2.870181 -3.380971 1.789811
-3.056152 -3.633789 0.802728
-1.104079 -2.127684 2.824068
-4.950048 -0.995213 -1.178116
-4.048074 1.809158 1.144403
-3.747226 -0.976008 3.183688
-4.390285 0.101732 2.641201
-2.159029 -3.367781 1.882006
-4.183840 -0.719897 -2.015658
-2.043415 -2.429571 -2.017933
-5.096478 -0.916195 1.859471
-1.724803 0.859027 3.028366
-2.936885 1.322078 2.718956
-4.109584 -2.487894 2.215647
-4.535382 -2.011355 -1.254434
-4.871494 -1.371809 -1.180574
-4.466780 -2.900016 0.689510
-1.590092 -2.135684 3.024337
-1.223040 0.416631 3.074548
-2.711195 -1.122657 -2.548217
-4.042557 -2.149667 -1.643194
-1.602841 -2.554857 -1.817434
-5.083169 -1.753371 1.415633
-3.190957 1.973592 1.779439
-4.526716 1.248575 1.514316
-4.463892 -2.462308 -0.891443
-4.580932 -1.428843 2.452417
-3.177620 -1.249251 -2.437886
-4.467781 -1.546121 -1.603700
-4.060454 -1.193563 2.967248
-0.721120 -2.248899 2.482649
-4.385953 1.512773 1.242179
-4.184751 -0.414507 2.923158
-4.042399 -1.014116 3.010094
-2.473493 0.882199 3.097326
-3.364542 -3.486029 1.141338
-4.614709 -2.764925 0.452010
-2.275279 -2.132344 3.144687
-4.376580 -2.982926 0.253766
-4.177348 1.288741 1.986341
-4.749571 -2.220175 -0.709784
-2.488656 1.605796 2.505903
-2.289635 -3.643469 1.166578
-2.865247 -2.154241 -2.171146
-2.082556 1.240429 2.833140
-4.508613 -2.171058 -1.152138
-3.635831 -0.190148 3.212507
-4.874313 0.083666 2.075763
-3.672783 -0.872908 -2.308619
-2.462676 -2.175003 3.122199
-2.739694 -2.988937 2.422576
-3.993023 -3.243835 0.078251
-3.435119 -2.866968 2.311516
-4.023347 -3.007687 1.559635
-1.903038 -2.245282 3.037314
-2.999457 -2.299876 -2.054412
-1.492864 -2.636510 2.625643
-5.421658 -0.565297 0.835475
-1.119992 -2.376815 2.659942
-5.070351 -1.821041 -0.450817
-0.874328 -2.965422 -0.880361
-3.618264 -3.042519 1.945681
-3.707202 -0.796084 3.217608
-5.249934 -1.206503 -0.474500
-2.664169 0.861208 3.096393
-5.063932 -1.999448 1.109269
-4.966640 -2.059112 -0.417324
-1.679055 -3.489054 1.410531
-3.340592 0.445427 3.146234
-4.714499 0.423118 2.119833
-4.910931 -2.051142 1.497938
-3.196207 -1.048729 -2.465919
-1.854227 -3.191045 2.107379
-4.132535 -1.064356 -2.021137
-4.957269 -1.278743 2.003404
-2.275689 -2.750018 -1.779159
-2.895700 -2.816188 2.578820
-3.581156 -2.804981 -1.374979
-3.682200 -0.079295 -2.248672
-2.944884 0.770024 3.103174
-2.931745 -1.526842 -2.425550
-1.463610 -3.263165 1.792709
-3.176346 1.475648 2.496440
-3.985602 -3.176372 1.176389
-3.585812 2.147031 0.408856
-4.335992 0.415548 2.555434
-2.646759 2.152624 1.618654
-1.032165 -3.348399 1.046077
-3.987232 -3.266560 0.676927
-5.053394 -2.024724 -0.179645
-4.359871 -2.908276 1.130350
-0.847284 -3.201115 -0.298756
-0.958018 -3.187720 -0.525842
-0.706797 -1.183315 2.965570
-2.820023 -2.470325 -1.974057
-5.216660 0.209697 1.224401
-4.950189 -1.194881 -1.124950
-0.582385 -0.244632 2.900113
-0.641424 -3.144187 -0.284982
-0.316841 -3.101168 1.094523
0.394567 -1.731727 2.635027
0.135244 -0.684391 2.950226
0.647175 -1.566370 2.650831
-0.420351 -2.315516 2.259537
0.254793 -1.261507 2.840112
-0.110104 -3.196255 0.786067
-0.313114 -2.711132 1.844677
-0.464471 -3.000636 1.307053
-0.246895 -3.010248 -0.888561
-0.480734 -3.042502 -0.744783
-0.090671 -0.229804 2.947502
0.815948 -1.988517 2.358211
0.973415 -1.550835 2.536579
0.375695 -2.927867 1.444600
0.090891 -2.492860 2.114097
-0.202022 -2.236844 -1.897888
-3.324792 -3.165886 -1.154436
-3.011551 -3.557863 -0.776412
-3.241752 -3.584549 -0.477957
-3.388013 -3.350443 -0.839087
-1.826621 -2.968242 -1.538009
-1.901720 -3.551377 -0.876106
-3.780692 -3.210282 -0.526333
-1.993523 -3.380738 -1.176399
-1.962239 -3.647662 -0.703250
-1.523449 -3.588702 -0.463265
-2.846467 -3.484655 -0.999835
-2.516676 -3.406780 -1.193820
-3.686410 -3.390388 -0.179204
-1.890653 -3.730295 0.636974
-2.213210 -3.846099 0.153614
-1.617833 -3.669866 0.529817
-1.580722 -3.680775 -0.152586
-1.618140 -3.509226 -0.770227
-1.523948 -3.318459 -1.019688
-2.103466 -3.724493 -0.564715
-2.105790 -2.953379 -1.617905
-3.392792 -3.001806 -1.276154
-4.224727 1.322724 -1.090319
-4.604489 0.214513 -1.515880
-4.867053 0.947945 -0.809703
-4.429567 1.318707 -0.913593
-5.299154 0.112411 -0.598532
-5.405735 -0.027876 -0.284176
-5.391103 0.297714 -0.076366
-5.207877 0.747912 -0.241761
-5.249853 0.718444 -0.068483
-5.148891 0.896432 -0.134356
-4.935892 0.694602 -0.946783
-4.755352 0.657674 -1.199404
-4.928123 1.236704 0.255049
-4.918046 0.373185 -1.159084
-5.279084 0.502739 -0.366633
-4.946995 -0.233094 -1.234082
-5.229723 -0.601392 -0.706440
-0.966243 -0.394905 3.203996
-1.394726 -1.363234 3.374003
-3.056465 -0.969712 3.547884
-2.089221 -0.719033 3.688222
-1.734554 -0.838417 3.615635
-2.383528 -0.697331 3.698873
-1.318241 -0.529549 3.451252
-2.524422 -0.233310 3.641634
-2.162284 -0.454141 3.682414
-1.857488 -0.099615 3.568765
-3.283573 -0.402958 3.448786
-0.972407 -1.030012 3.198544
-2.664190 -1.659178 3.435667
-2.831472 0.085099 3.490220
-2.076910 -1.256827 3.609671
-1.849331 -0.605788 3.648310
-2.764637 -0.884923 3.642776
-2.909941 -1.748858 3.322582
-1.854911 0.207755 3.452873
-1.986869 -0.987717 3.653825
-2.209658 -1.466928 3.551002
-3.257433 -0.000121 3.357660
-2.901703 -0.177816 3.555306
2.137721 1.804758 -2.533259
0.171913 -1.454745 -2.709059
1.700083 2.186701 -2.343117
1.161000 -0.656170 -3.210967
3.224156 1.384928 -2.053952
1.955539 -0.051661 -3.186487
2.499017 1.097398 -2.774523
0.362904 -1.541114 -2.724979
2.335836 1.153772 -2.829889
2.753390 -3.534651 -2.048872
1.295148 -1.351031 -3.205374
3.381197 -0.758147 2.503176
1.813745 -2.254938 -3.096268
1.718375 -3.371357 1.735414
4.230162 -1.849549 -2.405567
2.347787 -3.974207 0.781888
4.541927 -0.763314 1.606851
2.854204 -3.884087 0.809249
1.297016 -3.838233 0.808039
4.998004 -1.358337 0.831333
2.364992 -4.145328 -0.610624
0.776684 -2.526431 2.055679
0.593129 -3.727582 -0.020632
3.613729 0.447801 -2.473540
4.792951 -2.572946 -0.807239
3.999620 -2.851600 1.434882
3.503391 -1.305628 -3.020422
4.526092 -1.174688 1.656980
2.804961 -0.549520 -3.216905
3.695703 -3.595665 0.626776
2.881008 -3.967328 -1.102728
4.338670 -3.252869 -0.404877
5.157738 -1.534013 -0.706430
1.310732 -1.439752 2.642755
4.818738 -2.593847 0.004625
0.287153 -1.846044 -2.586731
4.682909 -2.838073 -0.249771
5.141650 -1.786954 -0.257340
4.163266 -3.164818 -1.337440
4.151205 -2.978851 -1.656759
3.710473 -3.685089 0.288863
1.146836 -3.624042 1.143375
0.771463 -1.277820 -3.002239
2.479053 -0.579500 -3.275646
4.782485 -2.460454 -1.085618
4.010768 -3.022321 1.228527
0.852818 -3.452261 1.196288
2.736968 -3.962814 -1.223486
3.438786 -3.555618 1.040870
3.584816 0.684937 -2.304843
4.006524 -2.512121 1.715669
1.981677 -3.487454 1.639685
4.942668 -1.930584 0.686920
1.954906 -4.161927 -0.383255
4.217362 -1.005485 -2.539657
1.764396 -3.982394 0.700947
4.672987 -1.725182 -1.909527
3.899344 -1.954062 -2.649428
2.983727 -3.476827 1.475999
3.550759 -0.968374 2.441423
4.144291 -0.490152 1.963808
3.556986 -3.745450 0.400061
4.546883 -2.403701 -1.686971
2.796022 -1.538162 -3.241165
2.266138 -1.552331 -3.305233
4.762476 0.269776 0.540834
1.452908 -2.068915 -3.098568
3.424050 0.936173 -2.168930
3.673643 0.259406 -2.557066
3.144343 0.507104 -2.682034
2.586150 -2.999767 -2.647839
1.824548 -4.056970 0.476087
4.664314 -2.721860 -0.973881
5.056103 -2.080497 -0.136508
0.247862 -3.380479 0.471625
3.434681 -3.865983 0.093723
4.192163 -3.273605 -1.016933
5.054247 -0.482476 0.480937
4.579275 -2.908082 -0.795762
5.019599 -2.036464 -0.839766
3.664572 1.082562 -1.790249
4.111670 -3.395832 0.287742
4.596967 -1.481343 -2.088904
3.547910 -1.581061 -2.964170
3.813004 -1.539972 2.258106
1.564966 -1.772119 -3.207521
0.988379 -2.609383 2.118640
2.472703 -3.841014 -1.623890
0.489340 -2.997311 1.458721
4.635883 0.596723 0.274543
2.987524 -3.893243 -1.243850
1.480954 -0.941659 -3.258771
3.391472 -3.707148 0.768476
3.741340 -3.639497 -0.956487
2.122394 -2.487056 -3.011884
3.436789 -3.407793 -1.844172
1.113894 -1.902588 -3.044590
1.064795 -2.917023 1.935650
5.116796 -0.567301 0.278357
3.908291 0.056976 -2.500837
0.576456 -3.245467 1.239147
2.928440 -3.631251 1.274617
1.138373 -1.538824 2.574074
1.277409 -3.535943 1.365701
3.863200 -3.647806 -0.404410
4.804176 0.342349 0.218699
-0.101931 -2.497230 -1.807497
-0.051738 -3.073872 -1.071651
2.995431 -4.039199 -0.568392
2.521617 -1.692386 -3.261258
1.219181 -4.022795 -0.314655
0.597098 -3.427476 0.969771
3.128996 -3.735055 0.958052
3.851966 -3.231188 1.133018
4.434311 -2.601018 1.119887
0.592632 -1.880824 -2.793500
4.014757 -3.289293 0.800784
3.204084 -0.954505 2.591950
3.731516 -0.093922 -2.698497
0.964932 -1.293129 -3.091397
2.504576 -2.349188 -3.055689
1.761451 2.133241 3.592618
2.090213 3.265034 -1.468552
0.406445 1.718921 3.455464
3.342795 3.522157 1.564488
3.232899 3.177137 2.320010
2.537451 4.004503 1.321075
3.632215 1.591984 -1.554232
0.758207 3.531272 -1.039180
0.403453 2.241936 3.293444
2.285348 4.049309 1.431024
2.759291 2.645295 3.108664
1.942609 1.906880 3.644116
3.841879 0.012297 2.442476
1.848716 3.651548 -1.059925
4.180379 0.317568 2.119765
0.110889 1.803982 3.287501
1.260191 4.147309 1.250529
2.204581 4.158410 0.691277
2.423474 2.317899 -2.014186
3.097290 2.412475 3.055002
2.369144 3.732803 2.162357
4.653497 0.891814 0.684122
1.558488 3.657340 2.460952
3.358644 -0.258221 2.766237
-0.148732 2.229115 2.963610
0.454976 3.543330 -0.836356
-0.343483 1.095918 3.055064
-0.381703 0.248395 2.838783
1.642542 4.196307 0.337142
1.450227 1.980134 3.639839
1.719912 3.962741 1.913969
3.224104 1.501924 3.270201
3.762275 0.623583 2.800043
0.261703 3.311421 -1.012425
-0.064826 0.415476 3.150894
4.190058 2.132673 2.012186
4.539164 1.817805 1.261412
0.737288 3.037081 -1.557047
1.973922 3.421832 2.721674
2.897744 1.664020 3.423462
1.281462 3.441609 2.707141
-0.185467 0.092017 2.937433
1.860583 4.067200 1.609303
3.240340 3.109215 -1.000913
1.203515 4.052671 1.602890
2.377413 2.405588 3.381633
3.074458 3.670004 1.641470
3.226114 3.735508 0.997945
0.983672 3.912189 -0.482602
2.098608 4.087462 -0.036035
0.678132 3.916321 1.642236
0.348621 1.292507 3.483381
2.133952 3.598735 2.464358
3.060571 3.776353 1.319326
2.274980 3.048224 -1.614520
3.421125 2.638368 2.664570
-0.241119 2.341389 2.830511
2.911386 3.783282 1.570338
-0.882639 2.251910 2.102737
2.246408 3.862024 -0.583739
4.553791 0.514686 1.201794
3.407882 3.135693 2.180130
1.752311 4.182986 1.131979
1.006520 4.150699 0.478939
3.645185 0.916408 2.964410
2.798829 3.613077 2.078450
3.270238 1.708934 -1.810899
0.207251 3.451285 -0.769496
1.116594 1.690236 3.669948
1.387479 3.648088 -1.068228
1.647847 3.856889 -0.744407
3.036935 2.639818 2.958535
4.664185 1.205808 0.639351
2.902023 2.428539 3.159544
2.206057 4.029022 -0.174143
-0.649884 1.725111 2.685652
2.515900 3.519153 -1.023275
3.165248 1.174604 3.328847
3.980673 2.623094 1.950650
2.696132 2.137228 -1.989349
-0.435494 1.775941 2.891355
-0.387044 2.577205 2.534983
2.003835 2.616643 -1.963598
1.761526 3.766073 2.288851
1.507095 4.182998 1.145543
1.475909 4.025550 -0.362938
0.004209 2.923586 2.615471
2.277660 2.715724 3.242843
0.974354 2.770300 -1.826458
0.142486 1.117010 3.384012
1.053793 3.862866 2.016276
0.175808 0.162648 3.212566
2.680683 2.800889 3.043133
2.330201 3.408846 2.638206
0.802329 3.796534 2.021561
3.952121 0.512402 2.550861
1.639004 2.684363 -1.955251
2.958464 3.649292 1.847162
-0.032895 0.124052 3.065495
4.618499 1.237879 1.222408
1.027061 4.149450 0.977529
4.311014 2.324496 1.521258
2.086539 3.824196 -0.725354
4.349936 1.603042 1.973660
3.521193 1.023900 3.078574
2.720155 2.752615 -1.664966
0.862042 3.960032 1.675517
3.428310 3.613346 0.793210
1.828073 2.922301 3.186502
0.648954 2.660351 3.184767
1.555398 2.702318 3.337584
3.350707 2.978184 2.429223
0.289397 1.529282 3.434104
3.711239 3.306683 1.252996
1.232794 4.173647 1.055836
3.555321 3.200248 1.874749
4.479515 0.685405 1.633650
1.907797 4.186750 1.007790
2.313006 3.485074 -1.159799
1.809346 4.156078 0.120584
1.028562 4.104540 0.107085
3.091166 1.900205 -1.873304
1.449472 3.399304 2.773673
4.282398 0.906994 2.156911
0.266265 0.553271 -3.247574
1.614041 0.304824 -3.292484
1.846947 0.531034 -3.211093
1.299831 0.926238 -3.305099
0.640027 1.494155 -3.066637
1.104346 1.265241 -3.212996
1.916404 0.924363 -3.119816
1.068228 0.259733 -3.375251
0.431072 0.427209 -3.304197
0.334819 1.281824 -3.090392
1.947313 1.372634 -2.925252
1.169167 1.060892 -3.282769
1.323690 -0.118959 -3.287798
1.461662 0.157205 -3.317029
1.673904 1.688109 -2.848589
1.303261 -3.641223 -2.102815
2.263745 -3.528669 -2.274958
0.804503 -2.413900 -2.784839
1.520576 -3.326362 -2.531625
0.473927 -2.888011 -2.319510
0.884430 -3.703338 -1.666611
0.985489 -2.466887 -2.857308
1.542489 -3.885896 -1.723964
1.053090 -2.638323 -2.825374
2.510015 -3.461811 -2.248178
0.965792 -3.549866 -2.039575
1.221136 -3.881578 -1.536792
2.130367 -2.737092 -2.905379
2.317755 -3.803417 -1.804951
0.831062 -3.433266 -2.096944
0.209857 -3.251552 -1.450632
0.828504 -3.802894 -1.151561
0.665531 -3.583239 -1.645077
0.835692 -2.735257 -2.678676
4.837753 0.444056 -1.147162
4.238003 0.444702 -2.038513
4.236088 0.963699 -1.307009
4.942980 -0.048217 -1.547780
4.728406 0.673069 -0.495069
5.195198 -0.714828 -0.049598
5.139265 -0.483134 0.070248
4.397742 0.883361 -1.212479
4.894114 -0.247713 -1.754830
4.931325 0.384318 -0.375640
5.152464 -0.763036 -1.361562
5.075386 -1.410831 -1.275123
5.264654 -0.871351 -0.433447
4.071258 0.786454 -1.807701
5.069192 0.166185 -0.662183
5.214370 -0.310277 -0.896671
4.104811 0.909034 -1.591580
5.266022 -0.616808 -0.806806
4.431118 -0.855380 -2.349636
4.678304 0.727451 -0.781588
4.801425 0.398932 -1.337557
4.907214 0.358590 -0.175480
5.158597 -0.091740 -0.870445
2.820349 -1.784321 2.786805
3.237283 -2.239267 2.519703
1.506176 -2.193682 2.606930
1.736625 -1.196292 2.763538
2.065643 -2.405531 2.671288
3.849428 -2.011222 2.130589
3.239268 -3.181930 1.744890
1.580408 -2.497145 2.505033
3.388782 -2.903553 1.975398
3.077417 -3.056257 2.030834
3.764735 -2.226077 2.133156
2.486074 -2.965988 2.316952
2.925137 -0.997338 2.699512
2.766829 -3.276099 1.901505
2.135425 -3.403687 1.785805
1.773362 -1.944779 2.762096
2.288258 -2.225557 2.754032
1.653291 -2.690289 2.417294
3.157494 -1.802803 2.668950
2.881511 -2.012924 2.730336
3.530916 -1.835868 2.452979
1.785608 -1.599668 2.803719
1.744957 -2.955447 2.241489
2.657147 -3.406524 1.731050
3.639996 -2.744702 1.892254
1.872026 -2.207243 2.715872
3.184334 -2.681496 2.309901
2.003204 -3.016607 2.254785
1.169361 -2.227610 2.415585
3.929889 1.590898 -1.301463
4.653599 1.664473 -0.113866
4.205805 2.917536 0.033625
4.249984 1.237729 -0.928810
3.685006 1.910951 -1.446376
4.433792 2.237009 1.174779
3.836855 3.254247 -0.057467
4.205303 1.538726 -1.026301
4.654881 1.330451 -0.051605
3.729483 2.545881 -1.164785
3.515857 3.153189 -0.749374
4.601231 1.749048 1.005039
3.897167 1.943726 -1.286721
4.438623 2.522471 -0.073646
3.890813 3.253906 0.537780
4.664546 1.147395 0.432932
3.764649 2.820728 -0.916239
4.057810 2.643291 -0.753887
3.462976 2.413864 -1.407564
4.425787 2.618019 0.568872
-0.621319 2.908153 1.942568
0.739582 4.103656 0.854508
-0.200563 3.497398 1.771269
-0.297771 3.748121 0.977907
0.557060 4.047008 0.285439
-0.276578 3.781584 0.709085
-0.803515 3.051298 1.515094
-0.538945 3.577920 0.887255
-0.565007 3.545654 0.461879
0.252702 3.879776 1.462677
0.402959 3.888177 -0.126580
0.040112 3.935650 0.910036
-0.821240 3.246380 1.059758
-0.976666 2.776215 1.462724
1.284030 -0.894358 2.985866
1.661124 -0.923341 3.025077
1.381768 0.096516 3.721952
2.997488 0.179312 3.352706
2.663280 -0.778945 2.873128
2.459530 -0.655969 3.143827
2.456726 -0.301782 3.428468
0.782398 0.781197 3.643102
1.504916 0.375392 3.813850
1.963354 1.266963 3.799467
1.975488 -0.838710 3.110089
0.854061 -0.110058 3.461697
1.293180 -0.130302 3.611047
2.118663 0.292317 3.774174
1.095049 0.418720 3.735211
3.112160 0.010225 3.181161
2.941027 -0.510189 2.946805
2.377404 0.627536 3.763071
1.283749 0.861042 3.816304
1.090828 -0.305605 3.454292
1.752492 -0.553590 3.400836
2.759478 0.969032 3.600223
0.954446 0.763547 3.718731
1.846411 -0.368235 3.528882
2.751003 1.158671 3.576746
2.847157 0.410527 3.521080
2.029595 0.726138 3.845345
-1.819148 3.977429 -0.246074
-0.322003 0.395436 -3.598663
-3.541300 3.062720 -0.874725
-2.720075 2.325479 -3.129315
-2.638981 3.689157 -0.197637
0.254830 2.859962 -2.671499
-2.638797 -0.224080 -3.194256
-0.680836 3.991273 -0.405250
-1.120040 2.277997 -3.554389
-1.966437 0.888329 -3.742191
-0.224548 3.722782 -1.736580
-2.179435 3.827832 0.008156
-1.132905 0.755557 -3.808374
-1.166666 3.456437 -2.619088
-3.518479 2.809819 0.250953
0.185826 3.414577 -1.982490
-3.647143 2.843624 -1.383437
-4.203656 1.594073 -1.393983
-1.990601 1.681019 -3.668586
-2.919313 0.958465 -3.342628
-2.181328 1.359893 -3.669248
-2.384789 1.611219 -3.556918
-0.282578 3.255078 -2.606962
-3.331913 0.564973 -2.976427
-1.634372 3.545502 0.891968
-0.342589 3.821326 -1.560219
-0.233649 3.879227 -0.540558
0.327275 2.103491 -3.134537
-3.902094 2.478516 -1.307317
-1.920409 2.200688 -3.517863
-2.547336 3.765546 -0.367222
-1.832510 3.560208 -2.383744
-4.024268 2.291878 -0.436690
-1.429588 1.821818 -3.717186
-0.911494 4.052546 -0.803849
-1.771307 3.591738 0.783946
-1.877305 3.759378 0.423409
-2.295559 -0.281685 -3.329055
-3.396652 3.124948 -1.405685
-0.798349 3.746279 0.503385
-0.837316 2.933836 -3.117286
-3.817967 1.322793 -2.430573
-1.270329 1.290416 -3.813947
-0.667883 3.921427 -1.517159
-3.396729 1.397774 -2.934646
-3.114347 3.117043 0.454195
0.362475 3.307452 -1.961391
-2.085397 2.984875 -2.972756
-2.076626 3.937222 -0.360052
-2.335574 0.357203 -3.553229
-3.156475 3.418091 -0.600009
-1.411760 2.415336 -3.489895
-1.703864 3.314023 -2.750868
-2.895211 3.498772 -0.038954
-4.150064 2.003281 -1.022877
-3.726295 1.978468 -2.320465
-3.815249 2.415013 -1.733728
-3.688920 2.258794 -2.174849
-2.631126 1.332111 -3.490847
-3.206195 2.900331 0.645219
-2.983190 3.549483 -0.891741
-1.130481 2.453946 -3.469089
0.259920 1.847627 -3.277669
-3.013143 3.157018 -2.099344
-2.232299 2.314757 -3.371857
-1.196955 0.115684 -3.681301
-2.631186 2.906275 1.192393
-3.628934 1.329529 -2.689800
-0.584672 3.845102 0.144133
-3.735991 2.385103 -1.958666
-0.741963 4.022058 -0.958865
-1.204634 1.576292 -3.775203
-2.815382 3.388301 -1.942364
0.211161 1.048300 -3.434795
-2.221002 3.616329 0.514792
-1.642222 1.162726 -3.800150
-0.790100 3.652075 -2.252106
-3.510175 3.097009 -0.696657
-0.682126 3.169241 -2.865684
-3.580475 2.999005 -1.073890
-3.717357 2.764966 -0.237688
0.567569 3.074248 -2.078959
-2.653640 3.317535 0.677905
-2.341000 2.800084 -3.019924
-3.237780 3.071996 -1.903646
-0.773335 0.991792 -3.782179
-1.096042 1.395169 -3.797781
-0.838584 3.954652 -0.061664
-2.083620 3.558952 0.705858
-3.107822 2.180280 -2.925379
-1.648364 4.040344 -1.052076
-2.970212 3.540578 -1.101338
-4.132615 1.945088 -1.300441
0.124846 1.619573 -3.417365
-0.440098 3.779484 -1.787621
-0.369494 0.202004 -3.563583
-2.919240 3.148701 0.657657
-1.163774 2.872700 -3.203538
-1.043013 -2.128495 -2.707087
-1.229943 -2.740014 -2.036958
-1.536381 -2.282545 -2.551499
-0.812920 -2.020646 -2.770647
-3.009468 -0.209076 -2.980634
-1.856391 2.840124 1.737127
-1.426365 -2.017564 -2.792482
-1.201394 2.983129 1.628656
-1.151006 -0.566603 -3.453173
-1.622458 2.064385 2.603961
-2.705392 -1.016986 -2.965528
-2.852336 -0.549351 -3.022497
-0.921957 -1.351562 -3.191337
-2.067483 -1.019276 -3.217830
-1.429304 -0.989523 -3.337579
-2.349961 -1.452398 -2.932216
-0.704754 -2.967849 -1.570545
-3.114301 2.599848 1.101880
-2.820468 -0.260941 -3.086042
-1.831963 -0.817021 -3.336003
-1.288447 1.845600 2.781472
-1.855057 2.000900 2.604226
-1.060720 1.687412 2.870898
-2.417683 2.424937 2.010688
-0.774648 -1.112568 -3.273710
-0.688614 -1.770415 -2.929056
-2.073617 -1.784752 -2.830986
-2.098650 -1.541017 -2.973817
-0.530678 -1.372632 -3.120034
-1.715769 -2.380966 -2.420327
-1.841249 -1.330486 -3.147666
-2.560614 2.807592 1.366057
-2.320385 2.631776 1.814817
-1.322998 2.911276 1.740084
-2.166985 2.453700 2.104893
-0.811967 -0.901818 -3.348987
-2.467366 -1.174697 -3.016345
-1.176187 2.840961 1.847369
-4.577832 0.381237 2.838893
-4.289981 -3.484551 0.503000
-1.445519 1.031376 3.250967
-5.345930 -1.491372 -0.996797
-2.366753 -3.903198 1.504787
-2.600062 -3.972123 1.231634
-1.595658 0.743329 3.450896
-0.994621 -3.227951 2.211782
-4.133584 -1.409141 3.281255
-3.911045 0.072204 -2.487292
-1.038327 -3.093205 2.424800
-4.869274 -2.539916 1.835206
-2.361661 -2.615585 -2.326282
-5.123205 -2.485561 1.335255
-0.733480 -2.451546 2.836300
-3.220924 1.936821 2.480274
-0.869445 -1.771094 3.295975
-4.890622 0.253284 -1.647092
-0.988124 -3.509347 1.697021
-4.014499 0.410538 -2.323048
-5.204367 -2.370099 -0.388937
-5.108578 -0.343222 -1.550891
-3.119812 -3.391196 -1.438287
-1.969431 -3.847650 1.588921
-4.129840 -3.249405 -0.901800
-1.143911 -2.587883 2.976009
-1.531193 -1.904772 3.509569
-2.727113 -3.501361 2.308037
-5.221559 -2.528569 0.216720
-1.541588 -3.211986 -1.630788
-0.455498 -0.937385 3.245720
-3.244170 -1.593623 3.617344
-4.586602 1.916626 0.662392
-5.723183 -0.447142 1.074887
-4.210740 -1.645451 -2.237110
-5.738436 -0.154899 0.212510
-2.202602 0.554481 3.627713
-3.399575 -0.901194 3.697436
-1.791060 -2.892254 -2.041047
-1.270588 -3.874020 0.645014
-5.328278 -0.429053 2.148144
-5.556240 -1.466522 1.395389
-3.691631 -0.083042 3.544896
-4.562733 -1.212237 -2.094570
-0.624699 0.041998 3.280318
-4.873882 -1.793556 2.486415
-2.083231 -3.711598 1.944391
-5.044209 0.240060 -1.456071
-4.956138 1.520238 0.872455
-4.802866 -0.395459 -1.916034
-3.645089 -0.755401 3.617537
-1.674635 -3.381715 -1.459925
-0.573674 -3.365615 1.457719
-4.489615 1.637123 -0.890527
-4.749296 -2.154122 -1.480714
-4.868612 -2.054514 2.324601
-3.221610 -2.655960 -2.168250
-5.545817 -0.735487 1.714859
-4.268695 -3.495636 0.319444
-5.700657 -1.125190 -0.145384
-1.047916 -3.384197 2.005852
-0.463451 -2.759681 2.327239
-3.727833 2.456172 0.508930
-5.220186 -0.928776 -1.400320
-2.516675 -3.162531 2.766527
-4.997893 -2.844918 0.452567
-4.305964 2.013253 1.289873
-0.880268 -0.032749 3.441607
-4.864849 -0.919896 -1.853582
-3.238452 -2.989047 -1.873230
-3.917505 1.626284 2.448689
-4.448533 1.240781 2.374901
-3.690131 -2.353041 3.109821
-2.376958 -3.175529 -1.835473
-1.844978 -2.973625 2.899423
-5.084082 -0.836060 2.522948
-5.209816 -1.137966 2.295381
-4.819667 -2.856773 -0.460238
-5.191054 0.111795 -1.296620
-4.374832 -0.844373 -2.292014
-3.642814 -1.530626 -2.578934
-3.293484 -3.254136 2.472138
-2.164802 -2.114455 -2.608529
-0.777637 -3.621302 -0.037404
-3.750454 -0.057190 -2.593698
-5.073456 -0.611289 2.542825
-5.685651 -0.538600 1.271930
-5.186030 1.255294 0.617407
-3.387127 -2.262650 3.291323
-4.454317 1.545098 -1.084917
-4.056864 -2.885863 -1.501695
-5.344674 -2.335504 0.294871
-2.759452 -2.810476 3.073581
-5.651403 -1.371826 -0.175614
-3.646218 -3.094004 -1.561076
-5.628881 0.200051 1.002368
-5.773143 -0.542021 0.733542
-2.928066 -2.583794 -2.295634
-3.434298 -2.463689 3.150345
-2.230217 -1.895293 3.627079
-3.087474 -2.573489 3.187279
-4.867046 -0.933938 2.770240
-4.943364 -2.795124 -0.244147
-3.068945 -1.694818 3.628763
-3.286326 1.515177 2.906811
-5.322679 -0.076682 -1.148874
-4.777208 0.014899 -1.858860
-5.232631 -1.932536 1.823923
-4.380468 -3.402465 0.136466
-4.282453 -1.319858 3.206183
-4.106981 1.055858 -1.912320
-4.670801 1.390109 1.911980
-2.944409 -3.670157 1.954874
-2.619750 -3.380630 2.496325
-5.343560 -0.406935 -1.197308
-4.955973 -0.127273 -1.699713
-4.171541 -2.883381 2.321516
-3.374057 -0.399171 3.702606
-4.216707 -2.369692 2.765365
-0.685751 -2.699649 2.590695
-1.006580 -3.368520 -1.076360
-4.469451 1.023794 -1.627803
-5.286700 -2.386125 0.902539
-3.473890 -0.778730 -2.759207
-2.281486 1.739971 2.858679
-5.312827 -2.102186 1.429111
-1.282196 0.028132 3.599791
-0.641839 -3.329499 1.656506
-1.927543 -3.547337 2.208693
-1.781809 -3.965523 1.024690
-0.960621 -1.089915 3.517852
-2.499310 1.627621 2.966070
-0.908840 -3.171801 -1.302070
-3.653780 2.373417 1.300369
-4.687598 -3.138128 0.862348
-4.059590 -1.501091 -2.379790
-3.681890 0.900799 3.184592
-5.110518 -2.602457 1.089712
-3.153991 -2.135263 3.429651
-1.539629 1.277542 3.117175
-4.076291 1.695431 2.226723
-4.291912 -1.382001 -2.263494
-0.516824 -1.538586 3.163242
-4.181400 2.034117 -0.558813
-4.603745 -2.783149 1.932857
-5.223358 -0.171860 2.267570
-5.026666 -2.507245 -0.637582
-2.722875 1.216787 3.270216
-3.562964 -2.575855 3.016599
-1.165683 0.246963 3.498900
-0.627625 -3.170368 1.944530
-4.343384 1.542737 2.146888
-1.382423 -2.129414 3.361189
-3.683240 1.909940 2.258717
-3.353714 -3.850605 1.162690
-2.917158 -2.540197 3.248127
-3.529095 -2.011415 3.366969
-4.041277 -3.037018 -1.330739
-3.954407 -1.885944 -2.299666
-3.063581 -3.993457 0.661923
-3.375647 -0.204275 3.680045
-4.765798 -1.943497 -1.606362
-1.791208 -3.357179 2.453331
-2.599183 1.375917 3.169263
-0.686910 -0.451052 3.397056
-5.366448 -2.222610 0.972050
-5.661069 -0.038090 1.124101
-5.659439 -1.418997 0.992450
-4.664690 0.186948 -1.914438
-0.814359 -3.558221 -0.395960
-3.220426 -1.807411 3.553110
-4.475838 0.143222 3.017051
-3.987402 -2.752901 -1.695819
-1.191745 -2.238649 3.228805
-3.395571 0.081580 3.619462
-1.609272 -2.633994 -2.202322
-3.958954 2.346785 0.441132
-4.379318 -1.960699 -1.972119
-4.554237 -3.151345 1.292245
-3.851996 -1.669432 3.360071
-3.554720 -1.169624 3.613584
-1.585291 -3.777471 1.577093
-3.836021 -1.457691 -2.512023
-4.729452 1.753716 0.004953
-0.411925 -1.638832 3.052207
-5.573579 -0.921448 -0.696398
-2.337545 -2.841771 3.073891
-5.398766 -2.221451 0.728335
0.880404 -1.780250 2.824827
-0.084974 -3.281192 1.494914
-0.388986 -3.355013 1.271819
-0.301911 -3.536085 -0.056309
-0.070902 -1.509441 3.100756
0.009370 -0.436421 3.264760
-0.557869 -3.376093 -0.686942
-0.321413 -3.475318 0.885449
-0.358458 -3.526935 0.551944
-0.013188 -2.291503 2.695554
-0.242008 -3.123379 1.784144
0.256012 -1.673555 3.020061
0.093648 -3.359736 1.295455
-0.180115 -2.550399 2.485128
0.518988 -1.353933 3.090187
0.456088 -2.189180 2.711827
-3.435667 -3.673151 -0.740980
-2.602927 -3.629391 -1.286619
-3.015051 -3.922774 -0.509628
-1.976933 -4.019701 -0.312570
-1.725205 -3.998061 0.235240
-3.295902 -3.851039 -0.405449
-1.673674 -3.495150 -1.303297
-1.499908 -3.771112 -0.699421
-3.076580 -3.505162 -1.298342
-2.285250 -4.069867 -0.204485
-2.307114 -3.637393 -1.290734
-5.353162 0.288765 -0.988530
-5.576581 0.574123 0.167627
-4.938655 1.342400 -0.713142
-5.206851 0.139109 -1.260201
-5.079976 1.008559 -0.926813
-5.512691 0.053925 -0.734265
-5.621996 0.376900 -0.060255
-5.380462 0.997748 -0.044456
-5.095880 1.410618 0.076278
-1.824992 -1.694122 3.662388
-1.508610 -1.032851 3.774505
-2.766602 -0.225440 3.851466
-1.680198 0.022021 3.744600
-2.579674 -0.474043 3.915804
-3.244889 -0.757268 3.750423
-2.024705 -1.362773 3.824355
-2.201237 -0.922569 3.925702
-2.914077 -1.169580 3.812422
-2.283210 0.269445 3.741858
-2.720878 -1.269034 3.831885
-1.388108 -0.780428 3.752812
-2.418613 -0.153083 3.877945
-1.297463 -0.575163 3.712024
1.969221 2.017437 -2.876311
0.456608 -0.334567 -3.534281
2.271887 1.745460 -2.955817
1.016122 -0.519262 -3.581257
1.638966 0.660995 -3.539782
2.527448 1.534032 -2.964701
-0.135294 -1.099931 -3.157244
0.489698 0.129108 -3.560827
3.121832 1.791573 -2.391607
2.882509 2.021658 -2.395612
0.954564 2.788439 -2.217200
0.981057 2.294066 -2.766906
-0.023119 -0.395999 -3.385144
0.765922 0.171630 -3.603997
4.281902 -3.578018 0.699329
-0.274129 -3.454448 -0.670261
3.577147 -0.531911 -3.314032
2.893480 -1.010995 -3.597152
2.858350 -1.881204 -3.515716
0.916149 -4.228368 -0.824691
4.043856 -3.921188 -0.597109
5.289607 -2.359505 -0.714461
5.269218 -0.949213 1.081234
1.641007 -4.243186 -1.495404
3.461184 -4.047112 -1.391055
4.519209 -3.184355 1.017223
4.778317 0.104576 1.513751
4.526807 -0.428457 -2.620442
0.252098 -3.819059 -1.049216
4.807849 -1.006455 1.847850
5.213756 -0.204410 0.903193
4.398926 -2.776116 -2.218654
3.697258 -0.020858 -3.108024
4.920267 -1.911582 1.533194
2.597061 -4.366814 0.593995
4.627406 -3.016260 1.072436
0.367146 -3.700010 1.004778
5.522304 -1.124850 -0.766699
2.974451 -4.404203 -0.487702
5.181314 -2.631698 -0.598589
4.045182 -0.600459 -3.060710
2.815679 -3.054493 -2.989851
5.223557 -0.571863 1.087848
5.420084 -1.693993 0.478823
3.640789 0.239263 -3.024825
2.402800 -2.086478 -3.526893
3.346819 -2.455366 -3.166565
4.429097 -0.182620 -2.632740
4.796402 -1.613269 -2.363273
3.312596 -1.263953 -3.473332
4.044410 -3.833293 -1.044321
2.473179 -4.471412 -0.684216
4.980517 -2.589489 -1.463599
1.181456 -0.889228 -3.528648
0.744966 -3.616890 1.532484
4.145956 -2.048243 2.314256
0.606646 -4.057429 -0.964876
3.415857 -3.186337 2.101274
2.797686 -3.838438 -2.204873
4.268173 0.279513 -2.553684
-0.269151 -2.932051 -1.813276
4.194139 -3.821828 -0.524494
2.501668 -0.224917 -3.543834
1.773406 -4.475276 -0.579565
2.378348 -3.439303 -2.746542
2.475669 -1.716132 -3.609705
0.938981 -1.201743 -3.452113
0.017038 -3.471809 -1.463494
0.294324 -2.513056 -2.753393
3.091969 -0.212036 -3.422448
4.688055 -3.380825 -0.315166
3.297421 -1.711739 -3.425513
4.570018 -2.743472 1.473636
4.050007 -3.928786 -0.092162
3.809961 1.028111 -2.342261
1.693437 -3.705072 1.868390
0.708136 -3.294850 1.885845
1.659217 -4.166741 1.124517
1.316679 -2.269473 -3.363038
1.074885 -3.981330 1.185611
5.148312 -2.683300 0.095974
2.203813 -1.226587 3.118435
1.071391 -3.879823 1.367192
4.559051 -1.989904 -2.519539
4.252096 0.951713 -1.988104
3.692557 -2.009311 -3.176752
3.150339 -4.030924 1.150696
5.427207 -1.365414 -1.175759
3.076588 -3.752073 1.653820
3.551648 -1.396971 2.808473
4.872233 -2.725082 -1.537366
4.389014 -3.511542 -1.181880
1.337417 -2.503836 -3.270232
3.311031 -4.185107 -1.159890
4.023653 0.535870 -2.595958
2.176499 -2.813549 -3.221873
3.025619 -4.295751 -1.091604
4.379782 -1.558041 2.254686
4.322097 -1.949722 2.204663
2.152341 -1.990699 -3.563325
5.187081 0.420846 -0.087869
4.103704 -3.346355 1.385870
4.247370 -2.225996 2.159533
2.534358 -4.283689 -1.440403
5.290415 0.142069 0.140102
4.668432 -0.838984 -2.555517
2.858684 0.023827 -3.406848
2.967870 -4.003081 -1.871646
4.022969 -2.909936 -2.479620
2.120004 -4.436718 0.423782
5.217753 -2.285040 -1.181942
2.752065 -1.189752 -3.625925
4.579171 -2.078030 1.902252
3.264925 -4.096203 -1.470293
2.237433 -1.680371 -3.630196
4.448010 -1.705701 -2.720368
2.569294 -3.538549 2.064778
1.184804 -4.342838 0.127372
4.701586 -3.278528 -0.901090
0.051348 -2.641140 -2.465853
3.958985 -3.561042 -1.798769
4.883463 -0.847544 -2.294155
1.183797 -1.905401 2.879847
4.714932 -2.685293 -1.872707
4.461105 0.574059 -2.127443
2.867611 -3.647713 -2.428164
0.571141 -3.033867 2.032428
4.115204 -2.506329 2.124616
5.059142 0.592720 0.210195
1.460254 -2.668050 2.661428
3.750953 -0.457722 -3.210947
2.873088 -1.383940 3.033297
5.257216 -2.502817 -0.391937
3.169693 -3.564797 1.844734
5.021440 -2.614364 0.767505
3.497275 -2.351627 -3.147061
3.171767 -2.298341 -3.299196
2.443409 -1.287984 3.104034
-0.144917 -2.556600 -2.320736
4.550622 -2.861197 -1.942845
5.071485 -1.444649 1.440249
0.306083 -3.906820 -0.838285
2.503076 -1.447324 -3.644830
3.936495 -3.551777 1.281105
3.759047 -2.778436 2.213245
4.296463 -2.930506 -2.195484
2.833279 -2.511840 -3.302384
0.909128 -3.985673 1.037756
5.529278 -1.513917 -0.111921
0.962583 -3.767750 1.473113
2.921792 -4.387724 -0.764034
1.540245 -0.913119 -3.616946
2.052305 -1.338780 -3.669955
3.217269 -1.476381 2.930544
3.514617 -1.640721 2.792688
5.553196 -1.233359 -0.396881
3.198335 -4.232942 0.573010
2.700384 -1.400124 -3.623108
-0.013380 -3.652036 0.343317
1.813520 -1.504713 -3.638762
1.847162 -3.897829 1.642718
1.513628 -2.300218 -3.398532
1.632107 -1.569004 3.048454
5.195166 -2.201338 0.789473
4.646461 -1.515078 -2.559856
3.432091 3.883608 -0.193206
3.021914 3.445112 2.775065
2.986384 1.844464 3.726421
1.664779 3.430455 -1.831556
2.030622 4.381371 1.689956
4.471420 2.973730 0.911595
4.243904 0.530781 2.746782
3.831941 3.698126 0.312498
2.466944 -0.927535 3.239918
4.342740 3.142966 1.048741
2.683908 4.214230 1.723080
-0.806682 3.055900 2.159446
2.467345 4.299448 1.669135
2.087688 3.145447 -2.019380
3.165597 2.091794 -2.176186
2.587343 3.827922 -1.164995
3.450563 3.427061 -1.036793
0.550157 4.389613 0.652731
0.455534 4.131246 1.878280
2.747910 2.906782 3.378801
1.144403 -0.924201 3.344784
-0.479914 1.635175 3.339370
3.582820 2.660642 3.018097
2.222277 4.470875 0.247012
3.392971 2.555247 -1.835376
2.298452 4.293188 1.813662
3.727109 2.504330 2.986410
1.706678 4.552766 0.543903
1.554700 4.351158 1.862418
3.767514 2.170441 3.116900
0.149732 3.880341 2.121004
1.436355 4.484703 1.376688
0.381991 2.781156 3.422018
1.111374 3.459660 -1.756512
3.889842 2.282616 -1.556170
4.827290 1.468578 1.736133
0.748164 2.649574 3.629079
0.890555 -0.055066 3.791433
-0.136457 3.813513 1.910466
3.073655 4.194698 1.120825
3.006148 2.429020 -2.128535
0.353703 4.309611 0.940517
1.963215 1.242039 4.076537
4.462350 -0.017559 2.115952
-0.679423 1.532414 3.186595
2.554946 2.420405 -2.314045
1.217560 4.519263 0.365158
0.622731 4.043922 2.201409
4.035111 3.526102 0.482600
0.112772 2.491197 3.445098
3.794878 3.654090 -0.033531
1.012148 1.980929 3.941609
1.255532 3.859439 2.730825
2.709726 1.740927 3.858724
-0.644350 2.668104 2.750451
1.137030 3.452958 3.160798
0.799103 2.435232 3.742534
3.204897 3.265245 -1.438666
0.972344 -0.458983 3.619842
0.086486 1.164406 3.738503
2.019632 4.107544 -0.942599
-0.287502 2.895024 2.923566
0.639498 4.395870 0.319738
1.514083 4.232367 -0.752021
2.635318 3.686124 -1.329770
0.685305 3.177499 3.272242
3.777296 3.699310 1.314425
2.535599 4.392544 1.176108
1.562259 3.207560 3.408749
-0.036718 3.616240 2.375812
4.073947 3.407902 1.330079
1.541795 3.859480 2.759615
3.448026 3.998862 0.394053
2.644139 2.352165 3.705433
2.130311 4.516653 0.655739
4.719992 1.825595 1.884507
3.559063 2.032621 -1.944814
1.044317 3.865487 2.674753
-0.464194 0.583597 3.332489
3.277580 3.654363 2.286951
2.433435 1.527929 3.973206
3.705062 3.826268 0.526340
2.142468 4.279751 1.931047
0.910775 4.445185 0.176463
-0.207530 1.098099 3.572406
-0.979692 3.008064 1.902761
0.484528 0.612525 3.859901
-0.823845 1.440117 3.058808
3.359298 4.064647 0.876788
1.822440 2.802738 -2.271099
0.312129 4.273466 1.121130
0.914826 0.350944 3.926463
1.883535 4.543013 0.845521
-0.493847 3.430616 2.106587
0.559525 4.260903 1.611368
0.629741 3.818307 -1.182306
2.259652 4.270831 -0.503518
-0.067445 2.065657 3.513990
3.341738 1.311433 3.615481
0.499659 4.236492 -0.230388
3.276681 3.193554 2.846187
1.891735 4.391365 -0.314105
0.387207 3.351154 2.991181
1.389318 0.913439 4.080843
2.094588 4.185513 2.163748
3.920022 2.539937 2.767871
2.669312 3.360751 -1.664444
2.514950 3.585342 2.896223
4.372309 2.459729 2.182194
3.927754 2.913548 2.452149
3.279061 2.857850 3.118767
1.025102 3.641563 2.944631
0.342133 4.291680 0.318133
3.000487 3.197166 -1.638774
0.270949 3.181108 3.081018
-0.153404 1.822184 3.529548
4.917695 0.913165 -0.029368
1.519010 4.439348 -0.188629
1.314208 3.581109 -1.670466
0.576133 0.165039 3.781276
1.101491 1.314907 4.055321
4.608872 1.307830 2.282311
2.192488 4.436316 1.378938
0.078387 -0.057382 3.480869
4.492112 0.325187 2.287741
0.049963 0.245292 3.579043
0.156490 0.871994 3.759164
1.765879 3.781529 2.852825
-0.599510 1.911368 3.172730
3.051075 2.563933 3.433595
0.655998 4.312972 -0.142274
2.781357 4.341354 0.898567
1.108295 4.205061 2.120175
-0.381886 1.342339 3.449284
3.317739 3.781936 2.015705
2.888464 3.801836 2.405763
0.316347 0.444292 3.760838
1.072076 4.371982 -0.275278
3.697969 3.567570 -0.475022
0.412979 4.340898 0.775138
0.026939 1.725654 3.654010
2.850857 4.275599 0.160909
2.746793 2.693645 -2.113737
4.195187 3.331869 0.343697
1.971865 3.022996 3.515401
2.779408 1.944190 3.788821
0.545844 1.835900 -3.112880
1.126731 2.036606 -3.002835
1.106782 0.685484 -3.607337
0.689556 2.102671 -2.915151
0.675188 1.453832 -3.368257
1.347499 1.335759 -3.419859
1.406596 0.943986 -3.533418
0.477878 -3.412503 -2.237547
1.218667 -3.757775 -2.330826
0.996569 -2.973338 -2.926725
1.927206 -3.745042 -2.461763
1.147273 -3.174293 -2.861394
1.642042 -3.989861 -2.093152
1.020758 -3.849905 -2.083041
1.172893 -3.965652 -1.966704
1.696775 -3.790437 -2.405119
4.712096 0.128059 -2.196896
5.409976 -0.166311 -1.028913
4.761745 0.825200 -1.377820
5.350272 0.114193 -0.527542
5.058324 0.135026 -1.730556
5.454688 -0.362678 -1.011951
5.167894 -0.108646 -1.702160
5.221995 -1.059128 -1.751409
5.066797 -0.128997 -1.888130
5.192137 -0.478673 -1.811223
5.208562 0.243404 -1.256518
4.845535 0.835357 -1.120211
1.934458 -1.737993 3.070067
2.459399 -2.953063 2.638748
2.661465 -1.813376 3.061918
2.024642 -2.241360 2.984869
2.339790 -1.970675 3.066359
1.513952 -2.243327 2.862999
2.810462 -2.222888 2.948255
2.789118 -1.554957 3.054455
2.512544 -3.085491 2.529071
2.790479 -2.633910 2.783902
1.684363 -2.679689 2.727385
1.947206 -3.168581 2.433776
3.614752 -2.171242 2.608954
2.404651 -2.234956 3.000333
1.856710 -2.752937 2.729556
4.635572 2.214835 -0.635501
3.956926 2.937120 -1.023591
4.571748 2.859880 0.425635
4.902043 1.454206 -0.093556
4.360680 3.144176 0.327383
4.473661 2.990197 0.160586
4.858162 1.787764 -0.254772
4.299328 2.840513 -0.681947
4.361102 3.045128 -0.190290
4.711794 2.609691 0.366294
4.144833 2.806209 -0.939853
4.459006 1.881032 -1.059981
-0.347223 3.916257 0.064141
-0.665342 3.794406 0.761157
-0.876972 3.454877 1.374423
-0.166791 4.110243 0.552933
-0.348467 3.996685 1.010883
1.030549 -0.412518 3.661647
2.206206 -0.191454 3.847577
2.987425 0.256750 3.685676
2.053879 -0.614551 3.629607
2.013015 0.466912 4.068769
2.214391 0.860279 4.056982
0.981418 0.078321 3.871087
2.509490 -0.092069 3.802332
1.669523 -0.145408 3.917062
1.639179 0.127922 4.012038
2.678892 0.622912 3.907807
2.352775 -0.826467 3.374487
1.826440 -0.851240 3.459162
-0.942437 4.358056 -0.624663
-1.899937 2.288431 -3.821887
0.072857 2.998517 -3.130051
-3.017343 3.125426 -2.730864
-3.239060 3.423609 0.492573
-3.274939 3.002108 -2.608341
-2.830158 3.185818 1.251773
-2.987523 1.514293 -3.618631
-1.308057 3.828125 1.053453
-3.620656 3.378325 -0.333349
-2.269965 2.078268 -3.803028
-0.570877 4.302607 -0.726150
-2.960322 3.897259 -1.184239
-1.557885 4.229677 -1.731851
-1.490750 2.843260 -3.589494
0.264858 2.883038 -3.105292
-2.825105 3.519369 -2.402367
-2.937979 1.879663 -3.562145
-1.572434 0.592661 -4.086286
-1.805419 2.749217 -3.607014
-1.750320 2.426395 -3.788563
-3.131002 3.752109 -0.179572
-1.598171 2.304193 -3.861850
-0.478231 3.196988 -3.206959
-3.562855 3.378586 -0.099189
-1.427618 3.313671 -3.227441
-1.608298 4.126202 0.446860
-2.511515 0.097683 -3.748389
0.719802 3.126164 -2.462861
-3.231507 3.574074 -1.743653
-2.406523 3.321027 1.379239
-2.906788 3.891782 -0.177958
-3.525446 2.748747 -2.572227
-4.040983 2.382669 -2.101264
-2.491647 0.830709 -3.894142
-3.237148 2.515072 -3.054996
-3.772896 1.875411 -2.846951
-0.198334 0.072716 -3.799741
-3.552121 2.103144 -2.991713
-0.514699 -0.234163 -3.782874
-0.501702 4.167646 -1.659136
-0.895260 4.254624 -1.602317
0.589880 3.287695 -2.402355
-2.364738 0.993842 -3.947053
0.089901 3.443653 -2.657646
-4.341010 1.500219 -2.043935
-3.341027 0.752457 -3.401555
-2.826463 3.996266 -0.660652
-1.238062 3.488914 -3.055873
-3.346215 3.268333 0.600027
-2.185286 2.507365 -3.646774
0.086214 3.591121 -2.453770
-0.273831 4.194657 -1.219200
-0.925974 4.302857 -1.399632
-0.507498 3.700850 -2.650320
-1.251250 2.586126 -3.746993
-0.407855 1.964151 -3.876806
-1.502769 0.147523 -4.001034
-1.704308 2.884016 -3.538144
-2.789113 3.774434 0.396091
-3.628591 3.192491 0.216764
-1.944879 4.303253 -0.549428
-0.404877 2.963375 -3.373181
-2.506947 4.108709 -1.257994
-3.852845 2.660890 -2.166752
-1.556899 4.221779 0.188933
-1.116096 4.169704 0.367889
-2.197307 3.432105 1.357893
-0.362470 4.240218 -0.522071
-0.880930 0.000188 -3.939712
-4.135804 2.770249 -0.711540
-0.706034 3.115797 -3.339005
-0.329178 4.178946 -1.413961
-0.085079 0.540573 -3.869240
-3.453940 2.600355 -2.784241
-1.304358 4.343570 -0.301170
-1.236918 1.139444 -4.126828
0.588692 3.498185 -2.060832
-3.272046 -0.062118 -3.235047
-3.074884 2.835156 -2.955770
-3.224214 2.263960 -3.210626
-1.031050 4.047760 -2.214190
-1.578500 3.968497 0.791905
-2.358009 4.079211 0.080300
-0.611747 4.213832 0.010199
-2.259543 3.734777 -2.496371
-0.842156 4.004599 -2.258664
-3.607378 3.188356 -1.843052
-1.585677 3.509954 1.442735
-0.191469 1.326252 -3.933718
-3.986552 2.827447 0.011681
-2.686952 0.297621 -3.726593
-1.624235 4.358237 -0.917252
-2.085098 4.202449 -1.490092
-0.356479 4.080032 -1.813912
-3.063361 2.694291 -3.074282
-3.953234 2.203301 -2.416217
-2.438981 3.582485 1.044097
-3.189402 3.530136 0.356970
-1.803418 0.576802 -4.055321
-1.348559 4.310586 -0.116329
-3.425728 3.421428 -1.720154
-3.415785 3.531022 -0.166246
-2.645889 3.335145 1.220413
-1.189129 4.100770 0.547315
-0.979478 1.544860 -4.076058
-1.879182 3.744638 -2.649706
-1.401793 0.861944 -4.121967
-2.292388 2.333258 -3.694712
-3.900623 3.098888 -0.997880
-0.884239 4.221399 0.149486
-4.070230 1.790064 -2.463154
-2.267052 3.179499 -3.152225
-3.399116 0.933501 -3.368181
-0.803037 0.507101 -4.052437
-3.033619 3.622705 -1.969659
-2.677493 -0.844061 -3.428177
-1.622386 1.921111 3.106200
-0.777634 -3.060026 -2.125859
-1.601890 -2.742986 -2.553156
-1.558780 2.525348 2.680008
-1.682760 -1.017569 -3.660805
-1.057583 -0.701494 -3.770499
-1.357264 2.339690 2.850676
-2.467384 2.608463 2.318916
-1.784964 2.571614 2.599786
-2.654800 -1.200397 -3.319820
-1.325939 -1.710841 -3.402834
-3.119059 2.960034 1.275574
-0.698646 -1.349677 -3.538305
-1.380763 -2.767370 -2.551018
-0.587367 -1.568759 -3.420737
-1.856555 3.038310 2.057393
-0.594631 -2.479578 -2.786828
-2.213870 -0.938356 -3.571537
-0.917811 -1.397952 -3.543390
-1.803629 1.981304 3.041579
-1.620679 -0.374704 -3.803251
-3.267017 -0.379270 -3.200546
-1.179706 -0.840301 -3.741611
-1.330929 3.108865 2.053853
-2.257341 -1.869232 -3.136597
-1.338915 -0.560797 -3.797542
-1.197949 -0.440132 -3.818380
-4.743728 2.213393 0.821436
-1.616195 -0.394362 4.109894
-4.597196 -0.482034 3.471247
-4.744767 1.056246 2.795708
-1.148672 -3.945149 -0.848742
-4.973908 -3.305567 1.038449
-5.012005 -0.575352 -2.201594
-3.216684 -4.261749 -0.156908
-4.121648 -3.569856 2.058441
-1.965038 0.758052 3.892103
-3.557559 -4.089967 -0.490509
-3.994271 1.626621 2.937957
-5.614244 0.926357 1.474280
-2.570509 1.050846 3.776985
-4.386873 -1.361245 -2.622715
-4.597928 1.407626 2.648950
-4.747849 -3.529559 0.930485
-2.437097 -2.758990 -2.639934
-4.133947 -3.212581 2.571538
-5.797321 -0.023991 1.852911
-4.515058 0.215970 -2.485194
-5.107446 -2.405226 2.348361
-4.045433 -3.085014 2.782339
-5.917545 -1.890652 0.613369
-1.128589 -4.010898 -0.647926
-0.764866 -0.212588 3.799590
-1.426143 -3.663707 2.482453
-5.453992 -1.689940 -1.419301
-6.019658 -1.020429 -0.354024
-2.675641 -2.850341 3.483525
-0.643073 -3.956502 0.097331
-2.218686 -3.461968 2.940484
-4.315465 0.002867 -2.672909
-4.474554 -0.972712 -2.627498
-3.092590 -1.278055 -3.161366
-3.692540 -0.823890 -3.040760
-3.957195 -2.786656 -2.191181
-2.694388 -4.394852 0.490183
-4.379711 -3.745251 1.197234
-2.353067 -3.764650 -1.636178
-5.996818 -0.111763 -0.342180
-5.375829 0.563605 2.340535
-3.835038 2.760444 0.830832
-5.496980 0.716184 2.008611
-2.418935 -2.821227 3.517865
-3.498354 -0.154574 -3.073549
-2.142424 -1.854852 3.998463
-1.820594 -2.890788 3.414127
-3.037597 -2.868381 -2.492755
-4.516386 1.094550 2.979351
-5.304664 -2.483272 1.935196
-3.039079 -3.958813 2.112587
-3.130665 1.925112 3.050905
-5.809027 -0.970553 -1.016856
-1.399870 -1.572249 3.952565
-4.050254 -3.631890 -1.099455
-5.889197 -0.050675 1.616941
-3.889865 -3.802987 1.837680
-5.165284 1.433720 -0.899840
-1.925004 -4.274255 1.336184
-3.159884 1.304088 3.542762
-2.211280 -2.952946 -2.495111
-5.061646 -2.995263 1.649134
-0.947685 -2.603341 3.318733
-0.917222 -0.387150 3.888153
-3.052003 -4.330926 0.106442
-6.121399 -0.846754 0.536739
-0.422806 -0.538785 3.640705
-3.169431 -1.075065 -3.174070
-5.811457 0.765049 0.008196
-4.801486 1.221706 -1.681099
-5.610951 0.972845 -0.487883
-5.395991 -1.517915 2.511507
-4.921628 -1.712667 -2.083042
-3.086079 -1.590465 4.016500
-6.106958 -0.956326 0.210781
-2.369317 -2.314629 -2.897507
-5.369072 1.137212 1.814582
-6.079533 -0.089338 0.340175
-1.605150 1.422095 3.461965
-2.754169 -4.384808 0.272470
-3.798191 -2.810724 3.180950
-5.874789 -0.890236 1.790595
-5.149894 0.783857 2.520433
-1.676113 -2.373209 3.712082
-1.677348 1.161452 3.644484
-4.185033 0.791281 -2.476412
-5.194554 -2.014294 2.531253
-2.034669 -3.096049 -2.362259
-5.251103 0.839876 -1.412882
-2.473613 0.225743 4.090972
-4.157761 2.016014 2.370263
-4.666124 0.283300 -2.347986
-3.828979 -3.611555 2.260379
-2.862466 -0.415169 4.161277
-5.875926 -1.149872 1.716791
-1.962553 -0.621971 4.175911
-4.009329 -3.933885 1.288404
-4.351621 0.899855 3.229528
-5.213938 -1.086395 -1.951697
-4.140790 -1.175916 3.723981
-5.259933 -3.044567 0.175384
-5.990472 0.330825 0.418039
-1.889364 1.648445 3.354444
-4.124032 0.609652 3.515934
-5.975859 -1.573326 -0.072326
-5.338186 0.417269 2.484618
-0.519882 -2.500500 3.133154
-1.147590 -3.716869 -1.315982
-2.979825 -1.916094 -3.014899
-2.952587 -4.019671 -1.098935
-5.509932 -2.543244 -0.384579
-4.631902 -3.433093 1.599622
-4.598988 -0.508756 -2.550871
-1.726389 0.824435 3.825635
-1.902731 0.534400 3.968660
-4.540312 2.160340 1.622590
-2.632382 -3.558504 2.820422
-0.507021 -3.835734 -0.186726
-6.024931 0.009949 -0.078265
-3.981225 -4.024138 0.882760
-0.705098 -3.858831 -0.528176
-3.428844 -3.154430 -2.131438
-4.908322 1.962464 1.303067
-5.212202 -2.282269 -1.382506
-5.057715 1.724684 1.522699
-3.696665 -3.784163 2.059812
-3.591852 -1.624286 3.869039
-3.965511 -2.502853 3.310966
-3.966311 2.716536 0.657431
-5.949743 -0.162344 -0.557222
-0.581836 -1.385826 3.656408
-2.184296 1.539196 3.473013
-3.049117 -4.110430 -0.841972
-3.369282 -3.594385 -1.650634
-5.520320 -1.279182 -1.487177
-2.495497 -2.999034 -2.462111
-4.382928 -0.312884 3.602886
-3.841025 -0.016883 3.843835
-1.356354 -4.098605 1.535067
-3.240089 -4.233531 1.197563
-2.968462 -3.378512 2.970318
-0.819420 0.338246 3.703763
-5.006809 -0.242252 -2.174179
-1.992077 -3.745215 2.548539
-3.750903 -2.564584 3.380506
-1.764892 -1.494554 4.054387
-6.117699 -0.743624 0.215817
-5.660776 1.069995 0.957340
-4.197364 -2.434701 -2.293951
-3.961843 2.537140 1.571600
-5.458272 0.888017 1.920254
-5.449959 -2.707702 1.124301
-3.135632 -1.810187 3.941819
-6.041301 -0.808267 -0.320764
-1.781214 -4.039491 -1.040399
-4.908472 1.726376 -0.916536
-2.521641 -4.387294 0.094617
-0.762426 -1.711615 3.663457
-3.584392 -4.206724 0.626650
-5.387936 -2.898405 0.511525
-3.500961 -2.342107 3.613351
-6.044535 -1.283434 -0.016156
-4.089160 -3.503482 -1.285161
-5.388322 1.331673 -0.529210
-5.705096 1.052628 0.582408
-1.327771 -1.020807 4.029895
-0.723641 -1.044634 3.789032
-5.402564 1.416283 1.200515
-2.738051 -3.791874 2.485963
-5.926618 -1.790430 0.019423
-4.312833 1.005468 -2.274179
-1.124580 0.445663 3.800313
-5.473621 0.673791 -1.169917
-5.174730 -1.491603 -1.892225
-5.970591 -1.286605 1.331275
-0.521581 -2.300932 3.260694
-0.425711 -2.682852 2.926477
-2.402494 -2.067666 -3.007753
-3.841631 -2.381400 3.449146
-1.905779 -2.639605 3.601632
-2.206435 2.061078 3.011593
-3.354000 -1.867130 3.868047
-1.599873 0.931385 3.748438
-1.617134 -3.764317 -1.490729
-0.360456 -3.095364 2.457582
-0.822300 -2.174501 3.505032
-2.950851 -2.440550 -2.784081
-1.078921 -3.221264 -1.939094
-4.704553 -3.125592 2.064261
-5.875453 0.452761 -0.287528
-3.263136 -3.832069 -1.330133
-0.861853 -2.449182 3.373944
-2.284431 -2.208400 3.866661
-3.939871 -0.722628 -2.941401
-4.306342 1.773913 2.543652
-3.421373 -1.794334 -2.952506
-5.868167 -0.380850 1.795631
-3.051226 -2.192424 3.810044
-3.753804 2.645569 1.528216
-3.403723 -4.266507 0.494439
-4.431266 -3.103218 -1.508085
-4.227056 2.286511 1.828750
-3.483139 -0.379750 -3.103696
-5.819947 -1.230329 -0.911659
-3.146213 -2.639823 -2.625318
-5.720280 -1.491319 -1.021232
-4.773950 -0.965979 -2.403018
-3.390354 0.289699 3.933516
-3.082202 -0.171753 4.101397
-4.471914 2.404695 0.014078
-4.182195 0.186021 -2.707384
-1.904815 1.818805 3.212212
-3.735080 -4.150484 0.263177
-0.812581 -3.491070 2.341485
-5.325436 0.194375 2.606679
-4.773820 -1.827610 3.095195
-4.783366 -3.336888 -0.596948
-1.204349 -0.017376 3.948461
-3.308193 -1.670212 3.943531
-3.636232 2.267627 2.412150
-0.972234 0.719520 3.632555
-4.207384 0.100939 3.635372
-4.835733 0.844501 -1.927604
-1.077879 -4.125950 1.021969
-1.630003 -4.245737 1.243099
-4.214470 -3.915508 0.772645
-1.787062 -3.165807 -2.257722
-3.299787 2.721776 1.750689
-4.405941 -3.810221 0.643892
-3.707386 -1.247054 3.910960
-1.183829 -1.150296 3.968616
-0.763519 -3.656343 2.016396
-1.117116 -4.171987 0.150305
-5.911119 -0.674902 -0.790467
-6.058937 -0.250278 1.031592
-1.388660 -1.841426 3.868266
-3.313227 -0.943800 -3.152527
-4.212263 -2.781266 -2.027032
-2.912450 -3.600515 2.720683
-1.443817 1.143621 3.593700
-3.671598 0.736981 3.679457
-1.507051 -3.843682 -1.308085
-4.477819 -2.048899 -2.315686
-4.551555 -2.115140 3.144478
-0.747039 -3.959307 -0.221601
-5.281112 -2.855059 -0.447438
-3.089003 -3.840747 2.311139
-5.975537 0.342326 0.166837
-5.474608 -0.384983 2.551011
-3.238765 -1.454194 -3.095345
-5.545585 -2.093946 -0.944458
-4.382289 -2.364560 -2.208951
-2.349009 -3.286940 3.129679
-5.604213 1.135638 -0.157623
-2.238828 -3.192331 -2.295043
-4.328951 2.509332 0.112390
-4.390017 1.307763 2.924250
-3.039497 -1.469614 -3.133873
-5.009888 1.742568 -0.678143
-5.834697 -0.583747 1.906080
-6.017583 -0.770334 1.350285
-4.028618 -1.333670 -2.833244
-3.926311 -0.411955 -2.938397
-3.686412 1.562412 3.166674
-4.753888 2.216900 0.210889
-5.026003 -2.831347 1.989663
-0.767664 -0.845369 3.827116
-6.023090 -1.401466 0.933735
-2.890069 1.951923 3.081693
-5.742206 -1.893219 1.566944
-2.539650 -3.911098 2.316179
-3.874053 -1.290480 3.834729
-4.501621 2.308838 -0.348498
-3.365761 1.965750 2.928836
-3.546168 -0.070349 3.965421
0.162387 -1.760608 3.322975
-0.014265 -3.512665 1.714627
0.300956 -2.419137 2.953223
-0.283872 -3.499884 1.725587
0.069418 -2.845102 2.624687
-0.195645 -1.276947 3.481172
0.221193 -2.654202 2.783556
-0.013504 -2.522494 2.903180
0.365609 -2.942382 2.489206
-0.181364 -3.412951 1.897409
0.357414 -1.509957 3.391967
-0.103358 -1.914216 3.265378
1.922628 2.216536 -3.175386
-0.119492 -0.899761 -3.614259
2.324372 1.311492 -3.551744
1.111409 1.355933 -3.730077
2.449795 2.550759 -2.686409
-0.062800 -0.041143 -3.761087
1.820226 0.447417 -3.890628
2.282178 2.322079 -2.974584
1.918860 1.985147 -3.334196
3.607814 1.778771 -2.468469
0.233413 -1.445620 -3.534059
2.051519 1.752801 -3.434790
0.035467 -1.508319 -3.442039
2.545254 0.370486 -3.692243
0.816171 -0.942488 -3.822674
1.502015 0.000741 -3.955605
-0.001202 0.239019 -3.777131
0.452197 0.925613 -3.792249
3.657135 1.307929 -2.717184
2.027626 1.399524 -3.606335
0.773762 -0.021271 -3.949232
2.208165 0.254948 -3.816793
1.456420 2.766253 -2.772092
1.158856 -0.402624 -3.944638
1.786504 1.275633 -3.705316
0.801451 -3.390971 2.356622
-0.295480 -3.890543 0.212227
5.706112 -2.092012 0.377322
1.709777 -4.415437 -1.971593
5.568249 -0.468662 1.114385
0.237767 -3.849206 1.394472
5.533212 0.399591 -0.837629
3.368813 -4.623046 0.146890
4.351738 0.871270 -2.569607
2.665927 -4.609951 -1.496747
1.579874 -4.031687 -2.542036
5.405582 -1.332825 -2.119864
4.332441 -1.052702 -3.321254
5.157005 0.414580 -1.911659
4.993623 -1.465923 2.132660
2.064019 -4.848568 -0.208248
1.619028 -2.276059 -3.791948
5.608436 -2.260384 0.590163
2.263189 0.125694 -3.807502
3.996240 -2.647732 2.591819
5.363202 0.631089 0.544132
-0.091626 -2.538347 -2.904186
0.459063 -4.384608 0.339353
1.769267 -2.488677 -3.734301
4.558016 0.916714 -2.307978
5.820439 -0.583965 0.262044
5.669859 -0.364228 0.766606
1.475517 -3.270334 -3.255383
1.331461 -3.053644 -3.366199
2.511247 -3.783000 -2.871500
5.601213 -0.001796 -1.227482
3.946140 -3.163574 -2.842997
1.623493 -4.526660 -1.704646
4.214611 -1.264429 -3.398878
2.751454 -4.635837 0.818977
1.591169 -4.559850 1.050505
3.065045 -2.216227 -3.734846
5.513740 0.477559 0.169425
-0.062288 -4.083756 0.189292
0.244364 -2.164977 -3.314978
0.976551 -1.478073 -3.808836
4.372067 -3.222962 -2.428735
0.448594 -4.260962 0.789104
0.524458 -4.018158 -1.972165
0.161619 -3.619826 -2.204637
1.785145 -1.316004 -3.995002
0.181522 -3.304735 -2.574523
2.246710 -2.272424 -3.833044
5.541040 -0.950843 -1.864665
2.402486 -4.448871 -1.947267
5.523330 -2.706316 0.054767
2.008954 -1.995604 3.351436
5.595582 -0.141627 0.829049
1.864342 -0.389327 -3.937367
3.145598 -3.389700 2.516450
3.429857 -3.012846 2.678664
4.493053 -2.505424 2.287160
1.851661 -4.821253 0.072493
1.598891 -4.727882 0.488524
3.938024 -3.826980 -2.133293
3.455575 -3.469757 2.316111
0.879323 -4.049479 1.648389
3.058968 -2.498101 -3.633245
2.882331 -4.531147 -1.606182
2.446512 -3.568465 -3.083192
2.745755 -1.658568 -3.931800
1.123649 -4.704463 -0.238978
1.370103 -3.954010 -2.577439
5.783960 -2.022779 -0.339716
5.647148 -2.434442 -0.041359
4.598623 -3.708622 -1.409574
3.242258 -4.689365 -0.235866
2.963191 -1.649556 3.332899
2.461724 -4.408441 1.457980
3.785225 -4.476483 -0.192547
5.309487 -2.919508 0.603612
1.440208 -2.205241 -3.782761
2.123037 -2.639350 3.133765
4.278968 -0.311733 -3.253974
2.741386 -2.317185 -3.770727
0.580729 -3.689141 1.923389
2.891210 -2.771416 2.990334
-0.478903 -3.449587 -1.530447
1.958390 -3.217511 -3.362783
0.919346 -4.588038 0.321391
1.445247 -4.775590 -0.062905
5.822860 -1.677154 0.201588
2.277712 -2.011289 -3.907149
4.870184 -1.988186 2.141113
0.658011 -4.044182 1.490552
2.070793 -2.954770 -3.531713
3.869821 -3.748645 1.744379
5.651821 -2.161747 -1.098841
3.714181 -0.977977 3.118776
4.767155 -1.209468 -2.956437
4.027433 -2.191896 2.773797
2.045087 -1.642013 3.421057
1.241083 -3.589420 2.366935
5.868275 -1.529714 -0.483255
4.358935 -4.056643 -0.958089
3.650424 -4.404604 0.673067
-0.008725 -4.140543 -0.616239
5.883121 -1.328215 -0.035164
-0.062143 -3.875561 0.910238
5.649953 -0.195323 -1.255317
2.574276 -0.950582 -3.992526
2.608316 -1.250892 3.430803
1.271238 -1.145357 -3.912580
1.976831 -4.112484 1.943916
5.144587 -2.147374 -2.276601
0.318939 -1.832552 -3.455104
1.234728 -2.844919 2.903134
5.136291 -3.234424 -1.055609
0.741961 -2.535904 2.875406
4.899928 -0.087652 -2.607442
3.009663 -1.709149 -3.871318
4.331603 -1.924904 -3.211376
4.197925 -3.153544 2.097645
1.067732 -4.569756 0.633439
-0.336692 -3.895671 -0.183656
2.599210 -0.104569 -3.854279
5.855040 -1.506169 0.119297
2.821031 -2.501591 -3.686885
4.539250 -0.176396 -3.007317
0.916229 -1.926097 -3.711698
4.285190 -3.876298 1.066179
0.851090 -2.991746 2.677354
2.897058 -0.485275 -3.891713
5.428116 -2.896558 0.037061
2.438543 -2.703697 -3.651210
2.776622 0.309875 -3.683235
0.469047 -2.284548 -3.403087
3.919422 -2.008966 2.894957
5.116168 0.897806 -1.375024
2.080189 -0.771609 -4.003084
5.446268 -2.566529 0.745938
5.809785 -1.237497 -1.074212
4.523582 0.710674 -2.531529
1.389733 -3.903335 2.086697
5.459494 0.358060 -1.242459
1.203090 -1.912055 -3.805472
2.192440 -4.823792 0.164780
3.754656 -2.034010 -3.532495
5.758602 -0.467908 -1.058071
0.873957 -2.293719 -3.586832
3.256751 -3.264796 -3.131941
0.664596 -4.521774 0.069395
2.393127 -4.667686 -1.409680
-0.372563 -3.285457 -1.969165
0.290544 -2.750760 -3.074167
1.784674 -3.426251 -3.192254
5.040278 -2.320649 -2.331643
3.154404 -4.505477 -1.490548
3.171128 -3.129813 -3.259545
3.641872 -3.628313 -2.612560
5.866808 -1.252441 0.176959
4.976266 -3.155030 -1.643610
4.734091 -3.804421 0.022171
1.319466 -4.747667 -0.515334
2.824204 -4.098980 1.868177
2.400524 -1.944322 3.358471
0.061455 -4.201723 -0.083903
3.435141 -4.494911 0.669564
1.495277 -0.586428 -3.922690
1.725743 -4.126181 -2.448676
2.738586 -1.904384 3.328990
4.723032 -2.793449 1.859148
2.791742 -4.727863 0.427359
1.333851 -2.411052 3.129197
2.221978 -0.925038 -4.014109
5.793360 -0.314707 -0.646225
2.986969 -3.988732 1.960106
2.566190 -2.470384 3.180651
3.937447 -4.391266 -0.514244
-0.474717 -3.696756 -0.887603
0.297374 -4.307944 -0.830142
3.240221 -4.195439 1.536726
5.239731 -2.661749 -1.721667
2.822050 -4.710011 -1.046591
3.101199 -2.804507 2.918703
2.070758 -4.446805 1.408502
4.623214 1.413572 -1.519084
2.284364 -4.570538 -1.693125
3.338746 -2.254007 -3.638481
3.738641 -0.413325 -3.596119
2.892476 -3.426722 2.563631
4.874300 -3.626084 -0.806281
1.967106 -4.727141 0.653808
1.671983 -4.694692 0.671967
5.290946 -0.828668 1.742980
3.851474 0.595725 -3.144051
5.621222 -2.491629 -0.565906
2.923436 -3.682389 -2.884220
4.029799 0.814730 -2.882295
1.244308 -3.568583 -2.945936
4.942832 -0.522202 2.146287
3.666477 -4.505990 -0.704113
1.709916 -2.791480 3.031524
4.826993 -3.106559 1.416780
3.908558 -3.904576 1.485355
4.727154 0.868400 -2.141673
4.651618 -1.770484 2.428330
5.595040 -1.725069 1.059697
0.865227 -2.684452 2.857636
5.491889 -1.930323 1.202932
2.752146 -4.397880 -1.960480
0.094005 -4.041172 -1.347159
1.834001 -2.225917 3.275820
-0.369532 -2.861146 -2.409252
4.128413 -3.117581 -2.743852
5.659877 -0.521175 -1.451207
-0.475468 -3.537096 -1.359313
2.905300 -2.802772 -3.529531
5.501828 -2.719908 -0.740017
2.908564 -4.442192 -1.803293
5.152629 1.104082 -0.614769
3.096579 -1.469650 -3.881567
3.607810 -3.288096 -2.951670
5.748301 -0.067838 -0.198727
4.961903 -0.770289 2.171655
3.975078 -1.992853 -3.426508
1.828087 -2.197928 -3.842467
3.861066 1.029455 -2.830007
4.904543 -3.041232 -1.926395
4.147047 -1.544920 2.857667
5.216115 -1.805580 -2.316160
3.823500 -1.739388 -3.568076
2.969686 -4.306889 1.484372
5.071590 -3.251337 0.675649
0.895651 -3.012459 -3.241974
2.554883 -4.765479 -0.964917
5.534364 -2.717873 -0.266546
2.253331 -4.843674 -0.076405
3.543710 -2.241776 3.004928
0.740952 -3.911813 -2.312304
0.743597 -3.258649 -2.994713
1.162935 -3.692026 -2.795965
0.459726 -4.442847 -0.266210
5.478601 -0.822932 -1.974833
5.180437 1.967162 -0.044667
2.485865 4.760352 1.179029
4.799776 3.101906 0.738072
3.713876 4.017607 1.863397
4.378932 1.457592 3.187186
2.936895 1.269451 4.189555
0.957460 4.549047 -0.741211
4.423198 2.163354 2.940289
1.055034 4.441207 -1.007519
4.373828 0.647978 3.158593
1.924759 3.812180 3.311690
2.729113 3.701366 3.197303
3.800974 2.843441 -1.818263
2.633897 1.517617 4.274159
0.664612 2.753709 3.945483
2.491301 3.658850 3.332132
4.590303 2.645583 2.388358
1.828293 -0.425765 4.077386
-0.316941 2.465657 3.626117
2.081368 4.867069 0.658681
2.411556 1.881873 4.276000
2.565916 3.070796 -2.370180
1.449058 1.551858 4.412400
5.334425 1.423212 0.792516
-0.328574 2.629724 3.539334
0.915823 4.762581 1.415817
1.762681 4.828989 1.392553
3.335113 -0.245621 3.700715
4.428981 1.619905 -1.711746
2.781024 -0.683168 3.732280
1.774020 1.981196 4.340803
-0.038319 1.334647 4.051420
4.637047 0.513810 2.789409
3.951287 3.358065 2.604757
-0.764916 3.646809 2.171301
2.280189 -1.070122 3.623719
3.480397 1.086698 3.931591
1.252641 -0.358925 4.096970
4.434309 2.358660 -1.434434
2.172080 4.845093 0.959843
3.674873 3.610069 2.617326
2.554878 3.778381 3.190014
0.217111 4.205974 -0.967589
2.594205 0.413972 4.225823
3.101864 2.855373 -2.280953
-1.250568 3.168993 2.033486
0.287078 -0.392648 3.834465
1.529688 4.507079 -0.965923
-0.649207 4.099646 1.197242
3.848049 1.720488 -2.242894
1.528594 3.224515 -2.419598
0.369634 3.831374 -1.608442
0.392539 1.483154 4.219482
1.958271 4.588756 2.142463
4.798569 2.468875 -0.742312
1.453079 0.384838 4.352613
1.328336 4.351320 2.623122
4.144785 3.886369 0.393170
2.664235 2.041411 4.172836
1.536932 4.340319 2.659653
0.805921 4.752185 0.041764
-0.672260 0.928180 3.654299
0.684327 1.418857 4.311966
4.466649 2.974521 2.277109
1.999617 -0.054567 4.212512
3.801331 4.033942 1.640669
3.809594 4.098854 0.005508
1.673477 4.146673 -1.550505
4.528639 2.184131 -1.398006
4.433914 2.575043 -1.297630
0.705665 0.116544 4.174230
0.288117 -0.619943 3.711980
1.268086 0.315123 4.324733
3.834470 4.146563 0.986777
3.022440 0.472742 4.089074
0.888926 4.827394 0.786665
4.461131 3.457032 1.433923
1.379590 4.543192 2.269800
4.049224 2.690569 3.076457
2.286609 3.506572 -2.132986
5.009712 2.402013 1.617319
0.117616 0.038235 3.940230
-0.485854 1.653865 3.757442
3.602722 4.256726 1.323557
1.286891 4.499193 -0.952999
1.592476 4.896232 0.800952
0.335757 0.516274 4.155538
-0.658280 1.349415 3.667693
3.155280 4.206984 -0.815606
0.491879 3.928958 2.947843
4.040664 0.381432 3.426520
1.126146 4.273867 2.708412
3.392813 4.414175 1.129071
2.960614 -0.532082 3.745234
1.391212 4.012042 3.103709
1.475448 2.154044 4.299016
-0.101079 4.261780 -0.504052
4.288217 2.386391 -1.601065
0.352821 4.343417 2.203382
1.963371 -0.754264 3.890807
1.827267 2.666291 4.111531
4.811022 2.476759 2.099981
5.207654 0.396017 1.351483
4.398964 2.863368 2.505544
2.554566 4.740709 0.198264
-0.096883 2.833364 3.574531
3.630215 2.338147 -2.217786
3.635861 3.366182 -1.536491
2.561105 4.638554 -0.281960
2.450078 4.369468 2.416450
0.980667 3.991223 -1.663351
5.299563 1.452085 1.198355
1.181354 4.873243 0.750047
3.625701 3.449064 2.853921
1.640317 2.476185 4.196214
4.072986 1.829201 3.425278
4.586306 1.192361 2.954551
2.074977 4.056091 3.013009
3.004285 4.540239 1.463558
0.363531 4.516353 -0.383150
2.876033 4.537901 1.669455
-0.879683 3.137902 2.669398
0.424973 -0.001552 4.050755
-0.222505 4.406848 0.997478
2.541386 0.187547 4.185017
2.690688 2.722451 3.915302
-1.198334 2.349880 2.866089
4.025997 0.851000 3.530715
3.018742 4.571925 1.273001
1.580579 4.798729 1.550898
-0.298249 4.218734 1.694007
2.952810 4.451344 -0.453825
-0.108996 4.257009 1.898101
4.259556 0.528556 3.254939
0.284887 2.300579 4.003842
3.380154 1.886347 3.906775
4.067668 1.205984 3.510930
3.360996 0.020864 3.796823
0.713016 4.775592 0.375983
4.812325 2.935288 1.432373
1.642421 0.847879 4.423459
3.262517 1.502692 4.031399
3.505409 4.225221 1.679759
1.634418 -0.641845 3.974967
3.832247 1.319185 3.696723
0.449480 3.499809 3.373576
2.346350 -0.299828 4.060089
0.120947 4.385641 -0.471992
3.715607 0.305324 3.664123
-0.864390 3.738730 1.804465
4.637339 2.954627 -0.554181
3.082020 -0.117696 3.887054
1.503905 0.611917 4.395078
1.815182 4.866763 1.128242
4.196270 3.853176 0.785306
3.645562 3.637127 -1.220946
0.522437 4.216776 2.555957
4.418272 3.524154 0.008317
5.130683 2.311749 1.171937
0.883379 0.319724 4.269245
1.064267 0.894922 4.387848
2.749216 3.297125 -2.149813
4.390079 3.602337 0.191253
1.026473 3.551312 3.511368
0.733644 4.669489 1.642857
1.161987 -0.863119 3.812187
2.037698 0.403668 4.334065
-0.391064 2.914181 3.326664
2.518895 4.528358 2.034902
2.658486 3.909487 -1.606910
2.910563 4.655467 0.918011
1.075552 3.999540 3.069515
1.479525 3.567901 3.553566
-0.236361 3.418741 3.038377
-0.625463 3.682052 2.321282
5.287317 1.784265 0.506028
-0.704929 1.765461 3.574352
1.168932 3.778934 -1.935334
0.470805 4.679841 1.240181
0.340510 1.229715 4.215484
1.653705 3.398558 -2.297467
2.817917 4.607386 1.481621
3.355468 3.578292 2.946965
-0.606843 4.160003 0.981412
4.341165 3.610917 1.391709
3.700402 1.448097 3.780812
1.362341 -1.079264 3.683910
0.015680 4.469475 -0.006050
-0.217599 4.323003 -0.107436
2.201195 4.752643 -0.145362
2.772729 4.098937 -1.296845
1.647080 4.839961 0.043142
2.074581 4.412383 2.478157
1.490277 4.140153 2.950267
4.694350 3.216607 0.243661
0.474800 4.719106 0.533703
2.047575 -0.505216 4.017117
2.980552 3.150035 -2.154177
2.066982 4.306552 2.660951
0.284758 3.996415 2.742491
1.362276 4.724725 -0.401248
2.763125 4.440471 2.064003
2.835095 0.258190 4.111990
3.276297 3.088683 -2.035904
1.060514 4.641008 -0.551568
-0.429855 1.893168 3.747022
1.388701 3.043432 3.919051
-0.455880 0.744264 3.789887
1.300072 1.275257 4.422188
1.547941 4.706517 -0.482613
4.919508 2.824386 0.222718
3.753023 1.925880 3.660270
4.665363 2.610690 -0.888182
0.411314 3.207189 3.588235
0.332081 3.813509 3.001663
2.225452 2.696592 -2.655305
3.045290 1.701809 4.104932
4.123882 1.403845 3.450178
-0.400458 4.281754 1.150051
4.846608 2.981390 0.303560
4.032762 0.650803 3.495981
2.859746 4.538960 -0.293759
3.277575 0.799434 4.022467
2.529111 3.277988 -2.242585
1.473065 -1.414895 3.407933
0.803257 -1.221728 3.468309
0.269874 1.957161 4.097334
3.782312 3.892091 2.027104
3.879251 1.089360 3.664859
-0.328882 1.074997 3.896577
2.838010 3.176239 3.593581
1.748183 3.930000 -1.809800
3.671785 -0.349166 3.425185
-0.732540 2.977870 2.979061
1.527156 4.878524 1.066749
1.065613 4.808329 1.304408
0.081924 4.435967 1.655972
3.086932 4.010545 2.607810
0.842526 2.961980 3.882518
3.511714 3.867892 2.430667
4.394757 3.639984 0.487408
2.629838 1.094775 4.292825
0.445369 2.213011 4.091936
4.379351 -0.021035 2.910472
3.144342 4.314983 -0.588007
2.156972 1.328614 4.391610
4.207006 3.439075 2.115321
0.873747 3.186831 -2.358888
