    0.0083205693
    0.0054054474
    0.0039331417
   -0.0029185998
    0.0092543521
   -0.0022172693
   -0.0001895811
    0.0062467605
    0.0040168069
    0.0034169665
    0.0016178121
    0.0067150991
    0.0078973417
    0.0066524782
    0.0050577139
    0.0027021247
    0.0057961457
    0.0084871535
   -0.0154490401
   -0.0083296755
   -0.0080104871
    0.0024182754
    0.0014901790
    0.0007411796
    0.0022574980
    0.0028255889
   -0.0014247641
   -0.0048646143
    0.0023307001
    0.0001262194
    0.0017799970
   -0.0265423527
   -0.0000073265
    0.0040679477
   -0.0000279948
   -0.0120333907
    0.0041033598
   -0.0090374901
   -0.0114810284
    0.0009110213
    0.0040211438
    0.0017748638
   -0.0002006331
    0.0007871211
   -0.0252186048
    0.0007526695
   -0.0067747935
    0.0000317938
    0.0019936338
   -0.0002427627
    0.0021706162
   -0.0263791669
    0.0028028084
   -0.0091261656
    0.0040530447
    0.0001435950
    0.0028829749
    0.0023053120
    0.0015252938
    0.0034967727
    0.0016925026
   -0.0063988289
    0.0015479754
   -0.0038884457
    0.0000466008
   -0.0115120634
   -0.0164327092
    0.0022925019
    0.0017327594
   -0.0053371277
    0.0021501987
    0.0007169562
   -0.0001524890
    0.0011030004
    0.0020755531
    0.0006105201
   -0.0002545335
   -0.0144237125
    0.0016028515
   -0.0384331297
   -0.0405392513
   -0.0403385928
   -0.0381810539
   -0.0373343055
   -0.0312152705
   -0.0371873806
   -0.0320952167
   -0.0391194318
   -0.0354958875
   -0.0343646239
   -0.0355610092
   -0.0361815875
    0.0003101226
    0.0036500181
    0.0007611293
    0.0024597878
    0.0015411856
    0.0033933034
    0.0027107403
    0.0019258663
    0.0025021823
    0.0014479864
    0.0013249689
    0.0037519190
    0.0021631602
    0.0018493598
    0.0022900308
    0.0003502023
    0.0019299286
    0.0018011598
    0.0053957281
   -0.0002293937
    0.0046692485
    0.0090512473
    0.0043342343
   -0.0052801586
    0.0082543454
    0.0073375814
    0.0076225949
    0.0046990216
    0.0080352583
    0.0082576283
    0.0059344677
    0.0002584959
   -0.0049908259
    0.0054476224
    0.0064049268
   -0.0219413621
   -0.0204441359
    0.0014061067
   -0.0057471507
    0.0033265957
   -0.0145444253
   -0.0004767023
    0.0053492240
    0.0030634534
   -0.0002415530
    0.0038764821
    0.0001671407
    0.0078121488
    0.0039615602
   -0.0032749745
    0.0004481018
   -0.0075715804
    0.0067933981
    0.0061299163
    0.0010346591
    0.0062884876
    0.0002758579
   -0.0135719730
    0.0038911305
   -0.0003501044
   -0.0001846285
    0.0006645095
    0.0002025805
   -0.0002943279
    0.0025334784
   -0.0198970230
   -0.0005914584
    0.0017675806
    0.0043514257
   -0.0234235552
    0.0042776320
    0.0073572454
   -0.0126791439
   -0.0073388163
   -0.0268971591
    0.0072020928
    0.0065862936
   -0.0001590865
   -0.0003394241
    0.0019610463
   -0.0002986992
   -0.0216346289
    0.0013567614
    0.0037603904
    0.0057178590
    0.0016507029
   -0.0062523726
    0.0015540463
    0.0006512127
    0.0006777012
   -0.0005614679
    0.0015770587
    0.0008296742
    0.0000062108
   -0.0037275312
    0.0004984069
    0.0007468966
   -0.0018330702
   -0.0069235361
    0.0007280402
   -0.0035678724
    0.0008563823
   -0.0069480601
   -0.0204765465
   -0.0049301215
    0.0002408186
   -0.0199517113
   -0.0014640651
   -0.0004295077
    0.0057644339
    0.0000258672
    0.0081041428
    0.0083654559
    0.0082182179
    0.0080727894
    0.0071008905
    0.0083096360
    0.0003134143
    0.0076359614
    0.0075626473
    0.0061788356
    0.0061612805
    0.0080133856
    0.0086448311
    0.0079627536
    0.0059720394
   -0.0010876964
    0.0002423776
   -0.0064005425
   -0.0121688616
    0.0010311960
   -0.0058354377
   -0.0272891342
   -0.0119063714
    0.0066065074
    0.0062952598
    0.0049877312
   -0.0000069659
    0.0009405399
   -0.0001191439
    0.0000759890
    0.0023545025
    0.0015813614
   -0.0003237943
   -0.0200355652
    0.0008924743
   -0.0003954062
    0.0039474221
    0.0001267045
   -0.0143350806
    0.0021398123
    0.0001362198
    0.0038681036
    0.0067090391
    0.0086466610
    0.0068982337
    0.0086166411
    0.0074470861
   -0.0009030322
    0.0018538984
    0.0029951755
    0.0056216087
    0.0084494425
    0.0074590389
    0.0071153730
    0.0050343131
    0.0077764662
    0.0004150072
   -0.0021649750
    0.0009182896
    0.0003164890
   -0.0008198319
    0.0016390154
    0.0008755407
   -0.0014625941
    0.0001564102
    0.0008518012
   -0.0027651569
   -0.0092956531
   -0.0006620229
    0.0000181547
   -0.0140118575
   -0.0008418712
   -0.0093412154
    0.0012189088
    0.0000314995
   -0.0067284712
    0.0000728232
   -0.0172386344
    0.0007625446
    0.0043613040
    0.0020820675
    0.0033173153
   -0.0147439175
    0.0022025087
   -0.0001939176
    0.0004508580
    0.0014148077
    0.0070566340
    0.0046847202
    0.0023107520
   -0.0000274104
    0.0044107579
    0.0005548224
    0.0017427013
    0.0024354199
    0.0028906255
   -0.0004657299
    0.0075195275
    0.0078754046
   -0.0006329626
    0.0085198537
    0.0078484724
    0.0076736559
    0.0053757713
    0.0087022971
    0.0068207825
    0.0047304811
    0.0083851709
    0.0044711311
    0.0046295481
    0.0098069496
    0.0055047036
    0.0081848492
    0.0074378813
    0.0074158427
    0.0019151746
    0.0042428173
    0.0072588383
    0.0007956177
   -0.0041498513
    0.0003098462
    0.0006634018
    0.0005389396
    0.0006883422
   -0.0047445734
   -0.0030099805
    0.0001183974
   -0.0179632022
    0.0006780671
    0.0000205726
    0.0008942554
   -0.0079864372
    0.0004850058
   -0.0095584829
    0.0007704168
    0.0008893671
   -0.0069361579
   -0.0247443721
    0.0003707500
    0.0005225083
    0.0014674193
   -0.0188227077
   -0.0267961295
   -0.0352331022
   -0.0382261869
   -0.0313657040
   -0.0355447050
   -0.0406774806
   -0.0400151863
   -0.0338606208
   -0.0336485601
   -0.0368775750
   -0.0328721727
   -0.0376586882
   -0.0300615298
    0.0072852740
    0.0020943775
    0.0038941968
    0.0073268086
    0.0088921665
    0.0071396372
    0.0102933326
    0.0062166096
    0.0084158839
    0.0040393128
    0.0057859248
    0.0061414617
    0.0079207121
    0.0069993190
    0.0043639408
    0.0083750094
    0.0082814549
   -0.0012987522
    0.0074262441
    0.0009606155
   -0.0093401424
    0.0004150955
   -0.0042577808
    0.0008821063
   -0.0013063189
    0.0009057228
   -0.0004745678
    0.0000807672
    0.0006177741
    0.0015570545
   -0.0000810235
   -0.0009583612
   -0.0090757449
   -0.0148078665
   -0.0019442598
   -0.0196077677
   -0.0007540615
    0.0010539379
   -0.0042465796
    0.0006963832
    0.0006512014
    0.0011457600
   -0.0015203136
   -0.0191837990
   -0.0073262548
    0.0012051725
    0.0008476284
    0.0010581877
    0.0048613766
   -0.0087807791
    0.0010824772
    0.0003966498
   -0.0132495797
    0.0002796229
   -0.0002219625
    0.0013232270
    0.0001597584
   -0.0142742103
    0.0019611793
    0.0018284676
    0.0004804441
    0.0033465395
    0.0009195109
   -0.0009883981
    0.0014512915
   -0.0012400713
   -0.0181891448
    0.0044939141
    0.0015902246
    0.0016006918
    0.0028001723
   -0.0274715234
   -0.0064796958
   -0.0003764888
   -0.0064277941
   -0.0148963082
    0.0017299226
    0.0005381388
    0.0008775680
    0.0021207988
    0.0012371424
    0.0024767378
    0.0002440136
   -0.0061516257
    0.0018349308
    0.0026932844
    0.0015106348
    0.0001963561
    0.0033066673
   -0.0003678987
    0.0023095938
    0.0012558983
    0.0014095243
    0.0022260569
   -0.0033110964
    0.0031329069
    0.0022023516
    0.0017986859
   -0.0002915149
   -0.0000095570
    0.0008926713
    0.0022300837
    0.0025171042
    0.0019855073
    0.0022257692
    0.0009681738
    0.0011406105
   -0.0002377121
    0.0012277814
   -0.0302481087
    0.0043076297
   -0.0049108196
    0.0050815052
    0.0013757704
    0.0055527373
    0.0052711917
    0.0077594105
    0.0024386395
    0.0065348867
   -0.0031641062
    0.0051930867
    0.0067227521
    0.0058445300
    0.0024005715
    0.0082708239
   -0.0007989942
    0.0046214491
    0.0015464227
    0.0082178449
    0.0051847230
    0.0026861591
    0.0072272040
    0.0059205223
    0.0017144301
    0.0044255274
    0.0061070346
    0.0067793253
    0.0050966775
    0.0063068425
    0.0025783402
    0.0051287488
    0.0039379803
    0.0021966684
    0.0004888576
    0.0013858023
    0.0025458016
    0.0024963314
    0.0013977171
    0.0023775182
    0.0034396659
    0.0026127118
    0.0009750264
    0.0028250930
    0.0037135836
    0.0029315059
    0.0006467458
    0.0033114630
    0.0015317202
    0.0017479223
    0.0031095934
    0.0060559509
    0.0030718965
   -0.0003602362
    0.0042792291
    0.0060933024
    0.0050081038
    0.0031082503
    0.0034262384
    0.0056034750
    0.0059049358
    0.0041005615
    0.0045563647
   -0.0015796831
    0.0055889918
    0.0019468151
    0.0018972617
    0.0009689153
    0.0017319481
    0.0036290685
   -0.0020612014
   -0.0021802471
   -0.0001467772
    0.0020674074
    0.0028662241
   -0.0111157442
   -0.0082912905
    0.0021695725
   -0.0214530866
    0.0001937363
   -0.0004063716
   -0.0002272453
    0.0010912679
    0.0031595649
    0.0016072343
   -0.0044394402
   -0.0144504030
   -0.0005944460
    0.0029610019
   -0.0004313575
    0.0023374561
    0.0003367806
    0.0011821055
    0.0009134236
    0.0010370593
   -0.0011683990
   -0.0067989929
   -0.0058847766
    0.0015534895
    0.0015017874
    0.0012082160
   -0.0008941282
    0.0004022675
   -0.0031688647
    0.0002307002
    0.0014346651
   -0.0046030655
    0.0000952664
    0.0000274267
   -0.0000492682
    0.0002070492
   -0.0016079727
   -0.0088518329
    0.0019217713
    0.0018450888
    0.0023144869
   -0.0018484669
    0.0011569504
    0.0021364880
   -0.0043868722
   -0.0120249127
   -0.0004447349
    0.0003756094
   -0.0030224510
    0.0017509392
    0.0013394586
    0.0021941653
   -0.0105953302
    0.0005491536
    0.0005819199
    0.0010113391
    0.0032322551
   -0.0001880305
   -0.0028126842
    0.0032009649
    0.0000434442
   -0.0016785242
    0.0003802739
    0.0016329487
    0.0003159523
    0.0003920895
    0.0024761792
    0.0016753556
   -0.0003958839
    0.0019527776
    0.0016572806
    0.0007670217
   -0.0255640620
   -0.0285343430
   -0.0226621753
   -0.0286344732
   -0.0276353686
   -0.0251399232
   -0.0197700948
   -0.0217708073
   -0.0215226037
   -0.0269855557
    0.0012874033
    0.0011795186
    0.0015618406
    0.0020113236
    0.0015101269
    0.0008897138
    0.0012090271
    0.0019047878
    0.0000602150
    0.0017014452
    0.0008710775
    0.0007511286
    0.0020393163
    0.0015859115
    0.0008018275
    0.0018276888
    0.0019042613
    0.0019502846
    0.0008682573
    0.0002857163
    0.0006695929
    0.0013448022
   -0.0001138715
    0.0055464381
    0.0042428599
    0.0059501542
    0.0044630292
    0.0024711223
    0.0005207987
    0.0052929206
    0.0007494358
    0.0062306539
    0.0044297710
    0.0053482022
    0.0029358686
    0.0019775508
    0.0051923743
    0.0048931328
    0.0034904464
    0.0063038853
    0.0035469606
    0.0001048594
    0.0040466775
    0.0051114344
   -0.0001213267
    0.0008750390
    0.0008803099
    0.0013977568
    0.0019892794
    0.0002478566
    0.0005317134
    0.0043642538
   -0.0133254946
    0.0042699856
   -0.0181267466
    0.0008075638
    0.0057623356
    0.0031337039
   -0.0165019306
   -0.0107671676
    0.0049007786
    0.0034662743
    0.0005849303
    0.0039450632
    0.0014207355
   -0.0004740113
    0.0025218796
   -0.0003165318
   -0.0155609267
    0.0019579758
    0.0008206089
   -0.0059098162
    0.0043339660
    0.0017633864
    0.0036129061
    0.0002728568
    0.0040475724
    0.0009753493
    0.0032618123
    0.0002132149
    0.0046605068
    0.0011529227
   -0.0004355417
    0.0037128649
    0.0002197401
    0.0003502975
   -0.0002233037
   -0.0003568568
   -0.0001174318
    0.0036795804
    0.0003061791
    0.0007096977
   -0.0004972658
   -0.0006407111
   -0.0107622299
   -0.0205102813
    0.0002273140
    0.0052098045
    0.0037909162
    0.0057210911
    0.0022715702
    0.0026666129
   -0.0046962396
   -0.0032101411
   -0.0002641604
   -0.0009242118
   -0.0038171381
   -0.0092164567
   -0.0002242260
   -0.0064211336
   -0.0003647971
   -0.0040396814
   -0.0027641583
   -0.0001468346
   -0.0018869538
   -0.0037447647
   -0.0003800420
   -0.0005106103
   -0.0015049201
   -0.0076082010
   -0.0010584861
   -0.0009794098
   -0.0054113378
   -0.0004047278
   -0.0021281418
   -0.0002408280
   -0.0003687120
   -0.0032281283
   -0.0003627608
   -0.0005976276
   -0.0002243685
   -0.0065252632
    0.0066761887
    0.0062774352
    0.0049363523
    0.0010810247
    0.0064481149
    0.0044539676
    0.0055043096
    0.0042376816
    0.0062484676
    0.0053517763
    0.0057598982
    0.0061587841
    0.0052090105
    0.0019761090
    0.0048558111
   -0.0006217626
    0.0042250274
   -0.0002770276
    0.0023112268
    0.0007167577
    0.0001736820
    0.0032548517
    0.0020169391
    0.0003312332
    0.0038752389
    0.0029045086
    0.0001590778
    0.0046384981
    0.0020268800
    0.0004814924
    0.0027003405
    0.0004205572
   -0.0006131288
   -0.0005573100
    0.0037864492
   -0.0004738614
    0.0057686551
    0.0003692371
    0.0016882206
    0.0051461002
    0.0029328113
    0.0052383234
    0.0058457334
    0.0018883544
    0.0061550367
    0.0062273794
   -0.0004476167
    0.0058340723
    0.0062798799
    0.0047973427
    0.0034292011
    0.0015221627
    0.0015090826
    0.0051742199
    0.0065962226
    0.0053979091
    0.0016473869
   -0.0052552284
   -0.0010116170
   -0.0002940387
   -0.0096485178
   -0.0019633086
   -0.0059214304
   -0.0000623630
   -0.0013609120
   -0.0040125733
   -0.0003054583
   -0.0017026480
   -0.0049790302
   -0.0109669146
   -0.0039352813
   -0.0001145962
   -0.0002859322
   -0.0058197566
   -0.0003500576
   -0.0020175805
   -0.0092414996
    0.0022338992
   -0.0026134404
   -0.0000000955
   -0.0127099428
   -0.0084918212
   -0.0001061776
   -0.0005351123
   -0.0218886091
    0.0015270529
   -0.0064611941
   -0.0003085599
   -0.0185715952
   -0.0223734993
    0.0020704492
   -0.0002900333
    0.0000715706
    0.0006703294
    0.0017275199
   -0.0179036821
    0.0056400118
   -0.0206015421
   -0.0074470570
   -0.0002159844
    0.0038876245
    0.0056990301
   -0.0005210415
    0.0025478113
    0.0054909582
   -0.0001720698
    0.0053135761
    0.0030378883
    0.0063076704
    0.0044956393
    0.0058022745
    0.0061574270
    0.0025580499
    0.0047578673
    0.0059780251
    0.0074023344
    0.0059386010
    0.0011102838
    0.0041645045
    0.0059300077
    0.0065517333
    0.0058811057
    0.0062733830
    0.0050280040
   -0.0035491762
   -0.0054668921
   -0.0011625126
   -0.0085194322
   -0.0001842209
   -0.0005319510
   -0.0009606969
   -0.0005286002
   -0.0062616046
   -0.0002716715
   -0.0008126114
   -0.0039637531
   -0.0011735919
   -0.0004510390
   -0.0000937322
   -0.0067117217
   -0.0001027347
   -0.0002173265
   -0.0026024796
   -0.0019748039
   -0.0014316943
   -0.0034609272
   -0.0210898240
   -0.0263629046
   -0.0268871230
   -0.0282777108
   -0.0250216873
   -0.0237048584
   -0.0262006952
   -0.0218217971
   -0.0277575139
   -0.0267646995
   -0.0249714534
   -0.0246201443
   -0.0208787997
   -0.0188419100
    0.0032059734
    0.0054180581
    0.0060278358
    0.0050941192
    0.0053944228
    0.0062060755
    0.0062695420
    0.0016877206
    0.0046793866
    0.0061450094
    0.0061875136
    0.0069759271
   -0.0016245250
    0.0067543782
    0.0057174170
    0.0055570070
    0.0061264270
    0.0032224998
    0.0045938093
    0.0053913549
    0.0006579916
    0.0061339975
    0.0029812045
   -0.0109665054
    0.0001114423
   -0.0123309308
   -0.0001819820
   -0.0062986365
   -0.0183963853
   -0.0029990368
   -0.0026038906
   -0.0015873301
   -0.0002501554
   -0.0081740628
   -0.0068865127
   -0.0002461919
   -0.0117226506
   -0.0005484429
   -0.0053096463
    0.0004181901
    0.0029047745
   -0.0122948460
    0.0027248231
   -0.0002805189
   -0.0136108104
    0.0015077691
   -0.0085137095
   -0.0038057622
    0.0011757435
   -0.0051770185
    0.0013150401
    0.0008387560
    0.0012895079
    0.0001244760
   -0.0001264136
    0.0002428948
   -0.0061192049
   -0.0077059601
    0.0000770380
    0.0014769705
    0.0020405706
   -0.0004169509
    0.0002709180
    0.0017114327
    0.0001207006
    0.0012194119
    0.0004210642
    0.0024727217
    0.0011472478
   -0.0016076110
    0.0018199012
   -0.0000583261
   -0.0013537599
    0.0008348024
    0.0022048546
   -0.0185770737
    0.0008218683
    0.0018097796
   -0.0117136033
    0.0013358837
    0.0031842962
    0.0024759513
    0.0030195127
    0.0029513613
    0.0047362350
    0.0002905468
   -0.0147994881
    0.0002728419
   -0.0061386013
    0.0013651018
   -0.0228710280
   -0.0088130252
    0.0028363030
   -0.0002066454
    0.0021465024
   -0.0084607792
    0.0016783906
   -0.0058499929
    0.0013991292
   -0.0034490150
    0.0016434607
    0.0012885067
   -0.0166620882
    0.0000965240
    0.0032692831
    0.0036499412
   -0.0066255657
   -0.0213470192
   -0.0067368492
    0.0010542146
   -0.0079155135
    0.0019649078
    0.0009559951
   -0.0039098149
    0.0017529285
    0.0020599759
    0.0013102752
    0.0034803686
    0.0034401914
    0.0029667334
    0.0039301954
    0.0051291665
    0.0047939740
    0.0015402286
    0.0044933748
    0.0051220699
    0.0057457471
    0.0047853736
    0.0051217862
    0.0041132226
    0.0043823315
    0.0054598330
    0.0059548762
    0.0045582701
    0.0039425356
    0.0033817062
    0.0031951067
    0.0003981059
    0.0037897330
   -0.0005426819
    0.0027535267
    0.0007883971
    0.0037675685
    0.0030220954
    0.0037679893
    0.0046886698
    0.0039020232
   -0.0016788403
    0.0038826763
    0.0024427365
    0.0041373003
    0.0058956202
    0.0015552859
    0.0049426014
    0.0006772500
    0.0016295769
    0.0019984208
    0.0018327888
    0.0000699861
    0.0004343249
    0.0015577277
    0.0001721145
    0.0016489277
    0.0004159989
    0.0002272172
    0.0004944889
    0.0011364276
    0.0000695144
    0.0017293758
    0.0018878009
    0.0019408738
    0.0018528687
    0.0024795766
    0.0014915645
    0.0042428047
    0.0051100906
    0.0010807508
    0.0037181099
    0.0042924872
    0.0053563345
    0.0034202022
    0.0028400388
    0.0036184103
    0.0044069803
    0.0050142826
    0.0017940599
    0.0033471393
    0.0024236079
    0.0043253862
    0.0051128684
    0.0040897924
   -0.0003925574
    0.0033966431
   -0.0183343250
    0.0001916677
    0.0013041632
    0.0001331853
    0.0023046837
   -0.0069720392
   -0.0020611846
   -0.0131592330
   -0.0155540627
    0.0022437380
    0.0011105038
   -0.0099944228
    0.0017481348
   -0.0002339893
    0.0025205116
   -0.0009644155
   -0.0021783970
   -0.0043247562
    0.0025695702
   -0.0017555967
   -0.0000493715
    0.0003113432
    0.0011397651
   -0.0002851686
   -0.0051616145
   -0.0017995329
   -0.0146022135
    0.0016310543
    0.0029097095
   -0.0035935399
    0.0013229929
    0.0000387874
   -0.0021118482
    0.0030329384
    0.0008194296
    0.0032786386
   -0.0078786138
    0.0016581021
    0.0003363644
    0.0014556281
   -0.0078587491
    0.0010184034
    0.0015825527
   -0.0117986513
    0.0014163874
   -0.0048462840
   -0.0004210338
    0.0007979433
    0.0021891184
    0.0012709140
   -0.0041176921
    0.0009195818
    0.0006984647
    0.0004009596
    0.0004261788
   -0.0043319545
    0.0009276682
    0.0031707356
    0.0014109435
    0.0008402001
    0.0000212141
    0.0012195012
   -0.0103838494
   -0.0004779558
    0.0008636363
   -0.0023613212
   -0.0075501070
   -0.0073628857
    0.0012417776
    0.0028448286
    0.0018005984
    0.0010617838
   -0.0000983017
    0.0015202172
    0.0001315602
    0.0011364395
    0.0004596612
    0.0008590115
   -0.0175973571
    0.0015100020
    0.0008520449
   -0.0024586589
    0.0007826386
   -0.0040399411
    0.0001051959
   -0.0005297696
   -0.0065031839
   -0.0024030166
    0.0013407981
   -0.0069977633
    0.0032477253
    0.0005439353
    0.0027304795
   -0.0148702791
    0.0010282062
    0.0004199750
    0.0011205335
    0.0001605447
   -0.0076557480
    0.0009975742
   -0.0002459051
    0.0010799768
    0.0027985521
   -0.0010661935
    0.0018846176
    0.0013609288
    0.0003610665
    0.0039376712
    0.0030811902
   -0.0048578996
   -0.0006814171
   -0.0190626397
   -0.0186602506
   -0.0205018998
   -0.0195654210
   -0.0194275263
   -0.0193660438
   -0.0187404876
   -0.0190549391
   -0.0173924887
   -0.0162063189
   -0.0202547003
   -0.0201998434
   -0.0200976906
   -0.0175949864
   -0.0190119756
   -0.0180820343
   -0.0209301545
    0.0009980495
    0.0003246734
    0.0010476469
    0.0007043778
    0.0008806819
   -0.0000110828
    0.0011492718
    0.0007870975
    0.0005897553
    0.0011630354
    0.0012018007
   -0.0000052995
    0.0000941651
    0.0009263838
    0.0010724535
   -0.0004619144
    0.0009256458
    0.0004417135
    0.0006307799
    0.0037704311
    0.0029977301
    0.0040673584
    0.0031232547
    0.0043152306
    0.0014444868
    0.0034329055
    0.0045269909
    0.0017824706
    0.0036925783
    0.0033761781
    0.0024897464
    0.0052298033
    0.0041919735
    0.0043845650
    0.0046908863
    0.0044250141
    0.0028013706
    0.0055915710
    0.0046356688
    0.0045466771
    0.0025606285
    0.0035880088
   -0.0067170322
   -0.0048438589
   -0.0003570232
   -0.0100295920
    0.0007988686
    0.0035108636
    0.0001171599
    0.0024554590
    0.0021233807
    0.0008346636
    0.0038797864
    0.0019094291
   -0.0101448414
    0.0028129519
   -0.0012401850
   -0.0016442447
   -0.0112382533
    0.0017588204
    0.0043590351
    0.0012032763
   -0.0025753889
    0.0033769113
    0.0030305963
    0.0023375021
   -0.0025314135
    0.0011776858
    0.0018804653
    0.0023309208
    0.0009390337
   -0.0068603148
   -0.0008342456
    0.0002737638
   -0.0066247148
   -0.0002264439
    0.0025767768
    0.0044011863
    0.0038326615
   -0.0027752302
    0.0015084331
    0.0036465785
    0.0031206371
    0.0008745560
    0.0016133951
   -0.0084603198
    0.0028752443
    0.0039324221
   -0.0006004570
    0.0036946423
    0.0013758211
   -0.0004224051
   -0.0007184507
    0.0004742971
    0.0017935893
   -0.0020531160
    0.0040076047
    0.0016228352
    0.0020867709
    0.0013226102
    0.0007284128
   -0.0006438787
    0.0024154860
    0.0023736756
    0.0044482573
    0.0041747389
    0.0028177770
   -0.0017525731
    0.0004739110
    0.0021028029
    0.0035928606
    0.0017220046
   -0.0004938104
   -0.0153761659
    0.0010369267
   -0.0033039459
    0.0040543679
   -0.0056067648
    0.0025774879
   -0.0053795124
   -0.0014403309
   -0.0132136818
    0.0034103717
    0.0046317056
    0.0020961349
    0.0033153987
   -0.0107276972
    0.0010866733
   -0.0021721630
   -0.0019641876
   -0.0160544901
   -0.0054798031
   -0.0002999634
    0.0027327742
    0.0016574993
   -0.0000610888
    0.0033313353
   -0.0005522649
   -0.0089105218
   -0.0048918388
    0.0005370805
    0.0005167165
   -0.0058272726
   -0.0016441367
   -0.0097795093
   -0.0075804032
   -0.0049233998
   -0.0021579593
   -0.0055307289
   -0.0032446268
   -0.0027342667
   -0.0041234811
   -0.0018637003
   -0.0006293041
   -0.0023015427
   -0.0071628524
   -0.0006904886
   -0.0021300034
   -0.0007370043
   -0.0055158993
   -0.0024398773
   -0.0015893373
   -0.0012359317
   -0.0020682596
   -0.0043366272
    0.0030076046
    0.0035761933
    0.0050196555
    0.0050055937
    0.0034670161
    0.0008797216
    0.0046462757
    0.0043324903
    0.0041911566
    0.0035988823
    0.0046491967
    0.0053059729
    0.0044552318
    0.0047530460
    0.0048485777
    0.0045898679
    0.0052471113
    0.0045690650
    0.0047113971
    0.0040020290
    0.0050739384
    0.0025872788
    0.0047075207
    0.0020795426
    0.0043779481
    0.0015254819
    0.0026821548
   -0.0144524810
    0.0026759559
   -0.0005097389
   -0.0004647317
   -0.0073780911
    0.0029353260
   -0.0004159559
   -0.0035916088
    0.0045221162
   -0.0049736752
    0.0006371314
   -0.0000495175
   -0.0010153835
    0.0028292022
    0.0006710905
   -0.0011914486
   -0.0004787622
   -0.0003632387
   -0.0003782305
   -0.0001004341
    0.0004324486
    0.0010299966
   -0.0011238328
    0.0024889245
   -0.0035761083
    0.0001382593
   -0.0128955857
    0.0043147688
   -0.0016744398
    0.0046499620
   -0.0033701955
    0.0009034509
    0.0042962983
   -0.0000710359
    0.0034252925
    0.0017129455
   -0.0018501825
   -0.0002310994
   -0.0079285118
    0.0007614504
    0.0020360954
   -0.0000977598
    0.0004594399
   -0.0076573522
    0.0034531525
    0.0028008351
    0.0043017478
    0.0043067343
    0.0047175884
    0.0052498240
    0.0035787780
    0.0050789205
    0.0048057727
    0.0028614596
    0.0024386110
    0.0049165896
    0.0046322109
    0.0037355312
    0.0038830927
    0.0049628278
    0.0033301820
    0.0042407480
    0.0035765540
    0.0039953780
    0.0043570470
    0.0039911967
    0.0043674564
    0.0026454401
    0.0051017110
    0.0047974206
   -0.0007587381
   -0.0030987077
   -0.0012983706
   -0.0007851378
   -0.0022059159
   -0.0060235363
   -0.0131542194
   -0.0024741979
   -0.0020513889
   -0.0011700175
   -0.0042399186
   -0.0085842890
   -0.0026229089
   -0.0016362724
   -0.0064711595
   -0.0043810226
   -0.0014416502
   -0.0048131208
   -0.0059111653
   -0.0011290507
   -0.0106732812
   -0.0037484462
   -0.0005908321
   -0.0008463008
   -0.0036528032
   -0.0156851587
   -0.0002981909
    0.0002319716
    0.0005354179
    0.0012871588
   -0.0003164552
    0.0004496874
   -0.0004179451
   -0.0003993784
    0.0005065016
   -0.0087204596
   -0.0001784269
    0.0029929341
   -0.0040524508
   -0.0035626058
    0.0004210449
   -0.0002740651
    0.0017339039
    0.0007594781
    0.0011892830
   -0.0001000813
    0.0026674772
   -0.0046132705
   -0.0020176764
    0.0035541358
    0.0033528324
    0.0037496754
    0.0027426999
    0.0015129076
    0.0030221155
    0.0026802801
   -0.0052843315
   -0.0009126857
   -0.0007097954
    0.0031558823
    0.0004302049
    0.0014108516
   -0.0029388254
    0.0007089475
   -0.0034200339
    0.0001243894
    0.0046576360
    0.0048850676
    0.0047062026
    0.0041250036
    0.0044205350
    0.0041888358
    0.0039361027
    0.0041241784
    0.0047391711
    0.0047040541
    0.0041761992
    0.0047279087
    0.0047397765
    0.0046735357
    0.0048140321
    0.0046699671
    0.0024540028
    0.0046797340
    0.0048060021
    0.0022626786
    0.0033106734
    0.0038803744
    0.0039071508
   -0.0047987284
   -0.0053836207
   -0.0008861642
   -0.0040058341
   -0.0104713242
   -0.0005961677
   -0.0044713868
   -0.0015132389
   -0.0070697135
   -0.0012796379
   -0.0118913036
   -0.0009395505
   -0.0005161436
   -0.0011220026
   -0.0007441606
   -0.0004058177
   -0.0014369876
   -0.0199086075
   -0.0143773389
   -0.0162550947
   -0.0191551683
   -0.0209395645
   -0.0185493720
   -0.0198177017
   -0.0204125578
   -0.0209994238
   -0.0190420348
   -0.0188764303
   -0.0160585532
   -0.0162905804
   -0.0183649243
   -0.0204543474
   -0.0205855346
   -0.0194345643
    0.0048173271
    0.0046400412
    0.0046076510
    0.0048298978
    0.0047331782
    0.0048312706
    0.0047358212
    0.0047095101
    0.0003454844
    0.0037298384
    0.0053226098
    0.0030581347
    0.0030265778
    0.0043776946
    0.0023454374
    0.0045321631
    0.0037267365
    0.0046633645
    0.0047397322
    0.0045458411
    0.0040411124
    0.0048912244
    0.0003918601
    0.0047873199
    0.0047105003
    0.0045156495
    0.0047667663
    0.0040544930
    0.0039066420
    0.0045236552
    0.0037152208
   -0.0078815887
   -0.0058517779
   -0.0016298360
   -0.0010380081
   -0.0005479711
   -0.0029354870
   -0.0022513671
   -0.0026807198
   -0.0021341090
   -0.0060401522
   -0.0014392731
   -0.0006609612
   -0.0012223840
   -0.0003425509
   -0.0050590802
   -0.0028107770
   -0.0078291749
   -0.0047253367
   -0.0043084416
   -0.0048377021
   -0.0010648726
   -0.0013643662
   -0.0002003857
   -0.0006935870
    0.0013862519
   -0.0074603454
    0.0013459916
   -0.0004760275
   -0.0001198273
    0.0000296315
    0.0013277028
    0.0030293348
    0.0002402363
   -0.0093483035
    0.0009866223
    0.0030699385
    0.0029726070
   -0.0109277000
    0.0023759346
    0.0009254720
    0.0000967751
    0.0017207791
    0.0023926816
   -0.0007018060
   -0.0043013899
   -0.0003210821
    0.0015707498
    0.0001709340
    0.0013751695
    0.0000929477
    0.0021364791
   -0.0033517182
    0.0023889249
    0.0019287370
    0.0007125608
    0.0010266867
    0.0023894006
   -0.0095408968
   -0.0034186310
    0.0001404699
    0.0008072221
    0.0009001095
    0.0018020173
   -0.0118064500
   -0.0158037300
    0.0013391651
   -0.0106526272
    0.0015322463
    0.0004863665
   -0.0000185456
    0.0003704076
   -0.0040915797
    0.0015780061
    0.0027002767
    0.0031933569
   -0.0001184790
    0.0013818600
    0.0013433404
    0.0013976666
    0.0010098082
    0.0013382332
   -0.0029413462
    0.0008913404
   -0.0009612732
    0.0006746381
    0.0013014165
   -0.0002841216
    0.0004996681
    0.0016438425
   -0.0071857491
   -0.0002757583
    0.0025714093
    0.0015318364
    0.0000872270
    0.0020737157
   -0.0003098830
    0.0009613867
    0.0011209479
   -0.0009417814
    0.0012543753
   -0.0000022172
   -0.0044885512
    0.0009487858
    0.0004929270
    0.0020299388
    0.0010747825
   -0.0143772124
    0.0028120507
    0.0010570466
    0.0009515027
    0.0008566071
    0.0008806058
    0.0011969026
    0.0008148141
    0.0018153593
   -0.0000208368
    0.0005962680
   -0.0136785276
    0.0015160345
    0.0007436060
    0.0024831979
   -0.0029650998
    0.0013332697
    0.0002527702
    0.0024044664
   -0.0006111577
    0.0013295320
   -0.0000385114
    0.0043508051
    0.0034510786
    0.0033474942
    0.0031808293
    0.0044580502
    0.0032756040
    0.0042242486
    0.0038959627
    0.0043319016
    0.0018819120
    0.0033272815
    0.0030518574
    0.0013784720
    0.0038047531
    0.0036289705
    0.0021846719
    0.0039304937
    0.0050625183
    0.0042015072
    0.0042844715
    0.0055728520
    0.0033435277
    0.0055177452
    0.0051392736
    0.0042510256
    0.0037192644
    0.0033905329
    0.0039051855
    0.0027585316
    0.0032115657
    0.0044695224
    0.0045896515
    0.0034622980
    0.0015566693
    0.0023986630
    0.0001354543
    0.0046114313
    0.0032744869
    0.0016002874
    0.0035692557
    0.0051461645
    0.0039369462
    0.0036889245
    0.0047301956
    0.0037811658
    0.0035458161
    0.0001319583
    0.0008668972
   -0.0000806331
    0.0010895506
    0.0009042462
    0.0002067953
    0.0005854517
    0.0008096732
    0.0008720342
    0.0002538278
   -0.0004163121
    0.0011749247
    0.0011827661
   -0.0001838500
    0.0010734611
    0.0012917485
    0.0002437086
   -0.0000815333
   -0.0007108270
   -0.0004485798
    0.0012022213
    0.0009101110
    0.0001394866
    0.0011582263
    0.0034950730
    0.0025229353
    0.0022978132
    0.0020467537
    0.0037728873
    0.0040922375
    0.0033192766
    0.0023456306
   -0.0116749860
   -0.0003538593
    0.0005525388
    0.0024223681
   -0.0006205934
   -0.0005895186
    0.0017671120
   -0.0030014610
    0.0010888286
    0.0005082385
    0.0015410381
    0.0010426807
    0.0009283370
    0.0005475377
    0.0007455814
    0.0003407831
   -0.0097332385
    0.0007960331
   -0.0026926846
   -0.0004442871
   -0.0032890843
    0.0000020513
    0.0001224423
    0.0036940727
   -0.0011178829
    0.0009016684
    0.0002074981
    0.0007090737
   -0.0023507039
    0.0004909752
    0.0007847516
   -0.0002265987
    0.0010641385
   -0.0004183886
    0.0008532851
    0.0015894451
   -0.0000715666
    0.0002649702
    0.0000257934
    0.0017632163
    0.0015232227
    0.0017294121
   -0.0038240449
    0.0010107450
    0.0000401073
    0.0011401108
    0.0012078799
    0.0006168688
    0.0019281949
   -0.0010707454
   -0.0010635043
    0.0008247039
    0.0020842059
    0.0011472052
   -0.0022709777
   -0.0024500143
    0.0038399348
    0.0005541675
    0.0010631361
    0.0004266636
   -0.0042265576
    0.0000511150
   -0.0017549172
    0.0007437356
    0.0011082551
   -0.0026528217
    0.0007983626
    0.0008808125
    0.0018697318
    0.0018402025
    0.0007120873
    0.0014052402
    0.0011288488
   -0.0032661574
   -0.0141771620
    0.0011630565
   -0.0025421750
    0.0038547752
    0.0005828636
    0.0022351254
    0.0009525879
   -0.0111902061
    0.0006285871
    0.0025004344
   -0.0003553917
    0.0014890586
    0.0021078991
    0.0009276753
    0.0022078789
   -0.0038748929
    0.0015417878
    0.0016026603
    0.0011900755
    0.0033398292
    0.0010843036
    0.0024034076
   -0.0015778591
   -0.0087671406
    0.0011436842
   -0.0055499833
    0.0007721077
   -0.0009632248
    0.0002776040
    0.0018320382
    0.0002126320
    0.0010505354
   -0.0065262157
    0.0021037642
   -0.0007279209
    0.0020104299
    0.0028871825
    0.0004012688
    0.0016276076
    0.0007517555
    0.0000191269
    0.0031663742
   -0.0004808494
    0.0005353176
   -0.0002128148
   -0.0018606838
   -0.0012523008
   -0.0006706137
    0.0003254706
    0.0008273383
    0.0012378726
    0.0007860873
   -0.0013047776
   -0.0001137474
    0.0013255043
   -0.0003645845
   -0.0042825991
    0.0007039681
    0.0011353854
    0.0019508797
    0.0010745830
    0.0011996656
   -0.0117087491
    0.0011528237
   -0.0056830663
    0.0002787769
    0.0022105763
   -0.0143474078
   -0.0124002612
   -0.0141125685
   -0.0148653216
   -0.0125014648
   -0.0155731504
   -0.0147943072
   -0.0152015456
   -0.0148579738
   -0.0157255817
    0.0004553374
    0.0008937060
   -0.0000508619
   -0.0005145875
    0.0008737130
    0.0007765568
    0.0002159686
   -0.0004106311
    0.0007435974
    0.0039843425
    0.0010044949
    0.0039885712
    0.0034278912
    0.0020113119
    0.0040315221
    0.0034519976
    0.0036901822
    0.0016254257
    0.0029921291
    0.0033387476
    0.0012904623
    0.0020908343
    0.0000381888
    0.0027255457
   -0.0003213378
    0.0010389836
    0.0018796265
    0.0006700271
    0.0002679226
   -0.0007605962
   -0.0000178210
    0.0032278488
    0.0006972050
    0.0010594048
   -0.0098880165
    0.0011937260
    0.0027668912
    0.0035607075
    0.0005542213
    0.0024363015
    0.0035185188
    0.0015105302
    0.0035105495
   -0.0013809921
   -0.0007634256
    0.0009166003
   -0.0001886937
    0.0002009878
    0.0018854762
   -0.0002110961
    0.0032224628
    0.0004922164
    0.0011627317
   -0.0009154065
    0.0014152097
    0.0004674227
    0.0009103391
    0.0034935811
    0.0010937074
    0.0020823184
   -0.0004669285
    0.0010349018
    0.0034329596
    0.0023401694
    0.0036426672
   -0.0101724510
   -0.0008965478
    0.0019224766
    0.0015203798
    0.0032556212
   -0.0004682662
   -0.0016438349
   -0.0011929213
   -0.0001249915
   -0.0006650816
    0.0001668082
   -0.0031370013
   -0.0109056587
   -0.0005627699
   -0.0097251573
    0.0024996445
   -0.0091414547
    0.0042685522
    0.0020041552
    0.0006526699
    0.0034631197
    0.0026462797
   -0.0069323088
   -0.0023987406
    0.0034206514
   -0.0006100809
   -0.0002385963
    0.0033114567
    0.0004859350
    0.0028223990
    0.0007725028
    0.0035363428
   -0.0045756947
   -0.0038095227
    0.0033863988
   -0.0008097193
    0.0016489788
   -0.0006428543
    0.0013561801
   -0.0051567100
   -0.0115536596
    0.0036910205
    0.0029108709
   -0.0000849730
    0.0002349825
    0.0009028347
    0.0019917569
    0.0000502780
    0.0020356534
   -0.0044253602
   -0.0000382571
    0.0032826505
   -0.0032402002
   -0.0085017832
    0.0037595134
   -0.0142492700
    0.0017171276
    0.0016645211
   -0.0000390080
   -0.0076036444
    0.0018341477
    0.0011893813
   -0.0022555364
   -0.0020983167
   -0.0039943336
   -0.0121182793
   -0.0017628542
   -0.0004604451
   -0.0020435152
   -0.0107606531
    0.0002984248
    0.0009533299
    0.0032678867
    0.0006109852
    0.0001566122
   -0.0003521906
    0.0012042511
   -0.0049487932
   -0.0002373282
    0.0025977007
   -0.0003506046
   -0.0003047765
   -0.0002538932
   -0.0101323410
   -0.0064482734
   -0.0005760099
    0.0029348234
    0.0012260566
    0.0016580973
    0.0026056716
    0.0011079543
   -0.0006729202
    0.0007064487
    0.0005535250
   -0.0007627810
    0.0020829889
    0.0029128815
   -0.0006636048
   -0.0008394616
    0.0020833074
    0.0033798931
    0.0039127796
    0.0021729510
    0.0023078769
   -0.0008150332
   -0.0010327615
   -0.0028274941
   -0.0021838934
   -0.0053947852
   -0.0023945518
   -0.0013705210
   -0.0065409168
   -0.0039711150
   -0.0009442566
   -0.0011698365
   -0.0032716291
   -0.0020135058
    0.0039040960
    0.0038228052
    0.0040812559
    0.0029622170
    0.0037200335
    0.0042800668
    0.0037580078
    0.0040373781
    0.0038301570
    0.0037557415
    0.0016007524
    0.0033978231
    0.0034321756
    0.0016320173
   -0.0030007217
    0.0004392487
   -0.0135509114
   -0.0107149693
    0.0013567847
    0.0034212646
    0.0015414398
   -0.0005292496
    0.0026934235
   -0.0089927067
    0.0001045118
   -0.0089302973
   -0.0001044005
   -0.0005913217
    0.0001727042
   -0.0085422304
    0.0005087673
   -0.0000505326
    0.0021042457
   -0.0005311401
    0.0001213980
    0.0034994331
   -0.0005088693
   -0.0017415905
   -0.0034445207
   -0.0005733608
    0.0020737726
   -0.0012189303
   -0.0050914340
    0.0025965438
   -0.0001413110
   -0.0032207956
    0.0031398475
    0.0009049191
    0.0022252041
    0.0023738853
    0.0018482774
    0.0012540545
    0.0003161389
    0.0012938005
   -0.0085770116
   -0.0063211707
   -0.0002346120
    0.0006328486
    0.0009108107
    0.0027181401
   -0.0071547450
   -0.0039359654
   -0.0015826835
   -0.0114242841
    0.0004634374
   -0.0004262858
    0.0032880535
   -0.0000902256
    0.0015479002
    0.0034969161
   -0.0000300349
    0.0009205878
    0.0038984815
    0.0006171627
   -0.0015122183
    0.0038269522
    0.0004628485
    0.0041781908
    0.0025175544
    0.0029573309
    0.0038146169
    0.0037627137
    0.0034828649
    0.0041713270
    0.0030484397
    0.0038539471
    0.0022372047
   -0.0039328286
   -0.0011310270
   -0.0011780307
   -0.0017104493
   -0.0061700261
   -0.0012050378
   -0.0039994746
   -0.0058136167
   -0.0069450834
   -0.0018409371
   -0.0026989158
   -0.0033630886
   -0.0021244716
   -0.0052967374
   -0.0025086276
   -0.0016442611
   -0.0033048139
   -0.0014828822
   -0.0038249150
    0.0006531167
   -0.0046859199
   -0.0018350795
   -0.0006518805
   -0.0095209047
   -0.0138375105
   -0.0064212122
    0.0019929052
    0.0008706579
    0.0029168810
   -0.0031128871
   -0.0086065981
    0.0034783297
   -0.0006477468
    0.0034427918
   -0.0022067559
   -0.0008011377
   -0.0003498718
   -0.0000603833
   -0.0022946999
   -0.0005733512
   -0.0033802877
   -0.0024352679
    0.0004592041
   -0.0004989102
   -0.0028739970
   -0.0003764545
   -0.0012396109
   -0.0020995996
   -0.0045122138
    0.0007540174
   -0.0044906295
   -0.0017808837
   -0.0038530559
    0.0019033513
    0.0026261908
    0.0024275237
    0.0009173390
   -0.0037205356
    0.0011729507
   -0.0000363950
    0.0008833054
   -0.0081832417
    0.0042667664
    0.0016534508
    0.0001141193
    0.0007542690
   -0.0030578593
   -0.0008792859
    0.0013941528
   -0.0110696871
   -0.0115482979
   -0.0006028579
    0.0012630414
   -0.0063952581
    0.0019563401
    0.0016828539
    0.0011233344
    0.0027097336
    0.0015630768
    0.0012204559
    0.0038374559
    0.0029292075
    0.0033319873
    0.0030717223
    0.0038571231
    0.0038725327
    0.0037720573
   -0.0020208497
   -0.0035540157
   -0.0011555398
   -0.0016336066
   -0.0013292869
   -0.0011163514
   -0.0049482781
   -0.0009349852
   -0.0146697562
   -0.0145224448
   -0.0157440811
   -0.0139690257
   -0.0140997022
   -0.0152104360
   -0.0150545448
   -0.0135347987
    0.0037627198
    0.0038493216
    0.0028765326
    0.0029165794
    0.0038889323
    0.0019391724
   -0.0015978794
   -0.0013466446
   -0.0035766885
   -0.0053348684
   -0.0053840025
   -0.0021358740
   -0.0011607622
   -0.0039853809
   -0.0069562991
   -0.0018178376
   -0.0009745336
   -0.0015400879
   -0.0057259906
   -0.0014028785
    0.0006934595
    0.0000025900
   -0.0019506628
   -0.0002189968
   -0.0006771194
    0.0004080873
   -0.0025183799
    0.0002747336
    0.0011356187
    0.0013113198
    0.0009376863
    0.0000570985
   -0.0049228130
    0.0014683201
    0.0014083524
    0.0010444737
    0.0030722720
    0.0018500312
    0.0025948465
   -0.0004228519
    0.0015112766
    0.0005730569
    0.0008664936
    0.0016361258
    0.0003683785
    0.0017992113
   -0.0076806013
    0.0000205648
    0.0007910550
    0.0020223546
    0.0006840483
   -0.0034673476
    0.0010016483
    0.0012249637
    0.0000289213
    0.0008628116
    0.0013416358
    0.0019553536
    0.0007183761
   -0.0003917591
    0.0007136976
    0.0008043275
    0.0016722679
    0.0004837713
    0.0018477174
   -0.0003928820
   -0.0038072158
    0.0015414333
   -0.0012720547
    0.0007262635
    0.0006297503
    0.0011928273
    0.0007670035
    0.0010920844
    0.0008523754
   -0.0082377701
    0.0020090427
    0.0006503642
   -0.0101760146
    0.0023860219
    0.0020236913
    0.0017182471
    0.0028888539
   -0.0078452899
    0.0022771595
    0.0000501094
    0.0007896874
    0.0011321182
   -0.0125637499
   -0.0002799525
   -0.0044569454
   -0.0009329584
   -0.0095169030
    0.0003069222
    0.0009717893
   -0.0002376542
    0.0010526545
    0.0020970373
   -0.0000952463
    0.0006310247
    0.0003739037
    0.0029381410
   -0.0039623843
   -0.0004574851
    0.0006493747
    0.0027195781
   -0.0124646224
   -0.0003498089
   -0.0009312716
    0.0004262737
   -0.0011631845
   -0.0013263492
   -0.0000115899
    0.0004938525
    0.0018421477
    0.0010268057
    0.0002947694
    0.0030727426
    0.0022121116
    0.0009637930
   -0.0117239244
    0.0013466330
    0.0007938757
    0.0013922379
    0.0005347567
    0.0007919246
   -0.0081455257
    0.0007924364
    0.0017706899
    0.0004781066
    0.0030067940
   -0.0001316889
    0.0021100224
   -0.0026984662
   -0.0002052380
   -0.0015416110
    0.0005863119
    0.0007131690
    0.0015737967
   -0.0058152805
    0.0032214289
    0.0009021187
   -0.0093089313
    0.0023694590
    0.0002913954
    0.0006913974
    0.0007500535
    0.0008562150
    0.0000303400
   -0.0051270501
    0.0011753212
    0.0025148799
    0.0016283892
    0.0027299745
   -0.0046681037
    0.0022138204
    0.0041590932
   -0.0017326735
    0.0027131799
    0.0004412044
   -0.0017339189
   -0.0063304457
   -0.0053611615
    0.0014154776
    0.0029033559
    0.0029166650
    0.0021950154
    0.0019417420
    0.0030924280
    0.0020001779
    0.0030850018
    0.0036491009
    0.0012206822
    0.0019258487
    0.0036453491
    0.0033080413
    0.0037116393
    0.0037641958
    0.0009244247
    0.0039086818
    0.0030535541
    0.0035054632
    0.0025789232
    0.0034512931
    0.0038974896
    0.0036511218
    0.0029920932
    0.0031556814
    0.0008350281
    0.0001743834
    0.0006192645
    0.0006988569
    0.0005860104
    0.0000749996
    0.0004691463
   -0.0000531145
    0.0006457519
    0.0001357113
    0.0008313528
    0.0005414385
   -0.0000643240
    0.0005516041
   -0.0006845826
    0.0002182605
    0.0006895271
   -0.0038281550
   -0.0016176436
   -0.0065860204
   -0.0002411011
    0.0006338094
    0.0006582673
    0.0012650342
    0.0004861711
    0.0004758058
    0.0012929399
    0.0010138350
    0.0006116839
    0.0008240192
   -0.0009495198
    0.0018142837
    0.0006300232
    0.0002627291
   -0.0001003584
    0.0019440678
   -0.0006199203
    0.0009898837
    0.0013318842
    0.0006013841
    0.0025077936
    0.0007090268
   -0.0003216751
    0.0005422409
   -0.0013275340
   -0.0007760295
   -0.0029885311
    0.0006318431
    0.0010064010
    0.0006573353
    0.0013771070
   -0.0019856444
   -0.0001914359
    0.0009254384
   -0.0065145930
   -0.0019476344
    0.0004218886
    0.0014869546
    0.0011367246
    0.0003240121
    0.0005215574
    0.0006592425
    0.0007205884
    0.0007360865
    0.0013850462
    0.0017064890
    0.0010258962
    0.0028107345
   -0.0026217953
    0.0023061061
   -0.0026011647
    0.0004357973
    0.0005935549
   -0.0031193470
    0.0001647705
    0.0002340423
   -0.0003196111
   -0.0101416091
    0.0013959287
   -0.0000524303
   -0.0008292270
   -0.0010692259
    0.0008311336
    0.0013285915
   -0.0060187754
    0.0003378403
    0.0002770957
   -0.0039130780
    0.0017481253
    0.0002174391
    0.0018227015
    0.0005644575
    0.0023678332
    0.0020674721
    0.0009707750
    0.0014851944
   -0.0043964893
    0.0019325946
   -0.0004324103
   -0.0005937508
    0.0010498375
    0.0006071273
    0.0004957564
    0.0009018115
    0.0005629060
   -0.0049983365
    0.0009676162
    0.0003636865
    0.0007308697
    0.0015997505
   -0.0028343250
   -0.0007981811
    0.0010757778
    0.0001880140
    0.0002330932
    0.0018880998
    0.0011635621
    0.0021743757
   -0.0014552460
    0.0027834541
   -0.0035750724
    0.0009266081
   -0.0003304828
    0.0011092641
   -0.0001201049
    0.0024453248
    0.0008960810
    0.0018884679
    0.0004200978
    0.0005521967
    0.0012789196
   -0.0001178013
   -0.0014489643
    0.0023315666
    0.0004500220
    0.0002649301
    0.0004340082
    0.0024738492
   -0.0006489730
    0.0013519995
    0.0025956220
    0.0005657670
    0.0001905358
    0.0005465047
    0.0015331876
    0.0006577297
   -0.0006106211
    0.0008602494
   -0.0003168743
    0.0009856618
    0.0015360838
    0.0006076522
    0.0006023749
    0.0018177587
   -0.0063227216
    0.0016932954
    0.0001490419
   -0.0035876181
    0.0004647235
   -0.0032476859
    0.0009112836
    0.0010107503
   -0.0011102067
    0.0008332656
   -0.0024235068
    0.0019172002
    0.0011392293
    0.0010884701
    0.0008353586
    0.0008751244
    0.0027189399
    0.0006827264
    0.0006296111
    0.0027345291
    0.0014526704
   -0.0094240844
   -0.0033082862
    0.0007500960
   -0.0096319063
    0.0000520692
    0.0005779175
    0.0002279310
    0.0000754430
    0.0007235288
    0.0009528036
    0.0017252009
    0.0001549830
   -0.0002615890
    0.0005155701
    0.0008754008
   -0.0045534032
    0.0004305815
   -0.0006759390
    0.0010322377
   -0.0001351800
    0.0009839218
   -0.0000809450
    0.0002594825
    0.0008746992
    0.0006614495
    0.0003607617
    0.0016179540
   -0.0010459107
    0.0017408198
    0.0002908966
    0.0009337498
   -0.0002723769
    0.0006811641
    0.0006952442
    0.0003378865
    0.0007025549
    0.0028800185
   -0.0012445674
    0.0005860626
    0.0001326142
   -0.0005956085
    0.0014039999
    0.0008953513
    0.0007623599
   -0.0000596586
    0.0007974960
    0.0001080350
    0.0032788415
    0.0006888254
   -0.0024002384
    0.0010042373
    0.0022488368
    0.0010694926
    0.0016780368
   -0.0005392251
    0.0009989386
   -0.0000049694
    0.0008810806
    0.0005806906
    0.0004292612
   -0.0030251604
    0.0012206193
   -0.0004530363
   -0.0086444646
   -0.0002323652
    0.0000773685
    0.0026406458
    0.0012061925
    0.0010627704
    0.0006355353
   -0.0036224324
    0.0006132119
    0.0003136901
    0.0018708261
    0.0022287156
    0.0011293142
    0.0017490569
   -0.0003032198
    0.0027621424
    0.0015611677
    0.0016436505
    0.0007898794
    0.0010445658
    0.0021108283
    0.0005495737
    0.0011400113
    0.0020580075
   -0.0007814456
   -0.0000015058
   -0.0001568240
   -0.0021069559
    0.0003899780
   -0.0093605242
    0.0009374327
    0.0003174216
   -0.0004865809
   -0.0095162294
   -0.0120560090
   -0.0120474576
   -0.0120413656
   -0.0115205028
   -0.0109290471
   -0.0111472120
   -0.0111100697
   -0.0107905790
   -0.0097905494
   -0.0050936309
    0.0003339137
    0.0027071794
   -0.0021466637
    0.0025456962
    0.0020823505
    0.0028832612
   -0.0014625801
   -0.0012893946
    0.0010349939
    0.0026556568
    0.0020940337
    0.0029435714
   -0.0003315800
   -0.0016594507
   -0.0029955650
   -0.0023386382
    0.0004460969
    0.0003815215
    0.0026802737
   -0.0008126616
   -0.0096015998
    0.0006355385
   -0.0003805412
    0.0004459010
    0.0028617568
    0.0001504436
    0.0010321986
   -0.0018625085
    0.0023225710
    0.0012692776
   -0.0012783857
    0.0016795709
   -0.0062542525
    0.0028465342
    0.0017243994
    0.0028755095
    0.0002694342
    0.0022381530
    0.0025386123
   -0.0016412085
    0.0021997385
    0.0008563027
   -0.0009750694
    0.0019859631
   -0.0013251926
    0.0002488783
   -0.0029591898
    0.0023830230
   -0.0011852411
    0.0023876088
   -0.0101841469
    0.0000662364
    0.0018673522
    0.0030185249
    0.0024791107
   -0.0059108992
    0.0027973885
    0.0003622554
    0.0025527828
   -0.0006661686
   -0.0013260329
   -0.0021975161
   -0.0004884765
   -0.0044281015
   -0.0081160580
   -0.0050788870
   -0.0079592843
   -0.0032987998
    0.0018160734
   -0.0006153407
    0.0026176903
   -0.0001630160
    0.0032413318
    0.0002134087
   -0.0015279500
    0.0000336202
   -0.0006397702
    0.0013796754
   -0.0008910022
   -0.0065808134
   -0.0020340709
   -0.0020557753
   -0.0041561284
   -0.0027132385
    0.0003685260
   -0.0007766144
    0.0030907786
    0.0028766242
    0.0027370694
   -0.0013033949
   -0.0028788038
    0.0023327185
    0.0023082163
   -0.0006895619
   -0.0018078106
    0.0014085550
    0.0027568160
    0.0026739272
    0.0026879480
   -0.0000374841
   -0.0007476093
   -0.0009247501
   -0.0026925758
    0.0024471873
    0.0024871820
   -0.0050424150
   -0.0083718188
   -0.0008629030
    0.0029827148
    0.0004043842
   -0.0011222071
    0.0024769994
    0.0028626959
   -0.0018692355
    0.0030546581
   -0.0008962893
   -0.0013528805
    0.0030932712
   -0.0038403585
   -0.0025153082
    0.0024698264
    0.0010552552
   -0.0088963840
    0.0020340867
   -0.0033039632
    0.0027452891
   -0.0011801576
   -0.0000617454
    0.0004778912
    0.0006189760
   -0.0029489548
    0.0030203702
    0.0011594798
    0.0026946626
   -0.0024439979
   -0.0005164857
   -0.0000166337
    0.0028829903
    0.0016616743
   -0.0006133084
   -0.0063682945
   -0.0025550037
    0.0004683776
   -0.0039652493
   -0.0064781076
   -0.0026021288
   -0.0083023913
   -0.0002623045
   -0.0084569544
    0.0029561042
    0.0031630738
    0.0013205949
    0.0028520097
   -0.0003807539
   -0.0024129955
   -0.0011713605
    0.0003776016
   -0.0046320384
    0.0016376277
   -0.0009891907
   -0.0021166621
   -0.0008876577
    0.0010687442
    0.0030035603
   -0.0034996247
    0.0029474451
    0.0028876083
   -0.0077105265
    0.0025838414
    0.0025702519
    0.0012375314
   -0.0000425398
    0.0011107255
   -0.0026167794
    0.0026649134
    0.0028510765
    0.0018247022
    0.0010510373
    0.0002587654
    0.0026391035
    0.0023363064
   -0.0003904856
   -0.0009012977
   -0.0073292881
    0.0023534166
   -0.0011706220
    0.0026914406
    0.0024130044
    0.0025935760
   -0.0049309419
   -0.0003555185
   -0.0040458391
    0.0026545894
    0.0016296509
    0.0001496563
   -0.0001308517
   -0.0068616204
    0.0027801857
   -0.0054893176
    0.0021855745
    0.0009785363
   -0.0004424714
   -0.0102156458
    0.0022015219
    0.0031034834
   -0.0001940012
    0.0017578474
   -0.0007238555
   -0.0013336192
    0.0003698389
   -0.0001805812
    0.0030890357
   -0.0055163677
   -0.0021438449
    0.0017219509
    0.0012633098
    0.0024871216
   -0.0091545727
    0.0030897220
   -0.0010464126
    0.0028692032
   -0.0043966590
    0.0021587313
   -0.0009111684
    0.0017340188
    0.0029793994
   -0.0014819482
   -0.0016157199
    0.0025478440
   -0.0037824774
    0.0021963908
    0.0021480555
   -0.0021889712
   -0.0063954753
   -0.0095878294
    0.0017074196
   -0.0052020468
    0.0016410893
   -0.0043118856
    0.0008789653
    0.0026937183
   -0.0015207330
    0.0001424613
    0.0029128632
   -0.0007469091
    0.0023458641
    0.0028284769
    0.0012134412
   -0.0052663379
    0.0030091376
    0.0025551982
   -0.0028275738
   -0.0001342980
   -0.0001644188
   -0.0017596918
    0.0006886311
   -0.0008420481
    0.0002523344
    0.0023509738
   -0.0027087186
   -0.0099197056
   -0.0027971527
    0.0007269243
   -0.0034335510
    0.0003543665
    0.0012596850
    0.0028655508
   -0.0015819695
   -0.0001850168
   -0.0101934718
    0.0020407811
   -0.0028198486
    0.0030806968
   -0.0053173431
    0.0030123857
    0.0029706259
    0.0022742474
   -0.0000673072
    0.0004935476
   -0.0000455521
    0.0009484523
   -0.0001586859
   -0.0061254947
   -0.0014708350
    0.0002488739
    0.0006846058
   -0.0019699247
    0.0014329467
    0.0003597801
    0.0025233220
   -0.0005166924
   -0.0009566627
    0.0023107181
    0.0024873105
   -0.0011633327
   -0.0009338482
   -0.0031102371
    0.0028664278
    0.0027571074
    0.0008060116
    0.0028314051
   -0.0023856187
    0.0028026160
    0.0017991306
   -0.0050094458
    0.0033130911
   -0.0001585987
   -0.0031190475
    0.0031005031
    0.0011450581
    0.0016220007
    0.0012188638
   -0.0041797468
    0.0002594884
   -0.0009125363
   -0.0016377564
   -0.0011709618
    0.0016183366
   -0.0040399340
   -0.0017266555
   -0.0006007697
   -0.0073629090
    0.0030720676
    0.0031345789
   -0.0063150138
    0.0007599565
   -0.0008540059
   -0.0022182870
    0.0022720219
   -0.0039448426
    0.0023134096
    0.0010836185
    0.0010276043
    0.0029025738
   -0.0048146692
   -0.0022543471
    0.0030238337
   -0.0016109930
   -0.0007490031
    0.0027333649
   -0.0012946469
    0.0028500931
    0.0021826094
    0.0028187471
   -0.0030746611
    0.0020354434
   -0.0010078456
   -0.0080331419
   -0.0020519734
    0.0020516752
   -0.0011455889
    0.0004489744
   -0.0079959370
   -0.0001214440
   -0.0012218364
    0.0029223034
   -0.0004975158
   -0.0055389151
   -0.0072522592
    0.0020082639
   -0.0012616108
   -0.0071439824
    0.0028986225
   -0.0007403300
    0.0024134729
    0.0019575760
    0.0029475434
   -0.0053563441
    0.0005297408
    0.0022299800
   -0.0047174269
   -0.0050041635
   -0.0004603736
   -0.0003532996
    0.0029150426
    0.0016153970
   -0.0052152464
    0.0006485674
   -0.0104074113
    0.0030055334
   -0.0007076428
   -0.0031505970
    0.0024628416
   -0.0061766745
    0.0026260708
    0.0020215789
   -0.0027913976
    0.0022793246
   -0.0023175856
    0.0020603299
    0.0012529753
    0.0026318885
   -0.0001211588
   -0.0049057262
   -0.0005768487
    0.0003608222
    0.0001294287
    0.0030449121
   -0.0034833640
   -0.0031808644
   -0.0062293994
   -0.0002768182
   -0.0012451176
    0.0016522039
   -0.0035184695
    0.0001564652
   -0.0018765478
   -0.0012901622
   -0.0027701032
    0.0022168989
   -0.0075966219
    0.0007665752
   -0.0089276054
   -0.0015479191
   -0.0044113358
   -0.0055469499
    0.0015289053
   -0.0005347478
    0.0014013223
   -0.0022234440
    0.0011442544
   -0.0013076800
   -0.0058783735
    0.0005350622
   -0.0104827942
    0.0003061674
    0.0012904837
   -0.0006998705
   -0.0021010434
    0.0029055128
   -0.0012672615
   -0.0087122020
    0.0000165508
    0.0029752335
   -0.0004997786
   -0.0022331984
   -0.0043587999
    0.0012508824
   -0.0002714718
    0.0018131038
    0.0024842794
    0.0028806129
   -0.0033663302
    0.0002300617
    0.0014875540
   -0.0040287209
   -0.0089135938
   -0.0038781641
   -0.0023409011
    0.0012818376
    0.0028891527
   -0.0000872676
   -0.0053642480
   -0.0076912618
    0.0017550868
   -0.0015514663
   -0.0006911921
    0.0014839749
   -0.0017622621
    0.0004520744
   -0.0009157363
    0.0010627428
    0.0014332231
    0.0008186976
   -0.0008704358
   -0.0019803854
   -0.0074786379
   -0.0060397761
   -0.0026952146
   -0.0013649004
    0.0009136441
   -0.0011099138
   -0.0028539064
   -0.0005010130
    0.0021295171
    0.0026993828
   -0.0020091432
   -0.0005997513
    0.0028450822
   -0.0029435544
   -0.0098097687
   -0.0104874885
   -0.0115289904
   -0.0116804807
   -0.0120707278
    0.0005343840
    0.0004513671
   -0.0000236752
    0.0002955339
    0.0000091721
    0.0000966606
    0.0010582193
    0.0009744503
    0.0007282675
    0.0024833108
    0.0006252214
    0.0009576317
   -0.0008229764
   -0.0010418369
   -0.0015501175
    0.0010669236
    0.0012918777
   -0.0016140200
   -0.0047832765
    0.0005822124
    0.0005567470
    0.0008391155
   -0.0023918926
    0.0012419173
    0.0004863048
    0.0023694260
    0.0009067773
    0.0006502115
   -0.0005156997
    0.0010560652
   -0.0104341606
    0.0002732078
    0.0014661602
    0.0009329353
    0.0021122058
   -0.0009685816
   -0.0037934479
    0.0029212359
    0.0008476373
    0.0021551621
    0.0009077402
    0.0007359860
   -0.0027897923
    0.0007286178
    0.0009737722
    0.0026860554
    0.0017961287
    0.0006127711
   -0.0001127433
    0.0022349618
    0.0004297314
    0.0012835225
    0.0004831584
   -0.0011931644
    0.0005278449
    0.0010431553
   -0.0004195512
   -0.0000278625
    0.0009558851
   -0.0054471633
    0.0006864034
    0.0003781491
   -0.0052469443
    0.0009145059
    0.0006316213
    0.0020950391
    0.0017620103
    0.0010788193
    0.0015789169
    0.0009957311
    0.0032670844
   -0.0069174225
    0.0002350711
   -0.0003599698
    0.0014575846
    0.0012900242
    0.0020083772
    0.0021887390
   -0.0003285898
   -0.0057094832
   -0.0086089799
    0.0007402197
    0.0026944346
   -0.0090869308
    0.0009687549
    0.0001907555
    0.0005498594
   -0.0005398160
    0.0009721925
    0.0003872443
    0.0007326238
   -0.0078028125
   -0.0025608124
    0.0021277049
    0.0013317487
    0.0008099857
    0.0025928892
   -0.0013322169
    0.0023622673
   -0.0030456987
    0.0002174492
    0.0015345783
   -0.0110587091
    0.0006249244
   -0.0004986862
    0.0005219043
   -0.0000096514
    0.0011311346
    0.0004813645
    0.0002205292
   -0.0032311501
    0.0002141038
    0.0007595134
    0.0004753606
   -0.0015972296
    0.0023041488
   -0.0052915125
    0.0026766044
    0.0000060158
    0.0006088048
    0.0004025256
    0.0001997357
    0.0012854615
    0.0029829993
    0.0005334445
    0.0002327235
    0.0031103410
    0.0025919208
   -0.0003465675
    0.0010364257
    0.0021580765
    0.0023094946
    0.0006837677
    0.0001870083
   -0.0000903247
    0.0004494167
   -0.0000874976
   -0.0004952406
   -0.0003047789
    0.0006674365
    0.0021434103
   -0.0036459506
   -0.0004820800
    0.0014501206
    0.0000957979
    0.0010179778
   -0.0008543250
    0.0011620526
   -0.0078814990
   -0.0023503765
   -0.0012268364
   -0.0038554373
   -0.0048374854
    0.0024627058
    0.0001228546
   -0.0003079547
    0.0013610136
    0.0011733127
   -0.0030038966
   -0.0074943775
   -0.0005853469
    0.0027322255
    0.0008460488
    0.0029376963
   -0.0010811567
   -0.0014705337
    0.0003645059
   -0.0007662158
    0.0005346636
    0.0008800514
    0.0018018962
   -0.0001484386
   -0.0011204393
    0.0001125497
    0.0031909454
    0.0024462760
   -0.0011790637
    0.0015915054
    0.0001247068
    0.0005125180
   -0.0068431401
    0.0030863872
    0.0007561937
    0.0004857374
   -0.0000963878
    0.0005489037
    0.0024799350
    0.0003383693
   -0.0004126657
    0.0007685333
    0.0004205303
    0.0009841460
    0.0013552272
   -0.0004150499
    0.0006924369
   -0.0013477397
    0.0021864542
   -0.0037198678
   -0.0005331061
    0.0010832943
    0.0021983693
    0.0027599942
   -0.0074916197
   -0.0001883479
   -0.0021223161
   -0.0013254632
   -0.0006425668
    0.0016162518
    0.0007513518
    0.0015458616
    0.0008735973
   -0.0050384027
    0.0014897752
    0.0015435477
   -0.0014046060
    0.0000188081
   -0.0088547296
    0.0000314884
    0.0020452436
    0.0006338669
   -0.0000957787
    0.0006422870
    0.0012416232
    0.0009237438
   -0.0036160531
   -0.0061949179
    0.0007597337
    0.0001767806
    0.0004251396
   -0.0000391510
   -0.0046305546
    0.0023097365
