   -0.0411562531
   -0.0289978496
   -0.0276630084
   -0.0274521165
   -0.0289402533
   -0.0446609894
   -0.0454221430
   -0.0384556589
   -0.0443323651
   -0.0436947657
   -0.0382445761
   -0.0388369960
   -0.0270066985
   -0.0444071399
   -0.0174741057
   -0.0410667578
   -0.0396747742
   -0.0458836465
   -0.0362068226
   -0.0316605449
   -0.0387581078
   -0.0349357271
   -0.0438032068
   -0.0267892165
   -0.0402991117
   -0.0366189236
   -0.0363170146
   -0.0357007871
   -0.0376671233
   -0.0325378705
   -0.0417115737
   -0.0454335585
   -0.0460786252
   -0.0452708679
   -0.0384427877
   -0.0268601497
   -0.0462393661
   -0.0309220032
   -0.0254402160
   -0.0418872595
   -0.0421311946
   -0.0183746941
   -0.0437076884
   -0.0331961742
   -0.0283171726
   -0.0448745651
   -0.0311878554
   -0.0435878608
   -0.0199989415
   -0.0422356490
   -0.0453869329
   -0.0335811504
   -0.0411635603
   -0.0376053255
   -0.0455904811
   -0.0363615720
   -0.0259312863
   -0.0395382252
   -0.0263053993
   -0.0312533884
   -0.0339817855
   -0.0394451853
   -0.0302249122
   -0.0461474398
   -0.0345221735
   -0.0429069795
   -0.0372988767
   -0.0446041241
   -0.0279848223
   -0.0413258272
   -0.0320477619
   -0.0457161505
   -0.0029720247
    0.0060798394
    0.0010382216
   -0.0110273759
    0.0047376262
   -0.0063152789
    0.0056588377
    0.0115621723
   -0.0044584192
    0.0084352741
    0.0005730470
    0.0071892526
    0.0014543587
    0.0034446985
   -0.0123839322
    0.0063855167
    0.0017621142
    0.0054266831
    0.0081651586
   -0.0150785634
    0.0061548874
    0.0097523521
   -0.0047325596
    0.0099352773
    0.0038267468
    0.0099291260
    0.0047874501
    0.0116259012
    0.0093508513
    0.0091245395
    0.0111557357
    0.0109037808
    0.0014339454
    0.0068427184
   -0.0079933631
   -0.0040544743
    0.0082730883
   -0.0070316074
    0.0081898868
   -0.0056142087
    0.0028785202
   -0.0047615101
   -0.0117355715
   -0.0114965938
   -0.0090395996
    0.0008855640
   -0.0133191450
   -0.0038894128
   -0.0057253865
   -0.0104914867
   -0.0114128841
   -0.0072932967
   -0.0055258067
   -0.0040361121
   -0.0168378983
   -0.0142868772
   -0.0130541253
    0.0040241190
   -0.0038836734
   -0.0070449394
   -0.0060771558
    0.0001641934
   -0.0047719661
   -0.0130338265
   -0.0092261415
   -0.0138942769
   -0.0126830641
   -0.0149979182
   -0.0132844531
   -0.0158863297
   -0.0164453533
   -0.0044450653
   -0.0046997141
   -0.0038181704
   -0.0149805610
    0.0018338179
   -0.0020855578
   -0.0100684377
   -0.0020970962
    0.0018320100
    0.0042563992
   -0.0065507858
   -0.0074537262
   -0.0173093113
   -0.0005899236
    0.0011434640
    0.0078876532
   -0.0037219613
    0.0056013775
    0.0068645778
   -0.0141290132
    0.0094976295
    0.0016194681
    0.0002333231
    0.0049615171
    0.0047988135
    0.0062065290
   -0.0241889431
    0.0066578439
    0.0121360849
    0.0094576199
    0.0153188043
    0.0121273703
   -0.0018627321
    0.0127727539
    0.0112175903
    0.0138477820
    0.0116903075
    0.0041318699
    0.0110551047
    0.0127817711
    0.0135471835
    0.0146863334
    0.0113795439
    0.0138573304
    0.0129897544
    0.0120445581
    0.0063676331
    0.0133097462
    0.0131593040
    0.0103165220
    0.0021001512
    0.0129651326
    0.0128730829
    0.0118563911
    0.0037923763
    0.0131711715
    0.0126230941
    0.0130108456
    0.0150156969
    0.0077569783
   -0.0005854172
    0.0001826787
    0.0001165532
    0.0027355513
    0.0006790651
    0.0002227750
    0.0011686486
    0.0004860048
    0.0044638823
    0.0113821339
    0.0046620211
    0.0000060287
    0.0011218681
    0.0099178238
    0.0102231660
    0.0111882528
    0.0015779049
   -0.0012951687
    0.0005425311
   -0.0006924636
    0.0024922390
    0.0015253119
    0.0107825925
    0.0038897609
   -0.0002770762
    0.0040094169
   -0.0001665081
    0.0039065828
    0.0033140386
    0.0037189232
    0.0035618844
   -0.0330669307
   -0.0070003609
    0.0012953914
   -0.0136737694
   -0.0126915966
    0.0029154083
   -0.0055199235
    0.0058507540
   -0.0091656215
   -0.0082026506
    0.0042428723
    0.0023333752
   -0.0100256649
   -0.0028957896
   -0.0008533059
    0.0011843288
   -0.0012592427
   -0.0033069171
   -0.0000369046
    0.0049370039
   -0.0069611106
   -0.0321705544
   -0.0126658180
    0.0011142977
    0.0022274327
    0.0014489866
    0.0007248531
   -0.0002843025
    0.0034901025
    0.0028937850
    0.0013202586
    0.0026779680
    0.0016495188
    0.0077250387
    0.0002904284
    0.0004344593
    0.0059010270
    0.0087455116
    0.0077732858
    0.0032635772
    0.0007635822
    0.0016858302
    0.0051438091
    0.0012613422
    0.0015450939
    0.0095171494
    0.0046074694
    0.0023134593
    0.0104672085
    0.0014151186
    0.0054377064
    0.0083861717
    0.0088588410
    0.0035458453
    0.0019770027
    0.0045479828
    0.0061999685
    0.0024806527
    0.0065608363
    0.0015992448
    0.0030023318
    0.0047871209
    0.0050132045
    0.0054181731
    0.0046124204
    0.0050495008
    0.0032175192
    0.0047225614
    0.0047487612
    0.0022511312
    0.0023517039
    0.0100555883
    0.0129632926
    0.0072531019
    0.0098460831
    0.0064080838
    0.0054172694
    0.0144444743
    0.0069901903
    0.0064495811
    0.0080507858
    0.0109645252
    0.0137740894
    0.0094064787
    0.0079418891
    0.0010293053
    0.0067703059
    0.0084171076
    0.0138243768
    0.0111974919
    0.0077920513
    0.0035078993
    0.0111478613
    0.0101640503
    0.0116128654
    0.0047483848
    0.0000858265
    0.0047417370
    0.0001351370
   -0.0007093661
    0.0053593248
   -0.0010005321
   -0.0016859593
   -0.0022208576
   -0.0016666966
    0.0057174202
    0.0066558711
   -0.0014623620
   -0.0021651209
   -0.0002285654
   -0.0019271001
   -0.0017917496
    0.0059718934
    0.0070297813
   -0.0006286712
    0.0010266954
    0.0068088620
    0.0065629285
    0.0035039732
    0.0067504156
    0.0020052814
    0.0065683752
    0.0052387685
    0.0065628593
    0.0049058056
    0.0068132353
    0.0067874490
    0.0056368115
    0.0031620984
    0.0059502729
    0.0024427514
    0.0063970836
    0.0069419160
    0.0062813755
    0.0068588401
    0.0068393976
    0.0051339237
    0.0052435652
    0.0062203849
    0.0061714879
    0.0058340857
    0.0043234502
    0.0045859557
    0.0061849100
    0.0054499349
    0.0081727514
    0.0094935377
    0.0089426657
    0.0095502548
    0.0052171769
    0.0088127392
    0.0091333944
    0.0096083730
    0.0117894903
    0.0107313334
    0.0099241241
    0.0043414137
    0.0092931975
    0.0083960571
    0.0003976586
    0.0028018357
    0.0017531742
    0.0050103845
    0.0022345997
    0.0054190171
    0.0034572272
    0.0004751106
    0.0025345113
    0.0023396844
    0.0043383378
   -0.0009092946
   -0.0005552685
    0.0010816422
    0.0040856081
   -0.0004056073
    0.0027562296
    0.0048177757
    0.0060625417
    0.0042345485
   -0.0014853189
    0.0052270046
    0.0067294788
    0.0020830043
    0.0044730930
    0.0039506020
    0.0035027746
    0.0064220086
    0.0015791307
    0.0043024106
    0.0065458139
    0.0066761547
    0.0063982804
    0.0058858845
    0.0055242010
    0.0027787379
    0.0066252154
    0.0050096818
    0.0010239068
    0.0046587527
    0.0034094936
    0.0071713405
    0.0063222493
    0.0055877797
    0.0077769905
    0.0079215828
    0.0025020257
    0.0024887746
    0.0071973780
    0.0081025127
    0.0081144184
    0.0075452157
    0.0072363562
    0.0052059075
    0.0047331248
    0.0069673230
   -0.0003280955
   -0.0023073461
    0.0023893571
    0.0024162280
   -0.0028123316
   -0.0018215513
   -0.0008126600
   -0.0015067774
   -0.0014343005
   -0.0028736431
   -0.0025186304
   -0.0027420265
   -0.0023444029
    0.0004362568
   -0.0006402223
    0.0001844624
    0.0002247012
   -0.0018698328
   -0.0027674593
   -0.0003387462
   -0.0016954322
   -0.0017081231
   -0.0025333287
   -0.0006465768
   -0.0028343718
    0.0021990313
   -0.0010167866
   -0.0012082811
    0.0025060087
    0.0000257024
   -0.0010751665
   -0.0028274617
   -0.0022478926
   -0.0024840504
   -0.0026217388
   -0.0022469667
   -0.0024884028
    0.0009816139
   -0.0028627221
   -0.0011904053
    0.0003008981
   -0.0019247966
    0.0009087037
   -0.0018040607
    0.0009776983
    0.0008789265
   -0.0025050796
   -0.0025025105
   -0.0016059510
   -0.0014545042
    0.0015438393
    0.0019979208
    0.0031048855
   -0.0015148614
    0.0003774115
   -0.0019062529
   -0.0009722878
   -0.0028519432
   -0.0027324206
   -0.0020777424
    0.0004029479
    0.0002919678
    0.0000243394
   -0.0025894691
    0.0015876235
   -0.0025715023
    0.0011919518
    0.0060163949
    0.0022766804
    0.0061557184
    0.0060102006
    0.0024174953
    0.0018581623
    0.0061642177
    0.0044371269
    0.0036892374
    0.0050495079
    0.0032573844
    0.0055315976
    0.0016663814
    0.0038583720
    0.0016118845
    0.0040654562
    0.0042118172
    0.0032329955
    0.0065559376
    0.0062200286
    0.0029985933
    0.0030260712
    0.0083381979
    0.0036745630
    0.0045487139
    0.0019750585
    0.0079511310
    0.0063052801
    0.0071680414
    0.0059254828
    0.0072004389
    0.0083372547
    0.0028109642
    0.0060114411
    0.0038658405
    0.0078957772
    0.0061600122
    0.0035921044
    0.0047026078
    0.0054283943
    0.0055713566
    0.0033387613
    0.0079419240
    0.0043668780
    0.0042801753
    0.0052762566
    0.0058308457
    0.0014893236
    0.0019435094
    0.0057638404
    0.0029074262
    0.0025244415
    0.0061100751
    0.0031708519
    0.0026398864
    0.0026201241
    0.0039051637
    0.0029218424
    0.0060493821
    0.0032852042
    0.0004361222
    0.0045103837
    0.0025821900
    0.0059803158
    0.0027253710
    0.0050769267
    0.0019855241
   -0.0002706501
    0.0066276622
    0.0030586531
    0.0048153662
    0.0023030523
    0.0043848175
    0.0018538053
   -0.0004248892
    0.0061028660
    0.0049134967
    0.0004360204
    0.0032503196
    0.0053196652
   -0.0003218146
    0.0048330347
    0.0042347838
    0.0062675119
    0.0024227999
    0.0003649913
    0.0009920370
    0.0038492964
   -0.0003322273
    0.0033738793
    0.0022245766
    0.0055158772
    0.0051349475
    0.0061821906
    0.0056074258
    0.0045176614
    0.0009595900
    0.0011479898
    0.0065161633
    0.0040622152
    0.0062764620
    0.0043532232
    0.0064470320
    0.0045406203
    0.0010146519
    0.0028248629
    0.0029717731
    0.0044764765
    0.0001325033
    0.0047673133
    0.0056011544
    0.0046497090
    0.0061952929
    0.0057222086
    0.0127051568
    0.0093101536
    0.0103976572
    0.0005823390
    0.0124946568
    0.0040468270
    0.0129049918
    0.0077009526
    0.0111657092
    0.0142315212
    0.0081035228
    0.0123999044
    0.0087140059
    0.0113614549
    0.0108750574
    0.0109367948
    0.0150242516
    0.0124535728
    0.0124233697
    0.0149538884
    0.0031637180
   -0.0207358430
   -0.0023502772
    0.0069235624
    0.0157736647
    0.0076694280
    0.0119309375
    0.0104357892
    0.0073983391
    0.0128129519
    0.0062239209
    0.0102038894
    0.0097289899
    0.0120708021
    0.0028488910
    0.0122479767
    0.0114968357
    0.0046065138
    0.0113719122
    0.0126771845
    0.0069710304
    0.0062196220
    0.0111805255
    0.0057301874
   -0.0215216110
   -0.0191554340
    0.0060557030
    0.0114183768
    0.0072309008
    0.0057426542
    0.0125069640
    0.0006827272
   -0.0222908190
    0.0016023685
    0.0054375491
    0.0108553698
    0.0086153430
    0.0090048658
   -0.0111641486
    0.0108428799
    0.0080657106
   -0.0040854629
    0.0034426557
    0.0116980360
    0.0016363577
   -0.0065412461
    0.0123277603
    0.0044430335
   -0.0010509299
    0.0067443146
    0.0036622489
    0.0038579063
    0.0111354640
   -0.0118044905
    0.0103667156
    0.0093082483
   -0.0024448124
    0.0100253085
    0.0127400847
    0.0068409980
    0.0054243139
    0.0160102360
    0.0159927711
    0.0147220823
    0.0056677173
    0.0098353017
    0.0147148955
    0.0122090688
    0.0140609034
    0.0091660154
    0.0089897650
    0.0112838889
    0.0118096009
    0.0133385050
    0.0092032449
    0.0163121714
   -0.0071364649
    0.0115952602
    0.0056673341
    0.0107269770
    0.0124380425
    0.0093568590
    0.0095651025
    0.0107857135
   -0.0026713680
    0.0091392813
    0.0107184937
   -0.0040062735
   -0.0003325329
   -0.0101707307
   -0.0047135678
    0.0047194269
   -0.0001764455
   -0.0026899721
   -0.0118364759
   -0.0041867554
    0.0113049189
    0.0091619397
    0.0104886025
   -0.0177210327
    0.0119117902
    0.0087771869
    0.0085981193
   -0.0106999218
    0.0018974224
   -0.0292806052
   -0.0251659110
   -0.0300019219
   -0.0335800172
   -0.0165213198
   -0.0347522994
   -0.0353683661
   -0.0343628805
   -0.0178758521
   -0.0300416427
   -0.0353295869
   -0.0281792383
   -0.0363721970
   -0.0331016922
   -0.0297711102
   -0.0237752109
   -0.0170102415
   -0.0221495262
   -0.0305081786
   -0.0206288209
   -0.0277322728
   -0.0300202511
   -0.0314669358
   -0.0346146430
   -0.0225256595
   -0.0317199403
   -0.0338905985
   -0.0262662159
   -0.0359632580
   -0.0338839496
   -0.0160706180
   -0.0206451328
   -0.0367251405
   -0.0353235128
   -0.0329391207
   -0.0300048779
   -0.0324662147
   -0.0308304537
   -0.0292773405
   -0.0364378312
   -0.0329534087
   -0.0340416429
   -0.0208907818
   -0.0248156920
   -0.0358651921
   -0.0323269428
   -0.0286407332
   -0.0347759007
   -0.0278642484
   -0.0337712757
   -0.0273001505
   -0.0338331753
   -0.0339110111
   -0.0334346246
   -0.0072888713
    0.0029540013
    0.0059995260
    0.0006833176
    0.0038197744
   -0.0034300723
    0.0069913111
    0.0079292949
    0.0040971566
    0.0019739047
    0.0042035291
   -0.0009392971
   -0.0034022032
    0.0015225524
    0.0001491323
    0.0039316739
    0.0051227089
    0.0031332722
   -0.0015318498
   -0.0042974643
   -0.0019742221
   -0.0015570933
    0.0011184227
   -0.0077402571
   -0.0109545101
    0.0058336948
   -0.0132925725
    0.0027356418
    0.0039573368
   -0.0046576866
    0.0092393955
    0.0088286887
    0.0069657017
    0.0089891001
    0.0095970838
    0.0074657689
    0.0023065576
    0.0027900489
    0.0094430570
    0.0036328013
    0.0088515010
    0.0079966116
    0.0093353286
    0.0076016683
    0.0054169046
   -0.0066858897
   -0.0012804188
   -0.0107209210
   -0.0107824566
   -0.0097209911
   -0.0063341085
   -0.0047018897
   -0.0021333188
   -0.0042307031
   -0.0036551678
   -0.0048063939
   -0.0069787003
   -0.0094250848
   -0.0070101308
   -0.0045792323
   -0.0068446945
   -0.0049732040
   -0.0050510153
   -0.0016656101
   -0.0078537300
   -0.0080259457
    0.0012844991
   -0.0061459767
   -0.0005486622
   -0.0066385404
    0.0043424046
   -0.0035882397
   -0.0001585432
   -0.0013978328
   -0.0049060212
   -0.0057001280
   -0.0195360458
   -0.0073533538
   -0.0040779419
    0.0035822841
   -0.0292201071
    0.0056956777
   -0.0117317368
   -0.0050987497
   -0.0103334996
    0.0025092038
   -0.0021311260
    0.0011010859
   -0.0158583505
    0.0055699475
   -0.0008532889
   -0.0067978794
   -0.0019630299
   -0.0051512132
   -0.0093721467
    0.0097415310
    0.0110839600
    0.0084429250
    0.0095962140
    0.0092916514
    0.0108229999
    0.0121193287
    0.0097833960
    0.0058332214
    0.0103630957
    0.0105827410
    0.0092306285
    0.0113998383
    0.0115409006
    0.0095048230
    0.0097013920
    0.0101385922
    0.0048644975
    0.0101537934
    0.0080234460
    0.0104936538
    0.0065162011
    0.0117045518
    0.0052850065
    0.0117182570
    0.0111897770
    0.0099823594
    0.0001591802
    0.0004106451
    0.0003534805
    0.0023071547
   -0.0003153543
    0.0004551620
    0.0005028127
    0.0047009612
    0.0018451635
   -0.0007298640
    0.0001755880
    0.0026238099
   -0.0000002024
    0.0015205721
   -0.0000675490
    0.0006690743
    0.0026168892
    0.0011440208
    0.0011451197
    0.0009857567
    0.0004206218
    0.0006017695
    0.0016204974
    0.0003263143
    0.0015027986
    0.0031016975
   -0.0000882943
   -0.0008612793
   -0.0003828596
   -0.0003600563
    0.0041307225
    0.0044928492
   -0.0039419383
    0.0012834712
   -0.0024014267
    0.0016436602
   -0.0098362018
    0.0030603777
    0.0043648648
   -0.0047898201
    0.0020199417
   -0.0150095381
   -0.0059422440
   -0.0084624275
    0.0041802055
   -0.0009218813
   -0.0091916138
    0.0018387940
   -0.0003278989
   -0.0005555163
    0.0018328204
    0.0009618131
   -0.0028486635
   -0.0049423490
    0.0004880846
   -0.0223781590
    0.0006745476
   -0.0104999662
    0.0000179977
   -0.0015937057
   -0.0139762467
    0.0027219800
    0.0053092165
    0.0036546473
    0.0037775448
    0.0090217693
    0.0040564070
    0.0078141537
    0.0038347101
    0.0067717951
    0.0021187475
    0.0040392484
    0.0067365984
    0.0072477371
    0.0037525269
    0.0034939963
    0.0089919796
    0.0073620911
    0.0019666757
    0.0008557600
    0.0024216322
    0.0016769613
    0.0031841707
    0.0036933156
    0.0041777504
    0.0031028114
    0.0034562839
    0.0012879118
    0.0010551416
    0.0031562236
    0.0050936349
    0.0025017338
    0.0059718559
    0.0074859056
    0.0083252871
    0.0069954401
    0.0087726804
    0.0033829918
    0.0076312805
    0.0070923720
    0.0067686451
    0.0075810660
    0.0101721285
    0.0059936750
    0.0071677294
    0.0040705244
    0.0092357902
    0.0005402220
    0.0046922166
   -0.0003391537
    0.0061930333
    0.0051861446
    0.0037567710
    0.0039795794
   -0.0012677322
    0.0038227629
    0.0004959959
    0.0005617169
    0.0070508053
    0.0056219338
    0.0005269747
   -0.0013334560
    0.0053449141
   -0.0002408450
   -0.0012354990
   -0.0008975292
    0.0059949690
    0.0037519686
    0.0032864403
    0.0023701238
    0.0044578821
    0.0045419008
    0.0041645314
    0.0046449804
    0.0053419297
    0.0045069572
    0.0038672248
    0.0048120559
    0.0040092702
    0.0043837494
    0.0047835799
    0.0050134538
    0.0044527311
    0.0043735082
    0.0048187459
    0.0044331617
    0.0050098880
    0.0087999382
    0.0075197286
    0.0090087837
    0.0092186612
    0.0048093168
    0.0080573926
    0.0078918736
    0.0081693921
    0.0053900177
    0.0073968144
    0.0076670484
    0.0087961054
    0.0074022677
    0.0059853092
    0.0004137577
    0.0045034169
    0.0034293960
    0.0032554369
    0.0006848401
   -0.0003444552
   -0.0004133455
    0.0023025092
    0.0046239707
    0.0036514279
   -0.0000215918
    0.0002443950
    0.0055776065
   -0.0001439255
    0.0007211247
    0.0006795592
    0.0009158516
    0.0014599495
    0.0006566927
    0.0029408098
    0.0002750419
    0.0013952637
   -0.0001242194
    0.0035479159
    0.0047751732
    0.0005353707
    0.0000282677
    0.0018269423
    0.0037443078
    0.0046515716
    0.0047418724
    0.0049888753
    0.0021804599
    0.0046227534
    0.0011283305
    0.0049241003
    0.0040058871
    0.0048595929
    0.0029082214
    0.0005922289
    0.0045356021
    0.0059769215
    0.0060265520
    0.0029695117
    0.0057966832
    0.0048315565
    0.0040802195
    0.0054598771
    0.0063845439
    0.0047270974
    0.0062342570
    0.0062720228
    0.0074203407
    0.0040399777
    0.0019614056
    0.0068847265
    0.0070072585
    0.0056668030
    0.0050833121
    0.0063207358
    0.0059416832
    0.0068281066
    0.0041189686
    0.0010312804
    0.0011349450
    0.0013202242
    0.0023968371
   -0.0012037005
    0.0003604143
   -0.0016757791
   -0.0002445278
   -0.0010607659
   -0.0018948485
   -0.0014979600
   -0.0002294838
    0.0003155630
   -0.0011490676
    0.0039010440
   -0.0011388631
    0.0009934856
   -0.0012344529
   -0.0010367537
   -0.0016152001
   -0.0005569033
   -0.0018075140
   -0.0016672704
   -0.0005780234
    0.0004775684
   -0.0004980902
    0.0015250250
    0.0010693280
    0.0005778954
   -0.0018460421
   -0.0000759856
   -0.0011087214
   -0.0007451599
   -0.0005874764
    0.0000619601
   -0.0013941703
    0.0005114722
    0.0010299108
   -0.0002112755
   -0.0008991898
    0.0031780265
   -0.0011698941
    0.0001231093
   -0.0020417695
    0.0017398522
    0.0008629488
   -0.0019900023
    0.0011287892
    0.0000755070
   -0.0017928761
   -0.0008908946
    0.0013213386
   -0.0016631725
   -0.0018989534
    0.0007569162
   -0.0010174007
    0.0001299045
   -0.0021404964
    0.0000707897
    0.0030275971
    0.0026663419
    0.0044439993
    0.0029345873
    0.0032163186
    0.0022850341
    0.0036563413
    0.0011856706
    0.0041339218
    0.0049231274
    0.0047095923
    0.0039074895
    0.0040254257
    0.0047376926
    0.0056600274
    0.0049199834
    0.0033309207
    0.0050237826
    0.0039332059
    0.0029730813
    0.0057605957
    0.0061326209
    0.0059642810
    0.0053342903
    0.0054497423
    0.0025056318
    0.0028943804
    0.0041510259
    0.0053578743
    0.0050983439
    0.0034255548
    0.0051970253
    0.0060522208
    0.0015610975
    0.0022738770
    0.0030287385
    0.0036121574
    0.0008541960
    0.0023408490
    0.0016092619
    0.0029771694
    0.0018026306
    0.0027767909
    0.0041730762
    0.0009851277
    0.0022714305
    0.0035434153
    0.0034886922
    0.0041492515
    0.0047513185
    0.0029028921
    0.0036950259
    0.0013285208
    0.0036728823
    0.0052768224
    0.0021856260
    0.0037922902
    0.0031262456
    0.0027486011
    0.0039010462
    0.0014710567
    0.0045513305
    0.0033252514
    0.0055987469
    0.0049148927
    0.0038472262
    0.0024142870
    0.0025087611
    0.0036843044
    0.0029520076
    0.0030740088
    0.0029640341
    0.0051531729
    0.0023416289
    0.0022221562
    0.0051117343
    0.0042109594
    0.0054636787
    0.0041304297
    0.0047929964
    0.0020396007
    0.0020376311
    0.0048868498
    0.0054635592
    0.0069557464
    0.0072679067
   -0.0021563004
    0.0100412523
    0.0086536769
    0.0102078479
    0.0079524034
    0.0042293129
    0.0061727760
    0.0116656626
    0.0094008596
   -0.0005508606
    0.0056472641
   -0.0129076137
    0.0067490753
    0.0094430184
    0.0115450451
    0.0078999918
   -0.0137423443
    0.0090070592
    0.0063047398
   -0.0011919012
    0.0023767862
    0.0068892844
    0.0116451325
    0.0054295085
    0.0122585408
    0.0026739657
    0.0036193274
    0.0052978135
    0.0033862147
    0.0052396905
    0.0090709943
    0.0083247387
    0.0078699293
    0.0008165821
    0.0032932491
    0.0061655633
    0.0039728107
    0.0071048633
    0.0014874243
    0.0058446261
    0.0043975651
    0.0053716576
    0.0082013112
    0.0081678412
    0.0020493009
    0.0090985173
    0.0070772912
    0.0015741814
   -0.0127839646
    0.0092584537
    0.0087518691
   -0.0056971162
    0.0011292400
   -0.0117123133
    0.0098681666
    0.0105217737
    0.0116921306
    0.0064048005
    0.0005397646
   -0.0051345160
   -0.0003829157
   -0.0025863446
    0.0050368484
    0.0030865160
    0.0065260749
   -0.0027292291
    0.0094878808
    0.0025562442
    0.0066476692
    0.0078768016
   -0.0019405266
    0.0086677779
    0.0050468299
   -0.0014409993
    0.0013625219
    0.0049748952
   -0.0068726265
    0.0060774786
    0.0073526291
    0.0065597950
    0.0041528346
    0.0027436222
    0.0020499495
   -0.0032996939
    0.0079756631
    0.0079782429
    0.0080079446
   -0.0006796831
    0.0061085471
    0.0135052996
    0.0127178892
    0.0103245179
    0.0093700480
    0.0094838572
    0.0054684098
    0.0133875862
    0.0125335274
    0.0130870352
    0.0135685693
    0.0110666214
    0.0132895912
    0.0113978257
    0.0123870312
    0.0114014897
    0.0111056373
    0.0080648224
    0.0009244924
    0.0089601062
   -0.0121259271
    0.0010301458
    0.0037857715
    0.0045172348
    0.0078748407
   -0.0113108104
    0.0023458403
    0.0066555857
    0.0051557153
    0.0068889921
    0.0024606113
   -0.0020968034
    0.0064139545
    0.0043620127
   -0.0282366154
   -0.0250320946
   -0.0269170331
   -0.0276060395
   -0.0216284054
   -0.0176772092
   -0.0133921405
   -0.0260632745
   -0.0272105509
   -0.0278537510
   -0.0160446505
   -0.0272236055
   -0.0290004367
   -0.0291402308
   -0.0176055863
   -0.0284530927
   -0.0287996259
   -0.0282929755
   -0.0160206807
   -0.0267267045
   -0.0244012565
   -0.0228454357
   -0.0265915912
   -0.0240230614
   -0.0240477919
   -0.0202262637
   -0.0231280780
   -0.0145634749
   -0.0248618106
   -0.0175640062
   -0.0241006187
   -0.0225727626
   -0.0287409540
   -0.0294847647
   -0.0214957349
   -0.0299156829
   -0.0253274167
   -0.0140760948
   -0.0176423937
   -0.0234395618
   -0.0216260753
   -0.0202912720
   -0.0267938647
   -0.0265643177
   -0.0180667517
   -0.0250761912
   -0.0296773100
   -0.0193417586
   -0.0295401892
   -0.0228936833
   -0.0273982718
   -0.0192712105
   -0.0160571644
   -0.0221729498
   -0.0257498121
   -0.0221067748
   -0.0129642061
   -0.0198757156
   -0.0202308017
   -0.0296921086
   -0.0170543898
   -0.0212909039
   -0.0234836364
   -0.0272976140
   -0.0295283169
   -0.0183020573
   -0.0273602347
   -0.0266427960
   -0.0129031736
   -0.0246650415
   -0.0160004563
   -0.0130511036
   -0.0197921306
   -0.0246124616
   -0.0267510556
   -0.0285884019
   -0.0097051656
    0.0045305438
    0.0020811122
   -0.0015226010
   -0.0000007419
    0.0027381787
    0.0028323030
   -0.0057040461
   -0.0117396294
    0.0025742150
   -0.0002499557
    0.0013531425
    0.0028512113
   -0.0037366015
    0.0035086694
    0.0009642226
    0.0026773415
    0.0029656271
   -0.0012329899
    0.0042199373
   -0.0003047414
    0.0042665210
    0.0040641282
   -0.0086183319
    0.0038819694
    0.0065454478
    0.0085492711
    0.0034858049
    0.0049165907
    0.0051425320
    0.0042036662
    0.0042993102
    0.0018380295
    0.0064051095
   -0.0035503860
    0.0020506802
    0.0065411787
    0.0067480693
    0.0026338148
    0.0043306999
    0.0077459145
    0.0067791342
    0.0022623705
    0.0041609055
   -0.0040169901
    0.0029489580
    0.0070805527
    0.0028336397
    0.0050017590
   -0.0031900929
    0.0067028478
    0.0071985143
    0.0054165640
    0.0065478762
   -0.0007296860
   -0.0028890997
    0.0057874765
    0.0057020240
    0.0056522918
   -0.0015780660
    0.0002395854
    0.0068530115
    0.0064100603
    0.0058135863
    0.0063333692
   -0.0066419332
   -0.0034381553
   -0.0000863227
   -0.0033884482
    0.0008693638
   -0.0026843986
    0.0008820328
   -0.0047180379
   -0.0022832281
   -0.0002272913
   -0.0024092668
   -0.0052459931
   -0.0052572522
   -0.0054780695
   -0.0009729206
   -0.0030501137
   -0.0056937598
   -0.0036692896
   -0.0057769109
   -0.0036015414
   -0.0055365781
   -0.0048764183
   -0.0058427623
   -0.0043587655
   -0.0050265535
   -0.0044312006
    0.0019201122
   -0.0012444024
    0.0043588294
   -0.0035288361
    0.0012286758
   -0.0169256069
   -0.0027643027
   -0.0083678169
   -0.0018975168
   -0.0079443124
    0.0005650831
   -0.0031736534
   -0.0092484998
   -0.0033674274
   -0.0047758476
   -0.0064286688
   -0.0050020938
    0.0026010686
    0.0046534734
   -0.0204364932
   -0.0044045400
   -0.0047108399
   -0.0172825666
    0.0020683607
    0.0060370457
   -0.0007942074
    0.0021922054
   -0.0155313185
   -0.0138906109
   -0.0086950241
   -0.0031994943
   -0.0007876460
   -0.0017688951
   -0.0035043244
    0.0053692795
   -0.0035919274
    0.0074585387
    0.0077905222
    0.0032941845
    0.0077513305
    0.0034899707
    0.0068284608
    0.0028072245
    0.0078222368
    0.0059923867
    0.0089709973
    0.0057015965
    0.0076729344
    0.0086147007
    0.0074785529
    0.0059744615
    0.0073061178
    0.0065666213
    0.0076584727
    0.0083173723
    0.0098793427
    0.0078542483
    0.0093731856
    0.0095012556
    0.0086873514
    0.0065501128
    0.0073751871
    0.0035666294
    0.0091369233
    0.0079787144
    0.0085578181
    0.0075379831
    0.0078738958
    0.0081652656
    0.0062062389
    0.0090309968
    0.0067165459
    0.0083703909
    0.0017323353
    0.0011776714
    0.0011426213
    0.0001040781
   -0.0003243998
    0.0001139482
    0.0001409396
    0.0009785055
   -0.0001839620
    0.0001358224
    0.0019600176
    0.0086176052
    0.0028738399
    0.0036725900
    0.0020695065
   -0.0003768422
    0.0004519355
    0.0013383222
   -0.0002572840
    0.0083602672
   -0.0000783014
    0.0018383639
   -0.0004120778
    0.0005286341
    0.0056675662
    0.0000931118
   -0.0000030971
    0.0026554094
   -0.0002781906
    0.0073543631
    0.0007223780
    0.0027750785
   -0.0004620123
    0.0002666797
    0.0020113069
    0.0042678050
    0.0023690409
    0.0013406665
   -0.0002019103
    0.0004114148
   -0.0000511550
    0.0010214506
    0.0000863994
    0.0088368638
   -0.0089929702
    0.0005642000
   -0.0034085535
   -0.0021730105
   -0.0011366676
    0.0018699488
   -0.0067653058
   -0.0093459135
   -0.0023664935
    0.0029362169
   -0.0047280609
   -0.0003674851
   -0.0123540308
    0.0003952329
   -0.0108908820
   -0.0007407324
   -0.0015855055
   -0.0098816345
   -0.0086826581
   -0.0201241485
   -0.0023005300
   -0.0027806452
   -0.0018192375
    0.0001394217
   -0.0054098872
   -0.0017966674
   -0.0000115811
   -0.0006798950
   -0.0036045059
   -0.0000311813
   -0.0031537022
   -0.0099285555
   -0.0004924546
   -0.0057056310
   -0.0016615015
   -0.0038656411
    0.0003563277
    0.0014975617
    0.0026522956
    0.0028497303
    0.0027465516
    0.0069333770
    0.0067099837
    0.0023293767
    0.0074601470
    0.0034136705
    0.0033450462
    0.0021334303
    0.0028809475
    0.0032262443
    0.0043733026
    0.0076847509
    0.0015416192
    0.0063458957
    0.0027677789
    0.0032379923
    0.0031871165
    0.0020243255
    0.0023631593
    0.0019549740
    0.0036967106
    0.0030432780
    0.0038557031
    0.0032159475
    0.0019591191
    0.0038087835
    0.0015924166
    0.0021368925
    0.0024981360
    0.0017612238
    0.0011167249
    0.0073797640
    0.0080399800
    0.0076143922
    0.0061031454
    0.0060595223
    0.0077230104
    0.0079598536
    0.0091077033
    0.0080751830
    0.0072846361
    0.0048688780
    0.0036558301
    0.0026102947
    0.0032117088
    0.0066116539
    0.0067381405
    0.0061552166
    0.0028583769
    0.0045086226
    0.0060141420
    0.0071538709
   -0.0008144690
   -0.0002391740
    0.0015381358
    0.0034108065
   -0.0001219400
    0.0003540779
   -0.0003857008
   -0.0004386640
    0.0020873014
    0.0032680769
    0.0034863041
   -0.0004170502
    0.0033841944
    0.0060843866
    0.0031851739
   -0.0003210069
    0.0011487301
    0.0010805660
   -0.0004765833
    0.0052629917
   -0.0004292707
   -0.0004050571
    0.0005355999
    0.0034476756
    0.0008345393
    0.0014772991
   -0.0004530197
    0.0001910849
    0.0035179108
    0.0034888279
    0.0009833058
    0.0032537715
    0.0000194259
    0.0037089396
    0.0027766008
    0.0037544537
    0.0030489702
    0.0031353057
    0.0029851457
    0.0039322685
    0.0035999408
    0.0037000718
    0.0032502189
    0.0033385603
    0.0032124490
    0.0033167223
    0.0029742822
    0.0041804444
    0.0035874269
    0.0029677936
    0.0033177406
    0.0034105985
    0.0032777128
    0.0029663197
    0.0030829817
    0.0031674916
    0.0033146113
    0.0079117007
    0.0063949206
    0.0078671705
    0.0093345502
    0.0068757398
    0.0070450517
    0.0068268172
    0.0069390924
    0.0068605861
    0.0073940230
    0.0075324459
    0.0072257398
    0.0027752280
    0.0041711699
    0.0050340505
    0.0011987408
    0.0029075922
    0.0013522939
    0.0004550476
    0.0030509554
    0.0020571641
    0.0006846981
    0.0024397307
    0.0043647598
    0.0029697597
    0.0022495934
    0.0008515465
    0.0015200113
    0.0009393799
    0.0037832603
    0.0026163591
    0.0031851056
    0.0003564077
    0.0033536179
    0.0019218600
    0.0007556542
    0.0015040998
    0.0004479387
    0.0014371843
    0.0028083143
    0.0030831149
    0.0056085843
    0.0014196073
    0.0004280469
    0.0018935453
    0.0006209269
    0.0021231153
    0.0040302514
    0.0015679851
    0.0022351736
    0.0030935344
    0.0027811353
    0.0017988501
    0.0029590084
    0.0013019907
    0.0008389456
    0.0015125528
    0.0031719477
    0.0062578155
    0.0028200952
    0.0016780323
    0.0015442197
    0.0005515591
    0.0038854666
    0.0038000438
    0.0038984625
    0.0038058557
    0.0038942465
    0.0016003134
    0.0034670431
    0.0022485007
    0.0030180725
    0.0028081455
    0.0037050903
    0.0040133581
    0.0039303533
    0.0025122717
    0.0035511036
    0.0033770330
    0.0033798115
    0.0035134152
    0.0037193652
    0.0037856993
    0.0039139710
    0.0035578290
    0.0038704429
    0.0031236280
    0.0047184966
    0.0046181213
    0.0052538798
    0.0028391640
    0.0051541702
    0.0048353118
    0.0055172386
    0.0040141722
    0.0040071294
    0.0058151942
    0.0049367014
    0.0043630480
    0.0050885181
    0.0056205148
    0.0053997321
    0.0044413318
    0.0018553976
    0.0062881023
    0.0021275889
    0.0055555171
    0.0021441684
    0.0040895977
    0.0048288650
    0.0028627818
    0.0054113054
    0.0037733529
    0.0009309012
   -0.0008100829
    0.0003049611
    0.0009704580
   -0.0009820041
    0.0042613827
    0.0016669298
   -0.0004540633
   -0.0013438993
    0.0017758024
   -0.0009588106
   -0.0005197511
   -0.0012240482
   -0.0003273330
   -0.0009542304
    0.0005226735
    0.0006783965
    0.0009424957
   -0.0010074397
   -0.0009520578
    0.0010960096
    0.0006612006
   -0.0013942743
    0.0019979567
    0.0019804647
    0.0007688036
    0.0012173803
    0.0007579345
   -0.0003023774
   -0.0007554764
   -0.0007861884
   -0.0011045456
   -0.0004884367
   -0.0003361165
    0.0003227806
   -0.0013428573
    0.0021708394
    0.0005460260
   -0.0001837473
   -0.0001472624
    0.0009595298
   -0.0011385828
   -0.0011267119
    0.0002847875
    0.0032083805
   -0.0007525381
   -0.0014444793
    0.0004820581
    0.0009472819
    0.0031479194
   -0.0001880592
   -0.0006013151
    0.0004444433
    0.0004097768
   -0.0000327157
    0.0011423791
   -0.0008557687
    0.0028625489
   -0.0003735485
   -0.0004222951
    0.0011007252
   -0.0011668367
    0.0003619120
    0.0013281474
    0.0015149308
    0.0004728901
   -0.0005411934
    0.0013159661
    0.0000027001
   -0.0005835192
   -0.0013890194
    0.0010931840
   -0.0005109224
    0.0019764243
    0.0003357481
    0.0016639687
    0.0002437551
   -0.0008365435
   -0.0011865784
   -0.0010658459
   -0.0004065579
    0.0026944629
   -0.0013105378
   -0.0009984603
   -0.0007165870
    0.0013237525
    0.0016936501
   -0.0001299470
   -0.0001406109
   -0.0004411094
   -0.0014269453
    0.0000657396
    0.0003781904
   -0.0010527159
    0.0010235204
    0.0003657658
    0.0041918442
   -0.0011747207
    0.0014535544
   -0.0011912546
    0.0017660654
   -0.0009119796
   -0.0004736704
    0.0032073772
    0.0030234314
    0.0037124421
    0.0036279647
    0.0038931345
    0.0034603951
    0.0028416707
    0.0036079826
    0.0043576000
    0.0026315322
    0.0031895187
    0.0027056691
    0.0030482690
    0.0039522511
    0.0024294113
    0.0035610501
    0.0048082619
    0.0037014536
    0.0057005131
    0.0052079583
    0.0047765618
    0.0050671317
    0.0053825869
    0.0050174030
    0.0031278899
    0.0052584724
    0.0025381228
    0.0041854337
    0.0037885717
    0.0033043647
    0.0047576946
    0.0036639712
    0.0032186040
    0.0041924966
    0.0028158711
    0.0016211385
    0.0026968244
    0.0029720149
    0.0021081425
    0.0018200353
    0.0018788678
    0.0030628634
    0.0026716131
    0.0023999865
    0.0021891010
    0.0026445830
    0.0028745029
    0.0024099399
    0.0018933349
    0.0028570059
    0.0027973625
    0.0027017667
    0.0030036644
    0.0025837245
    0.0022397735
    0.0025195700
    0.0013253243
    0.0019523347
    0.0030135218
    0.0032414374
    0.0017433269
    0.0039317374
    0.0036148907
    0.0039426178
    0.0028348954
    0.0018181641
    0.0028372027
    0.0022630781
    0.0030209242
    0.0030855340
    0.0028684323
    0.0037488221
    0.0016725007
    0.0026402992
    0.0031331266
    0.0038980860
    0.0011107730
    0.0015797364
    0.0023753813
    0.0036804989
    0.0029403584
    0.0017005179
    0.0019630297
    0.0011998799
    0.0047740499
    0.0027081272
    0.0040179558
    0.0031351237
    0.0033468783
    0.0031241377
    0.0036877625
    0.0010439802
    0.0036559910
    0.0013850652
    0.0037559589
    0.0029734287
    0.0022247470
    0.0018273634
    0.0076518977
    0.0080980083
    0.0052367518
    0.0031479238
    0.0078540616
    0.0066565906
    0.0054669679
    0.0006351610
    0.0060960234
    0.0025157959
    0.0100556725
    0.0049624843
   -0.0149275641
    0.0066650913
   -0.0123657200
    0.0061149914
    0.0067655091
    0.0024488737
    0.0045543207
    0.0027513532
    0.0064309365
    0.0062869012
    0.0038611460
    0.0028937161
    0.0048273807
    0.0034842922
    0.0041477663
    0.0068384996
   -0.0020741683
    0.0056921813
    0.0061758393
    0.0051732366
    0.0014375720
    0.0030489031
    0.0044250418
    0.0085164554
    0.0052657202
    0.0039838930
    0.0067185865
    0.0048268343
    0.0054627982
    0.0065880915
    0.0034695776
    0.0039469464
    0.0066323238
    0.0065688294
    0.0100418237
    0.0073523026
    0.0006790652
    0.0088205681
    0.0041385363
    0.0067257551
    0.0002833669
    0.0033390916
    0.0011582350
    0.0063209508
    0.0107775782
    0.0056636726
    0.0066231646
   -0.0015909217
    0.0074846331
    0.0097079867
    0.0037974318
    0.0071848468
    0.0075690304
    0.0098770306
    0.0070854886
    0.0030432983
    0.0080026053
    0.0006889438
    0.0073957637
    0.0071138619
    0.0054893039
    0.0062840991
    0.0068516428
    0.0079553426
    0.0030964207
   -0.0089269034
    0.0105149897
    0.0005987118
    0.0027872930
    0.0064611518
    0.0102028934
    0.0034438239
    0.0065870892
    0.0066457569
    0.0044377876
    0.0037278350
    0.0015488510
   -0.0013972829
    0.0081523225
   -0.0107969005
   -0.0088961794
   -0.0059739518
    0.0052570798
    0.0047060576
    0.0060038208
   -0.0021870938
    0.0018197678
    0.0036370404
   -0.0004415166
   -0.0007457620
    0.0057243664
    0.0040759065
    0.0076265286
    0.0073018163
    0.0080545154
    0.0056834405
    0.0058229966
    0.0071630418
    0.0026728805
   -0.0017036681
    0.0011017868
   -0.0011898182
    0.0042300306
    0.0040731846
   -0.0074283058
   -0.0001584428
    0.0058555119
    0.0037401517
   -0.0045394066
    0.0063837406
    0.0016106237
   -0.0019056929
    0.0049608663
    0.0049189053
    0.0050604356
    0.0063367115
   -0.0000764549
    0.0036449559
    0.0067643778
    0.0108088587
    0.0104152637
    0.0101263030
    0.0111429890
    0.0105026215
    0.0099544949
    0.0101114574
    0.0105959157
    0.0103013004
    0.0062942764
    0.0071391449
    0.0098878562
    0.0104553944
    0.0070306233
    0.0079437558
    0.0082724797
    0.0046871160
    0.0030418865
   -0.0013154359
    0.0043917803
   -0.0039175352
   -0.0040253121
   -0.0099038130
   -0.0052357726
    0.0027107296
    0.0039096628
   -0.0092388095
    0.0004462984
   -0.0012525857
    0.0052366915
    0.0028012330
    0.0012670289
    0.0039543212
    0.0059291569
   -0.0033198333
    0.0003249321
   -0.0068620086
    0.0057342206
   -0.0032944014
    0.0064999528
   -0.0017450430
    0.0058295928
    0.0037023842
   -0.0039045794
   -0.0082155138
   -0.0172486951
   -0.0230234236
   -0.0103231333
   -0.0223941569
   -0.0225916492
   -0.0241903050
   -0.0143122351
   -0.0224980151
   -0.0195371566
   -0.0236988707
   -0.0150197604
   -0.0213905004
   -0.0146322349
   -0.0117173709
   -0.0203459855
   -0.0160417052
   -0.0187780690
   -0.0206682147
   -0.0087747210
   -0.0246836057
   -0.0141058912
   -0.0237840261
   -0.0123418016
   -0.0113348640
   -0.0119730920
   -0.0166305602
   -0.0195814162
   -0.0116420837
   -0.0214630944
   -0.0186182237
   -0.0241160312
   -0.0228520036
   -0.0190689985
   -0.0234256362
   -0.0226948805
   -0.0137542453
   -0.0105730104
   -0.0216717764
   -0.0207282971
   -0.0153249508
   -0.0214173930
   -0.0191338816
   -0.0130992079
   -0.0204847196
   -0.0245581785
   -0.0217159389
   -0.0179256786
   -0.0220939664
   -0.0239389725
   -0.0192041577
   -0.0108139940
   -0.0236774466
   -0.0110605647
   -0.0238594825
   -0.0196327321
   -0.0179989555
   -0.0156650076
   -0.0105478474
   -0.0247258098
   -0.0207943420
   -0.0214921002
   -0.0200878932
   -0.0132333466
   -0.0212330639
   -0.0221811190
   -0.0185480652
   -0.0201593428
   -0.0189796303
   -0.0213618503
   -0.0246853139
   -0.0234986762
   -0.0172823536
   -0.0157370920
   -0.0146356983
   -0.0161918216
   -0.0178239419
   -0.0244101257
   -0.0166140928
   -0.0164582253
   -0.0165082899
   -0.0152522210
   -0.0067329091
    0.0004266043
    0.0029680911
    0.0039213348
    0.0018907895
   -0.0054221725
   -0.0046824701
    0.0035068718
    0.0018297284
    0.0023909844
    0.0023558452
    0.0013642384
   -0.0074816722
    0.0016086672
   -0.0022143421
    0.0031374310
   -0.0021226388
   -0.0018769128
    0.0006781640
    0.0030498939
   -0.0010255410
   -0.0063784805
   -0.0012922927
    0.0023623817
    0.0030068611
   -0.0069133538
    0.0024017148
   -0.0094523285
   -0.0097577199
    0.0027574352
   -0.0064802535
   -0.0010695874
    0.0040094107
    0.0029275054
    0.0019088196
   -0.0001000759
   -0.0007972439
   -0.0016475821
    0.0022720382
   -0.0009416786
    0.0015388999
    0.0058827580
    0.0031613942
    0.0021395439
    0.0061439591
    0.0044464796
    0.0043188319
    0.0080712061
   -0.0019922877
    0.0003222714
    0.0076192011
   -0.0001076126
    0.0022127964
    0.0059103146
    0.0046966568
    0.0061218120
    0.0048262189
    0.0078187685
    0.0053242417
    0.0010800771
    0.0044781794
    0.0030518968
    0.0044346285
    0.0069116492
    0.0034136526
    0.0052418456
    0.0047371461
    0.0051345534
   -0.0007716979
    0.0057749431
    0.0049478583
    0.0063042563
    0.0063770621
    0.0066953690
    0.0044809519
    0.0012117601
    0.0033086011
    0.0067308095
    0.0048466872
    0.0052453333
    0.0053130296
    0.0023938674
    0.0057984318
    0.0018808986
    0.0058395553
    0.0027134049
    0.0021507362
   -0.0017618994
   -0.0020990103
    0.0077419994
    0.0012951582
    0.0040650031
    0.0048994304
    0.0079417420
    0.0003748486
    0.0057162273
    0.0045105997
    0.0047447898
   -0.0030850396
   -0.0036504306
   -0.0025962551
   -0.0026312901
   -0.0019127659
   -0.0016119429
   -0.0020030556
    0.0002342642
   -0.0034756421
   -0.0007594296
    0.0007575776
    0.0013096678
    0.0007003514
   -0.0009352604
   -0.0030879988
   -0.0031507076
   -0.0036354190
   -0.0000828629
   -0.0029516831
   -0.0038832125
    0.0017645869
   -0.0037683872
    0.0018778057
   -0.0035666824
   -0.0007673804
    0.0015143411
   -0.0024875339
   -0.0074972131
   -0.0087800214
   -0.0080570434
   -0.0171033055
   -0.0071474570
   -0.0054506931
   -0.0013011726
   -0.0055073218
   -0.0019198246
    0.0015285743
   -0.0082535241
   -0.0057869521
   -0.0012897764
    0.0005329120
   -0.0037771151
    0.0013245431
   -0.0041585082
   -0.0014790552
   -0.0083145323
    0.0014554264
   -0.0178600605
   -0.0111968209
   -0.0066975878
   -0.0005529292
   -0.0050829714
   -0.0063475766
   -0.0004028664
   -0.0105998771
   -0.0032900512
    0.0030003652
    0.0025015225
   -0.0009033562
   -0.0139836446
    0.0020853686
   -0.0018643463
   -0.0002600338
    0.0013225624
   -0.0054738560
   -0.0129269080
   -0.0165109007
   -0.0003524905
   -0.0102647366
   -0.0013738917
   -0.0073853417
    0.0005809695
   -0.0194514025
   -0.0009671853
    0.0037818311
   -0.0014170083
   -0.0119602790
   -0.0137104970
    0.0049454727
   -0.0027956641
    0.0023011405
   -0.0000546656
    0.0044265943
    0.0066664442
    0.0062618769
    0.0063658073
    0.0071699720
    0.0057075432
    0.0061218524
    0.0064147357
    0.0061670314
    0.0080596701
    0.0060782627
    0.0074197465
    0.0071669915
    0.0052690339
    0.0077038208
    0.0076208658
    0.0050566655
    0.0075020304
    0.0056468116
    0.0076047554
    0.0072205619
    0.0057279241
    0.0052247269
    0.0074512124
    0.0076607236
    0.0059550454
    0.0065287316
    0.0008835231
    0.0006914970
    0.0001700965
    0.0002962959
    0.0001632031
   -0.0011127473
    0.0018836595
    0.0066552139
   -0.0001586609
    0.0000949050
    0.0075660382
   -0.0000649737
    0.0003220070
   -0.0005141029
    0.0084151148
    0.0017899636
    0.0014716849
   -0.0001115316
    0.0011252872
    0.0006573642
    0.0001586477
    0.0016338865
    0.0000107243
    0.0067432803
    0.0025175246
    0.0016642960
    0.0000694152
    0.0001321781
    0.0009305641
    0.0000849616
    0.0012813753
    0.0022415461
    0.0009131603
    0.0018530666
    0.0002669189
    0.0000050822
    0.0024755561
    0.0000315653
    0.0003212049
    0.0002280565
   -0.0003141420
    0.0066549275
    0.0075858693
    0.0040025495
   -0.0004844995
    0.0004065399
    0.0064320593
   -0.0001567185
    0.0003299725
    0.0002282768
    0.0002714655
    0.0010762202
   -0.0000323604
    0.0040720548
   -0.0003666673
   -0.0003984345
    0.0017534073
    0.0032733646
    0.0019534137
    0.0042710638
   -0.0008128673
    0.0000671960
    0.0028671264
   -0.0008309879
   -0.0019884559
   -0.0023575920
   -0.0046022819
   -0.0025685261
   -0.0042627498
   -0.0065257397
   -0.0024394839
   -0.0083458974
   -0.0006350542
   -0.0007204427
   -0.0111184517
   -0.0088285648
   -0.0045206947
   -0.0012850155
   -0.0098578118
   -0.0106171241
   -0.0042658149
   -0.0112552668
   -0.0028901322
   -0.0089851490
   -0.0056277737
    0.0025895728
    0.0062364671
    0.0035305514
    0.0036093798
    0.0064167982
    0.0062007319
    0.0055534249
    0.0034812047
    0.0061425511
    0.0017291054
    0.0020570937
    0.0015108796
    0.0024524135
    0.0070850442
    0.0019902752
    0.0059615205
    0.0056850617
    0.0028600931
    0.0021572070
    0.0023397659
    0.0015127953
    0.0057633570
    0.0026553135
    0.0022131117
    0.0023495418
    0.0038790619
    0.0025892984
    0.0022811199
    0.0045771857
    0.0018848297
    0.0023320697
    0.0058187345
    0.0024300421
    0.0018078569
    0.0020541677
    0.0030848493
    0.0028820789
    0.0061375667
    0.0018052983
    0.0054465043
    0.0022981062
    0.0055540665
    0.0058667059
    0.0019111680
    0.0020288892
    0.0024264756
    0.0017519462
    0.0028014084
    0.0016557952
    0.0024333555
    0.0016877664
    0.0019144652
    0.0020133365
    0.0018306382
    0.0021582405
    0.0022958736
    0.0016187038
    0.0015852744
    0.0006944317
    0.0026083045
    0.0058351778
    0.0071054526
    0.0052572628
    0.0038274073
    0.0071167935
    0.0064639118
    0.0054191667
    0.0067043973
    0.0062923989
    0.0045227777
    0.0038239337
    0.0076614428
    0.0040991479
    0.0017070651
    0.0028547082
    0.0002712256
    0.0011728246
    0.0028040040
   -0.0000509488
    0.0052618032
    0.0012826065
    0.0001327881
    0.0000458858
    0.0050899560
    0.0027270101
    0.0057129471
   -0.0001635200
    0.0028238394
    0.0042768201
    0.0010451042
    0.0028840493
    0.0009049719
    0.0037813056
    0.0009204636
    0.0014616626
    0.0004085068
    0.0027781038
    0.0061442769
    0.0032231525
    0.0054360104
    0.0003811408
    0.0002662640
    0.0021101797
    0.0012156781
    0.0000250055
    0.0000960383
    0.0027232460
    0.0043839743
    0.0028070109
    0.0016497323
    0.0011206591
    0.0013908994
    0.0045973657
    0.0057375330
    0.0014128901
    0.0031737948
   -0.0003017480
    0.0043998672
    0.0010467926
    0.0017403096
    0.0037536435
   -0.0001990070
    0.0007114115
    0.0004589880
    0.0030026123
    0.0032363633
   -0.0000822908
    0.0026105206
    0.0028277722
    0.0025864276
    0.0024067263
    0.0027664908
    0.0022051497
    0.0020952646
    0.0030530487
    0.0024541977
    0.0034203007
    0.0056156793
    0.0056884691
    0.0060247936
    0.0064729845
    0.0060767130
    0.0026843769
    0.0027392716
    0.0024743871
    0.0012514639
    0.0017237805
    0.0009738825
    0.0012488792
    0.0016462480
    0.0051884270
    0.0010665743
    0.0025862040
    0.0018449399
    0.0042155656
    0.0049101569
    0.0008061720
    0.0021420959
    0.0041468932
    0.0009205224
    0.0040399999
    0.0050111776
    0.0035428634
    0.0020852188
    0.0032176851
    0.0013762664
    0.0017879125
    0.0024891382
    0.0032547666
    0.0030982609
    0.0029105468
    0.0029790984
    0.0010407899
    0.0008144100
    0.0053010744
    0.0054504353
    0.0019537743
    0.0030364056
    0.0007272301
    0.0036955542
    0.0013261337
    0.0031151411
    0.0007897203
    0.0032006028
    0.0020324649
    0.0008683308
    0.0018311052
    0.0055944306
    0.0008642883
    0.0030765309
    0.0016389541
    0.0008394120
    0.0020723890
    0.0023394342
    0.0056711940
    0.0042275324
    0.0012303506
    0.0009540844
    0.0012098975
    0.0012934141
    0.0021634981
    0.0013112962
    0.0028125657
    0.0028266914
    0.0024298488
    0.0016128627
    0.0017506634
    0.0011308727
    0.0017026353
    0.0037159111
    0.0046642300
    0.0011820201
    0.0020578044
    0.0016823128
    0.0023312105
    0.0009399792
    0.0024923517
    0.0028861160
    0.0021988415
    0.0021287118
    0.0023200510
    0.0012573817
    0.0030782308
    0.0021072572
    0.0031610127
    0.0028368692
    0.0030217721
    0.0031399691
    0.0032059302
    0.0024183487
    0.0032165492
    0.0029871824
    0.0026351233
    0.0021151003
    0.0036198660
    0.0044772377
    0.0046548841
    0.0025748396
    0.0034318357
    0.0042353404
    0.0043398060
    0.0044863132
    0.0049543189
    0.0045636303
    0.0047150909
    0.0039451961
    0.0028333803
    0.0036525127
    0.0032203573
    0.0032803003
    0.0041217904
    0.0012875593
   -0.0003931644
    0.0005288057
    0.0041997890
   -0.0004845753
    0.0001010291
   -0.0005826254
   -0.0006381555
    0.0011180959
   -0.0007875713
    0.0017371102
    0.0014373489
    0.0005957836
   -0.0000918030
    0.0003748743
   -0.0000977598
    0.0006375146
    0.0011414415
    0.0001139318
    0.0007637958
    0.0016748033
    0.0009058134
    0.0011462225
    0.0013386260
   -0.0004236622
    0.0030598773
    0.0041192098
   -0.0005824659
   -0.0004936959
    0.0004495539
    0.0002230500
    0.0008874102
   -0.0004008447
   -0.0001083552
    0.0000960215
    0.0019949865
    0.0012192852
    0.0003452602
    0.0014337675
    0.0013657732
   -0.0002496139
   -0.0000190971
    0.0000967813
    0.0009090834
    0.0017200147
    0.0011161343
   -0.0004413210
    0.0016377111
    0.0007113494
    0.0014365406
   -0.0000158969
   -0.0009244459
    0.0001541842
    0.0032162776
   -0.0000828954
    0.0023633133
    0.0002604471
   -0.0003910866
    0.0006570359
    0.0000621527
    0.0003087198
    0.0022836161
    0.0011713945
    0.0012925731
    0.0012170953
    0.0016919671
   -0.0004484072
    0.0004510389
    0.0004620002
    0.0024632207
    0.0002578275
    0.0012770557
   -0.0005479892
    0.0002451481
   -0.0006074289
   -0.0001954232
    0.0005368365
   -0.0003976949
    0.0014923948
   -0.0009419872
    0.0012893760
   -0.0007321768
    0.0029713265
    0.0014177914
    0.0017418488
    0.0013352281
   -0.0005288886
   -0.0004277774
   -0.0001970332
   -0.0003787813
    0.0021953929
    0.0000923021
    0.0010712801
    0.0016465971
    0.0019751454
    0.0000315829
   -0.0002055460
    0.0000140742
   -0.0003234187
    0.0009077202
    0.0000323508
    0.0014865303
    0.0014333454
   -0.0006715213
   -0.0003241289
   -0.0005359316
    0.0001816678
   -0.0002411428
   -0.0000008075
   -0.0000001414
    0.0033848584
    0.0009609608
    0.0000993704
    0.0006474701
    0.0005953759
    0.0017046133
    0.0022872528
    0.0006907756
   -0.0002266982
    0.0032458011
    0.0016248939
    0.0004488371
    0.0007405688
    0.0006395818
   -0.0001500981
   -0.0000194712
    0.0013926704
    0.0014395832
    0.0014092615
   -0.0000696551
    0.0036756070
    0.0009366834
    0.0002138288
    0.0001990495
    0.0006248934
   -0.0006813262
    0.0009734141
    0.0013631440
   -0.0003149034
    0.0004891407
   -0.0006205769
    0.0015902783
    0.0013892085
    0.0016077558
   -0.0001376933
    0.0009966858
    0.0000210710
    0.0031041168
    0.0007835765
    0.0000674090
    0.0008818400
   -0.0006315267
    0.0030615912
    0.0029860051
    0.0026070636
    0.0032757841
    0.0033186044
    0.0029463778
    0.0025275311
    0.0030748641
    0.0023033778
    0.0027531492
    0.0025353422
    0.0027069526
    0.0026648635
    0.0024712022
    0.0046703608
    0.0031441789
    0.0049598081
    0.0049731532
    0.0042362723
    0.0046408929
    0.0038730042
    0.0043202814
    0.0031733369
    0.0031811125
    0.0033867648
    0.0030591485
    0.0049229555
    0.0020542456
    0.0015650377
    0.0021647628
    0.0020399674
    0.0023684517
    0.0023675530
    0.0024762474
    0.0015095336
    0.0026044899
    0.0024327584
    0.0016663616
    0.0018837270
    0.0019259665
    0.0028011268
    0.0023620128
    0.0022547996
    0.0023599532
    0.0014232646
    0.0018753616
    0.0020253424
    0.0030347053
    0.0034728798
    0.0027827999
    0.0022929632
    0.0021745775
    0.0017475636
    0.0020129668
    0.0020542964
    0.0022064240
    0.0029432714
    0.0035410924
    0.0032419409
    0.0024038955
    0.0019277170
    0.0025305319
    0.0025661017
    0.0054172210
    0.0073937022
    0.0069404416
   -0.0074967787
    0.0050913864
    0.0019673782
    0.0047954987
    0.0002883128
    0.0062939446
    0.0028752354
    0.0052831984
    0.0020827010
   -0.0007190133
   -0.0002669478
    0.0047509407
   -0.0067742903
    0.0053336450
    0.0047544468
    0.0042127707
    0.0026810790
    0.0047499517
    0.0078578051
   -0.0004534108
    0.0017721077
    0.0069364691
    0.0078928178
    0.0074956103
    0.0047962982
    0.0039918266
    0.0048379002
   -0.0094606781
    0.0021629420
    0.0040665998
    0.0059089528
    0.0015292297
   -0.0001331966
    0.0058880543
   -0.0007249123
    0.0049596244
   -0.0119409722
    0.0039137746
    0.0041520446
    0.0052678436
    0.0020880105
    0.0018440698
   -0.0000625890
    0.0035568785
    0.0054499375
    0.0084060004
    0.0023408845
    0.0072113650
   -0.0027273182
    0.0059026611
    0.0080939427
    0.0014227615
    0.0068021839
    0.0035604613
    0.0014772706
    0.0045112450
    0.0011535716
    0.0078792361
    0.0064680672
   -0.0003066309
    0.0007295233
    0.0057814371
    0.0026749290
    0.0070307293
    0.0025780874
    0.0077172880
    0.0088398688
    0.0029917129
    0.0029134310
    0.0040482544
   -0.0000844807
    0.0026376267
    0.0068706746
    0.0031804759
   -0.0007457682
    0.0072036920
    0.0052154059
    0.0052454114
   -0.0030196241
    0.0026651455
    0.0017648804
    0.0023765404
    0.0043236282
    0.0056839147
   -0.0032012063
    0.0053355767
    0.0013865662
    0.0053520941
   -0.0124247618
    0.0061928574
   -0.0029103873
    0.0015404119
    0.0056532366
    0.0065821487
    0.0036170169
   -0.0015791908
    0.0052945998
    0.0023552582
    0.0050318527
    0.0017317626
    0.0011907367
    0.0039878496
    0.0022112464
    0.0043472496
   -0.0002305092
    0.0056004249
    0.0057946195
    0.0051462129
    0.0054448625
    0.0019771905
    0.0033208528
    0.0091079368
    0.0030589587
    0.0086499986
    0.0071961366
    0.0048766872
    0.0066732047
    0.0027314260
    0.0057651082
    0.0038313634
    0.0024520935
    0.0035051507
    0.0054553333
    0.0067100495
   -0.0097415946
    0.0086271765
    0.0041883007
    0.0052955827
    0.0011707162
    0.0042878386
    0.0030573082
    0.0078639989
   -0.0141845856
    0.0055100145
    0.0042739735
    0.0045194335
    0.0075806830
    0.0032653992
    0.0026118044
    0.0063439009
    0.0039864980
   -0.0035439438
    0.0053298056
    0.0031761734
    0.0032779692
    0.0073629794
    0.0085438781
    0.0019547710
    0.0081980008
    0.0069838741
    0.0063945919
    0.0044901365
    0.0091767475
    0.0069214617
    0.0024289529
    0.0045659130
    0.0016139860
    0.0063657602
    0.0079448648
    0.0070015351
   -0.0001015969
    0.0060109527
    0.0038831021
   -0.0028458906
    0.0025114787
   -0.0011813064
   -0.0057375406
    0.0034875071
   -0.0011167024
    0.0037588899
    0.0082431797
    0.0075774279
    0.0090399900
    0.0089051499
    0.0090094467
    0.0066096433
    0.0086174268
    0.0082087488
    0.0028118826
   -0.0017404693
    0.0015818485
   -0.0008500096
    0.0021517005
   -0.0037726236
   -0.0205030089
   -0.0201140533
   -0.0164825039
   -0.0154307910
   -0.0108509255
   -0.0152687766
   -0.0118646559
   -0.0166058457
   -0.0164516208
   -0.0135117298
   -0.0151450832
   -0.0092626665
   -0.0205786404
   -0.0115775389
   -0.0067731391
   -0.0082667259
   -0.0159860724
   -0.0125565737
   -0.0140487415
   -0.0198809061
   -0.0095072188
   -0.0128537830
   -0.0120250037
   -0.0133120585
   -0.0119977269
   -0.0204302636
   -0.0100618350
   -0.0177302432
   -0.0171962468
   -0.0188165642
   -0.0178265340
   -0.0186750188
   -0.0205964672
   -0.0181436345
   -0.0170993296
   -0.0162796932
   -0.0154524249
   -0.0176406845
   -0.0203627309
   -0.0173149248
   -0.0178779645
   -0.0190619742
   -0.0098786533
   -0.0088402071
   -0.0170955303
   -0.0121992182
   -0.0159304442
   -0.0167214581
   -0.0103725770
   -0.0152616831
   -0.0095522335
   -0.0192479057
   -0.0196317309
   -0.0149863942
   -0.0183229942
   -0.0204822147
   -0.0162615863
   -0.0126170006
   -0.0185817344
   -0.0109665187
   -0.0194008418
   -0.0126641069
   -0.0143183387
   -0.0196504675
   -0.0168428396
   -0.0194274465
   -0.0199802920
   -0.0146070572
   -0.0206190086
   -0.0186500634
   -0.0112254541
   -0.0165409873
   -0.0203182572
   -0.0165681733
   -0.0112382402
   -0.0149109552
   -0.0174975235
   -0.0206919163
   -0.0136737128
   -0.0184420251
   -0.0199064818
   -0.0187058500
   -0.0189444089
   -0.0098299365
   -0.0155824814
   -0.0179840394
   -0.0206903949
   -0.0136483930
   -0.0191209705
   -0.0105981701
   -0.0133693587
   -0.0196455247
   -0.0191205609
   -0.0165137448
   -0.0125110014
   -0.0157099251
   -0.0183000424
   -0.0184375094
   -0.0194726351
   -0.0201970134
   -0.0121190250
   -0.0190875172
   -0.0137223764
   -0.0159986372
    0.0017946271
   -0.0022677813
    0.0013547943
   -0.0003490636
   -0.0019647921
    0.0033923786
    0.0023881083
    0.0009766730
    0.0021630105
   -0.0062243279
   -0.0041668788
   -0.0039803999
    0.0024230479
    0.0018770097
   -0.0070895320
   -0.0051601455
   -0.0023129712
    0.0032849440
   -0.0011398628
    0.0031244532
    0.0002523822
   -0.0007125178
    0.0001510921
   -0.0064304895
    0.0031111460
   -0.0009485453
    0.0009209130
    0.0025743167
   -0.0069029350
    0.0024169854
   -0.0060074531
    0.0024691526
   -0.0059107856
   -0.0079311402
   -0.0065561637
    0.0017614854
    0.0011923821
    0.0006698401
   -0.0024712743
   -0.0078804762
   -0.0071168992
    0.0024796190
    0.0008207383
   -0.0031116800
    0.0020589457
    0.0062936351
    0.0018259290
    0.0017724475
    0.0048275059
   -0.0003533824
    0.0039497898
    0.0030776995
    0.0057980002
    0.0052023003
    0.0069271747
    0.0003148894
    0.0031701258
    0.0068507156
    0.0054349948
    0.0024749026
    0.0069034410
    0.0046671928
    0.0045037797
    0.0063057649
    0.0012985409
    0.0066506459
    0.0035046769
    0.0032808292
    0.0032419716
    0.0056997282
    0.0014022940
    0.0033317115
    0.0004423013
    0.0035964458
    0.0045688318
    0.0028670062
    0.0025326934
    0.0057233360
    0.0051294274
    0.0028775045
    0.0047239530
    0.0022656952
    0.0035374179
    0.0061184192
    0.0053926247
    0.0040690725
    0.0005892644
    0.0065118027
    0.0044876812
    0.0027657750
    0.0039546498
    0.0042009975
    0.0061413143
    0.0052314583
    0.0024321986
    0.0017390417
    0.0043870258
    0.0066682299
    0.0041437455
    0.0042713100
    0.0053578922
    0.0046420500
    0.0039294507
    0.0027524285
    0.0059768625
    0.0040149259
    0.0048193362
    0.0006188557
    0.0058107256
    0.0040738038
    0.0051989534
    0.0015418700
   -0.0000231575
    0.0045903569
    0.0049331207
    0.0022890655
    0.0007435225
    0.0012045719
    0.0014269605
    0.0049374781
    0.0038078938
    0.0026387494
    0.0035593392
    0.0051398793
   -0.0008203074
    0.0022834192
    0.0054973362
    0.0046105597
    0.0062047833
    0.0060542613
    0.0036728322
    0.0060788958
    0.0066015325
    0.0030678158
    0.0061075622
    0.0044291626
    0.0041036714
    0.0047307870
    0.0019874158
    0.0000879934
   -0.0007646901
   -0.0020986357
   -0.0015971757
   -0.0006856820
   -0.0013478484
   -0.0010318991
   -0.0016757846
   -0.0012626832
   -0.0016109438
    0.0017774868
   -0.0005547377
    0.0013417741
   -0.0008879473
   -0.0005735260
   -0.0010296248
   -0.0016744364
   -0.0012340759
   -0.0002391961
   -0.0015215274
    0.0009417264
   -0.0018269564
    0.0009634096
    0.0007792626
   -0.0005547643
   -0.0008789516
   -0.0019726312
   -0.0021355662
    0.0000298265
   -0.0017063037
    0.0008149454
    0.0004614067
    0.0000426587
   -0.0005966996
   -0.0018516516
   -0.0000130740
    0.0010275757
   -0.0007722590
   -0.0006689253
   -0.0014980404
   -0.0002747561
   -0.0007418686
   -0.0018346569
   -0.0034765119
   -0.0091050242
    0.0008991841
    0.0029332030
   -0.0135061934
   -0.0067086161
   -0.0006275667
   -0.0019054455
   -0.0071068088
    0.0006944889
   -0.0121356534
   -0.0008848293
   -0.0037136841
   -0.0040813751
   -0.0056835048
   -0.0037172007
   -0.0005716975
   -0.0011165333
   -0.0127108345
   -0.0130737889
   -0.0026692374
    0.0004797729
   -0.0125153322
   -0.0088400291
   -0.0032447227
   -0.0094560937
   -0.0102931279
   -0.0000754650
   -0.0020916617
   -0.0023173398
   -0.0047864593
   -0.0073664385
   -0.0026942468
   -0.0154412690
   -0.0092236398
    0.0031760163
    0.0001335174
   -0.0016079391
    0.0011306938
   -0.0112663838
   -0.0030103666
   -0.0068282028
   -0.0019655603
   -0.0105801524
   -0.0117404895
   -0.0022553278
   -0.0000051109
   -0.0065466152
   -0.0030557349
   -0.0072770125
   -0.0014403063
   -0.0036555086
   -0.0029193789
   -0.0100748837
   -0.0061489927
    0.0004747865
    0.0019677579
   -0.0085625333
   -0.0046314621
    0.0001147269
   -0.0088889481
   -0.0074309047
   -0.0085142861
    0.0002376554
   -0.0047649193
   -0.0140165647
   -0.0141826328
   -0.0018010049
   -0.0032951294
   -0.0130036086
    0.0020558149
   -0.0057758444
   -0.0146143166
   -0.0101495143
    0.0009988384
    0.0006722570
   -0.0029066617
   -0.0128732855
   -0.0103999995
   -0.0106605685
   -0.0008370191
   -0.0126180022
   -0.0031265745
   -0.0061897620
   -0.0064342311
   -0.0024782670
   -0.0007934770
   -0.0047172099
   -0.0084594439
   -0.0031323552
   -0.0039744620
   -0.0020506175
   -0.0019256302
   -0.0019862937
   -0.0003863044
    0.0011563058
    0.0008174926
    0.0018793584
    0.0049821690
   -0.0000524848
    0.0010334083
    0.0011840661
   -0.0003190734
    0.0060723627
    0.0019960578
    0.0061403466
    0.0004633883
    0.0019052474
    0.0005393642
    0.0037823233
    0.0031668920
    0.0017823289
    0.0001129111
    0.0056388384
    0.0047440511
    0.0057815224
    0.0017883609
    0.0006362501
    0.0002787601
    0.0046384998
    0.0053514366
    0.0048357014
    0.0049851413
    0.0003175693
    0.0014584742
    0.0006783825
    0.0014636011
    0.0008800921
   -0.0004824888
    0.0024575648
    0.0001237009
    0.0010786714
    0.0008790411
    0.0003145779
   -0.0000204533
    0.0002944243
    0.0030648061
    0.0067690016
   -0.0009937449
    0.0030566216
    0.0038132641
    0.0035306273
    0.0019906642
   -0.0009966430
    0.0003032023
    0.0003421925
    0.0026416048
    0.0025551903
    0.0062079587
    0.0022958377
    0.0027800588
   -0.0005443723
    0.0004368366
    0.0021158534
    0.0002630047
    0.0012918512
    0.0037057807
   -0.0013885824
    0.0052781868
   -0.0002907558
    0.0010024000
   -0.0005554871
    0.0066337003
    0.0006715567
    0.0003284087
    0.0026514013
    0.0044881352
    0.0002956114
    0.0011301845
    0.0061808517
    0.0007111759
   -0.0000304035
    0.0002862017
   -0.0000852324
    0.0038557667
    0.0005991697
    0.0003060308
    0.0053189616
    0.0055958050
   -0.0003948456
    0.0042986336
    0.0002295326
    0.0057709498
   -0.0003924144
    0.0007707044
    0.0022223888
    0.0060601645
    0.0028670367
    0.0020837035
    0.0008246930
    0.0006000363
    0.0017711165
    0.0014255654
    0.0034413406
    0.0014996124
    0.0007774079
    0.0024065612
    0.0004860700
   -0.0004000772
    0.0004932570
    0.0005738235
    0.0003153050
   -0.0001652959
    0.0002452425
    0.0032702523
    0.0019486045
    0.0020061670
    0.0021558674
    0.0018260224
    0.0024438130
    0.0018595384
    0.0032390913
    0.0027456320
    0.0014446661
    0.0036489386
    0.0024495852
    0.0023885670
    0.0017056555
    0.0009470914
    0.0043846920
    0.0052254481
    0.0016717586
    0.0021435432
    0.0018504582
    0.0014848172
    0.0046748516
    0.0019187104
    0.0025899173
    0.0019335019
    0.0035207311
    0.0020991175
    0.0021331428
    0.0027162554
    0.0025138424
    0.0049447407
    0.0026762619
    0.0029038989
    0.0013083568
    0.0014287144
    0.0048342604
    0.0021905493
    0.0022112567
    0.0052957986
    0.0038003786
    0.0022704960
    0.0022568727
    0.0016391890
    0.0023412300
    0.0022589819
    0.0018900130
    0.0019851255
    0.0033143067
    0.0052916457
    0.0044042976
    0.0018656621
    0.0023379471
    0.0017247719
    0.0054345167
    0.0057270156
    0.0025965623
    0.0024628048
    0.0019111346
    0.0011211532
    0.0054208145
    0.0024978272
    0.0057772312
    0.0054480405
    0.0020519808
    0.0043677603
    0.0019668148
    0.0016659127
    0.0024693413
    0.0011438996
    0.0027804649
    0.0053146291
    0.0018703834
    0.0019032119
    0.0019709233
    0.0019187301
    0.0030707836
    0.0056845198
    0.0031986920
    0.0052412435
    0.0020088284
    0.0015962999
    0.0025431172
    0.0024010862
    0.0022375006
    0.0054589835
    0.0050607885
    0.0023492018
    0.0014700285
    0.0009279098
    0.0006041433
    0.0050063262
    0.0021763720
    0.0023127687
    0.0025894598
    0.0020430078
    0.0048099529
    0.0036655305
    0.0023314712
    0.0001911296
    0.0022352204
    0.0014459154
    0.0026198215
    0.0023335991
    0.0038996886
    0.0026674899
    0.0002262464
    0.0025348384
    0.0023927047
    0.0025235851
    0.0023281076
    0.0040298359
    0.0018217012
    0.0023124111
    0.0023364891
    0.0022189911
    0.0033452544
    0.0023748099
    0.0024676051
    0.0006752885
    0.0004354476
    0.0034869529
    0.0004509379
    0.0011638073
    0.0012781184
    0.0041203015
    0.0002467410
    0.0031611736
    0.0002940972
    0.0025335503
    0.0015093984
    0.0025711629
    0.0043404370
    0.0045733340
    0.0025508877
    0.0045234492
    0.0038666088
    0.0020235461
    0.0000279866
    0.0023490389
    0.0001363722
    0.0023516906
    0.0004958479
    0.0024357317
    0.0038988743
    0.0025309416
    0.0003367505
    0.0006399746
    0.0001546534
    0.0033430225
    0.0025015018
    0.0036350759
    0.0002300758
    0.0042585325
    0.0037602511
    0.0026071804
    0.0039579305
    0.0001811450
    0.0031129744
    0.0048928405
    0.0013615206
    0.0015897426
    0.0001636618
    0.0002556510
    0.0022012516
    0.0024857649
    0.0041777764
    0.0026775648
    0.0008821578
    0.0006662554
    0.0005443092
    0.0002290679
    0.0001662379
    0.0005395130
    0.0023287845
    0.0003586839
    0.0044728693
    0.0024200878
    0.0008030153
    0.0002098607
    0.0030822720
    0.0022806627
    0.0050581791
    0.0029197221
    0.0007931996
    0.0029972151
    0.0001050746
    0.0001789871
    0.0020879743
    0.0046011922
    0.0026295710
    0.0047123045
    0.0010524497
    0.0049553574
    0.0051140057
    0.0025056832
    0.0019956163
    0.0042794053
    0.0017190805
    0.0022917267
    0.0042134571
    0.0010784128
    0.0009897629
    0.0013931883
    0.0015053156
    0.0020443401
    0.0032486072
    0.0026512740
    0.0044035789
    0.0010264153
    0.0037171004
    0.0035121430
    0.0015201847
    0.0010754674
    0.0039568298
    0.0023709551
    0.0010980190
    0.0010222459
    0.0033190767
    0.0014088365
    0.0019072040
    0.0024347724
    0.0019762538
    0.0023257302
    0.0011987841
    0.0012896181
    0.0021845441
    0.0013856253
    0.0013863069
    0.0018153020
    0.0018675126
    0.0015377773
    0.0022888181
    0.0012855802
    0.0015780234
    0.0023080510
    0.0012567084
    0.0043834251
    0.0026040274
    0.0020729159
    0.0035095963
    0.0022774699
    0.0026029686
    0.0021168293
    0.0015117728
    0.0018242339
    0.0013161198
    0.0013257405
    0.0036842502
    0.0024622086
    0.0009028410
    0.0025222912
    0.0022557914
    0.0023839561
    0.0039658157
    0.0011534630
    0.0019671923
    0.0040440785
    0.0043210533
    0.0035069735
    0.0037283330
    0.0022221282
    0.0020797763
    0.0019895256
    0.0017624692
    0.0010230699
    0.0010649789
    0.0018541687
    0.0023316839
    0.0014884611
    0.0035469562
    0.0014121303
    0.0016259198
    0.0022322018
    0.0009300667
    0.0024222673
    0.0013287377
    0.0020700772
    0.0014095804
    0.0021089071
    0.0018912216
    0.0012298125
    0.0048242763
    0.0026635092
    0.0027195459
    0.0015543477
    0.0016872412
    0.0013610440
    0.0010513271
    0.0021990661
    0.0023922481
    0.0012014697
    0.0016841032
    0.0023945984
    0.0018002674
    0.0009946483
    0.0019615945
    0.0025727268
    0.0038930602
    0.0010946113
    0.0009241321
    0.0023271915
    0.0013316013
    0.0044813053
    0.0013506586
    0.0013681157
    0.0015131630
    0.0005544683
    0.0011019867
    0.0014022605
    0.0005071874
    0.0004012151
   -0.0001695805
    0.0002417114
    0.0026075126
    0.0023478090
   -0.0001933517
    0.0008902724
    0.0007163492
    0.0005093045
    0.0009354329
    0.0014435353
   -0.0001902931
    0.0000307245
   -0.0003149679
    0.0016960436
    0.0005989679
   -0.0000927998
    0.0004489354
    0.0010776365
    0.0020541574
    0.0006093594
   -0.0004338022
    0.0014661586
    0.0020281975
   -0.0004010776
    0.0027044305
    0.0010162190
    0.0008500310
    0.0000382643
    0.0008817394
    0.0017349155
    0.0033825077
    0.0029385954
    0.0010775830
    0.0016445506
    0.0016191401
    0.0021091121
    0.0020127450
    0.0000213565
    0.0017175608
    0.0013308086
    0.0029321841
    0.0023392980
    0.0025626081
   -0.0002553668
   -0.0000457325
    0.0001017221
    0.0005823168
    0.0015427776
    0.0000648568
    0.0009594309
   -0.0005096593
    0.0034739023
    0.0019170535
   -0.0001437462
    0.0003850596
    0.0005088401
    0.0019024012
   -0.0003088098
    0.0009849579
    0.0015111792
    0.0008144519
    0.0003624778
   -0.0002236587
    0.0021265356
    0.0012229998
    0.0017307385
    0.0028507958
    0.0009603589
   -0.0004378319
    0.0011571136
   -0.0000735222
    0.0008085378
   -0.0004256049
   -0.0001370596
    0.0030704398
    0.0015928506
    0.0000092687
   -0.0004894767
    0.0019473270
    0.0003243361
   -0.0004512879
   -0.0003768050
    0.0005712063
    0.0013103947
    0.0013241387
    0.0034109407
    0.0008643149
    0.0018661682
    0.0016743945
    0.0001802564
    0.0011640009
    0.0013298507
    0.0015979329
    0.0026877245
    0.0002450302
    0.0004323950
   -0.0002503979
    0.0010705692
    0.0020781911
    0.0014869550
    0.0008684789
    0.0010703138
    0.0006209729
    0.0003227414
    0.0002622479
    0.0000874082
    0.0021046448
    0.0001718460
   -0.0003917101
    0.0003530933
    0.0003055007
    0.0011918717
    0.0012049444
    0.0017310407
   -0.0005236259
    0.0013417478
    0.0006937589
    0.0012999769
    0.0004204175
    0.0008008871
   -0.0000585618
    0.0017571663
   -0.0004957849
    0.0001920208
    0.0008429414
   -0.0002853117
   -0.0005982652
    0.0020791768
    0.0019549347
    0.0000145704
    0.0002646329
    0.0009731254
    0.0012386617
    0.0018422477
    0.0006269520
    0.0016196906
    0.0022975213
    0.0012653995
    0.0024978663
    0.0015508536
    0.0011718930
    0.0018740871
    0.0015803118
    0.0014893836
    0.0011340414
    0.0013229480
   -0.0005691679
    0.0002490110
    0.0022720090
    0.0008678568
    0.0031962335
    0.0021940364
    0.0016305092
   -0.0000435908
    0.0016515456
    0.0013954110
    0.0005667407
    0.0025357345
    0.0010636331
    0.0028773720
    0.0020120827
    0.0005279323
    0.0011419883
    0.0016724126
    0.0002975231
    0.0008275552
    0.0000758783
    0.0024575030
    0.0002276474
    0.0004616679
    0.0004139141
    0.0022961639
    0.0007867803
    0.0009618514
    0.0001943845
    0.0018255279
   -0.0002036326
    0.0004319416
    0.0010364070
    0.0010069813
   -0.0005965881
    0.0005780296
    0.0015481222
   -0.0001513068
   -0.0001042037
    0.0012382293
    0.0009370473
    0.0002121642
   -0.0002398038
    0.0019079320
    0.0016059717
    0.0022729470
    0.0000882721
    0.0011965743
    0.0003056227
    0.0004619646
    0.0003949517
    0.0007657952
   -0.0004615877
    0.0003023958
    0.0010756808
    0.0015625152
    0.0001355973
    0.0012334316
   -0.0001589854
    0.0003880561
    0.0001594829
   -0.0005406511
    0.0019229312
    0.0015714717
    0.0005171622
    0.0002893078
    0.0011671346
    0.0008025485
    0.0008924309
    0.0013413328
    0.0018380447
    0.0000944055
    0.0033763013
    0.0009827418
    0.0013871245
    0.0008160581
    0.0009403242
    0.0019239985
    0.0009805718
   -0.0001087414
    0.0021316129
    0.0004574914
    0.0012060383
    0.0021631750
    0.0017841013
    0.0033009868
    0.0021952695
    0.0032498471
   -0.0000049320
   -0.0004855271
   -0.0002770219
    0.0015785782
    0.0016740093
    0.0009323639
   -0.0001217345
    0.0011244018
    0.0015434234
   -0.0002194773
   -0.0001795016
    0.0010952319
   -0.0002982246
    0.0012455884
    0.0000092642
    0.0032394999
    0.0009596000
   -0.0001960052
    0.0051823997
    0.0073450648
    0.0071592977
    0.0016724174
   -0.0002537692
   -0.0116268278
    0.0030965432
   -0.0021955778
    0.0030795227
    0.0022961846
    0.0020589465
    0.0036733289
    0.0061373419
    0.0022732400
    0.0059177134
    0.0035515702
    0.0026445009
    0.0065047030
    0.0049694963
    0.0060830693
   -0.0073879506
    0.0033255289
    0.0047227392
    0.0072673540
    0.0021146887
    0.0051324285
    0.0008710797
    0.0019871477
    0.0031331084
    0.0068833973
    0.0027389637
    0.0018520874
   -0.0020193444
    0.0045774603
    0.0057792488
   -0.0003015658
    0.0021074460
    0.0009316740
    0.0060859914
    0.0029536933
    0.0067171169
   -0.0072335243
    0.0008711697
    0.0043548758
   -0.0035625400
    0.0067605745
    0.0069833820
    0.0018931433
    0.0035539973
    0.0016609869
   -0.0124412319
    0.0047453484
    0.0050613643
    0.0042747581
    0.0019019486
    0.0038043320
   -0.0008137387
   -0.0019546678
    0.0037535881
    0.0016273369
    0.0011839850
    0.0062127275
    0.0028391697
    0.0057547171
    0.0008361367
    0.0041903690
    0.0029505553
    0.0062553241
    0.0025931841
    0.0029012023
    0.0037584235
   -0.0037897152
   -0.0000809895
    0.0029944832
    0.0033227205
    0.0026900454
   -0.0087813576
    0.0028352817
   -0.0002319940
    0.0048344766
    0.0062187505
    0.0009475291
   -0.0042213025
    0.0025336850
    0.0045834030
   -0.0112725086
   -0.0001791517
    0.0030858183
    0.0043184836
   -0.0017852452
    0.0057192544
    0.0031179966
    0.0023065954
    0.0020577117
   -0.0000427432
   -0.0102027339
    0.0004367424
    0.0054803911
    0.0074815386
    0.0019838545
    0.0051396646
   -0.0032222338
    0.0028405820
   -0.0006917078
    0.0071779246
    0.0006784290
    0.0027352105
    0.0010979916
    0.0025318599
    0.0066187107
   -0.0008626759
    0.0056855404
    0.0025386840
   -0.0043947833
    0.0030405429
    0.0022199524
    0.0052119717
    0.0043351214
    0.0048059331
   -0.0006470295
    0.0036847310
    0.0014059050
    0.0031321646
    0.0014045135
    0.0043726738
    0.0037249389
    0.0050293329
    0.0048918534
    0.0020533249
    0.0008851879
    0.0050118224
    0.0049159024
    0.0025799491
    0.0030023585
   -0.0009236049
    0.0071929214
    0.0019093034
    0.0026112315
   -0.0080727695
    0.0054796116
    0.0025259228
   -0.0002456104
    0.0050077113
    0.0016724187
    0.0061079863
    0.0042958969
    0.0036997381
    0.0031576644
    0.0033602311
    0.0033049014
    0.0015096225
    0.0041810766
    0.0035272358
    0.0021900181
    0.0018435180
    0.0061987752
    0.0018406341
   -0.0079018348
   -0.0035709832
    0.0017460626
    0.0041391553
    0.0024239159
    0.0000244230
    0.0044174615
    0.0035615256
    0.0027357092
   -0.0056453610
    0.0058491313
    0.0051377978
    0.0011247075
    0.0053471291
    0.0024009420
    0.0038737792
   -0.0004119387
    0.0052877930
    0.0058130539
    0.0048089204
    0.0006058387
    0.0009058964
    0.0038034906
    0.0021471592
   -0.0088404534
    0.0006991209
    0.0031242740
    0.0028246093
    0.0070865911
    0.0010026154
    0.0017480786
    0.0046457893
    0.0043609183
    0.0056777898
    0.0049663580
    0.0020239977
    0.0037327404
   -0.0039755115
    0.0021578059
    0.0019208855
    0.0040548412
    0.0047089401
   -0.0060204824
    0.0009859891
    0.0049798226
   -0.0018243487
    0.0017728451
    0.0020300356
    0.0072818696
   -0.0064065245
    0.0027902204
    0.0029442145
   -0.0058143371
   -0.0030457275
    0.0015948768
    0.0032954320
    0.0057758836
    0.0025815532
    0.0028910953
    0.0032383598
    0.0064012067
    0.0050610570
    0.0017887265
    0.0032330513
    0.0043256977
    0.0018004486
    0.0044867580
    0.0040540066
   -0.0008562536
    0.0047427085
    0.0013984015
    0.0020429039
    0.0026270794
    0.0050776458
    0.0062129885
    0.0031718822
    0.0039432541
    0.0021090032
    0.0069325450
    0.0054761414
    0.0066008394
    0.0057654838
    0.0050834409
    0.0003300811
    0.0035810517
    0.0059969869
    0.0022444351
   -0.0069560380
    0.0050212902
    0.0064061421
    0.0022026772
    0.0070416847
   -0.0028782195
    0.0020037877
    0.0003993464
    0.0040981259
    0.0033371685
   -0.0067035725
    0.0027375374
    0.0041857573
   -0.0009441458
   -0.0103771972
    0.0055334646
