-4.225317 1.397915 -0.397371
-3.119648 0.233142 -2.087647
-4.270236 1.161861 -0.942834
-4.323584 1.166366 -0.234920
-2.723773 2.215630 -0.583977
-3.688727 1.521166 -1.490264
-2.943219 2.197727 -0.247000
-2.979342 2.098256 0.126683
-4.071824 -0.128337 -1.314970
-3.125982 1.637858 -1.695588
-2.656325 2.195515 -0.211293
-3.348430 1.920416 0.302429
-3.948122 1.588303 -1.075523
-4.366004 0.909350 -0.893570
-3.601222 0.614614 -1.935891
-2.877373 -0.065462 2.024798
-3.675995 -1.777606 -0.036971
-4.280087 -0.883495 -0.364052
-2.526064 -1.601511 1.508638
-2.977483 -2.007930 0.754177
-2.636308 -1.073821 -1.911923
-4.417260 -0.275021 -0.322075
-4.356751 0.424440 0.160570
-3.640785 0.210574 1.600100
-3.846141 0.984976 0.928189
-2.775418 -1.308048 1.693745
-3.229488 1.580520 0.823723
-3.512508 -1.520160 1.066982
-4.097510 -1.289767 -0.204029
-3.123822 -0.559855 1.897310
-4.354767 -0.018026 0.564702
-1.914656 0.031302 2.057060
-2.733150 1.560376 1.179578
-3.265745 -1.695445 -1.126390
-3.981286 0.845486 0.853314
-2.218570 0.771692 1.893386
-2.329830 -2.202072 -0.560864
-2.309299 -1.151558 1.847664
-2.617284 -0.047808 2.078302
-3.033157 -0.360638 1.965066
-3.393062 0.573696 1.662747
-4.151887 -0.210250 -1.096620
-3.103445 -1.833991 0.995987
-2.820625 -2.142621 0.495000
-2.493893 -0.848739 -2.025187
-2.576400 0.127533 -2.120313
-4.083080 -1.245526 0.401401
-1.907330 -0.566072 2.019481
-2.595049 0.721507 1.898451
-3.141397 -1.466474 -1.471927
-4.278440 -0.503647 0.708642
-4.372151 0.148484 0.430585
-1.832595 0.393056 1.976553
-3.444460 -1.903360 0.361542
-2.677341 -2.142267 -0.656212
-2.891007 -1.853562 1.100108
-2.753333 0.177442 2.031594
-3.547925 -1.618441 0.883924
-3.241686 -1.478605 1.346295
-4.160790 -0.578746 0.937445
-1.642944 0.366758 1.928241
-3.773742 -0.717008 -1.463884
-4.029287 0.339382 1.137959
-3.513510 1.225800 1.077638
-3.080296 -0.179265 1.959087
-1.989706 1.215429 -2.042099
-1.976210 1.443541 -1.854178
-2.392646 0.316945 -2.179282
-1.827458 -1.858207 -1.621646
-1.619999 1.451725 -2.034953
-2.321977 -0.858997 -2.100624
-2.096708 0.860650 -2.195136
-1.030271 0.107754 -3.030792
-1.697405 0.669790 -2.511085
-1.738651 -0.319801 -2.797138
-1.234385 0.695236 -2.738955
-1.991717 -0.659718 -2.513719
-1.432948 -1.418379 -2.406039
0.109612 0.785207 -2.373545
-0.227862 0.209580 -2.912358
-1.014251 0.532766 -2.884101
0.211806 -0.338245 -2.725559
-0.412465 0.863639 -2.613529
-0.208166 -1.169430 -2.650280
-1.487107 -0.287199 -2.936030
-0.700227 0.616203 -2.848191
-0.902483 -1.692670 -2.212396
0.669436 -3.064781 1.551641
-0.243628 -2.602160 -1.502315
0.070440 -2.876491 2.051523
0.483023 -3.297798 1.231117
0.285599 -2.315700 2.435475
-0.053893 -2.594740 2.314802
0.281626 -2.575559 2.267627
-2.153828 -1.726596 1.700418
-1.151542 -2.664642 2.026068
-1.643314 -2.316970 1.951097
-1.710912 -1.721821 2.191838
0.168480 -3.339513 1.329711
-1.475866 -2.187944 2.169263
-0.379248 -1.929621 -1.847122
-0.267113 -2.987628 1.957829
-0.684073 -2.614335 2.253680
0.439192 -3.039508 1.736157
-1.972298 -1.151828 2.029940
-0.661561 -3.018938 1.858546
0.700130 -3.171329 1.324148
-1.743030 -1.952324 2.076578
-0.817965 -3.186039 1.549691
-2.015886 -1.634816 1.915676
-2.417925 2.413720 -0.355328
-2.108326 2.830993 0.544972
-0.456921 3.648235 -0.325502
-2.496485 2.152710 0.640571
0.121406 1.193972 -2.278646
-1.878263 1.660899 -1.740952
-0.363186 0.961579 2.406699
-1.442902 3.384417 -0.317410
-0.263451 3.676586 -0.050077
-2.466459 2.384314 0.215228
0.470981 3.394014 -0.724205
-0.014835 3.644050 -0.187694
-2.183882 2.473158 -0.918850
0.374743 1.074320 -2.203421
-0.640732 0.677564 2.330037
-2.050009 1.729155 -1.562732
-0.200597 2.986959 1.723265
-1.948262 3.058081 -0.131631
-1.500615 3.367197 0.330525
-0.476689 3.389094 1.185391
-0.819766 0.546199 2.259703
0.382759 3.530968 -0.331737
0.954642 -0.305523 2.335770
-1.068146 -1.980659 2.602056
-0.540612 -0.031027 2.832107
0.269057 -0.338460 2.907094
-1.251862 -0.682831 2.831443
-0.985306 0.249085 2.384088
0.670001 -0.340016 2.669315
-1.435721 -0.652811 2.675845
0.004207 -1.341523 3.085381
-0.490918 -0.655461 3.109332
-1.096685 0.327440 2.156563
-1.608464 -0.970552 2.542434
-0.230900 -1.612118 3.032249
-0.315952 -0.968204 3.152866
-1.573183 -0.084342 2.113633
-0.246767 -1.953318 2.849235
-0.428842 -1.551338 3.052953
-0.718427 -0.275177 2.937324
-1.127510 -2.090756 2.448581
-1.182833 -1.781793 2.673861
-1.747487 -0.928177 2.345079
0.973723 -1.334596 2.497481
-0.908240 -0.021576 2.708466
-1.617620 -1.512116 2.394863
-0.737624 -2.229829 2.526548
-1.701959 -3.057761 -0.786917
-1.591760 -2.766970 -1.074123
-1.956992 -2.155137 -0.936050
-0.838072 -3.264355 -1.005073
-1.804077 -3.003082 1.173096
-1.646716 -2.418159 -1.161263
-1.062385 -2.816548 -1.273493
-0.335729 -3.438148 -0.739242
-1.114725 -3.567461 -0.544240
-1.329314 -2.523981 -1.299484
-0.457714 -2.990304 -1.188426
0.117692 -3.429706 -0.389427
-1.870284 -3.166861 -0.447158
-1.192752 -3.710470 -0.071977
-0.880278 -3.546734 -0.654501
-2.044294 -2.885806 0.949546
-0.574736 -3.619482 0.959213
-1.520177 -3.227471 1.212840
-1.161941 -3.420932 -0.754159
-1.621213 -3.532148 -0.000234
-0.489308 -3.724352 0.650312
-1.739533 -3.468210 0.170435
-0.851749 -3.597422 1.011485
3.175181 -2.258575 -0.996085
3.354470 -2.372036 -0.009599
1.495013 -0.644041 2.267719
0.645554 -3.490996 -0.617444
0.830552 -3.085906 1.463431
3.598584 -1.627846 -0.034642
3.250818 -2.544913 -0.137086
3.271426 -2.471131 0.323205
0.140368 -3.225116 -0.797684
2.901327 -2.690958 -0.963997
2.323198 -3.386690 0.108786
1.738841 -0.726230 2.249015
2.452726 -3.280548 -0.413104
0.703214 -3.560477 -0.353929
0.666172 -3.330059 1.021964
0.576726 -0.961374 -2.278756
3.238370 -1.797172 -1.205002
2.730569 -1.618609 -1.842396
2.838661 -3.020045 -0.257128
2.486226 -3.188000 -0.678861
3.484475 -2.070376 -0.115341
3.204318 -2.609782 0.155416
0.015534 -1.817805 -1.977137
2.014655 -3.489571 -0.387556
1.361561 -3.639912 0.143633
-0.051800 -2.133451 -1.813025
3.163559 -2.586573 -0.514409
2.983243 -2.354540 -1.226259
-0.518810 1.989038 -2.431576
0.796359 2.761648 -1.437555
-0.345695 3.382150 -1.699473
-0.707138 2.533078 -2.339036
-1.298355 2.321227 -2.217795
0.227224 3.271305 -1.551657
-1.176904 2.914218 -2.015217
-1.146006 3.562094 -0.955189
0.216794 3.081192 -1.800442
0.294942 2.679626 -2.046217
-1.036154 2.257019 -2.337444
-0.949587 2.851225 -2.146211
0.046817 2.153766 -2.319404
-2.051484 2.110821 -1.477385
0.358789 3.287720 -1.367372
0.095729 1.982119 -2.306790
-0.047684 2.984436 -2.027755
-1.199234 1.962487 -2.296257
-1.623487 2.748307 -1.800911
-1.086454 2.528069 -2.253012
-1.528584 1.603955 -2.048271
-0.185923 3.292310 -1.776154
-0.736593 3.664866 -0.551010
-0.380012 3.680857 -0.732689
0.221732 2.099427 -2.246601
-0.565212 3.253494 -1.879614
0.109567 2.750609 -2.112054
-1.344742 2.650207 2.201639
-2.315814 2.517936 1.162977
-2.395211 1.650890 1.667028
-1.021102 3.321904 1.150450
-1.176140 3.163502 1.619714
-2.159148 2.430820 1.709511
-1.641205 3.139811 1.197992
-1.337766 1.836058 2.530653
-0.246458 2.805796 1.970311
-2.419145 2.322050 0.697003
-1.610410 2.913703 1.780320
-0.157159 2.460363 2.204846
-1.239280 2.167476 2.484598
-1.145026 2.499623 2.354985
-2.063841 2.863458 0.862443
-1.625045 2.514451 2.168513
-2.137219 2.579572 1.574002
-0.497918 2.107117 2.492672
-1.245948 1.419731 2.544464
-1.965500 1.657606 2.211406
-1.531255 3.155877 1.347588
-1.895312 2.589726 1.896865
-0.518813 2.592714 2.269697
-1.601762 1.190358 2.367309
-2.001104 2.896045 1.180311
-2.180044 2.732796 1.038104
-2.480755 2.203559 0.917924
2.842125 2.355516 1.601870
0.681281 3.433752 1.126937
2.533955 2.530300 1.796486
1.481235 3.082047 1.817552
3.285173 2.138186 0.903351
2.729919 2.625259 1.469273
0.275120 2.993470 1.694598
0.888216 2.801359 -1.412542
1.028879 2.071007 -1.866835
1.399446 2.847039 2.087447
1.013142 3.518370 1.002212
1.931462 2.247148 -1.650219
1.532350 2.453799 -1.650073
3.207052 2.108052 1.181063
0.652325 2.223542 2.461543
2.248267 2.986308 1.534805
0.950443 2.889785 2.052243
1.286392 3.105124 1.818868
0.977616 2.265051 -1.779982
3.348243 1.777776 1.097925
2.580466 1.989218 2.104515
1.440063 2.094265 -1.842825
1.099124 2.438448 -1.693915
0.219243 1.945297 2.426288
0.338829 3.181477 1.452154
2.118762 2.410197 2.185505
2.133756 -2.855936 1.965941
2.233393 -3.178763 1.451674
2.782275 -0.776219 1.840039
3.178848 -1.711234 1.793919
3.351107 -1.700706 1.500093
3.100082 -2.695974 1.212923
3.393507 -2.237204 1.026891
1.187822 -2.806292 1.879853
2.971611 -1.229604 1.940715
3.135460 -2.308096 1.645577
2.679350 -2.263837 2.126562
1.362677 -1.288901 2.368859
2.097522 -1.335361 2.422537
3.280624 -1.441211 1.601277
2.532746 -1.176047 2.237582
2.495354 -1.673580 2.341880
3.401017 -1.544228 1.361228
3.258071 -1.209781 1.535341
2.627215 -2.939193 1.578056
3.122515 -1.977538 1.825941
1.698973 -1.143194 2.387865
1.184885 -1.781730 2.353443
0.801306 -3.215426 -1.813827
1.737150 -3.570756 -1.117056
1.585730 -1.665580 -2.482863
0.147852 -3.012289 -1.355964
2.499990 -2.580317 -1.902439
0.653881 -3.485951 -0.815993
2.230591 -3.137155 -1.658088
2.371266 -2.853049 -1.836658
2.406479 -3.213819 -1.211639
1.519095 -2.927624 -2.207032
2.115444 -3.452795 -0.923187
2.652983 -2.824084 -1.462041
0.928154 -3.064579 -2.036166
2.019976 -3.460943 -1.189055
2.102917 -3.005177 -1.923397
1.414838 -3.459196 -1.597163
1.277755 -1.959509 -2.523468
3.421104 -0.032523 -2.177569
2.228192 -1.042368 -2.464474
2.916378 1.577226 -1.931247
2.839707 -0.461372 -2.494799
3.546740 1.565159 0.332133
3.548660 -0.403786 -1.979078
2.363553 -1.363051 -2.214091
3.141210 0.568383 -2.343851
3.628206 -0.886602 -1.617075
3.625292 -1.455550 -0.492665
3.201705 -1.474785 -1.551932
3.449412 1.688935 -1.128264
3.718420 0.925065 -1.601144
2.891145 0.288195 1.704188
3.701596 -0.975188 -1.410950
3.679767 -0.241687 -1.869157
3.296075 0.393996 -2.264795
3.312568 0.826787 1.295151
3.596174 1.661671 -0.107489
3.030367 1.991720 -1.215140
2.891815 -1.483266 -1.837267
3.460960 -0.713172 1.110325
3.491405 1.206896 -1.707532
2.873163 1.389661 -2.121002
1.916149 -1.185231 -2.416676
3.243960 1.380799 -1.835830
3.285175 1.027866 -2.051961
3.443808 -1.104504 -1.679081
3.341362 1.533989 -1.562555
3.505603 -0.841654 -1.814621
3.696915 1.537366 -0.733891
2.672528 -0.891959 -2.406692
2.885880 2.116867 -1.106462
2.965336 1.199050 -2.193804
3.252923 0.188236 1.486971
3.175436 1.971308 -1.003362
3.454173 -1.047766 0.886006
2.607903 1.558086 -2.127588
3.067717 2.731349 -0.528769
2.101971 3.433949 -0.883288
2.370347 3.438133 -0.698594
1.604096 3.858089 0.023341
2.315247 3.711794 0.095028
2.414974 3.627866 -0.192056
2.050282 3.414475 1.186768
1.292800 3.204457 -1.162416
2.625340 2.714393 -1.109557
1.689864 3.391629 1.292128
2.937884 2.650205 -0.805772
2.524275 2.937102 1.328240
1.266434 3.821975 0.193884
2.173046 3.566256 -0.647218
1.891667 3.838725 0.067672
1.522959 3.832296 -0.166751
1.093089 3.738568 0.471287
2.124207 3.699872 -0.386586
2.477585 2.570575 -1.264245
2.488364 3.053080 -1.017378
1.886974 3.636115 0.926676
1.512023 3.573738 1.062436
0.202575 0.716375 2.640623
1.250502 1.295866 3.082839
1.289337 0.778693 3.074482
1.559237 0.238934 2.858562
1.734704 -0.117747 2.529591
2.628206 1.448856 2.376914
2.210200 1.351242 2.803620
1.782896 2.306036 2.446245
2.562676 1.026457 2.528889
0.374560 1.974842 2.485888
0.956310 0.849947 3.049128
0.524247 1.809832 2.709795
1.007462 0.260234 2.863562
2.508633 1.777156 2.347242
2.823692 1.193219 2.119544
0.984490 -0.320006 2.313420
0.895584 2.087173 2.690414
1.432688 0.486034 2.990461
2.741171 1.526379 2.153650
0.444057 1.246715 2.852596
3.761872 0.484927 1.141682
4.415244 -0.076510 -0.943982
3.534488 0.736174 1.174091
4.301750 -0.742457 -0.594178
4.170228 -0.739498 0.440195
3.712374 1.580886 -0.286306
4.228448 -0.902888 -0.111086
4.263661 -0.454032 0.546678
3.970284 0.041319 -1.540292
4.339734 0.809381 -0.755177
4.071103 0.673855 0.812864
4.270250 -0.580370 -0.925712
3.769479 1.221694 0.661862
4.500470 0.068610 -0.749481
3.831513 -0.943749 -1.162847
4.276216 0.166953 0.708229
4.226486 1.131298 -0.118966
4.407223 0.833962 -0.395937
4.402148 0.079779 0.496175
4.053019 0.337744 -1.447819
4.107038 0.469201 0.859942
3.946223 1.000058 0.716710
4.245720 0.438933 -1.196826
1.587703 1.391190 -2.723548
1.190348 -0.519509 -2.881092
1.991379 -0.930898 -2.618380
0.947935 0.166572 -2.987288
0.812974 0.999505 -2.715480
2.804954 0.663521 -2.665759
1.093357 0.548187 -3.027452
0.789507 -0.162940 -2.836449
1.895767 1.486518 -2.614335
2.852143 0.135303 -2.679703
1.380778 0.972956 -2.973531
1.340688 0.439849 -3.115467
2.240789 0.052327 -3.050414
2.396739 1.617036 -2.177928
2.209219 0.560203 -3.048156
1.721172 0.001290 -3.138671
1.023845 -0.296766 -2.919212
0.984380 1.528987 -2.338982
2.162467 -0.144802 -3.037062
0.593621 1.076300 -2.468862
1.932914 -0.813535 -2.743170
-4.419753 1.443971 -0.035578
-3.892069 1.616952 -1.609372
-4.559942 0.931003 0.141168
-3.451962 1.944015 0.655389
-4.182100 1.281927 0.614432
-3.796210 2.047508 0.151782
-4.180179 1.663037 -1.158288
-3.633745 2.260953 -0.429680
-4.144931 1.686342 0.248309
-2.721918 0.427073 -2.386472
-3.860304 2.108071 -0.211324
-4.089116 1.481295 0.575132
-4.254250 1.754697 -0.256469
-3.266350 0.231860 -2.302997
-4.534631 0.539364 -1.255849
-2.770813 1.588103 -2.079738
-3.488376 1.291278 -2.090779
-2.938526 1.958485 -1.755809
-3.880797 -0.900152 -1.724741
-3.180311 -0.091674 -2.297829
-4.716187 0.204472 -0.182259
-2.856500 -1.239209 -2.127693
-3.347472 -1.035661 1.986369
-2.640860 -2.453140 -0.710512
-3.966834 -1.903775 -0.310646
-4.121586 -0.253715 1.597530
-3.502287 0.465751 2.007111
-4.592697 -0.874245 -0.458721
-4.489914 -1.223314 -0.137528
-3.248560 -2.126831 1.024777
-4.107600 0.482973 1.493001
-3.675471 0.520841 1.877137
-3.599962 -2.094260 0.646342
-2.737215 -2.299109 -1.067307
-3.145397 0.487863 2.171020
-4.221692 1.215379 0.631491
-3.711612 -2.132261 -0.075814
-3.879500 -1.715775 -1.020376
-4.648874 -0.318479 0.631936
-3.542181 -0.677374 -2.055757
-3.150892 -1.227616 -2.035089
-4.665199 -0.594928 0.401309
-4.455177 -0.774824 0.938893
-3.546948 -0.557458 2.029034
-3.854301 -0.313174 1.848543
-2.551694 -0.890390 2.276050
-4.182533 -1.615094 0.479279
-2.786819 0.094687 -2.399675
-4.688363 0.372335 0.086808
-2.608199 0.224383 2.360252
-3.782712 0.716932 1.711761
-3.275900 -0.345883 -2.250342
-2.944252 1.298898 1.828861
-3.508845 -2.129415 -0.760317
-4.536529 -0.455679 0.910913
-2.570573 -0.259655 2.389735
-3.060735 -0.334970 -2.332420
-4.064527 -0.266084 -1.709769
-4.059802 0.918922 1.293504
-4.599226 -0.828820 0.445283
-4.694002 0.186813 0.351607
-1.719098 0.068084 2.322791
-4.227773 -1.614121 -0.320730
-4.431187 -0.593239 -1.134738
-4.284180 -1.110196 1.021570
-4.526682 -0.943752 -0.640105
-4.698749 -0.134311 -0.503611
-4.548881 0.497028 0.689412
-3.365780 1.772648 1.042297
-4.233100 -0.358514 1.452502
-2.655322 -0.573510 -2.394927
-4.632875 -0.046820 -0.753180
-3.684893 -2.125470 -0.347487
-2.196998 1.243771 -2.358642
-1.425809 1.148646 -2.716053
-1.762492 -2.335287 -1.584725
-2.408506 -1.029088 -2.409453
-1.554963 0.916683 -2.791982
-2.158167 -1.542239 -2.264417
-1.892784 -2.233183 -1.670615
-2.546627 -0.629119 -2.454075
-1.973598 -1.261864 -2.544916
-2.310412 -0.694656 -2.596012
-1.754963 0.882387 -2.747254
0.016176 0.028232 -3.111954
0.416935 -0.890429 -2.715138
0.089192 0.192777 -3.041344
-1.785479 -1.250867 -2.698117
-2.003136 -0.239055 -2.904829
-1.358973 -1.725499 -2.465523
0.218754 -1.073684 -2.778476
0.161257 -1.321778 -2.638349
-1.007649 -0.509733 -3.287484
0.257097 0.251082 -2.920252
-0.150301 -1.355106 -2.803055
-0.585037 0.101401 -3.276900
0.267813 -0.337823 -2.981978
-0.467752 -1.826206 -2.401570
-0.923555 -0.143445 -3.313696
-0.661397 -1.521739 -2.807126
-1.216875 -0.675404 -3.220917
-1.003260 -1.566820 -2.759283
-1.032542 -1.159212 -3.061932
-1.582211 0.376773 -3.051239
0.451346 -0.347847 -2.838913
-1.032895 -3.363456 1.820894
0.187258 -3.817641 -0.119027
-0.882164 -2.994726 2.328288
-0.649408 -3.246272 2.128857
-0.096379 -3.145714 2.284959
0.489190 -2.825412 2.451858
-2.314342 -1.748107 2.062441
-1.838889 -2.532317 -1.321767
-2.316173 -1.237696 2.153486
-0.142892 -2.820196 2.577221
0.205693 -3.020005 2.364552
0.313887 -2.583102 2.674422
0.354109 -3.835462 0.282716
-0.360307 -2.350893 -2.045104
-2.373380 -2.146961 1.778174
-0.041211 -2.296458 2.881564
1.079056 -0.410771 2.662955
-2.035590 -2.037769 2.254316
0.895395 -2.128677 2.695215
0.697637 -2.830028 2.362090
-0.496079 -2.692175 2.654356
-0.422477 -3.167789 2.256621
0.265444 -3.632027 1.479831
-0.393176 -3.483930 1.847667
-1.885967 -2.336828 2.231529
-2.213797 -2.471155 1.751484
-0.797618 -3.503614 1.706903
-0.338687 -3.043397 2.388115
-2.511061 -1.929976 1.688720
-1.436949 0.382861 2.371213
-2.194340 3.133916 -0.755143
-1.078662 3.910458 0.298118
0.517974 3.811794 -0.524630
-1.219680 3.813430 0.628787
-2.572899 2.867473 0.189353
-2.045535 3.425949 -0.087730
-0.529708 3.962548 -0.478910
-2.531934 2.703807 -0.776934
-2.668114 2.454541 -0.792337
-2.850105 2.346636 0.321432
0.764076 3.392237 -1.280519
-0.191941 3.971436 -0.436895
0.726672 2.349025 -2.214237
-2.363810 2.368813 -1.438162
-2.049610 1.978388 -1.964863
-1.886368 3.440217 0.737648
-1.893432 1.816848 -2.131179
-0.684049 3.845150 0.953167
-0.642962 3.915516 0.741133
-2.391157 3.075179 0.364917
-0.987663 0.723570 2.632442
-2.096914 3.363149 -0.274293
-1.047197 0.363421 2.617625
0.685916 -0.827257 3.104447
-0.019005 -1.839218 3.170754
-1.405420 -1.162377 3.042722
-0.948221 -0.408634 3.188411
-0.509510 -1.713714 3.241348
-1.725896 -0.892736 2.769246
-0.037899 0.133334 3.004156
-1.573124 -0.032063 2.557876
-1.163547 -0.930768 3.193256
1.098676 -0.681763 2.736930
-1.678693 -1.447826 2.743240
0.002657 -0.493128 3.300028
-0.213189 -2.008124 3.099068
-1.707842 -1.236617 2.769524
0.120540 -0.031297 3.077871
-1.634551 -0.400979 2.734175
0.204914 -1.998458 3.023935
-0.835508 -1.294887 3.295567
-1.442846 -0.670195 2.991651
-0.645685 -3.879034 0.983385
-2.302591 -3.207636 -0.019697
-0.890705 -3.973656 0.695644
-1.668459 -3.153387 -1.103775
-1.351382 -3.925515 -0.002992
-1.413576 -3.783366 -0.460029
-1.983283 -3.198423 1.207546
-1.348614 -3.461759 1.450673
-1.740166 -2.920409 -1.208730
-1.518874 -3.400475 -0.978440
-2.575703 -2.652268 0.049749
-1.651730 -2.738065 -1.351365
-0.443724 -3.987701 0.551114
1.057245 -3.173195 1.916662
3.297412 -2.814327 -0.909464
3.416590 -2.141556 -1.402565
3.184201 -3.151951 0.289075
3.941620 -1.477945 0.281268
3.181609 -2.585071 -1.400162
3.096206 -2.395154 -1.660121
1.438293 -1.415387 2.693708
0.819334 -3.720573 1.080633
3.871421 -1.955006 -0.199168
3.555509 -2.661767 -0.365043
3.484982 -2.245484 -1.211331
0.601289 -3.856463 -0.547313
2.479106 -1.761532 -2.389165
0.547903 -3.896734 0.017103
3.761526 -2.197988 -0.469159
-0.124869 -2.549544 -1.984455
3.458869 -2.764485 0.496728
2.024515 -3.574651 1.197747
1.037304 -3.373723 1.693604
3.836733 -1.397674 0.802916
2.924449 -3.306037 -0.669598
1.896779 -3.774758 0.815972
2.341523 -3.637495 0.748711
3.128866 -1.892572 -1.876464
1.996821 -3.853451 -0.403291
0.216770 -3.737903 -0.504233
2.223770 -0.580377 2.427773
2.936530 -2.926312 -1.353664
3.750081 -2.200807 0.492474
-0.326236 3.902531 -0.983672
-0.735509 3.052740 -2.351123
-2.188125 2.460022 -1.626621
0.517494 2.535052 -2.265611
-1.131168 3.833334 -0.669311
-1.291734 3.524250 -1.659324
-0.935160 2.505419 -2.563767
-2.044272 2.644073 -1.761173
0.043140 2.285162 -2.560189
-0.123022 3.870782 -0.963856
-0.407586 3.804799 -1.417039
-0.362354 1.768292 -2.648452
-0.930592 3.632116 -1.699293
-0.556944 1.939819 -2.670511
-2.142455 2.240682 -1.783174
-1.333878 1.884956 -2.495493
-0.052594 2.882189 -2.390699
-1.620663 1.742769 -2.316192
-0.813063 3.876208 -1.103401
-0.419727 2.937433 -2.427894
-1.069438 3.797665 -1.204503
0.239988 2.276263 -2.485842
-1.864683 2.865828 -1.845404
-0.698359 3.921772 -0.781754
-1.997642 1.338113 2.455080
-1.936495 2.760183 2.098562
-1.190874 2.632760 2.550164
-0.951036 2.357082 2.709733
-1.573806 0.743376 2.461314
-2.149964 1.678987 2.369467
-2.254974 1.387552 2.242740
-1.560380 2.886025 2.240156
-1.258598 2.049237 2.764948
-2.563544 2.223997 1.676493
-1.466360 2.140702 2.688734
-1.566861 1.497310 2.709822
-2.337609 1.738551 2.179851
-2.657825 2.127318 1.508885
-1.128868 1.185497 2.765001
-2.034284 0.923493 2.273708
-1.964195 3.221058 1.244429
-0.245904 2.013235 2.695096
-1.479913 2.318308 2.626238
-2.516551 2.677729 1.026696
-1.820720 0.935082 2.434208
-1.814541 2.710732 2.237428
-0.639522 1.651503 2.824211
-0.703836 2.555257 2.610436
-1.192993 2.942947 2.319258
-1.636363 3.397990 1.265433
2.333791 2.747361 -1.568889
2.955022 0.203927 2.116407
3.597005 1.417933 1.536994
0.874694 2.504033 2.744766
0.632525 3.209998 2.149581
3.647048 2.307630 0.508607
2.959134 2.062136 2.213845
0.313610 2.258948 2.731307
3.710893 1.639832 1.188339
1.037680 2.669215 -1.949457
2.120765 2.829762 -1.620378
2.972459 2.576270 1.867497
3.645322 2.188071 -0.167175
3.363166 2.394131 1.436008
1.500342 2.726456 2.602760
0.457026 3.058645 2.247915
2.755492 2.755028 1.941684
0.653496 2.924203 2.426704
3.318858 2.446583 -0.753936
3.788214 1.857017 0.612867
3.336285 2.700098 1.048093
3.320219 2.081840 1.764311
2.337080 3.214462 1.794410
1.080178 3.887037 0.942479
1.293024 3.803062 1.233050
3.806985 1.650180 0.783591
1.391293 2.879988 2.507517
0.217550 2.938011 2.257225
1.695160 2.501355 -1.986946
3.336943 1.345524 1.974797
1.826804 3.316788 1.968662
2.929666 2.259104 2.142378
0.602264 2.717966 2.567270
3.011703 -1.137847 2.207426
2.644361 -2.812245 2.121538
3.154079 -1.676159 2.185970
2.166267 -2.602444 2.453482
3.515022 -2.425537 1.326154
3.701519 -2.065749 0.912393
1.817102 -3.322760 1.803870
2.815102 -1.738148 2.445265
1.617155 -2.912217 2.264268
1.874554 -2.881903 2.302480
2.304927 -3.093253 2.014785
3.461257 -1.259487 1.708736
3.686131 -1.430935 1.190332
1.813005 -2.061882 2.684911
3.590632 -1.944829 1.505186
1.730415 -2.585473 2.495400
1.768406 -2.260156 2.633270
2.326218 -1.830837 2.649447
3.609686 -2.187130 1.293743
3.184340 -3.014205 1.057934
2.112515 -3.194919 1.952007
3.206930 -2.234199 2.014371
2.931100 -2.492892 2.145916
2.612105 -3.429812 0.936869
2.261405 -2.115133 2.621381
2.544541 -2.683171 2.275002
1.573645 -2.715774 2.402694
0.303281 -2.479864 -2.366340
0.690112 -2.063505 -2.644282
1.049651 -2.292846 -2.711374
0.278419 -2.178714 -2.421453
1.446572 -3.837844 -1.225297
2.057310 -3.029020 -2.274311
2.383432 -3.382262 -1.616506
1.429262 -1.900020 -2.762687
0.817928 -3.774162 -1.166627
2.030413 -2.130401 -2.633064
0.592950 -3.700242 -1.119648
2.570288 -3.193830 -1.667244
0.737817 -3.608579 -1.610172
1.780167 -2.861281 -2.484545
1.901093 -1.811742 -2.679139
1.665549 -1.943159 -2.739312
1.162498 -3.103641 -2.374318
1.562256 -2.170490 -2.741750
3.325917 -1.046723 -2.373760
4.096425 1.595173 -0.522317
4.132381 0.577142 -1.777325
3.804111 -0.948476 1.128546
1.575980 2.010463 -2.336594
3.395144 -0.304451 -2.600687
3.355843 0.299433 1.824358
3.410388 -0.124431 -2.615606
2.701885 -1.548069 -2.394185
3.611910 2.047237 -1.064760
3.347698 -0.755888 -2.501634
2.826531 -0.067175 2.107805
3.451670 0.838020 -2.468520
3.551150 -1.562248 -1.703515
3.653130 -0.650697 -2.285847
2.819184 1.507949 -2.521286
1.807804 -1.396192 -2.686986
3.736733 -0.283297 -2.313638
3.165396 0.919445 -2.637446
3.337991 0.422883 -2.654146
2.351943 1.992883 -2.297966
3.065212 2.147967 -1.709123
2.701967 2.010295 -2.143735
2.877678 -0.652555 -2.808809
3.216597 -1.383420 -2.222298
4.262542 0.718740 -1.455687
2.840034 2.342132 -1.576485
2.991667 -0.058112 2.036533
1.189688 3.923712 -0.552087
3.231683 3.228904 0.099213
2.694393 3.757831 -0.102119
1.865266 3.740772 -0.965021
1.782494 4.051283 -0.277248
1.123645 3.804078 -0.768200
3.036927 2.792286 -1.017398
2.550118 2.957214 -1.362835
2.949045 3.541457 -0.150587
2.221621 3.863180 0.835682
3.301625 2.652260 -0.675234
3.314446 2.860648 -0.474196
0.877352 3.929763 -0.143811
2.653603 3.304368 1.296221
1.585549 4.007964 -0.462074
2.301980 0.922956 3.051995
1.439203 1.865862 3.159629
1.352682 2.321396 2.871608
1.945483 -0.289288 2.616851
0.501935 1.634969 3.069638
2.629963 0.966450 2.802272
2.691164 1.551236 2.652712
1.555255 0.257484 3.142061
1.369846 1.686229 3.235318
0.175475 1.261571 2.961986
1.140777 1.243063 3.324432
2.674358 1.185783 2.756643
1.830883 1.631405 3.176453
2.853189 0.789563 2.516167
1.587688 -0.227267 2.808925
1.175338 0.086288 3.065453
1.016711 2.047715 3.044879
4.466207 -0.597899 -1.098138
4.380058 1.318921 -0.071740
4.239632 0.005776 1.118813
4.707259 -0.496744 -0.446667
4.290819 0.322058 1.054210
4.422967 -1.014723 -0.546046
4.187339 -0.736084 0.891320
4.067386 0.183520 1.270812
4.670504 -0.124971 0.446915
4.127571 -1.361460 -0.236642
4.265485 0.756864 0.932995
4.308811 1.110205 -1.085115
4.690073 -0.121477 -0.895494
4.277529 -1.190561 0.038800
4.080802 -0.670396 1.043609
4.363355 -1.119022 -0.107519
4.707317 0.631050 -0.624713
1.712413 1.261250 -3.121449
0.323641 0.404597 -2.828514
2.016661 0.655937 -3.330141
0.401934 0.801879 -2.805519
2.348409 1.563603 -2.728729
0.831420 0.583870 -3.171009
2.678955 0.896922 -2.995455
2.427384 -0.202067 -3.187075
0.936898 -0.032143 -3.223767
1.625585 -0.288966 -3.317284
2.146941 -0.435035 -3.206448
1.960343 1.770147 -2.640214
0.540899 0.139793 -3.018044
1.357763 0.888167 -3.266884
2.316613 0.966748 -3.151472
2.281837 -0.113942 -3.264429
1.425660 1.154122 -3.162460
0.881825 0.184802 -3.222873
0.697630 0.841014 -3.023975
2.023424 1.402977 -2.989042
2.390918 -0.701233 -2.980321
2.475824 0.330063 -3.227641
2.487889 0.587621 -3.193313
0.761973 0.360393 -3.161865
2.900324 1.027367 -2.754776
2.304623 1.154532 -3.064383
-4.276242 1.947503 0.203399
-4.415688 1.736294 0.283021
-4.667835 1.281554 0.278753
-4.437895 1.405415 -1.555699
-3.292986 1.456515 -2.359125
-4.662094 1.245108 -1.268345
-3.219393 2.234508 -1.737648
-4.573671 1.131644 -1.523264
-3.308755 2.489413 -1.239071
-4.201006 0.132701 -2.047827
-3.842471 1.621606 -2.011286
-4.705885 1.522671 -0.433806
-4.019460 1.984089 0.554615
-4.559377 0.383293 -1.688769
-4.384828 0.780654 -1.899194
-3.567137 1.448301 -2.266819
-3.563303 2.396168 0.311718
-4.412919 1.050128 -1.792708
-4.681962 1.428784 0.047329
-3.785937 2.190575 -1.438162
-3.615298 2.253117 0.548463
-2.711989 2.015641 -2.047017
-2.790736 1.408296 -2.448765
-3.611645 1.207245 -2.350538
-4.244892 1.140370 -1.942871
-3.093323 0.730371 -2.599844
-2.761365 1.747408 -2.262002
-4.329288 2.027975 -0.225223
-2.737085 1.169598 -2.536633
-4.461667 1.887579 -0.294116
-3.409666 2.050187 -1.882517
-3.661117 0.592994 -2.443297
-3.151688 2.633340 -0.857041
-3.743497 2.466609 -0.291788
-3.970600 2.337454 -0.313250
-4.752156 0.448290 -1.352507
-4.517455 1.755127 -0.046460
-4.694900 0.202803 -1.416397
-4.476162 -1.734862 0.499216
-2.686949 -2.202744 -1.787127
-3.530824 -0.418172 2.409166
-2.574153 -2.728027 -0.882047
-4.105794 0.545455 1.924119
-3.239520 0.279667 2.514048
-3.921208 -0.189179 -2.239661
-4.020718 1.487205 1.358849
-3.438246 0.066540 -2.511509
-3.755093 -1.593116 1.792106
-2.035973 0.075916 2.687177
-2.806283 1.636587 1.993641
-3.854815 -1.769976 1.543624
-4.174190 -2.138462 0.179078
-3.794885 -1.467561 -1.906634
-4.725314 -1.113226 0.828317
-4.227780 1.570866 0.916551
-4.171607 -1.747099 -1.234480
-4.980223 0.359219 -0.380889
-3.810887 -0.612692 2.215643
-3.922022 0.083876 2.176222
-4.531389 -1.310747 -1.123455
-3.361391 0.121878 2.487912
-3.546236 -2.504198 -0.650328
-2.765316 -2.519353 -1.303609
-3.188660 -2.662426 0.583066
-4.306456 -2.017675 -0.033275
-4.093540 -2.212593 -0.210529
-4.427038 -1.530604 -1.072056
-4.253626 1.344636 1.204013
-3.431223 0.284479 2.434934
-4.538572 0.529301 1.418551
-3.464263 -0.325988 -2.501602
-3.750596 -2.445876 -0.367460
-4.802618 -0.202859 -1.161461
-3.251764 -2.108912 1.629342
-3.666940 -1.252388 2.077405
-2.862231 -1.601866 -2.274312
-4.713853 -1.173731 -0.840508
-4.874421 -0.624262 -0.861684
-4.621124 -1.386594 -0.810562
-3.167245 0.852758 2.375678
-4.571313 -1.379469 0.901907
-3.038148 -0.483193 -2.642246
-4.838274 0.043058 -1.065129
-5.049118 -0.082495 -0.071073
-3.258304 -2.654636 -0.558169
-3.382338 -2.053489 -1.666818
-2.813436 1.142986 2.337178
-1.998230 0.668431 2.568031
-4.964048 0.518485 0.137998
-3.020390 1.773897 1.794686
-3.743960 -2.385556 0.614405
-4.057250 0.826042 1.847433
-4.078600 -2.145847 0.573240
-2.701795 -1.754267 -2.202464
-4.844671 0.641988 0.657333
-4.606414 -0.613871 -1.443263
-2.889843 -0.885606 2.543575
-3.327057 -0.817745 -2.476119
-4.243639 -1.142529 1.636259
-2.887441 -2.768325 -0.537703
-2.959830 0.399831 -2.628692
-3.792649 0.737890 2.101262
-3.054598 -2.600633 -0.971870
-2.933309 -2.436862 1.329916
-2.444127 0.789675 2.543156
-3.874428 1.526800 1.479033
-4.168733 1.218816 1.455039
-3.872747 -2.373079 0.258560
-3.686600 0.439147 2.268425
-1.489394 1.048447 -3.127555
-1.116000 -1.817832 -2.832337
-2.674711 1.096309 -2.570412
-0.754810 1.242386 -3.090167
-2.330072 -1.391165 -2.714047
-2.645424 -0.803125 -2.763901
-1.878234 -2.375108 -2.106027
-0.273083 -1.907200 -2.679451
-1.706267 -2.258583 -2.322690
-2.189426 -2.596154 -1.515675
-2.273275 0.983693 -2.878873
-2.535216 0.198208 -2.930434
-1.093714 -1.987032 -2.706359
-2.278138 -2.151411 -2.127386
-0.720705 1.045090 -3.172784
-1.191151 1.578097 -2.899567
-1.748356 1.710541 -2.688802
-2.367702 -2.412866 -1.680641
-2.546219 -1.069294 -2.735795
-2.103419 -0.384604 -3.143745
-2.534470 -0.280539 -2.935278
-2.185645 0.503522 -3.068360
-2.204708 -1.722378 -2.572171
-0.372469 -0.498190 -3.495754
-0.850440 -0.771128 -3.488320
-1.768831 -0.757576 -3.260932
-1.835362 0.249717 -3.240764
-1.568193 0.246872 -3.366209
-0.535218 -1.485884 -3.130885
-0.073773 0.231586 -3.376273
-1.962821 -0.457842 -3.212054
-1.193506 0.125448 -3.495610
-0.403054 -1.286271 -3.235269
-0.761437 -0.373475 -3.553008
-0.679269 -0.919211 -3.439959
-1.292313 -0.878626 -3.400914
-1.429769 -0.349990 -3.464847
-1.096767 0.720573 -3.319466
-0.249859 -0.183139 -3.483690
-0.923703 -1.468482 -3.161794
-1.009203 -1.774698 -2.891101
-0.296681 0.686364 -3.287543
-0.322032 0.114305 -3.474615
-2.009357 -0.233908 -3.196718
0.073165 -0.908144 -3.246778
-0.084369 -0.472530 -3.417226
0.065678 -0.541984 -3.346603
-1.334052 -0.140038 -3.493004
-0.447003 -0.221901 -3.527534
-1.018597 -2.962809 2.768252
0.363380 -4.163768 0.753786
-0.332904 -2.484019 3.174953
0.523970 -4.110213 0.876198
-1.547331 -2.983628 -1.686675
-1.947021 -1.663049 2.895204
-0.421873 -3.144068 2.748100
-2.519747 -3.099250 1.078942
-1.771055 -1.592018 3.019944
-1.210005 -3.871305 1.491008
-0.229674 -4.203788 0.890402
-1.924659 -3.203568 1.959847
-0.411718 -3.137311 -1.939375
0.305098 -3.995337 1.485454
0.514837 -3.836440 1.734849
1.069145 -2.142720 3.005659
-0.508110 -3.874943 -1.019161
-0.365449 -4.143650 1.165814
-0.324664 -3.356432 2.558687
0.482206 -3.709822 1.977742
-2.625664 -2.777256 1.449525
-2.097085 -2.633381 -1.535572
-1.895142 -0.282424 2.812877
1.177500 -0.961667 3.115095
-2.323041 -2.625385 -1.296742
-0.953250 -3.297988 2.496925
-2.373697 -1.166804 2.592315
-0.024402 -3.851490 -1.074065
0.099446 -4.192672 -0.029274
0.356725 -4.136371 0.946429
-1.740275 -2.864456 -1.655420
-0.995175 -2.732351 -2.117626
-1.348641 -3.022187 -1.767050
-1.077409 -2.689021 2.932813
-1.384278 -3.302788 2.288213
-0.085342 -2.289621 3.256407
-1.275376 -2.730724 2.831449
-2.134263 -2.745048 2.223949
-0.536442 -3.535742 2.339137
-0.721202 -2.625180 -2.245912
0.303544 -2.063520 3.288698
-1.481312 -1.727508 3.146812
-1.182155 -3.207790 -1.679496
-1.994217 -1.255482 2.907580
-1.692087 -2.683945 2.637812
-0.808055 -3.882647 1.725911
-1.228291 -2.674377 -2.070830
0.513453 -2.683752 2.967706
0.760348 -2.130755 3.142646
-1.455333 -3.735287 1.567936
0.420797 -4.074608 1.163908
-1.439744 -2.986064 2.563691
-1.890368 -1.458886 2.963783
-0.790434 0.565455 2.989139
-2.804036 2.638060 1.304571
-0.160851 1.451636 -2.999191
-1.922289 3.617014 1.290919
-0.406180 3.312838 2.355567
0.385493 1.977002 -2.840245
-0.632624 4.307776 -0.440931
-1.488706 1.970825 -2.710655
0.529705 2.840364 -2.441307
-1.720392 3.914717 0.864654
0.262227 4.271805 0.444663
-2.252384 3.697537 -0.065516
0.921148 2.953630 -2.186158
-2.174760 3.729625 -0.332973
-0.295898 1.606374 -2.993150
-0.866143 3.962032 1.471273
-1.220247 4.214717 0.397689
0.976047 2.360339 -2.492916
-0.363582 1.871405 -2.955282
-2.500671 3.131388 -1.133476
0.161078 1.844910 -2.915835
0.156763 1.513204 -2.958603
-1.184228 4.201637 -0.456369
-1.575626 1.813988 -2.707188
0.812866 2.416713 -2.548283
-0.652878 3.824075 1.755545
-1.027025 0.736082 2.982188
-2.710066 3.173029 0.603971
-1.004355 1.263501 3.040818
-1.214551 0.421323 2.852770
-2.795974 2.925462 -0.820529
-1.200681 0.971112 2.972984
-0.032360 1.831364 -2.945417
-1.764068 3.972783 0.534542
-1.135724 4.169469 -0.670972
-0.630259 4.085760 1.287629
-0.559036 1.790556 3.064492
-2.994781 2.329634 1.204412
0.727710 -0.872764 3.362054
-1.078693 0.380921 2.954352
-0.572267 -0.461113 3.550656
0.665989 -1.131603 3.393395
-0.382659 -0.204078 3.482985
-0.214278 -1.751462 3.492717
-0.696049 -1.414564 3.556375
-1.758403 -1.019379 3.077888
0.419174 -1.331147 3.476676
-0.996439 0.232569 3.115853
-0.407789 -1.008695 3.630890
0.335755 -1.552768 3.455543
-0.600691 -0.015107 3.377888
-1.503488 -0.882624 3.272003
-0.167928 0.282844 3.210649
0.846143 -0.560642 3.243911
0.351183 -0.073275 3.311630
-1.203376 -0.947106 3.440457
0.344645 -0.982063 3.530476
-1.347312 -0.003031 3.090943
-0.154734 -1.505863 3.565053
-1.032313 -1.294428 3.487157
0.262190 -1.809111 3.388021
-0.019950 -1.280491 3.593539
-0.913082 -4.246088 -0.115971
-1.401313 -4.175372 0.195527
-2.089443 -3.793602 0.021704
-1.840430 -3.755146 1.102181
-1.726342 -3.592294 -1.013120
-2.673498 -3.062864 0.403586
-2.431107 -3.246897 0.949558
-1.946156 -3.063762 -1.301620
-1.591687 -4.082016 -0.075007
-2.146787 -3.225965 -0.987641
-1.926955 -3.815725 0.834859
-1.434931 -4.158820 0.371318
-1.897919 -3.940246 0.307967
-1.325443 -3.785006 -1.023680
-1.174201 -4.211695 0.535494
-1.588771 -4.102560 0.114469
-2.275638 -3.637402 0.243576
-0.781515 -4.179368 -0.428353
-1.124208 -3.647506 -1.256862
-2.722801 -2.843551 -0.233352
-1.077374 -3.879119 -0.985762
-1.132842 -4.119483 -0.494221
-1.847333 -3.442183 -1.078680
3.426944 -3.354616 -0.518868
2.940646 -3.807004 0.197908
0.859120 -3.884858 1.522771
3.960056 -2.435749 -0.811766
3.018803 -3.663879 0.677933
4.194710 -1.911075 0.489809
1.617751 -0.887931 2.997973
1.319993 -4.090427 -1.195446
0.932224 -1.761842 -3.019032
3.951035 -2.629080 0.425043
1.188289 -4.199414 0.860514
4.165308 -2.181205 0.071019
0.770950 -4.270793 0.333003
3.616287 -2.368260 -1.607636
1.297541 -1.876245 -3.013991
3.813527 -1.394105 1.644515
2.446931 -1.987459 -2.736486
1.367454 -3.646385 1.906071
3.194551 -2.523410 -2.013203
1.047270 -1.364477 -3.067500
2.742843 -3.683326 1.120099
0.081319 -2.024290 -2.742237
1.402845 -0.887463 3.016704
2.282212 -4.108186 0.457301
3.763737 -2.742635 0.906620
3.694654 -2.474289 -1.398508
4.117448 -2.156781 -0.588745
2.915133 -2.677628 -2.158084
3.303050 -2.942611 -1.541281
3.484097 -3.153783 -0.909128
3.929002 -2.636333 -0.556766
0.094602 -3.730983 -1.419695
3.438077 -1.931751 -2.044761
1.800261 -4.240558 0.454206
3.671883 -2.709402 -1.199237
3.551440 -2.784988 -1.337420
4.120434 -1.740356 0.921665
1.922723 -3.751262 1.639607
3.907387 -1.953483 -1.361174
0.466489 -1.854099 -2.915912
2.998693 -2.170928 -2.355683
3.996636 -1.654316 1.268451
1.298487 -2.175456 2.906410
1.388521 -2.785974 2.637665
3.330504 -0.780636 2.171052
3.673780 -2.922848 -0.870589
0.960702 -4.313649 0.065276
2.142283 -4.121800 -0.660784
0.337474 -3.871987 -1.341252
3.286315 -3.240762 -1.159679
1.527464 -4.313598 0.079523
1.330297 -1.510741 -3.064680
1.302050 -2.630273 2.724007
3.902655 -2.406529 -1.020338
0.427659 -1.273483 -2.964019
3.551391 -3.261441 -0.289780
2.161446 -4.028563 -0.966879
-1.254147 2.442278 -2.743568
0.469589 3.639741 -1.744911
-0.341522 4.088093 -1.301292
-2.030121 3.307396 -1.622046
-1.633029 3.717685 -1.492872
-1.741207 3.187048 -2.105765
-0.379265 2.638420 -2.811711
-1.532228 2.789520 -2.504133
-1.089354 2.823434 -2.675222
-1.741274 3.589692 -1.601450
-1.040938 2.157286 -2.847587
0.125471 3.265637 -2.377531
-0.295984 3.290705 -2.472965
-0.083869 3.119346 -2.547371
-0.909381 2.710096 -2.760998
0.304896 3.804954 -1.603451
-0.735656 2.099180 -2.901003
-0.679196 2.407044 -2.870159
-1.498759 3.900513 -1.159693
-1.001114 3.984736 -1.491734
-0.154078 3.719980 -2.011972
-0.521732 4.091907 -1.321902
-1.295759 2.627096 -2.678319
0.411834 2.992075 -2.423020
0.355506 3.449998 -2.088421
-1.735969 3.484854 -1.779014
-1.852905 2.388841 -2.424088
-1.312391 3.089118 -2.455041
-0.467949 2.442871 2.890169
-2.149474 1.915033 2.657367
-2.624278 1.640256 2.208261
-1.332977 2.340093 2.923383
-0.543998 2.250294 2.970231
-1.751335 2.220621 2.821423
-1.143514 3.394107 2.187228
-0.953802 2.977241 2.633544
-0.612275 1.874855 3.052207
-2.332568 1.243390 2.472794
-1.394099 1.458564 3.011103
-0.747493 2.226502 3.000949
-2.083424 1.414290 2.703903
-1.479529 3.344914 2.140877
-0.852235 2.497627 2.912484
-2.180403 3.202491 1.714622
-1.831854 1.375895 2.843287
-1.682330 1.478454 2.921684
-2.492924 2.774627 1.848395
-1.597002 1.965316 2.939205
3.160047 3.272892 1.439087
1.458957 3.828624 1.946485
1.715465 2.718840 -2.257855
3.539275 2.871632 -0.634388
0.669457 4.248456 0.528325
0.413965 2.665064 2.957340
3.621978 1.563012 2.134547
3.270074 1.242696 2.566664
3.316870 3.043163 1.541026
3.689144 2.814481 1.011887
0.858257 2.366829 3.183184
3.977458 1.806203 1.385746
4.045269 2.176513 0.027353
0.593854 2.044968 3.253257
1.636486 2.606215 3.047812
3.133646 3.077091 1.784231
1.190783 3.184008 2.712943
2.822565 2.415475 2.632058
3.078570 1.650424 2.698259
0.361080 1.718796 3.272073
1.987515 3.024303 -1.978769
3.354217 0.564311 2.375395
0.150889 2.960207 2.674425
3.461620 3.227811 0.584973
3.510364 2.474411 1.861678
3.234236 0.259933 2.379032
1.872694 2.846141 -2.141235
3.997538 2.354746 0.474433
3.336404 2.838509 -1.063354
1.587825 3.383556 -1.775083
1.419475 2.465237 3.144584
0.326066 3.985760 1.403250
0.927877 3.019517 2.830077
1.053063 3.680359 -1.475737
3.813543 2.121390 1.580020
0.754631 2.200070 3.232085
0.284542 3.787830 1.797505
0.694311 3.761313 2.016525
3.841112 2.447468 -0.456994
3.738990 2.646481 1.179853
3.602290 2.974884 0.930048
1.654991 3.205367 2.640964
1.221047 2.821515 -2.256975
-0.095569 1.810350 3.089758
0.063996 2.291945 3.012558
3.386483 2.267760 2.174529
3.654166 0.700542 2.038411
1.546204 3.038529 2.795115
1.604113 3.404477 2.464001
2.599616 3.671390 1.506095
2.857627 1.490788 2.885133
1.127034 2.436372 3.169661
3.127574 3.209572 1.603831
2.164802 2.117536 3.105705
3.126686 2.229239 2.472281
0.565295 3.447971 2.383272
1.466585 2.561091 -2.381536
3.443812 1.981686 2.242450
2.700068 -0.011298 2.686241
4.111191 1.972212 0.616055
2.060300 3.263570 2.457618
1.902585 4.038836 1.317658
4.062299 1.483206 1.272794
3.831937 2.578888 -0.255342
2.911051 0.457533 2.739028
2.074833 -3.124817 2.392365
2.488218 -2.019897 2.829824
3.676801 -1.610937 1.908408
2.473984 -1.377588 2.838882
2.703047 -3.516670 1.533645
3.254558 -3.039303 1.686115
3.402424 -3.093623 1.233253
2.602730 -3.063710 2.270612
3.289193 -1.415373 2.365421
2.659896 -2.704710 2.512508
2.485982 -3.365968 1.985240
2.148033 -3.327183 2.166931
2.482159 -3.476078 1.813241
3.606206 -2.135328 1.934812
3.586016 -1.488140 2.034641
3.795693 -2.085279 1.585518
1.876698 -3.371175 -2.392393
0.575966 -3.741925 -1.784015
1.154981 -3.606526 -2.227085
2.234710 -2.161770 -2.806062
2.717265 -2.882004 -2.241101
1.245338 -2.824342 -2.820981
2.095793 -2.504525 -2.798114
1.391123 -3.171421 -2.631804
0.793931 -2.506993 -2.858280
0.584823 -3.464133 -2.190118
0.835035 -3.262128 -2.487681
1.700394 -2.519137 -2.901748
1.274594 -3.452846 -2.402584
0.755435 -3.900791 -1.577205
2.386041 -2.971709 -2.448109
3.527625 1.420652 -2.590107
4.349946 1.825662 -0.277737
3.926244 0.691837 -2.561751
3.377915 2.411640 -1.687061
3.218584 0.725822 -3.068227
4.657968 -0.741530 -1.213250
4.329224 -1.640823 -0.159585
2.339697 1.948722 -2.800304
2.408653 2.270066 -2.494071
3.397669 -0.430272 2.155426
3.703389 -1.331277 -2.362634
3.369477 1.937868 -2.315202
3.720188 0.844747 -2.701403
3.224605 -0.655464 -3.030661
2.828533 2.335584 -2.250240
3.656397 0.512581 -2.833557
3.442399 1.176420 -2.781286
4.290866 -1.396783 -1.439123
4.317140 0.196525 -2.190802
2.532160 -1.314936 -3.035404
3.647639 -0.155570 2.029486
4.520118 1.268911 -1.277400
3.426546 -0.950759 -2.802861
3.800442 -0.167090 1.906582
4.398917 1.638192 -1.033384
4.338040 -1.073102 -1.710869
1.013854 2.063603 -2.618441
3.703701 -0.451723 -2.768368
3.188325 -1.710891 -2.471839
3.601166 -1.262544 -2.502825
3.374601 0.918873 -2.925359
4.400360 1.177598 -1.672149
4.427513 1.540980 0.306943
2.533307 1.861888 -2.816417
2.338189 -1.513183 -2.964902
3.281853 -0.369054 -3.066320
3.684274 2.153564 -1.718763
4.274301 -0.083916 -2.242635
3.170306 3.688241 0.152948
1.946138 4.101806 -0.805877
3.169669 3.662899 -0.151062
1.359876 4.317007 -0.061232
2.218381 4.131660 -0.583856
3.161134 3.612114 -0.373764
2.993736 3.842038 -0.040906
2.832233 3.820067 0.848451
2.805862 3.227373 -1.345087
2.990914 3.766465 0.659557
1.543054 3.748995 -1.355253
2.655888 3.782294 -0.889017
1.759912 3.721626 -1.379521
1.948001 3.578612 -1.486179
2.630154 3.997230 0.723695
2.449244 4.110107 -0.384187
1.754072 1.259048 3.522692
0.884003 1.202761 3.534182
0.777065 0.832435 3.501537
0.458470 0.311032 3.258832
1.498866 1.278269 3.559906
0.581872 1.329911 3.438739
0.863081 1.810765 3.399049
2.536438 0.636354 3.138756
2.771721 0.735938 2.967180
0.986956 0.846576 3.544945
2.064297 1.865109 3.275821
1.408416 -0.315628 3.075865
1.055085 0.108209 3.339370
5.015737 0.510661 -0.113537
4.343168 -0.287027 1.304376
4.946822 0.767102 -0.060548
4.721824 -0.501400 0.729805
4.726119 0.190206 0.896794
4.886207 0.908967 -0.522965
4.670149 1.330913 -0.056638
4.617515 0.757948 0.885748
4.651286 0.983279 0.661450
4.594789 -0.026017 1.078647
4.534941 -0.511355 1.012920
4.925400 -0.303087 -0.865402
5.052198 0.104757 -0.395475
5.022123 -0.255251 -0.127713
4.842135 -0.800885 -0.469893
2.426728 0.746394 -3.450248
0.649022 0.950593 -3.248269
1.376802 -0.781103 -3.344443
0.524351 -0.355564 -3.193673
1.275859 1.029821 -3.458811
1.196269 1.513711 -3.174330
1.024569 1.560660 -3.078319
0.885151 -0.282617 -3.410832
1.824124 -0.653520 -3.429633
0.816768 0.653448 -3.420211
1.911205 0.270754 -3.627965
1.724626 0.128562 -3.635279
-4.855087 0.957643 -1.606664
-4.470049 1.022289 -2.107831
-3.375916 2.242018 -2.055892
-4.730844 1.024526 -1.785899
-3.052761 2.482176 -1.855245
-3.996948 1.757083 -2.145568
-4.123784 1.149629 -2.365460
-4.869827 0.724523 -1.640853
-4.767465 1.869627 -0.240231
-4.596236 0.921932 -1.995492
-3.261758 1.331770 -2.685310
-4.252809 1.734449 -1.944732
-3.550059 0.462080 -2.743370
-5.036947 1.237879 -0.907771
-4.008872 0.397166 -2.528790
-3.255076 1.765697 -2.479631
-4.087648 2.431838 0.221504
-4.881720 1.469424 -1.170927
-3.677041 2.687124 0.122213
-3.098121 2.613844 -1.637619
-3.753398 1.069899 -2.600807
-4.049479 2.447619 -1.190151
-3.491195 2.827828 -0.310376
-4.664087 2.027156 -0.567225
-4.957505 1.540547 -0.300261
-3.434268 2.342701 -1.915476
-4.477832 1.654417 -1.753310
-3.848413 1.854421 -2.172931
-4.221976 2.438286 -0.764279
-5.103568 1.149350 -0.428615
-4.933869 1.141015 -1.348752
-3.892458 2.668325 -0.484307
-2.905773 1.514518 2.453232
-3.610217 -0.848853 -2.683470
-5.258511 -0.817248 0.316214
-2.836294 -0.061121 2.967849
-3.208422 -0.358584 2.871575
-4.501699 -2.252094 -0.101715
-5.163799 -0.369389 -1.060087
-5.007494 -1.531744 0.213792
-4.466558 -0.661413 -2.109001
-3.919367 -1.162117 2.345886
-4.721844 0.191775 1.799749
-4.936876 -0.525766 -1.514490
-3.605480 -2.893519 0.050635
-5.089270 0.525225 1.020301
-4.407640 1.719211 1.154387
-3.793499 -0.737810 -2.614054
-2.212771 0.284310 2.982316
-5.327636 -0.540515 0.019549
-3.465984 -2.950303 0.150230
-4.762906 -1.634163 -1.035856
-4.211740 -1.717443 1.751838
-4.009838 -2.052920 -1.674038
-5.059826 -0.840595 1.076626
-4.587637 -1.872063 -1.065770
-4.393313 1.990351 0.582164
-3.982403 -0.088897 2.514930
-3.112682 1.856481 2.120780
-3.441287 -0.674301 2.746915
-3.472181 2.389604 1.194422
-4.821836 0.511510 1.563282
-3.355154 -0.177206 -2.881862
-2.236647 -0.060558 3.012039
-4.644502 -1.718345 -1.178129
-2.803887 -3.000231 -0.939663
-3.765375 -1.520555 2.262461
-3.021817 -3.073835 -0.410534
-1.921890 0.406762 2.938262
-3.158527 0.547047 2.811944
-3.581782 -2.356010 -1.679649
-3.334018 -0.818392 -2.808782
-4.268665 -0.280320 2.298452
-5.278395 -0.091530 0.646627
-5.057937 1.134489 0.261486
-4.891609 -0.668098 1.497951
-3.112629 0.319268 -2.922559
-3.446492 1.533220 2.243807
-3.055871 -2.261513 -2.075539
-4.195617 1.212405 1.940336
-5.122408 -1.262238 -0.344336
-5.312297 -0.137165 -0.528539
-4.828071 -1.836484 -0.254224
-5.229588 -0.361559 -0.858829
-3.822882 2.059915 1.428360
-3.569568 -1.820925 -2.227764
-4.374112 -2.347211 0.344693
-4.037388 2.055607 1.174323
-5.141420 -1.035426 0.645538
-4.875340 -1.311737 1.120752
-3.556954 2.477027 0.888032
-2.993590 -2.954316 -0.960502
-4.671199 -0.893072 1.741199
-4.278539 -1.198309 2.040045
-3.287713 -2.576065 -1.565817
-4.315141 -2.258138 0.846841
-4.039141 -2.201096 1.398247
-2.770310 -1.039556 2.842716
-4.251667 -0.692267 -2.303007
-3.907898 1.485000 1.987306
-3.706001 -1.199693 2.461430
-4.452267 -0.627108 2.080121
-4.479542 -1.836024 1.272048
-5.097780 0.917630 0.581718
-3.630761 -0.090150 2.713729
-4.302038 -0.435021 -2.307165
-3.145948 -2.135641 2.113529
-4.361391 0.195314 2.195910
-4.422611 -1.476717 -1.762474
-5.297822 0.439524 -0.002192
-5.212184 0.034053 -0.926881
-4.946807 -0.798328 -1.397208
-4.387863 1.426348 1.548961
-3.831710 -2.776536 -0.006833
-4.904878 -1.705244 0.269925
-5.047456 -1.181255 -0.857479
-3.102663 0.739167 2.774586
-2.539628 1.453717 -2.919848
-1.665882 -1.885241 -3.109509
-1.644698 1.145038 -3.429153
-2.025363 -1.543677 -3.194296
-2.855072 -0.788593 -3.047379
-2.733706 0.853445 -3.071034
-2.011946 -0.597820 -3.513642
-2.449383 1.252851 -3.078991
-0.931450 1.209849 -3.481915
-0.275095 0.636415 -3.588928
-1.522124 1.598109 -3.238564
-1.782175 0.104063 -3.620721
-0.565588 1.124984 -3.492393
-2.052166 -2.340091 -2.600680
-1.460328 1.451683 -3.328832
-1.926505 -2.632051 -2.331252
-3.021630 -0.134507 -3.020449
-1.962617 0.367039 -3.544918
-1.761272 -0.277620 -3.623454
-2.870945 1.242465 -2.807347
-1.855180 1.852910 -2.985417
0.307180 0.425938 -3.453077
-0.757483 0.594891 -3.660129
-2.216637 -1.120039 -3.301074
-1.064077 0.561382 -3.669643
-2.471699 -1.092938 -3.188225
-0.694683 0.880770 -3.586279
-2.252369 1.253149 -3.177899
-2.434687 0.259605 -3.368486
-0.720185 -2.496256 -2.696231
-2.601774 -0.691412 -3.231610
-2.117370 1.097451 -3.301835
-1.934303 -2.214522 -2.771089
-2.367484 1.954762 -2.665398
-2.818304 -0.165012 -3.164940
-1.578773 -0.635589 -3.635796
-1.145204 -0.890955 -3.680484
-0.349544 -1.252753 -3.517820
-0.350218 0.412843 -3.665540
-0.243490 -1.375840 -3.426814
-0.819185 -0.486429 -3.784457
-0.765583 -1.220120 -3.582441
0.096198 0.052003 -3.602597
-2.291740 -3.241321 2.160820
1.206934 -1.026287 3.484521
-0.842246 -4.526659 0.381807
-1.670052 -4.187850 1.082314
-0.841879 -2.743453 -2.550332
-1.688312 -4.073094 1.446365
-1.845976 -2.812537 2.916414
-0.301512 -4.571796 0.152367
-0.625846 -4.360455 -0.733651
1.287866 -1.381903 3.442807
-1.130533 -3.525911 2.700583
0.974163 -2.064853 3.461750
-2.577005 -2.745245 2.308586
-2.734975 -3.244730 -0.610594
-1.344798 -3.725077 -1.555379
-1.760594 -3.867180 1.825816
0.848852 -1.297194 3.629431
-2.673534 -1.829901 2.682525
-0.868736 -4.307600 -0.769229
0.400773 -4.257227 1.713087
-0.098376 -4.577132 0.280143
-1.298112 -3.389937 -1.947665
-0.265293 -3.630774 2.766173
-0.368619 -3.489339 2.901150
-1.645672 -0.377814 3.392942
-1.097284 -2.777581 -2.467195
-2.302661 -2.744381 2.604939
0.464598 -4.078436 2.046864
0.860746 -3.443547 2.699666
-1.929662 -3.298008 -1.641364
0.751968 -3.924181 2.161013
0.931578 -0.196711 3.446822
1.146016 -2.460398 3.241191
-2.745725 -3.319354 -0.410544
-1.794888 -2.984856 -2.014185
-0.163362 -4.034581 2.256603
-1.873833 -2.969642 2.788027
-0.312338 -3.362808 3.014888
-0.417711 -3.012017 3.267078
-0.304772 -3.690305 -1.886662
-1.576750 -3.282692 2.717796
-0.564864 -3.229752 3.101259
0.951498 -0.449540 3.509938
-2.112492 -2.856482 2.691710
0.418267 -3.935538 2.293560
-1.614112 -3.659404 2.281244
-1.318377 -2.030416 3.515388
1.144708 -0.683865 3.476570
-2.336560 -2.916445 -1.622075
0.656631 -4.246933 1.581763
0.980104 -2.711733 3.192017
-0.793599 -4.408579 1.320632
-1.055018 -1.847217 3.638525
-1.642564 -3.619317 -1.497167
-0.751867 -4.519533 0.795613
-0.030299 -4.537950 0.915563
-1.415374 -4.281794 1.149020
-0.155755 -4.560520 0.032465
-0.604010 -3.514338 -2.038175
-3.009056 -3.126883 0.655287
-1.046678 -3.878849 -1.495731
-0.487213 -4.266735 1.814569
0.185488 -3.813110 2.520468
1.337132 -1.781922 3.364039
-2.038225 -2.669087 2.874074
-2.801708 -3.281087 1.147030
-2.421568 -0.805321 2.980577
-2.506977 -3.042954 -1.300653
-1.347892 -3.625917 2.491053
-1.451216 -2.891529 -2.266258
0.083401 -4.343783 1.617923
-1.549663 -4.200104 1.252214
-2.520184 -3.172101 1.943973
-1.698831 -3.511969 2.402038
0.295451 -4.531696 0.156630
-2.213201 -3.069714 2.424669
-1.199877 -3.059193 -2.256664
-1.599093 -1.847823 3.448260
1.281934 -0.791733 3.427200
-1.516013 -0.129274 3.374194
-1.078720 -4.404450 1.084546
-0.116671 -4.577359 0.546258
-1.998230 0.065636 3.030694
1.160992 -3.030265 2.898810
1.028544 2.823804 -2.656080
-2.985993 3.319042 -0.695822
-2.253925 3.962507 -0.878335
-1.488129 4.293771 -1.095208
-2.859244 3.466598 0.819963
-1.950624 0.714740 2.995043
0.382067 1.399870 -3.266923
-3.263737 2.465348 1.368615
-3.045580 3.044887 -1.076917
-1.101894 4.498365 0.930716
-1.347487 4.354352 1.167484
-0.905661 2.318632 -3.145742
-3.273060 3.005581 0.413432
-0.648141 3.762409 2.377388
-0.555193 1.594356 3.432256
-2.457437 2.952658 -2.047986
-0.230940 2.031138 3.369244
-2.453441 3.971928 0.175037
-2.168031 3.918236 1.241072
-2.410553 3.365384 1.802102
-0.405682 4.677383 0.442984
-0.046057 4.686061 -0.002591
-2.340604 2.367164 -2.493708
-2.645370 3.572574 1.121899
-1.763283 2.417204 -2.834631
-0.009745 2.185947 -3.213605
-2.743579 2.750153 -1.885031
0.580556 2.198829 -3.092219
-1.015250 3.894173 2.147466
-0.307600 1.184277 3.448664
-0.993475 3.063995 2.886621
-0.730406 3.141913 2.884218
-2.295896 4.024070 -0.557961
-0.627822 3.922473 2.198061
-2.239549 2.799212 -2.348674
-3.151581 2.862179 -1.086714
-0.329274 4.554663 -0.933676
-2.671361 1.533811 2.527896
0.347271 2.434691 -3.076619
-3.309809 2.806294 0.796206
-3.239908 3.091993 -0.096270
-1.603727 1.018336 3.200328
0.864563 3.597448 -2.139704
-2.535905 3.049318 -1.883093
-3.168514 3.207376 0.094798
0.240652 1.221112 -3.295696
-1.327616 0.505463 3.210076
-2.299170 1.035890 2.826961
-3.412233 2.765520 0.296991
-2.736360 3.435299 -1.100813
0.335856 3.286231 -2.621271
-0.644300 4.682880 -0.135854
-3.108148 2.137110 1.860506
-3.031749 3.196941 0.941341
0.754234 3.786468 -1.986596
-0.077209 3.439950 2.678888
-0.581924 4.294470 -1.543996
-0.494323 3.608162 2.543913
-0.250748 4.119048 1.949617
-0.328223 0.522304 3.360621
-3.235569 3.095602 0.234698
-2.747444 2.944133 1.820015
-0.683796 -1.315732 3.822014
-1.131777 -0.826820 3.722981
0.295877 -1.351448 3.766534
-0.917854 0.061061 3.543092
-0.060171 -0.932493 3.858945
-1.366366 -0.050734 3.413223
-0.731512 -0.410924 3.763702
0.466778 -0.580337 3.705194
-0.537060 -0.383838 3.783859
-1.384921 -0.987292 3.620333
-0.343199 0.454933 3.387565
-0.522256 -1.662996 3.767810
0.420481 -0.148874 3.596989
-2.183284 -4.018495 -0.040513
-2.090446 -4.085585 0.482016
-2.484389 -3.761560 0.088251
-2.643579 -3.566415 0.022454
-1.322841 -4.224250 -0.774204
-1.956478 -4.115166 0.763971
-1.603234 -4.336815 -0.090818
-2.481727 -3.719796 -0.182209
-1.400983 -4.420003 0.047923
-2.454469 -3.795407 0.314003
-1.795929 -3.949697 -0.916828
2.620798 -3.626719 -2.041971
0.246596 -3.600371 -2.278544
2.064989 -4.548364 -0.374399
3.013498 -2.688812 -2.548750
2.420327 -0.481571 3.076837
0.098220 -4.306797 -1.019766
3.088739 -4.084959 0.463465
-0.155951 -3.685818 -1.951687
1.752803 -4.144782 -1.755478
4.366916 -1.821582 1.214795
4.117263 -3.017524 0.489767
1.354780 -1.797130 -3.372304
1.275711 -2.490047 -3.188154
3.977358 -2.233765 -1.795136
0.722898 -2.538729 -3.125423
0.596314 -1.893814 -3.293640
3.590613 -2.992722 -1.772859
4.281765 -1.941920 1.359336
3.467699 -3.399926 -1.457436
1.459267 -0.478445 3.284675
3.441691 -2.598171 -2.244785
2.001638 -2.015125 3.214209
1.731085 -2.473411 3.126461
4.173904 -1.345198 1.711223
1.922841 -1.892455 -3.288407
2.601184 -4.289661 0.754831
0.216500 -4.505391 -0.155916
4.402604 -2.531354 -0.011667
2.854241 -3.964865 -1.319630
2.596705 -1.234908 3.104539
0.063129 -4.075431 -1.525249
1.672189 -4.641209 -0.028630
2.801260 -4.124993 0.974008
1.787427 -3.294095 2.660711
3.052667 -1.310662 2.864481
0.583508 -4.582722 -0.381586
4.200856 -2.808049 0.660770
4.424784 -2.258173 0.673784
4.332607 -2.270565 0.998379
0.448114 -3.024680 -2.815055
2.027731 -0.566928 3.218299
4.411330 -2.416540 -0.486390
2.468698 -4.059609 -1.522881
4.548919 -2.030674 0.247637
4.228369 -2.721495 -0.759167
2.626297 -3.663281 1.963832
2.385071 -4.149615 1.384208
1.688171 -4.462215 -1.093356
1.579740 -3.273330 2.709857
2.933536 -4.183699 -0.475120
0.627248 -4.306062 -1.411052
3.503486 -3.796121 0.254113
0.151711 -2.593162 -2.949180
2.682037 -1.443163 3.061394
1.477549 -3.640164 2.409278
2.129339 -1.167434 3.266226
1.334658 -2.586480 3.117229
0.785640 -4.324722 1.400429
3.620669 -1.292049 2.417713
4.232650 -2.323050 -1.251198
0.856168 -4.218930 1.627783
3.734276 -3.041788 1.475292
2.746586 -3.074893 -2.473859
3.353761 -3.424766 1.554863
2.557213 -2.791917 -2.757488
3.654995 -2.552813 -2.041860
3.005380 -3.998699 -1.019570
1.957059 -4.530876 -0.654531
3.031350 -2.408391 -2.674845
1.930677 -4.598374 -0.028770
2.501967 -4.196866 1.169684
3.291770 -3.983353 -0.060439
2.136662 -4.547252 -0.132028
1.631371 -2.657126 3.063797
2.466285 -1.634543 3.136758
3.688608 -3.632124 -0.085443
-1.590271 2.952247 -2.692379
-1.077366 3.153450 -2.791469
-0.581481 3.638554 -2.512903
-0.357249 3.653834 -2.489585
-0.552049 4.012072 -2.073122
-1.645657 3.750762 -1.977230
-1.060686 3.588927 -2.481285
-1.184483 3.901517 -2.078851
0.079568 3.870312 -2.134005
0.011961 3.724251 -2.336787
-0.946306 2.750176 -2.997859
-2.158979 1.754668 2.955774
-2.699996 1.754161 2.494241
-2.654377 2.797932 2.086473
-2.490757 1.848829 2.699286
-1.682378 3.328644 2.456091
-2.528661 2.927508 2.135548
-1.268775 1.841447 3.283879
-2.270914 1.944178 2.863440
2.678995 1.198557 3.395184
1.461855 4.491682 1.272442
4.018800 2.951763 0.982629
2.496308 3.850199 2.060046
3.747612 3.429639 0.356638
3.291613 2.647028 2.589653
3.812732 3.265589 0.950194
1.714512 2.921260 3.253567
1.442255 4.615707 0.518268
3.254469 0.349178 2.880043
0.380879 0.833416 3.643835
3.867491 2.027937 2.243678
1.280824 1.849325 3.697862
3.211569 3.806515 1.190617
3.142785 3.654174 1.673969
2.617173 2.793266 2.998698
2.684716 2.558591 3.087207
1.727876 1.843653 3.651633
1.790235 4.446374 1.263088
3.149533 3.166308 -1.601098
4.020531 3.056885 0.451972
1.034146 4.486483 1.333099
0.366049 0.153883 3.483811
1.694885 4.561554 0.780954
4.051491 2.374053 1.719436
2.180390 4.235413 1.575011
2.249637 3.958708 2.066386
1.552812 3.386263 -2.242975
0.144810 1.024256 3.597133
3.881575 3.241501 0.076485
1.402924 3.750915 -1.912982
3.475164 3.376129 1.610493
3.004363 -0.267302 2.783075
1.873880 2.856818 -2.541520
3.634603 3.029448 -1.117103
0.695359 4.388226 1.534717
3.437565 3.295613 1.800319
3.722116 3.319320 -0.420589
1.471331 4.301413 1.783961
2.286540 4.121148 1.745364
4.218930 2.702450 0.367906
3.200207 0.564266 2.988390
2.973900 1.307835 3.227400
3.415735 2.980851 -1.482470
0.361633 2.979722 3.163601
3.826827 2.586987 1.962016
2.500357 4.062703 1.672912
1.158303 2.885699 3.327477
0.975785 4.624885 0.231456
1.673772 2.520016 3.460035
3.195007 2.969414 2.447974
2.533905 0.014622 3.215624
-0.089747 1.273214 3.521125
3.911733 1.521047 2.323607
2.665343 2.056446 3.288417
1.755919 3.969605 2.280809
4.177477 1.542514 1.879563
4.118668 0.910625 1.989092
4.336820 1.941542 1.317276
0.541869 3.026535 3.179075
3.134424 -0.064740 2.797034
3.634163 2.424104 2.352967
3.442698 2.011399 2.746729
0.876803 4.310950 -1.058295
3.984818 1.950512 2.096615
3.291431 3.115408 -1.498219
1.976038 2.219786 3.504419
1.131687 4.548113 1.106427
3.402169 3.425185 -0.944131
0.277769 1.998826 3.551347
1.779596 3.745448 2.559042
0.018451 3.143572 2.929200
-0.024318 0.877525 3.526583
4.075688 2.697553 -0.577085
4.373209 2.323956 0.336372
4.120790 2.638538 1.237787
3.593052 1.462540 2.713756
1.010579 3.095863 3.196729
2.885549 0.464220 3.180050
3.772739 2.381961 2.194366
2.692018 0.300288 3.242138
3.092235 2.062455 3.023511
3.832506 3.032897 1.423999
4.012174 2.702646 1.463364
2.857019 4.110816 0.964581
3.449996 -2.879184 2.100745
3.468716 -2.249632 2.455302
3.220726 -2.115124 2.705222
2.291224 -2.661468 2.943985
3.403521 -1.567032 2.604553
3.072443 -2.213264 2.782084
3.285309 -3.167531 1.995082
2.138897 -3.084565 2.726016
3.778577 -2.619303 1.832857
3.167094 -3.119972 2.178275
2.594507 -2.562083 2.898741
3.311307 -2.764446 2.344705
2.763910 -1.847102 3.004216
2.437792 -3.296480 2.470895
3.013309 -3.176767 2.257232
2.453451 -3.171627 -2.598645
0.520393 -3.469930 -2.513320
1.410392 -3.448611 -2.725376
0.962122 -3.568463 -2.581495
0.784664 -3.859074 -2.195939
2.193999 -3.555509 -2.426265
1.328034 -4.022787 -2.068644
2.127279 -2.648733 -3.009008
1.900223 -2.868981 -2.996902
1.482635 -3.946100 -2.183531
1.191082 -2.595044 -3.153476
0.755567 -3.502296 -2.582908
2.522604 -3.339592 -2.420533
3.718264 0.402245 -3.224812
4.754837 1.824368 -0.527372
3.391154 -1.366517 -3.053870
3.962480 -0.330698 -3.025686
4.205564 -0.655142 -2.724157
3.724518 2.605336 -1.713492
4.402424 -1.540775 -1.908937
4.531168 -1.927908 -0.773912
3.902087 2.434521 -1.759237
2.787488 0.986743 -3.554638
4.225075 -0.938443 1.757874
4.434821 1.223855 1.453189
4.008422 0.566015 -2.981478
4.758937 -1.187899 -1.555665
4.165933 2.566319 -0.497787
4.773566 -0.862867 -1.810583
4.136606 -0.718718 1.939997
2.931292 0.397031 -3.617742
3.676318 -0.627013 2.342186
3.819100 1.298587 -2.896667
4.760181 0.933997 1.086547
4.952534 -0.123498 -1.733612
3.967566 2.093802 -2.148746
2.982347 -1.598403 -3.124596
4.580621 1.807851 0.613127
1.917917 -1.541427 -3.391740
4.708775 1.740554 0.333639
4.850925 1.281740 -1.424237
4.146274 -1.122371 -2.579698
4.676022 1.470062 -1.666488
3.479426 -0.848711 -3.231255
4.721233 0.468832 -2.160591
2.309483 -0.435839 -3.738450
3.011936 1.378321 -3.335237
3.710777 -0.534465 -3.173746
3.976749 -0.091440 -3.042497
3.702841 -0.061429 2.414556
4.117936 2.092139 -1.946504
3.175017 -1.553431 -3.062636
2.161564 1.514527 -3.489887
4.048787 1.513337 -2.566554
3.720739 -1.774409 -2.526654
3.249866 0.415922 -3.487487
4.604581 -1.735982 0.267662
4.018390 2.482617 -1.455757
3.324832 1.908267 -2.875079
1.391183 -0.881344 -3.641888
1.959526 -0.594002 -3.741610
4.116642 2.475554 -1.237138
2.452134 0.999999 -3.634639
3.666214 1.153794 -3.074123
3.302500 1.192469 -3.277612
4.968721 -1.035502 0.211581
4.589690 2.060918 -0.700621
4.886832 -1.355503 -0.147208
3.418269 3.757715 -0.099020
3.276011 3.903736 -0.117911
2.213174 4.158811 -1.096716
3.278128 3.738701 -0.642663
3.193515 3.960955 0.484295
1.581333 4.552415 -0.241474
1.851255 4.570347 0.093656
2.931566 4.163943 0.470900
2.309963 4.478573 0.234949
1.407443 -0.093285 3.517880
1.321338 -0.316541 3.380703
1.659019 -0.126318 3.471101
2.358716 0.657409 3.534932
0.810316 1.422180 3.741411
1.516503 0.113402 3.611518
1.796118 1.241871 3.761353
0.585380 1.020963 3.709481
1.804883 1.612080 3.701744
1.458430 0.304658 3.689846
1.934936 0.486008 3.660393
5.190104 0.609652 -0.754698
5.207603 0.502897 0.269240
5.147175 0.178412 0.582785
5.166530 -0.131125 0.492327
5.286979 0.302783 -0.361116
5.090051 0.397682 0.682936
4.991587 0.454679 0.871105
5.076450 1.116241 -0.303585
5.175927 0.357024 0.462568
5.060244 -0.186868 0.746030
4.968162 -0.450238 0.824714
5.280587 0.124686 0.031445
4.998980 0.700981 0.748248
0.686464 0.230347 -3.662934
0.979555 0.450376 -3.767080
0.530962 0.813437 -3.512763
1.977565 0.760587 -3.809923
1.719609 -0.111084 -3.850003
1.934237 0.534071 -3.851728
1.540467 1.376676 -3.602560
1.088589 0.088418 -3.798416
1.753790 0.610808 -3.854027
1.966417 1.164690 -3.687177
2.026398 -0.146714 -3.819316
0.837342 0.961217 -3.615560
1.136372 -0.239107 -3.761722
0.629514 -0.161766 -3.593529
0.695166 0.429709 -3.661006
1.809211 1.334846 -3.624997
0.944098 1.512590 -3.392784
0.861671 0.040928 -3.723785
-5.318899 1.228182 -0.722155
-3.800875 2.943811 -0.866295
-4.703635 2.122416 -1.351797
-3.299594 2.681252 -1.926549
-3.852623 1.770395 -2.547237
-4.083057 2.715064 0.270326
-5.043800 1.474372 -1.462660
-3.774066 2.777466 -1.461848
-3.769731 2.335870 -2.135556
-4.158017 2.553843 -1.482621
-4.979696 1.940688 -0.045102
-4.186773 2.610747 0.372729
-5.087300 0.590736 -1.757184
-3.895100 2.844793 0.178663
-3.750586 2.958906 -0.042356
-3.077407 2.425477 -2.295441
-3.482419 2.940781 -1.318251
-3.515336 2.846824 -1.525896
-3.775710 2.984120 -0.578846
-4.635668 2.102757 -1.516983
-4.895683 0.828548 -2.026719
-3.228277 2.318378 -2.370760
-3.588388 2.025506 -2.499273
-4.326247 1.190958 -2.511180
-4.362564 1.934351 -2.061383
-4.079683 -1.714659 2.339185
-5.585508 -0.706491 0.377170
-4.035729 -0.631352 2.798933
-3.988163 -2.111483 2.096169
-4.615475 1.307710 1.919171
-5.351151 -0.720548 1.248807
-5.471807 -0.984133 -0.735201
-4.492219 0.660881 2.380988
-3.569611 -0.587303 -3.093161
-3.535501 1.475753 2.633446
-3.157250 -1.907824 2.686157
-3.967230 -3.016929 0.406801
-5.474692 0.219646 1.004746
-3.508490 -3.051044 -1.164350
-4.975553 0.330166 1.942855
-4.506051 -0.897857 -2.435704
-3.429185 -0.937753 3.024799
-5.054304 -1.265379 1.527510
-4.685954 -0.329527 -2.375739
-5.041328 -0.564482 1.862714
-3.947781 2.308022 1.557993
-4.195096 -1.729885 -2.289609
-4.695193 -2.267387 0.973001
-4.571429 -1.393679 -2.152256
-5.062487 -1.777375 -1.003670
-4.306472 1.663367 1.962070
-4.935359 -0.259860 -2.098985
-4.251620 -2.851079 0.277505
-4.556172 2.298659 0.417423
-4.222054 0.618761 2.612833
-3.482673 -0.312123 3.102727
-4.787238 2.062472 0.426181
-3.460052 -2.785621 -1.723823
-5.375440 0.785167 -1.000702
-3.330178 -1.810663 -2.740125
-3.421617 -1.609588 -2.819333
-3.529298 -3.147702 -0.847081
-5.547841 0.026657 -0.860713
-4.018533 -0.233503 2.849741
-5.088352 0.621588 1.677755
-3.918885 0.338476 2.868236
-5.505279 -1.089666 -0.345027
-2.154910 0.516609 3.248667
-5.067677 1.465192 0.982004
-5.251555 0.441844 1.461595
-3.094729 1.735404 2.628671
-3.922232 -2.851895 1.094613
-4.423537 0.341360 -2.575126
-3.607913 -2.990528 1.156136
-5.646256 -0.424252 -0.025513
-4.001508 -2.514911 1.619345
-4.151850 -2.358416 -1.727286
-4.305868 -2.694212 0.813214
-3.557114 0.445916 -3.074009
-3.547058 0.159775 -3.119557
-3.479322 -1.759644 2.659182
-3.809557 -1.902648 -2.444112
-4.043945 -1.099925 -2.722800
-3.832267 -1.991299 2.310694
-5.160406 0.354437 1.657649
-4.913795 -2.144108 -0.672140
-5.120647 0.378377 -1.767882
-3.461328 0.406692 3.066821
-5.450969 -0.509686 -1.124894
-4.099040 -0.374069 -2.844178
-5.329099 -0.388945 1.399497
-5.147413 -0.757731 -1.692126
-3.616137 0.506338 2.985145
-5.544392 -0.902594 -0.438293
-4.863918 -0.269242 2.133980
-3.435683 -0.015718 -3.173634
-3.967225 2.725059 0.450464
-4.000933 -1.790253 -2.396932
-5.536592 -0.284192 -0.907975
-3.626825 1.987729 2.192560
-5.601590 -0.162280 -0.637976
-4.210568 -1.783983 2.185783
-4.393235 1.184508 2.232193
-4.339732 -0.103214 2.634546
-3.949760 -2.208570 -2.084603
-5.148106 -0.082106 1.748216
-3.873487 -2.346600 1.947114
-5.100255 -1.987378 -0.153564
-4.062381 -2.362661 1.762097
-3.899450 1.278897 2.552666
-4.162702 -2.690932 -1.153072
-4.286346 -0.859817 2.577630
-5.510774 -0.757689 0.739273
-4.754529 -1.738403 -1.662912
-4.746257 -1.181662 2.020417
-3.736051 -1.153983 -2.878480
-3.471499 -2.870688 1.523247
-4.819045 -1.520271 1.708931
-5.641278 -0.214189 -0.353599
-3.258263 -2.363186 2.289181
-3.689467 -1.526125 2.690078
-5.233684 0.453564 -1.543558
-3.605416 0.032550 3.053796
-3.870743 -1.098528 2.775082
-4.314036 0.224635 -2.680678
-5.432002 0.208690 -1.182592
-5.578687 -0.851395 0.124362
-5.385708 0.608917 1.061911
-5.296670 -1.643512 -0.209739
-5.656353 -0.104635 0.076961
-5.433329 1.062879 -0.013222
-3.791129 0.589678 -2.935302
-5.589239 -0.367748 -0.662558
-3.372540 1.832126 2.456685
-4.351348 1.808194 1.770524
-3.224094 -2.787016 -1.859108
-4.066029 -2.929647 -0.613200
-4.638769 -1.057701 -2.248670
-3.140080 -3.293023 -0.783667
-3.373878 -3.283483 0.413924
-4.273006 -1.191885 -2.524661
-5.045223 0.794341 1.661121
-4.968438 -1.929064 -0.998086
-5.102104 -0.960450 1.629598
-5.607228 -0.720080 -0.091759
-3.816985 -2.187605 -2.203318
-3.590110 1.741751 2.424424
-5.358035 0.427401 1.236006
-3.786443 -0.234661 -3.026899
-4.833071 1.413709 1.528366
-3.104938 -0.470498 3.206684
-4.714469 -1.583561 -1.854551
-2.954004 -2.425107 -2.422218
-2.386139 -2.597517 -2.673979
-0.288673 -0.074082 -4.012137
-2.560797 0.400055 -3.670238
-2.322407 -1.568458 -3.464839
-2.695505 -2.631652 -2.411384
-1.756066 -2.731151 -2.823969
-1.789888 -2.085759 -3.361283
-1.024921 -0.155721 -4.068027
-1.248301 -1.693530 -3.683055
-0.819001 -0.146588 -4.067025
-1.022829 1.584249 -3.685786
-0.576932 -0.973566 -3.939358
-2.423621 -0.709522 -3.703851
-2.707473 1.110741 -3.411436
-2.802755 -2.706493 -2.215516
-1.839836 -1.855863 -3.488788
-1.021976 -1.679107 -3.702874
-1.734277 -1.211039 -3.801266
-0.960271 -1.369533 -3.835085
-0.215579 -1.958173 -3.472143
-3.315304 0.208886 -3.209125
-3.091133 -1.733606 -2.897711
-2.594144 -1.689916 -3.266710
0.280173 -0.039552 -3.863901
-0.687684 1.204873 -3.838462
-2.934656 -1.649493 -3.071212
-2.546767 2.107264 -2.918401
-2.725160 -1.039545 -3.470905
-3.188604 0.730545 -3.213799
-0.746732 -0.699280 -4.010550
-0.937288 -2.320716 -3.313192
-1.900132 1.004251 -3.783987
0.033868 0.551523 -3.886871
-0.806543 0.527619 -4.020192
-2.750446 1.548478 -3.179713
-1.258052 -1.939819 -3.550888
-0.161359 -1.167369 -3.817117
-1.544011 -1.781810 -3.598061
-2.803451 0.939008 -3.415752
-1.664668 0.345375 -3.976888
-0.146666 -0.361693 -3.971967
-0.970488 1.294531 -3.814040
-1.609240 1.185849 -3.791265
-2.400602 -1.099940 -3.615543
-2.744727 -1.333053 -3.352746
-1.424272 1.417600 -3.729817
-2.945599 0.280625 -3.470322
-1.357419 -2.437618 -3.191378
-2.232473 -1.002298 -3.713622
0.211391 1.208954 -3.651107
-2.816226 -3.684289 1.429514
-1.679311 -2.386806 3.638575
-2.124800 -3.505569 2.644421
-1.168295 -4.744258 1.056122
-1.833915 0.261043 3.463101
0.264578 0.198477 3.847904
-0.670469 -4.687867 -0.818936
-1.550315 -4.253432 2.085250
-1.114303 -4.441887 2.014331
-1.981663 -1.618971 3.683654
-0.937540 -2.814218 -2.882537
-0.263704 -4.292667 -1.668714
-2.117292 -1.908152 3.554507
-2.809169 -1.488340 3.099772
-0.871709 -4.863732 0.255739
-2.273722 -2.643538 3.178855
-0.547115 -3.570455 3.268295
-0.217611 -0.086613 3.983520
-2.228510 -2.400941 3.325257
-1.243377 -3.199607 -2.574495
-2.526532 -0.758532 3.329845
-1.998959 -4.159938 1.820099
-0.445899 -0.083078 3.976007
0.159105 -4.901496 0.446287
-1.368584 -3.637573 -2.174016
-1.882629 -3.380612 2.942737
-1.793939 -2.151640 3.664189
-2.951156 -2.691075 2.484229
-0.510378 -3.432646 3.381606
-1.371502 -4.632599 1.291601
0.550561 -1.999894 3.972376
-1.180754 0.457622 3.632054
-1.703197 -4.318767 -1.000329
0.752464 -3.213892 3.389521
0.003725 -1.737741 4.098618
-2.066931 -4.435234 0.594397
-2.454149 -4.061600 1.276292
-0.288128 -4.530086 -1.258387
-2.598508 -1.460188 3.289616
-0.360365 0.486687 3.752136
-2.374741 -4.164255 1.114450
-2.099880 -0.917562 3.636460
-1.274202 -0.183883 3.857698
-1.981475 -2.201229 3.551713
-2.886621 -2.060512 2.890473
-1.429524 -3.581354 3.014362
0.417401 -2.833397 3.700036
-1.327717 -4.756941 0.484217
-1.423421 -3.354045 -2.394005
-1.707962 0.177394 3.563293
-2.018048 -3.740730 -1.653540
-1.587196 -3.462679 3.043474
-2.150881 -3.920914 2.081323
-2.348516 -3.129426 2.797678
-2.761625 -3.869579 1.009302
-1.384259 -4.247695 -1.398033
-0.808773 -4.103395 -1.855184
-0.324627 -4.920277 0.478604
-1.929584 -4.456316 1.026205
-0.913130 -3.342042 -2.568531
-1.057186 -3.125353 -2.679348
0.362807 -4.707546 1.505828
-0.797478 -4.631558 1.737356
-2.450935 -4.155465 0.876143
-2.007986 -3.084291 3.093168
-1.032895 -0.294798 3.951249
-1.940053 -4.332671 1.475955
-1.864190 -4.089867 -1.285313
-2.207125 -3.376444 -1.887672
-2.898036 -3.773893 0.805384
0.756951 -3.461408 3.203302
1.041210 -3.084555 3.365516
-0.536986 -4.892962 0.759345
-0.789756 -4.799591 1.175375
1.066929 -3.541466 3.002963
-1.509324 -4.121188 2.335241
0.574544 -1.721265 4.019750
0.073077 -4.480150 2.144831
-0.128439 -0.296970 4.039882
-2.764222 -3.036832 2.440170
-0.265610 -2.711059 3.820616
-1.136463 -3.980986 -1.902049
-3.114205 -2.376551 2.468937
-1.807918 -3.760850 2.610240
-2.867550 -3.521295 -0.843596
-0.943400 -4.847299 0.623946
-1.730636 -4.115891 2.177404
-2.891268 -3.723889 1.079149
1.325534 -1.049686 3.805628
-1.772526 -0.410618 3.726726
-0.343560 -1.713721 4.107909
-1.147564 -3.661129 3.053787
-2.397372 -4.212251 0.070612
-2.450790 -3.947270 1.597090
0.316828 -0.510646 4.045775
0.219669 -1.322600 4.117654
-1.440473 -0.063110 3.765126
-1.153919 -2.916628 3.589985
-1.646686 -2.607613 3.562258
-3.136923 -3.523768 0.160618
-2.725339 -3.967380 0.503195
-3.169331 -3.402086 -0.245617
-1.537557 -3.063454 3.364205
0.186616 -0.067891 3.953224
-1.899886 -2.697343 3.392073
-2.901016 -3.787801 0.142914
-0.998914 -3.975044 2.773549
-1.411128 4.814301 0.774063
-2.481613 3.301578 2.386813
-0.986974 1.014143 3.725869
-2.169722 3.668296 2.305722
-2.733757 2.255354 -2.671591
-2.557828 4.159097 -0.928175
-2.222922 4.050026 1.763982
-2.055600 3.346329 -2.577039
-1.564693 4.746847 -0.751594
-1.016136 1.824437 -3.592462
-0.855145 4.998621 -0.193933
-1.298639 2.939507 3.277215
-1.617277 4.014283 2.293009
-2.390898 3.489379 -2.195605
-0.289435 1.485827 -3.683881
-2.214949 4.235470 1.432991
-2.276945 2.801064 2.886082
-1.187648 4.831179 0.960110
-2.254491 3.106674 -2.616082
-3.215544 3.348428 1.317743
-2.779085 3.067136 2.283720
-2.481317 4.032835 1.463778
-1.049995 4.796481 1.182749
-2.009161 1.648735 3.386621
-0.297227 3.593923 3.004673
-1.499829 4.718605 1.046370
-0.192542 4.143265 2.475832
-1.302898 4.392375 -1.827103
0.458875 4.880404 -0.663784
-3.489442 2.499542 1.699760
-1.225454 2.106193 3.597637
-2.689343 2.840260 2.533418
-2.466194 2.312460 2.966767
-0.084410 3.888151 -2.635812
-1.013590 3.748752 2.800206
-1.047960 4.575232 1.718837
-3.101500 2.659675 -2.091725
-0.959100 3.953776 2.616367
-2.325583 3.256011 -2.454247
-1.969793 4.554853 0.937287
-0.927567 1.585928 3.735674
0.411407 3.639407 -2.765259
0.393079 4.930276 0.554886
-1.232249 2.173644 -3.478020
-2.170337 3.265002 2.664185
-2.725743 1.578232 2.929345
-1.384208 2.825515 -3.204856
-0.273003 3.351576 3.177297
-2.918047 3.352402 1.840534
-2.255777 2.310078 3.108961
-0.165981 5.016924 -0.323361
-1.962294 4.656967 -0.316018
0.533590 4.781813 -0.988268
-1.776181 4.652844 0.903235
-2.002098 4.483218 1.119260
-0.028770 4.847634 1.190866
-0.275560 4.410149 2.127323
-1.840443 3.582914 -2.511912
-1.001593 4.691790 -1.386746
-0.904019 4.583951 -1.653055
-0.910252 2.340376 -3.498217
-2.275994 2.608400 2.980582
0.606863 3.213539 -3.015716
-0.509995 1.694601 3.766864
-0.196372 4.971733 0.747017
-2.280519 3.887390 -1.842106
-1.741941 4.348717 -1.613125
-0.429365 4.649822 -1.611459
-2.608260 4.242389 0.551707
-0.430459 3.367258 -3.065133
-1.589419 3.974118 -2.253977
-1.566514 1.625897 3.573946
-3.630991 2.931926 0.817091
-0.000782 4.731499 1.496928
-0.630717 4.494063 1.977587
-3.078100 3.861770 0.130385
-1.274726 1.561600 3.666431
-0.285576 4.289416 -2.196040
-0.123987 1.941699 -3.626468
-1.070127 4.970138 0.141129
-0.579463 4.685935 1.624265
-2.444907 1.796608 3.111906
-2.537904 3.034702 -2.441094
-1.623296 0.659017 3.510003
-0.832907 4.416610 2.062876
-0.567841 4.154785 2.458174
-0.483605 2.296787 3.653481
-1.957808 2.143404 -3.220838
-1.606232 4.486160 1.557847
-1.369788 2.288738 -3.410101
0.595513 4.883452 -0.447271
-2.055936 2.976107 2.928995
-3.259151 2.933908 -1.645878
-0.777699 5.015986 0.104512
-0.318736 2.618928 3.550678
-1.595521 4.659096 -1.028686
-2.838736 3.280645 2.023862
-2.181558 4.549591 0.351942
-3.157387 2.492623 2.220554
-0.378474 4.941472 0.905362
0.017451 1.833000 -3.632247
-2.257302 4.361477 1.048471
-0.564077 2.188097 -3.576091
-1.674166 2.443322 3.358306
-1.246037 4.918335 -0.269552
-1.509573 3.642552 2.728041
2.925328 -4.325375 -1.364658
0.542394 -3.374182 -3.024922
1.810746 -2.889365 -3.338135
3.927521 -2.916533 -2.035292
2.308797 -4.482605 1.573458
1.973240 -4.788846 -1.046376
4.350763 -3.241249 0.658777
4.670508 -2.624063 -0.664851
1.287330 -2.035948 -3.675569
3.735727 -4.042853 -0.314487
4.400968 -2.416809 1.632009
1.882400 -3.848336 2.616006
4.353779 -2.817143 1.373658
1.059713 -4.190194 2.311309
4.080757 -3.202325 1.471266
2.509126 -4.264416 1.832201
2.072576 -2.051072 -3.577965
1.345767 -4.976717 0.457212
1.791412 -3.954756 -2.559448
1.771518 -2.369516 3.519799
2.853416 -3.163158 2.779589
2.752888 -4.554199 0.942721
2.296515 -1.110859 3.570509
2.170979 -3.660421 -2.737359
3.008382 -4.552349 -0.323774
1.892859 -4.286681 -2.126658
0.774549 -4.950402 -0.468914
4.006729 -3.517603 -1.158099
4.670767 -1.599803 1.450333
1.813938 -4.958565 -0.227991
0.536774 -2.558435 -3.453431
0.814150 -3.566668 -2.933950
4.562445 -2.960395 -0.368845
3.838037 -3.955021 0.206345
4.161214 -2.924261 -1.672645
1.925507 -4.658515 -1.440487
3.861325 -1.896642 2.583098
2.512247 -3.081920 3.000164
1.668426 -1.706192 3.674666
2.681127 -2.099061 -3.367718
1.240699 -2.626621 -3.500000
1.528291 -3.024537 3.274300
2.626431 -3.753166 2.414794
2.122646 -4.903801 0.005355
1.204188 -5.004536 0.141116
2.587903 -4.007283 2.148665
4.653637 -2.569821 0.809809
3.775042 -1.690306 2.707259
3.797061 -2.223546 2.547092
3.757963 -3.204698 1.966211
4.496582 -2.758886 1.079425
0.233691 -1.749787 -3.583498
2.302717 -1.484268 3.565610
2.758707 -0.728712 3.362160
2.589799 -4.438715 -1.474500
2.928139 -2.671741 3.015640
4.315338 -3.342572 -0.528532
0.677363 -2.357299 -3.547873
4.237432 -1.220676 2.228795
3.601521 -3.540602 -1.825097
2.547336 -4.474694 1.402826
2.792131 -1.108758 3.386245
4.320736 -3.240447 -0.817570
2.771254 -3.913878 -2.174381
3.418931 -2.913637 2.545392
4.691104 -2.718632 0.106074
3.427763 -3.792092 1.674720
0.042616 -2.188033 -3.434995
2.779501 -3.320353 2.709231
1.065623 -3.911728 -2.654806
4.282324 -3.132343 -1.152516
2.411086 -3.390877 2.834748
3.289647 -4.049758 -1.455368
1.743188 -1.349516 3.690428
0.656327 -3.627793 -2.856519
4.360928 -2.075259 1.890647
3.205341 -2.886587 2.728415
1.511980 -4.585885 -1.721013
1.149979 -3.889511 2.650284
3.239127 -3.548413 -2.209805
3.492217 -0.830432 2.942670
1.406907 -2.881567 3.354721
0.047792 -4.744684 -0.697301
1.928087 -1.829522 3.618678
1.020394 -4.828833 -1.136875
3.090725 -1.910738 3.173811
1.268169 -4.265660 -2.251873
3.924968 -3.020805 1.918078
2.418758 -3.698051 -2.605343
3.316463 -3.217899 2.413289
3.729713 -3.950006 0.775691
2.293549 -2.635582 3.304175
1.421733 -3.179775 3.194194
4.232928 -2.760383 -1.700386
1.180196 -4.536718 1.800853
2.658604 -3.709537 -2.471362
3.703143 -3.877836 -1.082790
0.512407 -4.599113 -1.549574
4.669411 -2.316899 -1.096169
4.773776 -2.471471 0.291582
0.953245 -2.336720 -3.587574
2.553986 -2.738684 3.164776
4.233016 -3.050535 1.358626
0.437047 -4.296565 -2.055402
4.594099 -2.764273 0.718857
2.838783 -4.435622 -1.205937
0.493309 -3.008595 -3.239074
3.958188 -3.241230 1.639291
2.364443 -3.912354 2.381260
2.036329 -3.513020 2.869497
3.509071 -4.175226 0.628340
0.889612 -4.372656 2.039266
0.029469 -3.971792 -2.295263
4.256194 -3.452055 0.380179
2.007787 -4.006580 2.415104
3.261065 -4.077739 1.410287
3.204281 -3.930516 1.734964
3.245122 -4.414624 0.284925
4.344083 -3.002168 1.160276
4.383739 -2.586419 -1.566031
4.804877 -2.135445 0.739323
4.338680 -1.768423 2.027223
4.010406 -2.102069 2.361522
1.445514 -4.056546 -2.499853
2.831902 4.470389 1.182793
2.869472 0.729081 3.641657
2.151951 1.282939 3.960714
2.525068 4.679249 -0.113974
3.572587 0.560687 3.128996
2.467905 1.920803 3.789779
0.430395 2.142953 3.911360
1.761149 -0.359340 3.686459
2.874911 4.108427 -1.301310
4.323427 2.956995 1.337990
2.129495 0.718434 3.930531
1.179645 1.026173 4.091079
2.695623 1.037798 3.758541
0.684167 2.244864 3.926308
2.913633 4.483789 -0.203705
4.029315 3.535194 -0.284700
1.661399 2.997304 -2.900889
2.404844 3.109853 3.339227
3.463935 2.298667 3.097475
1.828559 4.446002 2.145967
1.210219 0.022928 3.895601
0.733991 3.105807 3.566180
3.262326 3.264073 2.682829
3.575428 3.010691 2.583332
3.257535 4.313561 0.104979
1.951903 2.939867 3.586803
2.907165 4.295018 -0.879712
2.110435 3.162032 3.413978
3.846814 3.514114 -0.877922
0.234737 1.398132 3.978422
3.940051 2.697922 2.375010
2.888498 2.442652 3.440844
1.090905 2.442761 3.894820
3.496251 1.582024 3.251004
3.898861 3.672399 1.059675
2.391824 4.600668 -0.694382
2.338279 -0.087660 3.649653
2.921617 0.106306 3.454303
2.583818 4.162146 -1.474827
2.364336 4.498707 1.716594
0.904905 4.483914 2.187097
2.629180 3.210017 -2.453266
1.703454 4.584953 -1.205781
3.116596 3.308089 -2.056228
0.696109 4.909364 0.861111
1.071637 4.901189 -0.362072
4.110641 2.202513 2.430572
2.357543 4.481382 -1.049676
1.144914 4.331742 -1.735576
0.233777 3.232264 3.380096
3.500309 0.965086 3.256602
0.858449 4.835847 -0.598024
4.194184 1.930790 2.419106
1.313089 3.780533 3.089284
4.094465 3.197662 -0.857074
4.057214 0.903526 2.690912
0.719387 1.216296 4.071525
1.121049 3.169182 3.555780
1.384540 2.390679 3.905253
2.203454 -0.436795 3.534994
3.634558 3.945645 1.040183
-0.091541 0.888085 3.866736
1.766264 4.919318 0.236014
0.086840 3.567916 3.075787
0.546690 0.207565 3.902292
1.477203 3.000146 -2.922787
2.425318 0.763081 3.842544
0.040059 1.651529 3.902509
1.502174 0.404901 3.987554
0.533356 1.670814 4.018851
3.823637 3.035798 2.255100
3.486930 4.100113 0.918513
1.502390 4.941050 0.028747
3.257029 3.926063 -1.160973
1.853084 3.032096 -2.845856
2.327645 2.527652 3.662846
0.539419 1.942290 3.977029
2.902664 2.945107 3.183943
0.604940 0.026702 3.854598
1.587594 3.369494 -2.681190
3.007311 3.392661 2.782043
2.973329 1.577294 3.605875
1.915327 2.140684 3.903822
1.910098 2.558903 3.770625
3.223779 2.746832 3.078252
2.399036 4.262398 2.160119
2.131060 4.042645 2.622062
3.410753 3.279358 2.524745
1.064698 1.939048 4.028286
0.699178 4.767975 1.486885
3.409652 4.187212 0.760487
3.112305 2.184423 3.397071
0.536782 2.777684 3.706115
3.734547 2.029508 2.943189
2.308068 3.021837 -2.717316
1.166182 4.597769 -1.273505
3.953270 3.280989 -1.039447
2.905277 4.536188 0.354635
0.563791 4.572824 1.930923
1.714598 1.094435 4.051939
3.931931 2.454627 2.541418
3.811371 0.800131 2.952338
1.171750 2.674968 3.807144
1.370056 3.220037 -2.803514
3.400769 2.623945 3.002430
1.335286 4.614714 1.941358
3.531882 4.116984 0.275508
3.711993 3.410678 -1.284547
4.528878 2.841136 0.291726
1.668589 2.562384 3.813982
4.356013 2.212949 2.020740
0.961838 1.479211 4.083719
4.735033 1.956985 1.153073
2.539301 4.453507 1.656023
4.698828 2.406426 0.552334
2.480435 3.794801 -2.021815
1.172360 2.994120 -2.941901
0.900719 4.824865 1.363775
3.342629 4.216373 -0.179514
3.876745 0.570765 2.833565
4.285485 2.046973 2.231262
5.099395 0.308214 1.381503
2.460618 -0.582054 -4.038028
1.699409 2.289292 -3.446136
5.198104 1.081770 0.870738
2.760716 -1.480045 -3.674165
4.548189 -0.263183 2.122929
3.415933 2.257699 -3.025213
2.296365 0.838195 -4.052317
2.862068 0.945776 -3.908941
2.140990 0.524338 -4.118590
1.609333 1.279342 -3.958806
3.102366 1.415941 -3.676274
3.510349 -0.063377 -3.751350
2.333603 2.885536 -2.860388
4.439277 1.250347 -2.832214
0.328783 0.316109 -3.836363
4.846652 2.214862 -1.044627
5.401253 0.301584 0.664081
5.448149 -0.647262 0.140734
3.123983 2.066514 -3.321029
4.544669 2.643111 -0.782109
0.747858 -0.039851 -3.994407
4.553009 -0.815235 -2.806287
0.816351 -0.739996 -3.917570
1.354320 1.324655 -3.918419
4.609128 0.824382 -2.807559
1.844564 0.765137 -4.096475
2.669134 2.811304 -2.851142
1.584131 -0.697177 -4.061879
3.522083 -0.241213 2.899834
1.539562 -0.334807 -4.119487
5.437883 0.659690 0.378498
2.034302 -0.137640 -4.142605
2.348832 2.104136 -3.530626
2.058460 2.272383 -3.452053
1.998263 -0.518316 -4.100413
2.346565 -0.447888 -4.078784
3.743303 2.720379 -2.273395
4.687570 1.165366 -2.576328
3.739381 -2.102473 -2.755559
1.286288 0.016554 -4.115871
5.423470 1.085113 -0.696298
5.112240 1.448028 -1.588452
4.150118 -0.181334 2.500781
5.005635 1.094615 -2.116386
2.693468 -0.823469 -3.934735
2.014660 1.742097 -3.771302
4.986527 1.698177 -1.619490
4.461417 -0.999515 1.999145
4.633255 -1.331118 -2.430501
1.537839 1.061224 -4.019044
2.412712 1.669173 -3.760202
3.917157 0.724706 -3.453501
3.603114 -0.565558 2.806786
1.668093 0.665922 -4.109673
4.025805 -0.278593 -3.416957
3.870010 2.251503 -2.693019
1.711135 0.073013 -4.154137
4.845935 -2.034007 -0.974626
4.492876 -1.191264 -2.698003
0.538081 0.230799 -3.924758
0.613160 -0.457076 -3.909560
4.386956 2.076236 -2.294230
4.560998 1.021610 1.963211
2.761430 1.804129 -3.611543
4.979285 -1.728155 0.421361
4.618525 2.027705 -1.990022
1.096239 -1.093801 -3.884125
5.312251 0.380522 -1.741569
0.863787 -0.320035 -4.005474
3.668390 2.019599 -3.045081
2.796993 0.455833 -4.010334
4.172563 0.037180 2.495753
4.693247 0.171481 -2.816618
3.070014 -1.804013 -3.384623
4.128352 2.419648 -2.235484
4.494136 1.568756 -2.587379
1.088059 -0.021592 -4.080397
4.696723 0.490486 1.949587
5.259051 -1.295421 -0.920260
4.936711 2.126069 -0.874898
2.895276 0.205159 -3.998451
5.247237 -1.372885 -0.752074
4.412961 -1.833242 -2.301834
1.820250 2.155265 -3.541135
1.744032 -0.390375 -4.122718
5.399886 -0.606901 0.430153
5.355877 -0.332252 -1.574400
2.472384 0.984997 -3.992065
5.552022 0.323329 -0.177990
1.405987 -0.566421 -4.071953
2.190771 -1.216881 -3.897198
2.428922 0.676365 -4.061970
3.586500 -0.776657 -3.597102
5.155311 -0.502128 1.178205
2.193232 2.009196 -3.611419
4.559090 0.709315 2.063663
5.271816 -1.193115 0.248570
4.107016 2.864517 -1.487043
1.213494 1.072805 -3.975109
3.365863 -0.297471 -3.801072
1.677240 2.511492 -3.271455
4.653842 -1.017452 1.761605
0.884002 2.115163 -3.422967
2.435349 -1.909909 -3.510196
2.222217 1.536519 -3.846651
5.495101 0.505810 -1.018524
4.814897 2.210253 0.362090
4.629524 -1.499967 -2.304678
0.554445 1.270301 -3.732967
0.744866 1.038420 -3.871286
4.253592 2.804872 -1.300968
1.377530 -0.218245 -4.115271
4.924792 -1.001146 1.365147
3.040306 0.907487 -3.860251
5.466203 0.326997 0.412923
5.104493 -1.684000 -0.651597
5.022808 2.041696 -0.463064
3.380255 -0.540677 -3.756862
5.233799 -1.275384 -1.110670
4.858222 1.777619 -1.824108
5.274539 1.314324 0.373959
5.552284 -0.154527 -0.613783
5.347671 -0.532380 0.673198
