   -0.0288512194
   -0.0294827508
   -0.0422189193
   -0.0319739258
   -0.0399914229
   -0.0439041486
   -0.0241492856
   -0.0419307817
   -0.0465439473
   -0.0475555547
   -0.0363761566
   -0.0440080821
   -0.0399250825
   -0.0357350276
   -0.0218354611
   -0.0412806698
   -0.0393750960
   -0.0473404069
   -0.0400392318
   -0.0449925317
   -0.0460920840
   -0.0454536624
   -0.0370981518
   -0.0289142582
   -0.0462194937
   -0.0387937891
   -0.0400041504
   -0.0353719509
   -0.0346189093
   -0.0257565560
   -0.0441852423
   -0.0303043795
   -0.0214786861
   -0.0433227972
   -0.0239516698
   -0.0473566120
   -0.0445475297
   -0.0470918170
   -0.0440386199
   -0.0268282107
   -0.0464143996
   -0.0241165559
   -0.0265112267
   -0.0427458862
   -0.0446415153
   -0.0339854703
   -0.0359801055
   -0.0447727483
   -0.0405972848
   -0.0470245937
   -0.0305982368
   -0.0322849133
   -0.0380140347
   -0.0209334648
   -0.0447118177
   -0.0417371901
   -0.0476126384
   -0.0367263271
   -0.0472430524
   -0.0418731410
   -0.0341776141
   -0.0417880094
   -0.0466619284
   -0.0267473233
   -0.0336455198
   -0.0472378591
   -0.0241812388
   -0.0253981719
   -0.0449029802
   -0.0409235172
   -0.0425703287
   -0.0450228081
   -0.0279287464
   -0.0462631637
   -0.0236817565
   -0.0359617165
   -0.0204147424
   -0.0462149130
   -0.0434500929
   -0.0385396657
   -0.0251268610
   -0.0423650712
   -0.0339498042
   -0.0433018990
    0.0256721991
    0.0074249436
   -0.0082628943
    0.0210911477
    0.0035986791
   -0.0072968011
   -0.0036376287
    0.0127630044
    0.0174568795
   -0.0135111657
    0.0037275401
   -0.0022717773
   -0.0107136235
    0.0022602234
   -0.0013509760
   -0.0031032568
    0.0047187445
    0.0097432865
    0.0036631198
    0.0220360529
    0.0150395968
   -0.0087590290
    0.0027999625
    0.0000080893
    0.0021693193
    0.0056479445
    0.0151041031
    0.0104726060
    0.0222330483
    0.0162078698
    0.0199130408
    0.0146695137
    0.0149848466
    0.0138801596
    0.0172423404
    0.0154527549
    0.0051451720
    0.0143714096
    0.0132851647
    0.0093862133
    0.0123924567
    0.0162378466
    0.0163514524
    0.0107353700
    0.0130175039
    0.0137974006
    0.0073381760
    0.0156887492
    0.0122343201
    0.0137345002
    0.0163055130
    0.0128650297
    0.0189154930
    0.0081349210
    0.0187548211
    0.0130192747
    0.0127067451
    0.0218290904
    0.0140482279
    0.0140251073
    0.0155995214
    0.0177664356
    0.0020800847
    0.0097909519
    0.0068305650
    0.0037820736
    0.0137458822
    0.0137321707
    0.0112085983
    0.0058765397
    0.0040138307
    0.0196356613
    0.0005854861
    0.0064840100
    0.0083671350
    0.0031345636
    0.0175182390
   -0.0066646564
    0.0125190821
   -0.0047316360
    0.0129896167
    0.0137414714
    0.0081741118
    0.0117156660
    0.0155050671
   -0.0026898118
    0.0095775185
    0.0105600440
    0.0086382027
   -0.0005106733
    0.0082972802
    0.0014304560
    0.0044251932
    0.0052022676
    0.0117344908
    0.0047613920
    0.0046356715
    0.0182887307
    0.0200145580
    0.0072579222
    0.0163622791
    0.0116034861
    0.0088320574
    0.0109254100
   -0.0010677594
    0.0065158272
    0.0063537171
    0.0063015114
    0.0170329920
    0.0101750598
    0.0050262985
    0.0132740432
    0.0136112095
    0.0101532365
    0.0001795117
    0.0085123392
    0.0089464901
    0.0079228937
    0.0108084872
    0.0112973840
   -0.0036838049
    0.0053005459
    0.0009761021
    0.0103855320
   -0.0134799593
    0.0051584622
    0.0026979503
    0.0007639779
    0.0128606740
   -0.0049273862
    0.0018191813
   -0.0213810804
    0.0076176478
    0.0021159368
   -0.0001598404
    0.0062214870
   -0.0037704415
    0.0008869326
   -0.0026942502
   -0.0000540672
    0.0125900984
   -0.0092193021
    0.0012482959
   -0.0032076072
    0.0003872750
   -0.0268480116
    0.0076960292
   -0.0036464377
   -0.0002278523
    0.0043579668
   -0.0332401243
    0.0084329225
   -0.0017201530
   -0.0011913203
    0.0013113096
    0.0028763427
    0.0031559215
    0.0068445180
    0.0120403825
   -0.0030464062
    0.0053373660
    0.0108693069
    0.0040783513
    0.0055607108
   -0.0009688209
    0.0025420884
    0.0040370954
   -0.0016922847
    0.0123419594
    0.0076819726
   -0.0064031733
   -0.0018150752
   -0.0002290345
   -0.0024138381
    0.0002044536
    0.0109342615
    0.0050274581
    0.0068530080
   -0.0020107302
    0.0101785800
   -0.0091125754
   -0.0007814016
   -0.0008468693
   -0.0019004779
    0.0050440784
   -0.0045975487
   -0.0014320325
    0.0069330946
   -0.0011524889
   -0.0014381034
    0.0287029738
    0.0152427333
    0.0177249579
    0.0155814557
    0.0192809240
    0.0172291554
    0.0230592432
    0.0211794361
    0.0202200819
    0.0206953252
    0.0260942221
    0.0205305967
    0.0214338940
    0.0185919766
    0.0165106977
    0.0184530808
    0.0240452077
    0.0227222469
    0.0146769390
    0.0162326842
    0.0217907126
    0.0156133242
    0.0162355941
    0.0184830815
    0.0182214559
    0.0203443987
    0.0219026636
    0.0248124982
    0.0167038872
    0.0149947462
    0.0180400390
    0.0174934779
    0.0173476674
    0.0226484193
    0.0154666089
    0.0210059313
    0.0223175934
    0.0213139513
    0.0191246803
    0.0191796259
    0.0028029944
   -0.0020493185
   -0.0037600176
    0.0021180580
    0.0017473404
   -0.0158255993
    0.0026134254
   -0.0081302716
   -0.0160634455
   -0.0197076619
   -0.0056588533
   -0.0126528628
   -0.0255413332
    0.0019246109
   -0.0079254846
    0.0032963002
   -0.0074003189
   -0.0069357942
   -0.0031742706
    0.0010962839
    0.0101878487
    0.0052558930
    0.0084057945
    0.0110128314
    0.0060838229
    0.0055726519
    0.0127475461
    0.0123266226
    0.0090541835
    0.0093832227
    0.0102358049
    0.0096685366
    0.0102937767
    0.0123568147
    0.0065652748
    0.0117733930
    0.0060161083
    0.0094594151
   -0.0154338473
   -0.0020334260
   -0.0185898945
   -0.0021352366
   -0.0156790170
   -0.0104913310
   -0.0009978073
    0.0006897145
    0.0050918809
    0.0029687259
    0.0012503328
   -0.0027241788
   -0.0119422748
   -0.0044312963
   -0.0192665885
   -0.0140453145
    0.0017086438
   -0.0082696063
   -0.0041380455
    0.0011685802
   -0.0008554518
    0.0025638885
    0.0190499007
    0.0163991092
    0.0184697602
    0.0256248375
    0.0217860910
    0.0201798323
    0.0281273341
    0.0217185457
    0.0130765513
    0.0226856606
    0.0224944048
    0.0174792473
    0.0207807450
    0.0188320804
    0.0156390079
    0.0199855478
    0.0198906014
    0.0177235822
    0.0218465535
    0.0162140043
    0.0213383303
    0.0145670590
    0.0023682078
    0.0059964211
   -0.0001441692
    0.0041533377
    0.0088205938
    0.0081198230
    0.0029709888
   -0.0063212604
   -0.0002230719
    0.0081703800
    0.0049551317
    0.0074709717
   -0.0113591370
    0.0061003019
   -0.0049053474
    0.0011255021
   -0.0020025961
   -0.0203969272
    0.0006132848
    0.0021824598
   -0.0008529473
    0.0173609767
    0.0228582875
    0.0114504390
    0.0212092567
    0.0171235935
    0.0214756382
    0.0233868504
    0.0204013386
    0.0246864795
    0.0196052866
    0.0196383159
    0.0168926034
    0.0233203061
    0.0214946373
    0.0263889249
    0.0218214005
    0.0181123628
    0.0226252962
   -0.0369017512
   -0.0374926188
   -0.0261564351
   -0.0380652834
   -0.0171704894
   -0.0382309108
   -0.0377877462
   -0.0367997109
   -0.0243638022
   -0.0382719673
   -0.0299524163
   -0.0383897739
   -0.0266658725
   -0.0263135867
   -0.0223236339
   -0.0378183434
   -0.0140455864
   -0.0203826594
   -0.0215125116
   -0.0162356662
   -0.0381329125
   -0.0367588606
   -0.0235455902
   -0.0365932822
   -0.0227386679
   -0.0310619701
   -0.0206323586
   -0.0351524008
   -0.0234800869
   -0.0373266911
   -0.0323568736
   -0.0384931281
   -0.0378439776
   -0.0354475270
   -0.0228375662
   -0.0340893524
   -0.0213326966
   -0.0162653885
   -0.0349145543
   -0.0347007717
   -0.0378836454
   -0.0375475725
   -0.0239081537
   -0.0263874010
   -0.0319568482
   -0.0251639139
   -0.0357428960
   -0.0328783405
   -0.0344065389
   -0.0297366891
   -0.0365706804
   -0.0284645774
   -0.0273743925
   -0.0195999908
   -0.0292821181
   -0.0318380831
   -0.0310775431
   -0.0375285092
   -0.0380288031
   -0.0359753102
   -0.0179455169
   -0.0219774527
   -0.0340401960
   -0.0192651923
   -0.0338694760
   -0.0381542254
   -0.0277783916
   -0.0289884391
   -0.0262551711
   -0.0296561801
   -0.0259050599
   -0.0307517605
   -0.0263900568
   -0.0310326478
   -0.0361312610
   -0.0370203298
   -0.0317406677
   -0.0017502322
    0.0176977645
    0.0052622662
    0.0039897277
    0.0043294598
   -0.0138219029
    0.0041794310
    0.0015050639
    0.0046417617
    0.0164741243
    0.0113966560
    0.0026293586
   -0.0117894581
   -0.0052592264
    0.0077536741
    0.0072780630
    0.0090753088
   -0.0083056641
   -0.0099217548
   -0.0008541305
   -0.0080549408
   -0.0079118035
    0.0112675759
    0.0159186793
    0.0206365177
    0.0163584769
    0.0111957163
    0.0124215946
    0.0108761846
    0.0137085098
    0.0113892702
    0.0117528864
    0.0095908253
    0.0112338282
    0.0114680917
    0.0141888722
    0.0119910466
    0.0112428616
    0.0154552767
    0.0083234837
    0.0109537917
    0.0109153814
    0.0159432978
    0.0117292312
    0.0121052527
    0.0110071562
    0.0037844811
    0.0094885140
    0.0109137375
    0.0118919720
    0.0141549218
    0.0101507278
    0.0108382497
    0.0101299807
    0.0118381930
    0.0119514859
    0.0109027255
    0.0136463766
    0.0116560300
    0.0183735130
    0.0115094333
    0.0093733096
    0.0043647086
   -0.0020233674
    0.0126760391
    0.0179917289
    0.0065675481
   -0.0003923414
    0.0052917179
   -0.0121983905
    0.0075631179
    0.0089127951
    0.0125729124
    0.0078915329
    0.0141809983
   -0.0119438660
    0.0058726896
    0.0073729749
    0.0035264822
    0.0025201927
    0.0079157675
    0.0082305704
    0.0037792430
    0.0112873392
    0.0114846062
    0.0092552088
    0.0067546810
    0.0070597286
    0.0088177622
    0.0126499487
    0.0015929283
    0.0121895164
    0.0130878602
   -0.0039233800
    0.0099721135
    0.0050211160
    0.0064033744
    0.0167270749
   -0.0134161020
    0.0197100267
    0.0069324832
   -0.0012484763
    0.0084234747
    0.0068100142
    0.0155210738
    0.0086302031
    0.0068332750
    0.0147069957
    0.0041564009
    0.0004306138
    0.0048438561
    0.0186167245
    0.0083885850
    0.0148895334
    0.0078147003
    0.0044543844
    0.0068281736
    0.0094528466
    0.0114794142
    0.0135228345
    0.0136979521
   -0.0045426224
    0.0011041503
    0.0127335064
    0.0156195242
    0.0166541883
    0.0072403319
    0.0025330704
    0.0127188503
    0.0111901349
    0.0144089732
    0.0032616350
    0.0061637423
    0.0021898234
    0.0081422171
    0.0080864825
    0.0065257228
    0.0017493050
    0.0100412183
    0.0056563728
    0.0076644419
    0.0071192770
    0.0083866347
    0.0013023904
   -0.0077422164
   -0.0039477813
    0.0010460175
   -0.0039883871
    0.0071924071
    0.0019417267
    0.0047395996
    0.0040122232
    0.0016394147
   -0.0032729113
   -0.0011233246
    0.0033398243
   -0.0081133736
    0.0049883725
    0.0015390349
    0.0078418480
   -0.0108742190
   -0.0211040453
    0.0107265744
    0.0013443401
   -0.0022854856
   -0.0055916082
    0.0001462585
   -0.0021869188
   -0.0009398695
    0.0102890445
   -0.0095340732
   -0.0006913772
    0.0003286799
   -0.0030658300
   -0.0019948299
   -0.0131084013
   -0.0040971448
   -0.0062246022
    0.0021667601
   -0.0108246894
   -0.0025472581
   -0.0043317565
    0.0060764278
    0.0051180785
   -0.0087351595
    0.0078847444
   -0.0019224622
   -0.0013505917
   -0.0009607960
    0.0028252311
    0.0030258939
   -0.0064614525
   -0.0064951956
    0.0089269106
   -0.0062097636
    0.0006973434
    0.0093999448
    0.0060558745
    0.0095448890
    0.0075317666
    0.0106797175
   -0.0050084777
    0.0048837090
    0.0037712313
   -0.0129599524
   -0.0023862220
    0.0102893054
    0.0020137341
    0.0190134682
    0.0175553414
    0.0168144906
    0.0167114427
    0.0148791909
    0.0125772049
    0.0193991759
    0.0162794554
    0.0153631755
    0.0134468442
    0.0159809962
    0.0177168474
    0.0225270169
    0.0155610543
    0.0205075595
    0.0141298983
    0.0160805585
    0.0181023472
    0.0174973040
    0.0222048827
    0.0190706391
    0.0122002374
    0.0139944806
    0.0172623950
    0.0174453051
    0.0195312970
   -0.0025069470
   -0.0080085819
   -0.0029612374
   -0.0020726142
    0.0006615742
   -0.0009534992
   -0.0021045677
    0.0005906935
    0.0032148628
    0.0004144054
   -0.0241447437
   -0.0051307622
   -0.0197943696
    0.0023782098
    0.0007169497
   -0.0014821732
    0.0015826048
   -0.0184147378
   -0.0004846173
   -0.0086221993
    0.0022571380
   -0.0072482646
   -0.0031596381
    0.0058077470
    0.0075838121
    0.0101966064
    0.0050751985
    0.0056140950
    0.0064103695
    0.0087487491
    0.0041670916
    0.0089501801
    0.0055578749
    0.0083715875
    0.0040489820
    0.0099664230
    0.0060161351
    0.0058957295
    0.0070611082
    0.0032464629
    0.0066237659
   -0.0000460871
   -0.0187701372
   -0.0167430682
   -0.0035975724
   -0.0003073864
    0.0005212625
   -0.0169996267
   -0.0039164281
   -0.0143189079
    0.0001223086
   -0.0110269654
   -0.0091136293
   -0.0076020712
   -0.0089778352
   -0.0087401847
   -0.0069463772
   -0.0036128906
   -0.0026312966
   -0.0043975798
   -0.0013854842
   -0.0008361340
    0.0139422044
    0.0111110605
    0.0216034282
    0.0162199144
    0.0181838452
    0.0151088906
    0.0161744981
    0.0161550778
    0.0172537512
    0.0149240108
    0.0180873256
    0.0217610922
    0.0172369199
    0.0158541478
    0.0193409751
    0.0176154727
    0.0006560375
   -0.0020655655
    0.0060052023
    0.0051713660
    0.0070037014
    0.0060973684
    0.0070192349
   -0.0048127411
   -0.0202315593
    0.0025882247
    0.0049170372
    0.0067907338
   -0.0066122235
   -0.0096227541
   -0.0089555388
   -0.0016883795
   -0.0131708288
   -0.0032237541
   -0.0141850189
    0.0008478121
    0.0173629671
    0.0164790610
    0.0203411691
    0.0184731186
    0.0175048134
    0.0161135309
    0.0143152735
    0.0143208657
    0.0149880899
    0.0144439664
    0.0126776298
    0.0129777355
    0.0153183751
    0.0197868391
    0.0111494906
    0.0152519887
    0.0161628237
   -0.0193649990
   -0.0190062944
   -0.0299634701
   -0.0268037601
   -0.0310370801
   -0.0246549258
   -0.0255734655
   -0.0210868859
   -0.0298400935
   -0.0298717004
   -0.0244619495
   -0.0144990608
   -0.0300643822
   -0.0246414875
   -0.0257455660
   -0.0316569405
   -0.0280689591
   -0.0307072492
   -0.0156028249
   -0.0285688965
   -0.0246635878
   -0.0303447861
   -0.0281675796
   -0.0175104625
   -0.0196665372
   -0.0310001240
   -0.0236450876
   -0.0239907018
   -0.0210056971
   -0.0128843439
   -0.0266548977
   -0.0170111619
   -0.0233001426
   -0.0269815079
   -0.0259402649
   -0.0290036268
   -0.0298097774
   -0.0310580567
   -0.0303681455
   -0.0164225629
   -0.0310299198
   -0.0310484062
   -0.0269431436
   -0.0280951833
   -0.0274213175
   -0.0167759215
   -0.0317211135
   -0.0282531637
   -0.0208700675
   -0.0280785410
   -0.0268642511
   -0.0315683917
   -0.0255745921
   -0.0228203140
   -0.0175922434
   -0.0276503280
   -0.0309172576
   -0.0203109332
   -0.0191959825
   -0.0267969203
   -0.0300798312
   -0.0264068467
   -0.0167529170
   -0.0282696498
   -0.0283292366
   -0.0315680475
   -0.0230552855
   -0.0315979632
   -0.0315184310
   -0.0294000184
   -0.0156562107
   -0.0164391679
   -0.0156841353
   -0.0244594553
   -0.0220298516
   -0.0195921614
   -0.0291331734
   -0.0242425624
   -0.0313999785
   -0.0266340961
   -0.0154626367
   -0.0269679305
   -0.0217391856
   -0.0292691593
   -0.0314426003
   -0.0235533648
   -0.0302738749
   -0.0265422776
   -0.0200947867
   -0.0307206531
   -0.0220144914
   -0.0223864154
   -0.0312835136
   -0.0304978034
   -0.0285093309
   -0.0281429557
   -0.0288183516
   -0.0293986787
   -0.0242212319
   -0.0234333215
   -0.0306338278
   -0.0171220635
   -0.0286466341
   -0.0296625487
   -0.0273131735
   -0.0102138407
   -0.0030977628
    0.0037012501
   -0.0051303522
    0.0130313858
   -0.0040639588
    0.0005685576
   -0.0088828472
    0.0000528604
   -0.0086852240
    0.0083515845
   -0.0003486559
    0.0057350992
    0.0070102011
   -0.0118925332
    0.0101344695
    0.0009842080
   -0.0129970061
   -0.0081557247
   -0.0056800243
   -0.0019248480
   -0.0036036385
   -0.0107081376
   -0.0069688095
   -0.0087421446
   -0.0006884164
   -0.0115103391
   -0.0073306760
    0.0050519202
   -0.0087660797
    0.0055572450
    0.0101491222
   -0.0007180480
    0.0074770214
   -0.0110667739
    0.0105397326
    0.0108352017
    0.0168733544
    0.0105847380
    0.0147682123
    0.0126919510
    0.0106089027
    0.0097019190
    0.0144138514
    0.0081966066
    0.0126628297
    0.0119409923
    0.0111647534
    0.0105013348
    0.0125893954
    0.0121638664
    0.0101749019
    0.0107826567
    0.0131208874
    0.0099025024
    0.0153742584
    0.0100571265
    0.0105735574
    0.0097833768
    0.0110052888
    0.0096581475
    0.0117325101
    0.0098037019
    0.0094220426
    0.0139793655
    0.0053812182
    0.0086142316
    0.0137283193
    0.0125560595
    0.0112183189
    0.0143512561
    0.0109815453
    0.0130293030
    0.0097120136
    0.0102506760
    0.0138507191
    0.0096371141
    0.0036731440
    0.0117891776
    0.0140200423
    0.0119484685
    0.0113707051
    0.0029289355
    0.0095335530
   -0.0079605864
    0.0067680673
    0.0051765448
   -0.0024991385
    0.0034755121
    0.0088247909
   -0.0064568928
    0.0085781318
    0.0063779987
    0.0117417154
    0.0132195251
    0.0078375935
   -0.0020785398
    0.0110924677
    0.0149842806
   -0.0028500638
    0.0134666010
    0.0029583840
   -0.0114959127
    0.0054192214
    0.0023237441
    0.0086074785
    0.0057368061
    0.0016912967
    0.0008273359
    0.0042740330
    0.0101727798
    0.0114768352
    0.0096451805
    0.0170260555
    0.0113343405
    0.0127653186
    0.0109442341
   -0.0097427389
    0.0052202737
    0.0062746477
    0.0080584498
    0.0146331850
    0.0069833333
   -0.0097270741
    0.0041451756
    0.0008144595
    0.0166174983
    0.0030699796
    0.0156631416
    0.0104780656
    0.0151819070
    0.0107664941
    0.0110506873
   -0.0106516559
   -0.0006875961
    0.0121977248
    0.0054989547
    0.0107799350
    0.0066760134
    0.0140614288
    0.0027490886
    0.0078703787
    0.0080283663
    0.0052873945
    0.0097420555
    0.0070700584
    0.0150913885
    0.0141288229
    0.0063515786
   -0.0003756797
    0.0129265797
   -0.0157574192
    0.0141164968
    0.0088420277
    0.0105367533
    0.0131832392
    0.0083643224
    0.0035792604
    0.0117882631
   -0.0025620475
    0.0106995966
   -0.0002140906
   -0.0029782651
    0.0044468467
    0.0060540318
    0.0057016558
   -0.0011984355
    0.0050382467
    0.0112402273
    0.0035367572
    0.0183606102
    0.0065061394
    0.0051762415
    0.0069555972
    0.0023338608
    0.0047378766
    0.0107756251
    0.0104831541
    0.0124737251
    0.0006717106
    0.0033600544
   -0.0078717098
   -0.0066468097
   -0.0014112739
    0.0080496662
   -0.0259731957
   -0.0036331474
    0.0010858232
    0.0094912886
   -0.0019687595
    0.0029384005
    0.0063217345
   -0.0026086313
    0.0023205708
   -0.0076036011
    0.0044426274
    0.0046083998
    0.0067000639
    0.0092699556
   -0.0011018270
    0.0044634296
    0.0027671348
    0.0053144492
   -0.0000614872
    0.0042567907
   -0.0054534709
    0.0032203093
   -0.0266379933
   -0.0005451342
    0.0018292693
    0.0031519619
    0.0015132632
   -0.0115445147
    0.0092893640
   -0.0022331782
    0.0054350477
    0.0021696904
    0.0085596622
    0.0020447455
   -0.0005107743
    0.0030682938
    0.0027878573
   -0.0011736275
   -0.0021762918
    0.0044334342
    0.0060507182
   -0.0007516613
    0.0023811062
   -0.0065855641
    0.0053798027
   -0.0141516083
   -0.0002374679
   -0.0030807165
    0.0005873310
    0.0055237744
   -0.0101454593
    0.0024042914
    0.0044937941
    0.0078890623
    0.0062796392
   -0.0187789451
   -0.0036588500
    0.0007054461
    0.0027983821
   -0.0096009140
   -0.0095744781
    0.0063979341
    0.0024618757
   -0.0001443048
   -0.0035039400
   -0.0027200768
   -0.0124674874
   -0.0059817587
    0.0023100475
   -0.0200011012
    0.0028658851
    0.0010532818
   -0.0021006167
   -0.0139216234
   -0.0031567215
    0.0080509710
   -0.0028421669
    0.0005701547
   -0.0075775539
   -0.0008866909
    0.0002038036
   -0.0010892444
    0.0044725999
   -0.0011078152
   -0.0024223114
   -0.0011412050
   -0.0010549649
   -0.0070459108
   -0.0022547687
    0.0031720901
   -0.0010612224
    0.0025125177
    0.0000595067
    0.0086860396
    0.0011091474
   -0.0116961767
    0.0080076210
    0.0020058028
   -0.0044281062
    0.0027343268
   -0.0018743660
   -0.0099588157
   -0.0011431401
    0.0024994830
    0.0015227843
    0.0009247236
    0.0019951076
    0.0003236361
   -0.0063044578
    0.0128954482
    0.0171942982
    0.0110372392
    0.0145501801
    0.0113795451
    0.0143538527
    0.0170765037
    0.0145111539
    0.0140229209
    0.0131441058
    0.0136843227
    0.0122504488
    0.0125714536
    0.0135536120
    0.0113009591
    0.0175983974
    0.0160854041
    0.0134340003
    0.0152093254
    0.0185672075
    0.0151103970
    0.0132555986
    0.0159850008
    0.0139937001
    0.0154107922
    0.0132088284
    0.0158064882
    0.0125645792
    0.0150774679
    0.0134033935
    0.0144250678
    0.0129141350
    0.0179420074
    0.0171384670
    0.0134105484
    0.0122002662
    0.0150044195
    0.0116271058
    0.0141882073
    0.0129915836
    0.0130886126
    0.0172114006
   -0.0039904417
   -0.0050962656
   -0.0066051651
   -0.0040565851
   -0.0022097485
   -0.0127372622
   -0.0005404710
   -0.0008686245
   -0.0030511058
    0.0008369155
   -0.0043148639
   -0.0011374688
   -0.0044561106
    0.0008924742
   -0.0079318024
   -0.0082717041
   -0.0035224060
   -0.0163018229
   -0.0106272265
   -0.0023614596
   -0.0047595846
   -0.0082273988
   -0.0001388151
    0.0009995686
   -0.0031053728
   -0.0130334076
    0.0017434641
    0.0079960639
    0.0061768991
    0.0084916987
    0.0069403471
    0.0073303312
    0.0057998061
    0.0055763535
    0.0078341712
    0.0043338749
    0.0073447342
    0.0051098817
    0.0075051090
    0.0038747095
    0.0055061283
    0.0055705615
    0.0055149639
    0.0084342466
    0.0070210248
    0.0076969813
    0.0078802687
    0.0039590270
    0.0055551175
    0.0007595457
   -0.0007564152
   -0.0013653960
   -0.0086931928
   -0.0030806008
   -0.0022927902
   -0.0001139478
   -0.0031124963
   -0.0003208016
    0.0019661793
   -0.0058165027
   -0.0010722036
   -0.0055857286
   -0.0010412856
   -0.0071571989
   -0.0115748582
   -0.0089826639
   -0.0108560195
   -0.0043448527
   -0.0172686313
    0.0121346003
    0.0121661204
    0.0156411374
    0.0142277552
    0.0159997563
    0.0132625842
    0.0168110548
    0.0178528596
    0.0129879136
    0.0118240180
    0.0131525044
    0.0133289281
    0.0155316738
    0.0183092295
    0.0111842809
    0.0150429164
    0.0169535043
    0.0113771112
    0.0123579986
    0.0185466450
    0.0143851516
    0.0146494320
    0.0184251344
    0.0111327959
    0.0144100510
    0.0119853391
    0.0133361760
    0.0165798622
    0.0116046831
   -0.0003021398
   -0.0053956241
    0.0033709920
    0.0019988838
   -0.0031343623
    0.0034826264
   -0.0043366883
   -0.0119975446
   -0.0142415989
    0.0010015736
    0.0032830352
   -0.0012889165
    0.0011936013
    0.0043360774
    0.0148301264
    0.0160043544
    0.0143443904
    0.0134411052
    0.0164469438
    0.0115469107
    0.0193790922
    0.0120351562
    0.0128435012
    0.0121902470
    0.0166370777
    0.0129715434
    0.0102271772
    0.0148099485
    0.0156267523
    0.0170642124
    0.0142637648
    0.0122945861
    0.0153547667
    0.0118656328
    0.0152529061
    0.0115533114
    0.0155831841
    0.0143812881
    0.0129891648
    0.0115820718
    0.0134802508
   -0.0216378446
   -0.0134164665
   -0.0127273267
   -0.0163669660
   -0.0240989185
   -0.0228661141
   -0.0256194673
   -0.0212315744
   -0.0245378687
   -0.0237667784
   -0.0233088290
   -0.0184697481
   -0.0257274766
   -0.0257778684
   -0.0158077339
   -0.0167133486
   -0.0232129434
   -0.0220072120
   -0.0254525092
   -0.0248203842
   -0.0217441204
   -0.0230445210
   -0.0146424330
   -0.0211857347
   -0.0161114877
   -0.0191394839
   -0.0244265770
   -0.0188786130
   -0.0257847198
   -0.0220973418
   -0.0181952467
   -0.0134440847
   -0.0261379311
   -0.0248159664
   -0.0169765968
   -0.0202547106
   -0.0252529037
   -0.0204882536
   -0.0230254402
   -0.0147697598
   -0.0260967205
   -0.0200217774
   -0.0149591826
   -0.0197483791
   -0.0220326409
   -0.0216755198
   -0.0172236413
   -0.0217819137
   -0.0239300305
   -0.0236012671
   -0.0200821031
   -0.0168515242
   -0.0263785693
   -0.0209463209
   -0.0121971928
   -0.0238911904
   -0.0189046275
   -0.0181955070
   -0.0186834954
   -0.0239799860
   -0.0262096457
   -0.0187890985
   -0.0161654795
   -0.0220995358
   -0.0212519232
   -0.0240908388
   -0.0237762553
   -0.0200158280
   -0.0221649134
   -0.0234903023
   -0.0213629130
   -0.0129639083
   -0.0189193489
   -0.0263279340
   -0.0181608034
   -0.0263585309
   -0.0125847000
   -0.0243304248
   -0.0186905894
   -0.0264419496
   -0.0243883420
   -0.0234413826
   -0.0193475903
   -0.0244558446
   -0.0163455459
   -0.0207028720
   -0.0247635962
   -0.0171045759
   -0.0202448310
   -0.0258699852
   -0.0198347024
    0.0078390033
    0.0005878482
    0.0092931172
   -0.0014507738
   -0.0010251116
    0.0019713520
   -0.0065765509
    0.0128950281
   -0.0044239110
    0.0074853856
    0.0037629896
   -0.0004033919
   -0.0086710665
   -0.0025474164
   -0.0083672237
   -0.0080172664
   -0.0009684480
   -0.0087272213
   -0.0075004490
    0.0000299897
   -0.0012267799
   -0.0070310415
   -0.0054377998
   -0.0032986863
    0.0116744148
   -0.0088942080
   -0.0049264993
    0.0092391326
   -0.0079075164
   -0.0069405205
    0.0055414620
    0.0082452495
   -0.0064693105
   -0.0078281205
    0.0153665916
    0.0092688608
    0.0106885476
    0.0088437409
    0.0088112405
    0.0142619282
    0.0107362483
    0.0147286209
    0.0071038554
    0.0092211018
    0.0111598138
    0.0097419100
    0.0078698689
    0.0135534227
    0.0102386708
    0.0136532212
    0.0148947061
    0.0070149006
    0.0032424451
    0.0145329986
    0.0114390178
    0.0083494311
    0.0121265884
    0.0088764515
    0.0130668565
    0.0114150589
    0.0115600921
    0.0096702398
    0.0107413041
    0.0117255838
    0.0085965560
    0.0045239677
    0.0089021974
    0.0090538030
    0.0118892022
    0.0085917653
    0.0136688359
    0.0103653961
    0.0119917332
    0.0094956143
    0.0091161217
    0.0076648883
    0.0109277703
    0.0077336155
    0.0061308737
    0.0126151339
    0.0092667988
    0.0086207260
    0.0138484091
    0.0136394487
    0.0065509164
    0.0139566701
    0.0105620838
    0.0098485452
    0.0117129182
    0.0087292414
    0.0148068960
    0.0136964677
    0.0092147382
    0.0081560274
    0.0134943195
    0.0105995472
    0.0105226373
    0.0108324675
    0.0151830125
    0.0111275967
    0.0098683733
    0.0088750033
    0.0102973176
    0.0087477608
    0.0125036338
   -0.0058594348
    0.0085349495
   -0.0066628117
    0.0113630134
    0.0083399670
    0.0098879261
   -0.0024717167
   -0.0013906268
    0.0047540784
    0.0112450451
    0.0113334163
    0.0100096444
    0.0064313528
    0.0122482593
    0.0047548827
    0.0151318169
    0.0127519513
    0.0054640905
   -0.0090175718
    0.0103067933
    0.0065030376
    0.0109306424
   -0.0007643503
   -0.0005964783
    0.0055524228
    0.0078098047
    0.0045995563
    0.0027790465
    0.0104693274
    0.0057157029
    0.0102254458
    0.0014741401
    0.0087696719
   -0.0109626322
    0.0090315976
   -0.0009650408
    0.0114320746
    0.0150921876
   -0.0072393154
    0.0104745556
    0.0046540473
    0.0055243889
    0.0025867361
    0.0150686140
   -0.0044371931
   -0.0029886067
    0.0158503293
    0.0014178588
    0.0094064217
    0.0150741866
    0.0042422776
    0.0064934561
   -0.0067303099
   -0.0050726442
    0.0086809104
   -0.0047766171
   -0.0034394152
    0.0119626394
    0.0094915368
    0.0097527322
   -0.0106748714
    0.0068556709
    0.0036175895
    0.0099255480
   -0.0027173421
    0.0039511821
    0.0098560709
    0.0070535280
    0.0099631301
    0.0093477616
    0.0104316479
    0.0077404699
   -0.0124412581
    0.0101022400
    0.0116408028
    0.0133763360
    0.0067662649
   -0.0108411243
    0.0139275318
    0.0085578548
   -0.0053950321
    0.0117787994
    0.0149291961
    0.0019437485
    0.0073432383
   -0.0060136880
   -0.0118406317
    0.0138558049
    0.0063383046
    0.0162662563
   -0.0043671447
    0.0115767095
    0.0001031716
   -0.0041498853
    0.0007038593
    0.0116186520
    0.0070509887
    0.0136830755
    0.0040555023
    0.0018881822
    0.0000160642
   -0.0057812908
    0.0108131100
    0.0096223001
    0.0068049577
    0.0095768509
    0.0103944437
    0.0019956890
   -0.0082202805
    0.0028520902
    0.0021552268
    0.0029457599
    0.0152104975
   -0.0020591441
   -0.0108082257
    0.0121694485
    0.0042423363
    0.0058931553
    0.0082589850
    0.0125075944
    0.0046071936
    0.0107724401
    0.0111182308
   -0.0107326620
   -0.0041008794
   -0.0052234184
    0.0064702873
    0.0042894038
    0.0100400766
    0.0120653304
    0.0026059300
    0.0021395784
   -0.0026430021
    0.0091483368
    0.0093071827
    0.0048302560
    0.0151590377
   -0.0061796264
    0.0029355230
   -0.0017334766
   -0.0009108438
    0.0044484180
    0.0080111699
    0.0073229512
    0.0046127429
    0.0046071047
    0.0081968082
    0.0099246454
    0.0054720868
    0.0156212516
    0.0041148784
    0.0132362052
    0.0038649046
   -0.0153895590
    0.0081591686
    0.0035428297
    0.0069365039
   -0.0017242157
    0.0023963184
   -0.0028601489
    0.0024619935
   -0.0025898609
   -0.0032580665
   -0.0054923773
   -0.0024129549
   -0.0015758286
    0.0034388158
    0.0072620944
   -0.0138883395
    0.0025128287
    0.0034772537
    0.0015334139
    0.0033300785
    0.0008203707
   -0.0000632342
   -0.0032805128
    0.0000889937
    0.0058822448
   -0.0114164612
    0.0041062503
    0.0031831161
   -0.0001993903
   -0.0021621139
    0.0045328971
    0.0071222544
   -0.0076101492
    0.0053878635
    0.0000875447
   -0.0077502785
    0.0034199531
    0.0005400467
   -0.0008579469
    0.0037196857
    0.0061974072
   -0.0033714722
    0.0072608383
    0.0067686813
    0.0035870871
    0.0002240764
    0.0016921658
    0.0031895187
   -0.0044628681
    0.0005754084
    0.0060365147
    0.0054391887
   -0.0103324029
    0.0006355773
   -0.0116187748
   -0.0014982654
   -0.0083486791
   -0.0022529292
    0.0029713187
    0.0031275396
    0.0021192832
   -0.0139943123
    0.0049879126
   -0.0102701786
   -0.0001210124
    0.0012793978
   -0.0056197091
    0.0078053944
    0.0008258305
   -0.0096922132
   -0.0016339862
    0.0030438761
    0.0017804218
    0.0017289925
    0.0060216584
    0.0028897648
   -0.0026408665
    0.0080882945
    0.0025645860
    0.0078165604
    0.0027808620
   -0.0088556493
    0.0002667788
   -0.0006447208
    0.0024988268
    0.0023424101
    0.0043316010
    0.0005099106
   -0.0093411445
   -0.0021398009
    0.0008498494
   -0.0056791036
    0.0064827903
    0.0017092785
   -0.0085690207
   -0.0026886431
    0.0035465233
   -0.0043394678
    0.0055389925
   -0.0023131682
   -0.0038199177
    0.0042452425
   -0.0007020872
    0.0041510960
   -0.0088374616
   -0.0117577800
   -0.0080228762
   -0.0010721033
   -0.0001491907
    0.0035930626
    0.0001517397
   -0.0034334988
    0.0029429080
   -0.0195605744
    0.0061462282
    0.0037536625
    0.0023851567
   -0.0003881572
   -0.0000248911
   -0.0040362325
    0.0084508712
   -0.0004662042
    0.0008622151
   -0.0053788238
    0.0012647499
    0.0048926855
   -0.0048103329
    0.0050104235
   -0.0030286929
    0.0054375171
   -0.0044050434
    0.0022542218
    0.0014413639
    0.0021281963
   -0.0011560501
    0.0011431318
    0.0027837419
    0.0023581735
    0.0002725886
    0.0003042714
   -0.0183104057
   -0.0074826341
    0.0006602493
    0.0073019609
    0.0019857753
    0.0003147855
   -0.0049715174
   -0.0019067011
   -0.0070716713
    0.0059407488
    0.0049019889
   -0.0074075141
   -0.0029550698
   -0.0082069424
    0.0074869668
   -0.0163463458
    0.0068656984
    0.0121964141
    0.0150810817
    0.0111463693
    0.0133499383
    0.0137539479
    0.0138793067
    0.0111531681
    0.0122715576
    0.0118474508
    0.0112211648
    0.0115207927
    0.0125065499
    0.0124493081
    0.0110905000
    0.0125505705
    0.0126110227
    0.0113518802
    0.0129847661
    0.0116041380
    0.0133043696
    0.0117975370
    0.0128973857
    0.0137796980
    0.0116043811
    0.0121623418
    0.0131611195
   -0.0074598623
   -0.0043644944
   -0.0032301205
   -0.0066833527
   -0.0016476048
   -0.0020772197
   -0.0039577866
   -0.0020072825
   -0.0006334700
   -0.0100019570
   -0.0077224207
   -0.0034080014
   -0.0030955058
   -0.0058681412
    0.0056173544
    0.0056974576
    0.0062275733
    0.0067675702
    0.0055117713
    0.0052833364
    0.0059558467
    0.0048791443
    0.0064055497
    0.0047851017
    0.0068989368
   -0.0078985836
   -0.0038318791
   -0.0047130348
   -0.0096400107
   -0.0056766219
   -0.0096066142
   -0.0050957649
   -0.0068627812
    0.0131425080
    0.0147391674
    0.0136032769
    0.0125014769
    0.0126360460
    0.0118901117
    0.0113262339
    0.0117238497
    0.0127113225
    0.0145617504
    0.0148239364
    0.0135355809
    0.0123733576
    0.0130480132
    0.0139634209
    0.0120825988
    0.0138209050
   -0.0029883028
    0.0006688235
   -0.0015409217
   -0.0005349663
   -0.0020892920
    0.0134482453
    0.0149112733
    0.0116247683
    0.0122338974
    0.0131228615
    0.0139062796
    0.0120109942
    0.0122349609
    0.0140023868
    0.0105112992
    0.0122177251
    0.0139397434
    0.0128393762
   -0.0220905806
   -0.0184410598
   -0.0159153316
   -0.0172191917
   -0.0173539767
   -0.0106366587
   -0.0202962933
   -0.0128412493
   -0.0205733688
   -0.0210974683
   -0.0218416687
   -0.0201942931
   -0.0224341507
   -0.0224810614
   -0.0134264456
   -0.0194370665
   -0.0125939071
   -0.0140599049
   -0.0213921377
   -0.0213657337
   -0.0189044020
   -0.0156715868
   -0.0223801211
   -0.0125383546
   -0.0216339995
   -0.0142860232
   -0.0196642811
   -0.0222558568
   -0.0166268257
   -0.0117113323
   -0.0223541517
   -0.0222514451
   -0.0181913720
   -0.0179720940
   -0.0131568856
   -0.0212724237
   -0.0185944497
   -0.0143251188
   -0.0212941335
   -0.0115978413
   -0.0129822158
   -0.0222932212
   -0.0133576829
   -0.0220038405
   -0.0157596490
   -0.0214703639
   -0.0132398522
   -0.0216786087
   -0.0178037233
   -0.0220656128
   -0.0217105308
   -0.0175914203
   -0.0216020546
   -0.0197601583
   -0.0108602938
   -0.0132555059
   -0.0133905327
   -0.0173379146
   -0.0102034322
   -0.0135863263
   -0.0202219939
   -0.0206218160
   -0.0195793015
   -0.0148101616
   -0.0185263024
   -0.0176725976
   -0.0142788601
   -0.0113310265
   -0.0152961732
   -0.0193127900
   -0.0215765774
   -0.0196131832
   -0.0160759788
   -0.0129444306
   -0.0144268507
   -0.0118656384
   -0.0145828348
   -0.0147739589
   -0.0164498530
   -0.0203662458
   -0.0181827655
   -0.0151329751
   -0.0169534814
   -0.0202949260
   -0.0166300378
   -0.0128771614
   -0.0148804613
   -0.0193801526
   -0.0183804653
   -0.0152071899
   -0.0196360200
   -0.0182341485
   -0.0180331177
   -0.0196350986
   -0.0168712634
   -0.0163275206
   -0.0205340960
   -0.0175970161
   -0.0224690704
   -0.0164926531
   -0.0192409405
   -0.0207990477
   -0.0149114659
   -0.0200595986
   -0.0161551759
   -0.0133226778
   -0.0209605606
   -0.0193659074
   -0.0145247622
   -0.0131952431
   -0.0205377889
   -0.0219705474
   -0.0099971739
   -0.0154523724
   -0.0097955316
   -0.0197974051
   -0.0110972230
   -0.0178070586
   -0.0199660089
   -0.0211692748
   -0.0176350920
   -0.0209036958
   -0.0193358377
   -0.0172302687
   -0.0197902903
   -0.0219208698
   -0.0099251300
   -0.0221573837
   -0.0173457703
   -0.0193291078
   -0.0133618991
   -0.0220787214
   -0.0206452733
   -0.0093511111
    0.0005886125
   -0.0055946391
   -0.0012495535
    0.0074928091
   -0.0064891610
   -0.0022649165
   -0.0075299455
   -0.0035295719
   -0.0080804693
   -0.0016209913
   -0.0096955124
   -0.0033065180
   -0.0039748717
   -0.0073145274
    0.0008203305
    0.0049098429
    0.0050538238
   -0.0067404339
   -0.0023590440
    0.0011021591
   -0.0004718313
    0.0021875461
   -0.0050362680
    0.0045063454
    0.0044782423
   -0.0100636430
   -0.0074369172
   -0.0038739194
   -0.0037286772
    0.0061051542
   -0.0012654064
   -0.0068017370
    0.0075740908
    0.0107825728
    0.0102916162
    0.0108352119
    0.0053106025
    0.0084067652
    0.0102338305
    0.0082752523
    0.0089387306
    0.0080696781
    0.0111317552
    0.0098834516
    0.0083446696
    0.0132705824
    0.0031421809
    0.0106458405
    0.0057231386
    0.0105095784
    0.0085297572
    0.0068926693
    0.0071149034
    0.0114722882
    0.0129249359
    0.0112687604
    0.0093308707
    0.0069049372
    0.0081383606
    0.0084735829
    0.0091867598
    0.0100542716
    0.0114599866
    0.0117663327
    0.0050172245
    0.0025384247
    0.0103087145
    0.0094804363
    0.0078006997
    0.0058150179
    0.0080328099
    0.0115725344
    0.0110187210
    0.0086948598
    0.0100788755
    0.0103163526
    0.0083071957
    0.0089806084
    0.0089068981
    0.0080732841
    0.0082137098
    0.0106400572
    0.0084636299
    0.0083424986
    0.0086578697
    0.0052151833
    0.0103918895
    0.0052020935
    0.0095645103
    0.0107541172
    0.0088830766
    0.0132574654
    0.0089181730
    0.0098590271
    0.0096144384
    0.0129689468
    0.0096573322
    0.0135787671
    0.0078101561
    0.0092509910
    0.0117649583
    0.0116562816
    0.0121504075
    0.0092174499
    0.0108651871
    0.0069860305
    0.0087106302
    0.0084796942
    0.0084289342
    0.0075494352
    0.0122399360
    0.0109721237
    0.0044815103
    0.0032249705
    0.0079641993
    0.0107795206
    0.0120141455
    0.0098327045
    0.0083240507
    0.0103528136
    0.0090642977
    0.0095370845
    0.0125654704
    0.0103750353
    0.0120075085
    0.0081986632
    0.0134036930
    0.0113595114
    0.0086816603
    0.0113583961
    0.0114342095
    0.0093130057
    0.0132151118
    0.0120537929
    0.0105489197
    0.0101351360
    0.0082895425
    0.0096889871
    0.0079787625
    0.0089339016
    0.0066629513
    0.0093841775
    0.0119209207
    0.0123256180
    0.0089990299
    0.0111565883
    0.0111980172
    0.0084588264
    0.0116515190
    0.0105129703
    0.0111337640
    0.0111605422
    0.0088317728
    0.0106865988
    0.0021362245
    0.0034022905
    0.0001016311
    0.0057129015
    0.0035645871
    0.0103622457
    0.0123984083
    0.0033775476
    0.0109133174
    0.0060716912
    0.0113989340
    0.0067130294
    0.0054819272
    0.0025686515
   -0.0056740546
    0.0081365922
    0.0055787601
    0.0096462864
    0.0043297331
   -0.0091731705
    0.0031367302
   -0.0011789892
    0.0079389843
    0.0054511495
    0.0113340838
    0.0119984152
    0.0069727457
    0.0085665869
    0.0004638251
    0.0028608942
    0.0034158252
    0.0104312363
    0.0009600054
    0.0066209708
    0.0082597198
    0.0125267773
   -0.0004933135
    0.0108060903
    0.0074413765
   -0.0042493463
    0.0121491298
    0.0023788059
    0.0061834929
    0.0014223507
   -0.0054585296
    0.0013588505
   -0.0051512686
    0.0102420873
    0.0081791075
    0.0085583889
    0.0062444619
    0.0070757076
    0.0022872757
   -0.0062691428
    0.0045477018
   -0.0082386619
    0.0120526410
    0.0067861234
    0.0104498511
    0.0095113173
    0.0086884555
   -0.0031096959
    0.0101761877
    0.0086176110
    0.0093318962
    0.0099151129
    0.0084974897
    0.0076260676
    0.0095737831
    0.0015538791
    0.0022109630
    0.0043977223
    0.0054569932
    0.0101294132
    0.0068520358
   -0.0055026394
    0.0111800686
    0.0095005014
    0.0061520481
    0.0063345538
    0.0059751133
    0.0095549801
   -0.0066273605
    0.0111793612
    0.0064094054
    0.0040069579
    0.0078145396
    0.0123185391
    0.0089451278
    0.0083279720
    0.0017357169
    0.0054178958
    0.0060771273
   -0.0051601796
    0.0048713956
   -0.0067483504
    0.0031065313
   -0.0055637135
    0.0029887254
    0.0098720668
    0.0026671070
    0.0022626206
    0.0122274903
    0.0108577768
    0.0006397977
    0.0051627667
    0.0124140304
    0.0099981115
    0.0037505814
   -0.0038073732
    0.0131319261
    0.0103702388
   -0.0000970635
    0.0116160044
   -0.0060273867
    0.0013460110
   -0.0106114112
   -0.0040459281
    0.0084425357
   -0.0028728724
    0.0125691666
   -0.0016463327
    0.0093914127
    0.0136989468
   -0.0004387228
    0.0059563994
    0.0009643453
   -0.0002817268
    0.0102798107
    0.0067081958
   -0.0009662355
    0.0085319745
    0.0040923596
    0.0083786523
    0.0072439041
    0.0093991710
    0.0011453756
    0.0068269893
    0.0032279976
    0.0034774300
    0.0106983645
    0.0112836313
    0.0090019369
   -0.0027109155
    0.0101289994
    0.0088884133
   -0.0114427159
   -0.0001240956
    0.0051248087
   -0.0004237726
   -0.0022626099
   -0.0037909730
    0.0027000464
    0.0106973519
    0.0063553264
    0.0120416071
    0.0109143137
    0.0112082513
    0.0109112020
    0.0053026101
    0.0091372979
   -0.0077564094
    0.0091153823
    0.0098589402
    0.0050337480
    0.0089604512
    0.0121058772
    0.0077312778
    0.0076184560
   -0.0017413365
   -0.0074250874
    0.0012925542
    0.0080929902
    0.0090263517
    0.0050040725
    0.0085493977
    0.0097547514
   -0.0000167989
    0.0065487485
    0.0016911107
    0.0046598510
    0.0013750786
    0.0114225256
    0.0079816104
    0.0077743042
    0.0113344094
   -0.0058601775
    0.0074951815
    0.0112554663
    0.0108176917
    0.0078467315
   -0.0059884621
    0.0036536751
   -0.0050176531
    0.0096639089
    0.0129511763
    0.0087701051
    0.0049162890
    0.0075353886
    0.0037141092
    0.0095369635
    0.0053716194
    0.0070588204
    0.0082787713
    0.0113821051
   -0.0084257331
   -0.0037541131
    0.0099157808
    0.0099748272
    0.0058045083
   -0.0015354647
    0.0088629933
    0.0092764961
    0.0082401259
    0.0110358565
    0.0062978349
    0.0057827183
    0.0039711240
    0.0028491028
   -0.0033483884
    0.0053007531
    0.0082064380
    0.0092425410
   -0.0012612001
    0.0037999728
    0.0062774627
    0.0096660755
    0.0070471494
   -0.0054653966
    0.0127252042
    0.0016411204
    0.0110420150
    0.0122173706
    0.0082577462
   -0.0060911699
   -0.0085406743
    0.0091428563
    0.0013449250
    0.0124033694
   -0.0006751589
    0.0102378890
   -0.0040638279
    0.0065359707
    0.0051176319
   -0.0013604608
    0.0000126085
   -0.0165668736
   -0.0075311615
    0.0033569476
    0.0007973378
    0.0056567920
    0.0015049606
   -0.0027426630
   -0.0032324445
    0.0031572014
   -0.0174192350
   -0.0008875427
   -0.0005073126
    0.0025713496
   -0.0002968505
    0.0044541800
   -0.0006669670
    0.0045148253
    0.0015785754
   -0.0008048918
   -0.0115059515
   -0.0006456478
    0.0033427475
   -0.0024835154
    0.0016985045
   -0.0061013364
   -0.0103896988
   -0.0114197022
   -0.0082095868
    0.0030825743
   -0.0014680590
    0.0004017289
   -0.0052257161
    0.0034378385
    0.0044973361
   -0.0002026350
    0.0049041768
    0.0004652147
   -0.0022349106
    0.0054005539
    0.0059668389
    0.0040872940
    0.0043285792
    0.0024971081
   -0.0041163150
    0.0054516023
   -0.0127237915
   -0.0011750204
    0.0061404213
   -0.0098404240
    0.0000286676
    0.0044523655
   -0.0064182936
    0.0018283744
   -0.0109352766
   -0.0029265000
    0.0022479619
   -0.0084810213
    0.0055340436
    0.0071834512
    0.0031013383
   -0.0084451269
   -0.0038334062
    0.0056063287
   -0.0066976904
   -0.0055001551
    0.0062164008
    0.0064939563
   -0.0098080615
   -0.0063776953
    0.0057029339
   -0.0041373959
   -0.0052027965
   -0.0020772406
    0.0040776562
    0.0059695511
    0.0060046583
    0.0020638956
    0.0048123534
    0.0031291409
    0.0062015140
   -0.0015406939
    0.0023014753
   -0.0085180622
   -0.0003349091
    0.0004866966
   -0.0053938438
    0.0015505225
    0.0053479731
   -0.0021016134
    0.0007385254
   -0.0007625192
   -0.0063372691
   -0.0013949466
   -0.0016839583
    0.0012662210
    0.0019444496
   -0.0006272754
   -0.0023610397
   -0.0003608158
   -0.0005748845
   -0.0005111455
   -0.0012669605
   -0.0021763919
    0.0010596182
   -0.0042351883
   -0.0066159304
    0.0011705262
    0.0052176499
    0.0022914398
   -0.0001177402
    0.0070155961
    0.0017921792
    0.0011708323
   -0.0039235515
   -0.0117301525
   -0.0022021574
   -0.0055330093
    0.0049350235
    0.0047462139
    0.0075966160
   -0.0008584236
   -0.0030786044
   -0.0146222067
    0.0067392413
   -0.0103634598
   -0.0088506215
   -0.0022521126
    0.0044392398
   -0.0014099395
   -0.0040818977
   -0.0037537735
   -0.0027937050
    0.0040341490
    0.0022241217
    0.0018815783
    0.0064223483
    0.0049733487
    0.0000704522
    0.0046063694
   -0.0011934024
   -0.0067761652
    0.0057950828
   -0.0059561769
   -0.0002809381
    0.0011840061
    0.0011361029
   -0.0027041817
   -0.0059559030
    0.0013887505
    0.0020904546
    0.0053453113
   -0.0003005881
    0.0009972003
    0.0061537123
   -0.0014041894
   -0.0179874499
   -0.0003797582
   -0.0001489340
    0.0010788419
   -0.0061576029
    0.0041463222
   -0.0058234293
   -0.0020327173
    0.0014346524
   -0.0005639310
    0.0047564755
   -0.0152051211
   -0.0018568652
   -0.0016845192
   -0.0067143092
    0.0070588894
    0.0050497173
   -0.0014856715
    0.0047651775
   -0.0134265360
   -0.0043129598
    0.0021533390
    0.0062771235
   -0.0035442213
   -0.0126353598
    0.0032239350
   -0.0001054036
   -0.0001720026
   -0.0071905168
    0.0052164336
    0.0037942508
   -0.0057421444
   -0.0046108414
   -0.0017200724
    0.0033504657
    0.0014819159
    0.0062139762
   -0.0010265648
    0.0000377894
   -0.0021217161
    0.0056678729
    0.0008788171
    0.0067929853
    0.0025407686
    0.0002041421
   -0.0003197678
   -0.0029941008
    0.0040287844
    0.0042328657
    0.0016917812
   -0.0028472455
   -0.0020607395
   -0.0011441580
   -0.0021942353
   -0.0005812716
    0.0032729016
   -0.0067997251
    0.0067153219
   -0.0045141288
   -0.0148320766
   -0.0009790335
    0.0002571500
    0.0001742303
    0.0046636134
   -0.0143393385
    0.0036995985
    0.0047617320
   -0.0034156810
    0.0053936969
   -0.0073575644
    0.0014472891
   -0.0063882263
   -0.0147340983
    0.0039710001
   -0.0022552198
   -0.0154011528
    0.0013566662
    0.0026824752
    0.0052174508
   -0.0083205539
   -0.0083182024
    0.0055458810
    0.0008610126
   -0.0109084886
    0.0003608272
   -0.0034214576
   -0.0005696382
    0.0014347680
   -0.0052951497
    0.0025468538
    0.0011912081
    0.0002727580
    0.0009297097
    0.0074048235
   -0.0083328917
    0.0051764913
    0.0016408928
   -0.0116560855
   -0.0173402316
    0.0012210348
    0.0027499403
