-5.022760 -0.634141 0.343629
-3.911110 0.243797 1.556251
-4.785558 -0.422954 0.978540
-4.931337 0.444784 -0.473709
-4.466588 1.002908 -0.621817
-4.349829 0.804089 -1.021139
-3.943140 -0.076908 1.599248
-4.786696 0.626139 -0.613232
-4.732926 -0.845413 -0.845845
-4.927606 -0.900755 0.307605
-3.895960 1.295985 0.668595
-4.484590 0.615236 1.052705
-4.392354 -0.708123 1.278851
-4.746590 -1.205720 -0.257503
-4.915310 0.529905 0.394876
-3.787084 0.920781 -1.226463
-4.843178 -1.075622 0.233426
-4.132552 0.579988 1.330741
-4.921768 0.267572 0.661705
-4.009532 1.203340 0.771554
-4.163378 0.138025 -1.486678
-4.609224 0.871227 -0.606398
-4.656311 0.444343 -0.984556
-4.645828 0.743209 0.726993
-4.622787 -0.087940 -1.194967
-3.611851 0.443922 1.550451
-4.262324 -0.102462 -1.466766
-2.354925 -1.656587 1.878044
-3.222337 -0.627162 2.050206
-1.839767 -1.667286 -1.712034
-2.472660 -1.928795 1.729840
-4.625051 -1.445195 -0.338644
-2.871028 -2.163211 1.534046
-2.265995 -2.295512 -1.357481
-2.981273 -1.635522 -1.886514
-2.356364 -2.444821 1.185668
-3.545960 -2.632439 0.153512
-3.985749 -0.351126 1.625508
-3.120382 -1.869748 1.719153
-3.857472 -2.081860 1.092390
-4.442474 -1.851467 -0.178621
-3.468786 -1.121555 1.922718
-3.575633 -0.230149 -1.861554
-3.134708 -0.475972 -2.062041
-3.610710 -2.257145 -1.100982
-2.048891 -1.119177 1.995484
-2.674794 -2.763773 -0.535455
-2.654264 -1.713258 1.873073
-2.962248 -0.609508 2.103710
-3.378121 -0.922338 1.990474
-4.248900 -1.744625 -0.958811
-3.738026 0.011996 1.688156
-2.651167 -2.829511 0.105814
-3.414664 0.356967 -1.683164
-3.448409 -2.395692 1.021395
-3.165590 -2.704321 0.520408
-2.838857 -1.410439 -1.999779
-2.921364 -0.434167 -2.094905
-3.667960 -0.027266 -1.747571
-3.019384 -0.156554 -2.024983
-3.367960 -2.683609 0.327849
-2.792131 -0.880642 -2.116955
-2.252295 -1.127773 2.044889
-3.486362 -2.028174 -1.446519
-3.789424 -2.465060 0.386951
-3.022305 -2.703967 -0.630803
-1.869626 -2.591566 0.585092
-3.235971 -2.415262 1.125516
-2.719637 -2.796786 0.381281
-3.098298 -0.384258 2.057002
-3.752232 -2.351597 0.786621
-4.516863 -1.741995 -0.009921
-3.892889 -2.180142 0.909332
-3.586650 -2.040305 1.371703
-4.505754 -1.140446 0.962854
-2.006611 -1.531596 -1.849246
-4.118706 -1.278708 -1.438476
-2.093351 -1.139109 -2.005238
-2.544615 -0.466390 -2.112030
-3.425261 -0.740965 1.984496
-2.803307 -0.049409 2.051843
-3.207309 0.535043 1.708926
-1.910820 0.406267 2.342544
-1.381747 -0.723498 2.220007
-3.082051 0.837854 -1.716869
-0.940012 -0.192530 2.266353
-2.201508 -0.609829 -2.188489
-2.199480 0.904468 2.163774
-1.725025 -1.382429 1.853071
-1.722803 -0.212333 -2.354326
-1.924117 -1.147497 1.998001
-1.757620 -1.211245 1.976406
-1.064490 0.482751 2.288257
-1.936747 -1.051161 -2.051119
-3.054340 0.489683 -1.848133
-2.878453 0.168848 2.011286
-1.836250 0.575947 -2.320920
-2.184930 0.467133 -2.279132
-1.394412 0.330855 2.361226
-1.260603 0.132375 -2.353579
-1.491171 0.063766 -2.375693
-1.898801 -0.811258 -2.174621
-1.002416 -0.018972 -2.297647
-1.485572 -0.456161 2.310263
-3.303190 0.991710 -1.413545
-0.909832 0.687211 2.202146
-2.020398 -0.207045 2.323498
-1.537491 0.312740 -2.369027
-1.747839 -0.941252 2.132778
-2.758402 1.033388 -1.863987
-2.096559 -0.442005 -2.261868
-1.800598 -0.459672 2.304290
-0.888539 0.926803 2.117564
-0.994140 0.039220 2.300221
-1.894214 0.255072 -2.356698
-1.097624 0.818458 2.214998
-2.122792 0.702938 2.246738
-1.054855 0.520281 -2.277187
-2.117701 1.021771 -2.135842
-1.245067 -0.538257 -2.260954
-0.817647 -0.292810 2.297229
-1.223241 -2.818348 -0.409615
0.532096 -2.776185 -0.685176
-0.465224 -3.024827 0.207150
-0.480066 0.293252 2.175495
0.054855 -2.979329 0.382723
-1.623140 -2.644113 -0.030592
-0.969048 -2.892853 -0.489424
0.922049 -2.523667 0.817263
0.452416 -2.908108 0.150704
-1.573844 -2.591063 -0.578654
0.288419 -0.542831 2.301180
-0.177229 0.290571 -2.177556
0.919137 -2.680529 -0.252473
-0.792565 -2.989169 -0.042209
-1.020895 -2.930432 -0.006659
1.008940 -2.503694 -0.719562
-1.169688 -2.775224 0.669879
-0.714821 -2.964010 0.433602
-0.187221 -0.524494 2.373778
-0.846341 -2.966825 -0.224578
-0.166300 -0.224162 2.336293
0.748499 -2.665330 0.719142
-0.253815 0.275600 2.188942
0.069935 -0.173825 2.299521
-0.627690 -2.986880 -0.378897
0.779350 -2.774206 -0.029775
0.870331 -2.668039 0.482635
-0.169910 -3.030167 -0.144939
0.297189 -0.360454 2.282376
-2.594076 1.180066 1.936126
-1.021743 3.189978 -0.642911
-1.184724 1.980515 -1.939476
-1.392494 3.343844 0.425758
-2.448748 2.675407 1.435034
-0.590316 1.937953 -1.682453
-0.956774 1.982452 1.859768
-3.772394 1.839294 0.051931
-2.792485 1.279075 -1.837788
-2.140435 3.162079 -0.909341
-2.524760 3.156169 -0.613800
-0.425014 2.658098 -0.984830
-2.237283 1.458245 2.055884
-2.217123 1.421414 -2.064888
-0.895241 3.191194 0.463676
-1.385015 1.304146 -2.102225
-1.438573 3.210495 -0.861518
-0.835101 2.807388 1.194820
-3.531686 2.375938 0.223606
-0.917863 2.583537 -1.483903
-1.988910 2.035967 1.971901
-0.829970 1.741754 1.878138
-0.262685 2.827654 -0.167449
-1.995782 1.187298 -2.108252
-0.846209 3.032900 0.842556
-2.750929 2.862115 0.986468
-3.023456 2.880097 -0.530122
-3.612161 1.522571 0.940792
-3.364363 1.533846 1.325195
-1.725569 3.410369 0.097925
-2.397533 3.251282 0.446436
-0.702040 3.124981 0.328294
-1.957624 3.376135 -0.312083
-1.808717 1.946016 -2.021240
-1.387528 1.995907 -1.978732
-2.606657 2.503691 1.500618
-2.904832 2.403282 1.366840
-1.614914 1.419138 -2.121841
-2.205185 1.656318 2.037388
-2.180332 3.203845 0.794323
-0.164199 2.179912 1.144232
-1.082978 1.488043 2.020013
-1.737635 2.345219 1.844161
-0.125299 2.688510 0.136995
-3.193960 2.749858 -0.453339
-3.275371 1.311747 1.449946
-0.434595 2.918213 -0.460183
-0.694085 3.012230 0.702391
-2.003513 1.915601 -2.012873
-3.799976 1.460238 0.406183
-3.007952 2.734661 0.873158
-1.465522 3.350138 -0.445759
-1.669843 3.220286 -0.883446
-1.824520 3.380366 0.353208
-3.323994 2.081269 -1.148043
-0.984067 2.939273 -1.119148
-2.541960 2.877639 -1.146453
-3.230266 2.491691 0.886154
-2.376944 1.569767 -2.004050
-2.751765 1.949265 1.736983
-3.075466 2.804389 0.614005
-1.169492 3.106035 0.953026
-2.407090 2.752355 -1.379129
-2.585994 1.484880 -1.933488
-3.564046 2.280053 -0.363902
-0.544465 1.427241 1.768391
-2.302035 3.309404 0.296749
-1.186128 1.747074 -2.008367
-3.287228 2.653144 0.441073
-1.553911 2.081307 1.965744
-2.550735 1.124848 -1.952657
-3.081525 1.606942 -1.602812
-0.615816 1.322753 -1.820178
-2.956289 2.730240 -0.952917
-1.876068 3.196385 -0.921992
-1.135359 2.452523 1.679938
-3.722706 1.973309 -0.194981
-3.406326 1.089033 1.280679
-2.692261 3.147970 -0.329999
-3.484735 2.221090 0.728968
-2.931873 1.257766 1.747419
0.056137 2.426177 0.274298
-1.703456 1.865824 2.046421
1.016821 2.603398 -0.100864
1.187380 -0.154944 2.334736
0.511241 0.027156 2.335145
1.265437 2.570863 -0.238481
0.778688 -0.852748 2.115875
1.854825 2.418545 -0.023757
0.222852 0.088011 -2.269216
1.056630 -0.100122 -2.353592
1.933922 0.453208 2.144492
0.915483 -1.055174 -2.004723
1.655015 0.001133 -2.254209
0.639540 -0.395624 2.279250
0.387943 -0.276849 -2.262657
1.177941 -0.609090 2.214132
0.493526 -0.137624 -2.311520
0.142753 2.438477 0.401406
0.183042 2.479771 0.195555
1.663031 2.457780 -0.382524
0.307502 0.229361 2.298322
1.851779 2.357603 0.519396
-0.124320 0.439881 2.125116
1.682249 2.476910 0.179265
0.856544 -0.467731 -2.275016
0.506526 2.549005 -0.312412
1.375636 -0.267865 2.284331
0.250261 2.420631 -0.629510
-0.149364 -2.138960 -2.316820
0.801970 -1.133165 -2.094585
-0.179395 -2.566795 -1.973487
-0.639990 -1.837619 -2.429838
0.344655 -2.243342 -2.091537
0.173403 -2.836992 -1.364971
0.362411 -2.842273 -0.960276
-0.948052 -2.848879 -1.148813
-0.779304 -2.663303 -1.757228
-1.241092 -1.170269 -2.267269
-1.180652 -1.961047 -2.159081
-1.699322 -1.856110 -1.669008
-0.426963 -2.458432 -2.090030
-1.235608 -1.612236 -2.246221
0.743815 -2.582310 -1.118095
0.662725 -2.351465 -1.738525
0.528800 -2.623783 -1.474384
-1.459175 -2.360938 -1.532116
-1.632599 -2.079536 1.595334
-0.163042 -2.813212 1.605000
-0.810565 -1.855179 2.381299
-1.108483 -2.421201 1.858627
0.838019 -2.042778 1.831843
-0.886078 -1.681810 2.407198
0.322305 -2.852964 1.039036
-0.044949 -1.838014 2.437078
0.507857 -1.264721 2.323192
-0.689410 -1.105150 2.493551
-0.691006 -0.914842 2.457321
-1.297377 -1.933833 2.089531
0.244801 -1.359827 2.445199
0.424622 -1.494338 2.357682
-0.077613 -2.918082 1.296099
-1.327838 -2.661939 0.816223
-1.157988 -1.685680 2.278282
0.834425 -2.309322 1.559638
-0.151544 -0.872823 2.477970
-1.028712 -2.115746 2.164955
0.538091 -1.971505 2.147021
-0.182089 -1.567564 2.520583
-0.437623 -0.943383 2.501348
-0.620575 -2.596493 1.910237
-1.103575 -2.796524 1.007202
0.056854 -2.412651 2.077185
0.589694 -2.470272 1.668124
-0.870654 -2.896097 1.014377
0.020570 -0.930839 2.464767
-0.208677 -2.114384 2.338232
2.980146 -0.354796 2.243742
3.426601 -2.594536 -0.397708
1.677089 -2.874465 -0.338533
1.550601 -0.275361 -2.263360
3.950657 -1.918495 0.939448
1.504052 -0.324328 2.255031
1.339056 -0.687491 2.208398
2.296397 -0.159667 -2.341060
3.812536 -2.334033 -0.241733
3.460101 -2.501988 -0.663465
2.988530 -2.803559 -0.372160
2.335436 -2.953900 0.159029
1.259185 -2.614210 -0.782214
1.158038 -2.703472 0.190665
1.929271 -2.911607 0.391123
3.956671 -2.160328 0.396134
1.982683 0.161013 -2.248645
2.425044 -2.930432 -0.327742
3.585400 -2.488430 -0.406846
1.285546 -0.647326 -2.188041
1.035418 -2.461993 0.852666
0.874165 2.123176 -1.994184
1.472234 0.408252 -2.374263
-0.011250 0.514199 -2.230234
0.146279 0.332144 -2.265157
-0.321720 1.582254 -1.780155
1.548944 1.620291 -2.226625
1.025939 2.416403 -1.530136
1.154569 0.552771 -2.494730
2.069793 1.681027 -1.765720
1.352544 2.216321 -1.775727
1.816371 2.253296 -1.168617
-0.167728 0.856472 -2.163527
0.136853 2.358006 -1.091849
0.839351 2.556197 -0.809191
0.336579 0.626492 -2.429058
0.316737 0.355119 -2.352629
1.105244 2.545554 -0.882435
0.366545 1.918893 -2.072723
1.272842 1.998231 -2.061716
0.010743 1.061430 -2.280121
0.892240 0.300488 -2.443897
1.705914 1.207635 -2.303016
-0.243547 1.939929 -1.489511
1.014365 0.704101 -2.533399
1.271613 1.808477 2.215511
0.188664 0.406121 2.313123
-0.288016 1.243050 1.996772
0.123340 2.320353 1.240867
2.092286 1.671795 1.745338
0.566985 2.432903 1.410091
-0.340163 1.383525 1.880771
1.874754 1.795171 1.882714
0.191714 2.287767 1.444957
1.881800 2.105199 1.461889
1.433454 2.368891 1.429690
1.131658 2.184639 1.897584
-0.129666 1.779527 1.841153
2.013082 1.862201 1.651740
0.189000 1.174014 2.359545
0.280282 2.122115 1.810793
1.897647 1.138150 2.193247
0.035800 1.085624 2.292048
-0.048061 1.251643 2.202116
4.686344 -0.019849 2.018554
2.749630 0.175510 -2.266748
4.701164 -0.886733 1.655094
3.550792 2.669348 -0.157691
3.965990 -1.246168 1.742072
4.626935 -0.374849 1.966143
4.738130 2.307480 -0.036503
4.386109 -0.652368 1.979213
3.400925 0.089099 -2.370538
3.344073 -0.539206 2.224804
4.619622 2.216327 -0.804855
4.206386 -1.438043 -1.452969
4.904974 2.006503 0.817659
5.352182 1.632718 0.566663
5.520031 1.172254 0.823776
3.576800 2.607691 0.554985
5.074506 1.997936 0.426213
2.297307 2.134017 -0.959327
5.253329 0.610350 -1.540777
4.017525 -1.230207 -1.741502
5.661222 0.841978 0.740638
3.739474 -1.372584 1.674511
4.557287 0.412206 -2.112547
4.516697 2.431602 0.026500
2.604336 2.388670 0.735840
2.479283 2.460298 -0.077703
3.872166 -0.096588 -2.312515
5.721700 1.044734 -0.133112
5.765087 0.732266 -0.436649
3.534068 -0.585844 2.209089
2.524548 2.429629 -0.474900
4.313664 2.420860 0.656622
4.148888 -1.833303 0.814720
3.979397 -0.945356 1.964277
4.337775 -1.303153 1.531766
5.277079 0.248398 -1.544367
3.471360 -0.082778 2.349196
4.303344 -1.559873 1.232235
4.035262 2.606769 0.036762
3.734497 2.630987 -0.375412
5.044090 -0.091442 -1.739774
5.101802 -0.373991 -1.594505
4.676389 2.269848 -0.552266
3.238027 -0.049113 2.343280
2.647037 2.529413 -0.071734
4.993711 0.583066 -1.803070
4.356252 -0.262662 2.135065
4.182063 -1.887462 -0.620581
4.312059 -1.522909 -1.281356
2.790195 2.488077 -0.634583
4.744480 -0.503530 -1.842101
2.628812 2.492536 0.371349
2.886695 2.601478 -0.115778
5.387300 0.258415 1.404257
3.947473 -1.511676 -1.471895
5.631333 0.273330 0.988003
4.966685 0.316083 -1.847946
5.201616 0.393248 -1.626513
3.231899 2.653475 0.227424
5.186221 1.261762 -1.332407
5.093713 0.940724 1.612218
3.058871 2.566032 0.587308
4.679678 -0.524439 1.875502
4.476048 -0.913863 -1.784043
4.036421 2.588013 0.293474
2.295226 2.285002 0.579847
5.072362 0.138149 -1.749866
5.220279 0.987701 1.452129
5.276589 1.677441 -0.692881
5.531482 0.640947 1.131347
4.419016 0.311759 2.180534
2.305707 -2.911912 -0.921736
3.449185 -1.779277 -1.899007
2.496236 -2.644162 -1.745593
2.450445 -0.757534 -2.466421
3.264840 -2.555063 -1.026260
1.883346 -1.222477 -2.511306
1.690913 -2.643343 -1.601595
3.469134 -1.430950 -1.996295
1.396761 -2.573732 -1.433863
1.252795 -2.567723 -1.136821
2.623782 -2.846588 -1.141320
2.817003 -2.611533 -1.637927
2.472362 -0.941412 -2.507128
1.671633 -1.705936 -2.378702
1.034485 -2.288121 -1.380229
1.232972 -1.970227 -1.995772
1.540513 -2.761784 -0.840257
1.925414 -0.963807 -2.497617
3.117223 -2.412987 -1.682352
3.257898 -2.128881 -1.860923
1.873524 -1.661312 -2.452552
3.293111 -2.489651 -1.235904
2.405727 -2.203456 -2.231297
3.002076 -2.728627 -0.947451
3.539616 -2.099916 -1.486305
1.000601 -2.109677 1.591267
3.153559 -2.444204 1.591564
1.307053 -2.592667 1.196869
1.067515 -2.284384 1.457532
2.264460 -2.382090 2.095460
2.400730 -1.835487 2.429551
3.440883 -1.787624 1.904596
2.471634 -2.896601 0.932422
2.012446 -1.809535 2.431214
2.754747 -2.812042 1.126725
2.230352 -2.045062 2.340467
2.594570 -0.867338 2.469812
2.546938 -2.876251 0.694417
1.914827 -2.872808 0.692340
3.166094 -1.941033 2.078971
2.821322 -1.730010 2.365100
2.990931 -1.101613 2.365882
2.098088 -2.605711 1.828828
2.638924 1.982075 -1.874872
4.343250 2.270717 -1.439978
3.618278 2.607629 -0.766018
2.794429 2.216038 -1.709690
2.410436 2.181528 -1.189307
3.604418 2.001630 -2.169816
3.731768 1.548272 -2.422016
3.183056 0.335643 -2.414022
4.980363 1.146608 -1.628612
4.668688 1.716724 -1.787548
4.494021 1.839479 -1.878112
2.196725 1.457515 -1.808220
2.305157 1.879578 -1.597144
2.313599 1.681289 -1.811369
4.372852 2.363617 -0.774101
4.562776 1.947613 -1.685212
4.813754 1.949997 -1.100273
5.241545 -1.680904 0.405963
5.070876 -1.439161 -1.021824
5.517680 -1.115186 0.917872
4.576341 -1.710649 -0.896715
4.580736 -1.457372 1.202233
5.507053 -1.473654 0.397909
5.547498 -1.031345 -0.952083
5.169282 -1.713979 -0.442318
5.813466 0.245355 -0.658698
4.372819 -1.972003 -0.205623
5.768899 -1.187292 -0.287739
5.924023 0.320904 0.107447
4.689764 -1.801619 -0.692457
5.875298 -0.455425 -0.728764
5.260292 -0.940838 -1.274884
4.652896 -1.954875 0.132178
5.621995 -0.415792 -1.114260
4.471740 -1.932148 0.401901
4.846129 -1.622526 0.924605
5.966160 -0.806978 0.131353
5.683632 0.164211 -0.935701
4.864616 -1.213349 -1.324190
3.763153 2.592423 0.814399
2.863744 0.339281 2.314098
3.137055 1.196953 2.496033
4.413883 0.921944 2.281367
3.383509 2.327436 1.809163
3.442973 1.164579 2.538934
3.481807 0.647406 2.530577
3.983593 1.276400 2.445989
4.820677 1.317569 1.833008
2.686942 2.342227 1.312333
3.711281 1.088393 2.534328
2.463858 0.948423 2.202269
2.882471 2.397807 1.431204
4.755147 0.895170 1.984983
2.567031 1.843555 1.941982
3.148781 0.718660 2.505222
3.111091 2.488755 1.387337
4.498561 2.281098 0.924519
4.963519 1.634710 1.293146
2.716718 1.678545 2.165890
4.843301 1.777161 1.417381
-4.302039 0.400167 -1.619300
-4.092237 1.373854 0.926635
-4.576453 -0.211720 -1.551413
-3.907845 0.989898 1.450973
-5.296846 -0.580453 0.296131
-5.029721 0.444456 0.884245
-4.423876 0.029375 1.636324
-4.995620 0.346889 -1.003406
-4.196078 0.023959 -1.756623
-5.028529 0.504085 -0.844851
-4.803042 0.214762 -1.299760
-4.272990 0.758039 -1.459365
-5.014175 -1.225024 -0.348664
-5.143271 -0.560819 0.804444
-5.088755 0.501305 0.719604
-4.875998 1.063390 0.309761
-4.168293 1.597452 0.116314
-4.616229 0.308384 1.439200
-5.311491 -0.236952 0.438384
-4.983595 -0.956300 -0.842369
-5.206718 -0.436020 -0.716090
-4.546044 0.717879 1.290962
-4.717334 0.974967 0.857310
-4.737999 -0.054798 1.411150
-4.234966 0.093692 1.726649
-5.149770 -1.044908 -0.147699
-3.907723 1.064223 -1.391375
-4.997228 0.933514 0.198839
-5.072594 -0.381317 -0.997034
-4.398038 -1.277029 1.600355
-3.372717 -1.840742 -2.028667
-4.576396 -1.313954 -1.366779
-4.432233 -0.590272 1.660171
-3.723639 -0.847557 -2.182397
-2.550657 -3.006390 -0.776794
-3.919011 0.358212 -1.788924
-3.513124 -0.295124 -2.240541
-3.893703 -2.767788 -0.363690
-3.952982 -1.324566 -1.964041
-4.334238 -2.148118 1.011284
-4.960796 -1.436437 -0.284501
-3.172693 -2.920200 0.859842
-2.319046 -3.069614 -0.451796
-3.155083 -0.451956 -2.367952
-2.701819 -1.949158 2.088280
-2.604287 -1.086823 -2.401544
-1.995842 -2.417147 -1.594337
-3.943610 -0.474965 -2.052812
-3.681649 -1.522938 2.048608
-4.083745 -2.675189 0.012734
-4.030666 -0.331719 1.973049
-3.222847 -2.292619 1.752735
-3.807776 -1.463215 -2.005220
-4.922166 -1.444668 -0.495327
-3.528945 0.330152 2.021463
-2.319078 -2.457509 1.650250
-2.944202 -1.196769 2.364007
-3.554281 -0.287172 2.222017
-4.043101 -1.627091 1.773643
-2.088804 -3.062125 -0.172132
-4.591966 -2.033254 0.641621
-3.411815 -2.779275 1.020347
-4.548418 -1.548668 1.277035
-3.661671 -1.743489 1.956410
-2.161623 -2.059252 -1.957731
-3.052039 -3.093548 0.225719
-3.350302 -0.736918 2.331023
-4.194671 -2.425748 -0.770454
-2.514118 -2.887978 1.060026
-1.863303 -2.819135 -0.899502
-3.337265 -2.868719 -0.877676
-3.272028 -1.095094 -2.321267
-3.064494 -0.896112 2.389823
-4.448841 -2.293526 -0.431134
-1.853635 -2.914994 0.614468
-2.709597 -1.409356 2.326513
-3.553261 0.246836 -2.052457
-2.612440 -1.507527 -2.295472
-1.823145 0.060949 -2.709743
-2.574396 0.164538 -2.539863
-1.555633 0.151836 -2.718036
-2.918283 0.462714 -2.354571
-1.315629 0.988005 -2.556073
-1.527345 0.501855 -2.689007
-1.445262 1.142392 -2.509256
-3.128193 0.849587 2.129507
-2.535347 0.812704 2.458191
-1.447795 -0.821119 -2.550471
-2.848111 0.131755 2.420679
-2.134307 0.372968 -2.653770
-1.166212 0.185079 -2.682005
-1.934533 0.518022 2.669833
-2.853365 -0.118552 -2.405188
-1.231247 -0.484615 -2.627040
-3.248134 1.068899 1.944546
-1.892452 -0.023336 2.702807
-0.998268 1.148316 -2.437424
-2.048113 1.141655 -2.475466
-1.571665 1.016144 -2.562446
-1.711130 -0.588024 -2.626253
-1.591994 -0.164312 -2.705183
-1.655759 0.932993 2.592440
-2.255044 0.174680 -2.639350
-0.404310 -3.362455 -0.282094
-0.619613 -3.233471 0.821920
-0.438474 -3.374668 -0.078491
-1.022237 -0.913864 -2.612124
0.355935 -3.270118 0.368043
-0.631400 -3.359669 -0.032018
-0.965082 -0.568719 -2.637827
-0.457489 -0.481681 -2.709472
0.038604 -3.318847 0.448574
-1.304626 -3.169552 0.328040
0.286127 -0.306757 2.631007
0.334231 -0.618483 -2.641292
0.393402 -3.275890 -0.230128
-0.056695 -3.344793 -0.344653
0.373576 -0.359565 -2.614618
-1.182124 -3.128498 -0.734069
0.689422 -3.101008 0.659204
-3.191043 2.651614 -1.371039
-3.130890 1.528642 -1.965463
-0.363852 1.888520 -1.927956
-2.565025 3.551475 0.243874
-0.612921 2.718956 -1.623855
-3.395225 1.656180 -1.722713
-3.916972 2.058167 -0.696002
-2.842210 2.807069 -1.528515
-1.697158 3.693576 0.332996
-3.531221 1.739326 1.555768
-1.430555 1.698925 -2.379709
-0.961514 3.488129 0.696625
-2.504594 2.805173 -1.728317
-3.719012 1.492645 1.366772
-2.632335 3.105324 1.327882
-2.713337 3.367043 -0.767990
-4.015515 2.034451 -0.277562
-2.001301 1.921633 -2.330645
-1.497589 3.702099 -0.148189
-1.859345 1.388787 -2.426318
-1.744058 2.741678 1.946444
-0.442085 1.648936 2.037116
-0.041283 3.021187 0.292059
-1.874444 1.411129 2.423078
0.010585 2.560979 -1.138832
-0.474092 3.367346 0.167362
-2.693642 2.047730 -2.093873
-3.079710 2.839079 -1.283528
-3.013222 1.426284 2.053286
-3.021586 2.966873 1.177109
-2.319110 1.859223 2.284961
-3.909475 1.887468 0.866198
-3.969729 1.660223 -0.840904
-0.695379 3.441075 -0.466997
-1.649816 3.502412 0.995105
-0.357201 2.018951 1.876071
-3.956338 2.229924 -0.117687
-0.730045 2.531641 -1.839757
-2.504067 1.903092 -2.217660
0.121310 2.826521 0.389212
-1.629494 3.344452 1.289316
-3.692160 2.248687 -1.044852
-3.948562 2.185533 -0.361733
-3.698737 2.049316 1.186407
-2.148399 3.671381 -0.183622
-1.905969 2.729316 -1.948062
-1.116275 2.111754 -2.206921
-3.274297 1.468459 -1.860922
-3.426560 2.268747 -1.425102
-2.190642 3.654728 0.272515
-0.721848 3.146368 1.205662
-3.202427 1.209016 -1.926038
-3.367146 1.295437 -1.788603
-2.236281 2.703985 -1.906453
-3.298853 1.357049 1.846596
-3.255259 3.137654 0.345460
-1.054031 3.591739 -0.388383
-0.213748 3.143008 -0.443968
-0.592379 3.348355 -0.623036
-2.332053 3.302814 1.209903
-2.221843 2.999932 1.648385
-4.064500 1.925850 0.017507
-3.386871 2.905330 0.709999
-3.906101 1.678509 0.986498
-4.062290 1.802406 -0.392744
-3.076121 1.716362 -1.971779
-3.521712 2.366336 -1.222696
-0.873574 3.564477 -0.055212
-2.218711 1.580597 -2.362184
-2.947088 2.078638 1.942330
-0.500717 2.959309 -1.276130
-1.456841 2.005049 -2.308687
-3.167394 2.274992 1.683093
-2.429587 3.526824 -0.618572
-1.285275 3.606973 0.577055
-0.521885 2.465338 1.756777
-3.235697 2.902079 -0.999154
-0.850993 2.373083 1.993664
-2.434191 3.008370 1.558671
-0.376740 2.794959 -1.354510
-0.547101 1.974339 2.015936
-1.013471 2.150416 2.159898
-0.580894 2.243268 -1.924501
-1.470700 2.523116 2.077688
-3.657633 2.598588 -0.655180
-0.101227 0.373112 -2.514039
0.533660 2.917316 0.088827
0.832383 0.130581 2.716836
0.541170 0.327611 2.690902
1.891966 2.756216 0.265389
0.941231 2.937701 -0.227259
1.300194 0.021134 -2.686106
1.667910 2.637950 1.018533
0.131833 0.254692 2.601418
1.570335 2.846532 0.351021
1.772829 0.398088 2.579448
1.414915 2.892049 -0.241910
1.062704 -0.337741 -2.656994
1.034299 -0.889478 2.478004
1.248719 -0.536452 -2.590418
1.513291 0.213500 -2.655697
0.882011 2.942935 0.147091
0.990123 -0.823465 -2.507867
0.201610 2.837271 0.247331
1.798246 2.738607 -0.575418
1.162990 -0.648879 2.564306
0.750564 2.889361 -0.529698
1.710104 2.720552 0.753577
1.822307 2.751998 0.470641
1.088331 2.898249 -0.487683
-1.027773 -0.945547 -2.614039
-1.350614 -2.719694 -1.678985
-0.433018 -2.508009 -2.364064
0.579762 -2.898443 -1.456889
0.285749 -2.946463 -1.666791
-0.530334 -1.879143 -2.688079
0.471790 -3.033497 -1.162819
-0.562707 -2.276788 -2.508717
-0.815379 -3.152008 -1.127482
-1.480684 -1.730980 -2.342049
-0.820187 -2.944012 -1.750989
0.444837 -2.474880 -2.183852
-1.094025 -1.859972 -2.538058
-1.160001 -1.156770 -2.587638
-0.655564 -3.122058 -1.420040
-1.428291 -2.424763 -1.978425
-0.358818 -1.778505 -2.727067
-0.294155 -1.040321 2.766504
-1.181681 -2.917817 1.484334
-0.089773 -2.820879 2.031279
-1.525416 -2.204349 2.073346
0.671571 -1.148539 2.497708
-0.729227 -2.650733 2.183922
-0.217463 -2.111616 2.609004
-0.705776 -1.787354 2.687954
-0.033350 -2.160500 2.564014
-1.419766 -1.483658 2.435982
-0.523855 -2.034995 2.634609
0.144614 -3.168035 1.020079
-1.177893 -1.252050 2.586516
-1.288463 -2.127978 2.315048
-1.497536 -2.688073 1.519720
-1.693039 -1.769107 2.136500
-1.040557 -2.556166 2.144170
-0.227535 -2.329406 2.492328
-1.722188 -1.557899 2.162784
-0.372431 -3.196212 1.239132
0.190568 -2.319740 2.417196
-0.947626 -1.015643 2.658783
-0.298436 -1.360211 2.785507
-0.849853 -1.616169 2.688827
1.991162 -0.049641 2.657474
2.325484 -3.294211 -0.177187
1.449745 -0.849973 -2.594984
3.618500 -2.794186 -0.740825
2.004977 -3.208659 0.673019
3.920020 -2.686643 0.280260
2.368847 0.211676 2.597263
3.914706 -2.513590 -0.891776
1.352350 -3.140459 -0.316716
1.529464 -0.278944 2.613309
3.542991 -2.625772 1.212741
1.264243 -2.939081 -0.964185
2.727143 -0.225728 -2.648510
2.351045 -3.228608 -0.613981
2.181596 -0.293323 -2.704451
2.100581 0.352613 -2.551675
1.997501 -3.285196 0.204558
2.805690 -3.159570 -0.641624
4.158076 -2.465939 0.304471
2.118541 0.141176 2.620044
1.031548 -3.028528 -0.030495
2.343692 -3.256319 0.480841
1.918240 -3.272495 -0.262472
2.286017 0.629544 2.434270
1.575164 -3.170451 -0.531917
0.902929 2.783314 -1.105431
1.587679 2.497107 -1.636049
1.022969 1.251449 -2.745732
0.000159 2.546360 -1.174103
0.923544 2.495720 -1.900622
0.991777 1.979001 -2.436828
1.652023 2.199432 -2.038939
0.428202 1.815853 -2.474189
0.407873 2.731086 -0.973834
0.264412 1.903632 -2.360190
1.320930 2.614806 -1.568771
1.057075 1.599193 -2.638923
1.416379 2.347472 -1.989253
2.141380 1.771147 -2.027134
1.515165 1.659206 -2.508856
1.410962 0.587297 -2.694048
2.047158 1.125226 -2.385830
1.571377 1.965011 -2.299632
1.867933 2.257261 -1.786841
0.722491 2.789891 -0.891916
1.497687 1.356026 -2.627220
1.113141 2.772213 -1.098242
0.703869 1.922423 -2.465693
1.978003 1.693062 2.230884
1.418154 2.723181 0.992097
2.106194 2.151122 1.649359
1.232012 2.198363 2.220966
0.466135 1.961682 2.391244
0.308807 2.703377 0.948995
0.765496 1.430955 2.700377
-0.322873 1.165856 2.318311
1.176121 2.768866 1.059521
0.634349 1.599562 2.626008
2.014388 0.913736 2.429792
-0.315835 1.896826 1.948483
1.984299 2.062993 1.919361
1.206084 2.711661 1.349004
1.263692 1.198784 2.724394
1.460937 2.663641 1.297465
0.164091 2.097015 2.154869
1.287927 0.744289 2.742142
0.855779 1.971363 2.444562
1.389926 2.503287 1.764865
0.347301 0.671289 2.693406
1.007999 2.748679 1.287979
4.550446 -2.053836 0.837008
5.986018 1.152448 0.562239
4.535634 -0.656376 2.312135
6.184536 0.386014 0.046136
3.771664 2.964375 0.429952
5.390249 1.912027 1.041610
2.612741 2.781814 -0.700876
5.414336 -0.486928 1.728992
4.734586 -0.036905 -2.383587
5.335330 1.163139 -1.776335
4.623118 -0.633590 -2.279982
3.963954 -0.835195 -2.423504
3.128239 -0.380206 2.612341
6.033003 0.280240 0.900000
2.260878 2.616560 -0.748971
6.043345 0.590029 -0.819879
5.191195 0.672078 -2.069797
5.660750 0.153700 -1.601416
4.618045 0.469420 -2.458528
5.781198 0.972678 1.257475
3.821479 0.279970 2.696222
3.507242 2.980335 -0.437871
4.345836 -1.464904 -1.877713
4.709446 -1.705895 1.358044
4.986326 -0.544057 -2.093905
3.620513 0.223222 -2.715112
4.541054 -0.159942 2.456298
4.662950 2.724304 0.264668
4.629210 -0.872788 -2.163824
4.529415 -2.135054 -0.598954
2.409288 2.754159 0.487953
2.212248 2.700465 -0.210723
3.530479 -0.240893 2.665250
3.941638 -1.612419 -1.879374
5.835248 0.332763 -1.336768
3.863681 0.051170 -2.680125
4.795399 2.645860 -0.333027
5.210291 2.377566 -0.157307
5.268000 -0.731871 1.759119
2.751136 2.917274 -0.126674
5.657010 1.737858 -0.722200
5.458325 -0.378552 -1.725463
5.960026 1.371832 0.151320
4.788465 0.587993 2.358648
4.508161 2.673201 -0.814290
3.653600 -0.085296 -2.687080
4.704259 2.662668 -0.515498
4.321898 -1.060570 -2.197308
5.152843 2.350196 -0.579128
4.323399 -0.092253 -2.552557
2.774576 2.793136 0.826761
5.594724 1.972433 -0.242255
5.958301 1.252273 -0.524462
4.463177 0.373559 2.529143
4.094663 -1.412596 -2.021411
4.391884 2.701253 0.869547
5.753797 0.717151 1.409861
2.614562 2.842413 -0.434909
2.193937 0.959928 2.310049
4.860598 2.561675 0.566647
4.882492 -0.194639 -2.270342
6.101192 0.921219 0.255580
3.797520 2.867599 -0.822583
1.403961 -2.699452 -1.787020
1.870663 -2.857418 -1.826243
3.255523 -2.514181 -1.876349
1.127862 -1.941662 -2.266343
1.771502 -2.133057 -2.500281
3.678658 -2.142450 -1.757110
3.378351 -2.090956 -2.155294
2.980470 -2.503906 -2.103818
2.043581 -1.985049 -2.625601
1.803906 -1.574902 -2.708156
2.598336 -1.794550 -2.670213
1.498561 -2.163919 -2.377294
3.437297 -1.560448 -2.333450
1.916571 -3.123426 -0.982803
1.566699 -1.024605 -2.655663
1.299871 -1.972946 -2.372329
2.894598 -1.694688 -2.614135
1.977776 -0.810297 -2.723752
3.507789 -2.569046 -1.411509
2.192178 -1.750683 -2.717984
1.784441 -0.844956 -2.693814
1.534546 -2.975611 -1.266140
3.691441 -1.738574 -2.019045
2.464690 -2.123809 -2.555718
2.695194 -2.310270 -2.392500
2.592313 -2.969059 -1.611821
2.582570 -2.151725 2.520396
2.233406 -2.872041 1.870783
3.231406 -1.287429 2.512178
2.107349 -0.798286 2.734532
2.033459 -2.461497 2.331182
2.721230 -2.642534 2.081698
1.730260 -3.053341 1.211556
2.146719 -2.134753 2.562314
2.697216 -3.025177 1.387120
1.186580 -2.804957 1.201306
2.742521 -1.380118 2.716361
2.528819 -2.744199 2.018920
2.677708 -1.664413 2.688294
1.989949 -2.265054 2.469608
3.293431 -1.643874 2.420736
2.852108 1.450344 -2.611005
3.141084 2.430060 -2.029063
3.681089 2.840010 -1.035454
4.719407 2.327022 -1.373661
3.843094 2.340369 -2.137424
4.171521 0.763719 -2.663833
4.790749 1.687531 -2.075063
4.788239 1.972776 -1.842512
4.009552 2.465634 -1.915000
4.341574 1.262170 -2.567143
3.365410 2.761113 -1.457793
4.042201 1.082378 -2.709908
3.588969 2.729036 -1.555503
3.175460 2.236111 -2.252411
3.130721 0.453838 -2.698680
3.452134 2.370700 -2.151046
2.724326 2.640158 -1.312443
4.904882 2.114183 -1.428534
2.669252 2.329699 -1.907716
2.876397 2.489463 -1.820486
5.212352 -2.016553 -0.209180
6.284667 -0.288927 0.119963
6.167920 -0.970231 0.072845
6.165971 -0.746195 0.509290
4.853525 -2.039033 0.664064
6.281402 -0.449310 -0.081516
5.694876 -1.574354 -0.562204
4.898155 -2.149842 -0.025897
5.658120 -0.834902 -1.321082
5.069121 -2.014322 -0.522823
6.126535 -1.020195 0.288078
5.156974 -1.468709 1.306240
5.281417 -1.879606 0.608804
4.591330 1.326849 2.401736
3.525847 2.292533 2.233048
3.433284 0.562636 2.757976
3.497703 0.958619 2.795312
2.596310 2.469359 1.600980
3.648886 2.828466 1.154824
3.655875 1.869924 2.544764
2.588847 1.190148 2.549246
4.590475 2.349439 1.571674
2.268250 1.806865 2.068529
4.425976 2.310065 1.838845
3.884490 1.203663 2.736123
4.213766 0.995507 2.654537
4.159592 1.705852 2.503301
3.501312 2.109343 2.394582
3.235941 0.475009 2.721502
3.159494 1.795645 2.558890
3.034323 0.778981 2.732989
3.666106 2.519508 1.946368
4.333548 1.587354 2.474441
4.283080 1.432912 2.553701
4.408491 0.625843 2.535259
3.933996 1.023490 2.742345
2.612729 0.692539 2.563758
-5.499582 0.477763 -0.102796
-4.858168 1.353030 0.568211
-4.886809 -0.370508 1.593671
-5.283128 0.735765 0.668584
-4.196040 1.325597 1.355840
-5.414130 -0.989382 -0.350777
-5.558661 0.049074 -0.377245
-4.708915 0.274512 -1.693106
-5.092334 0.340569 -1.297696
-4.825131 0.854490 -1.303096
-5.407073 -1.066489 -0.137171
-4.437490 1.305233 1.215676
-5.105906 0.162529 -1.338531
-5.563069 -0.587888 -0.066280
-4.263812 0.621589 -1.833513
-4.778846 1.520293 0.054865
-5.101305 -0.299594 1.377617
-5.556667 -0.298857 0.429022
-5.118227 0.907577 -0.829719
-4.479870 1.155903 -1.349290
-5.589064 -0.220922 0.244314
-5.387178 0.749802 -0.174209
-4.190808 0.926775 1.698286
-5.265247 0.983529 0.032973
-4.727080 -0.216752 -1.738491
-5.442278 -0.090948 -0.816173
-5.195329 0.971426 0.526532
-5.562631 -0.522198 -0.237769
-4.757699 1.459494 -0.513381
-5.482119 0.530288 0.099503
-5.272414 -0.461972 -1.114984
-5.057436 0.685269 -1.149795
-4.343446 0.462942 1.854904
-4.763654 1.027783 1.211787
-4.426550 0.185319 -1.890669
-5.037223 1.257684 0.260458
-4.558733 0.289930 -1.791729
-4.608214 1.624690 -0.255740
-4.735151 0.533148 1.577484
-5.474681 -0.395317 -0.703338
-4.756059 1.169067 -1.065684
-4.710713 0.042870 1.733794
-4.749022 -1.988682 -1.212085
-4.031358 -2.174309 -1.855552
-4.363092 -2.835945 -0.194716
-2.063252 -3.373058 -0.088456
-2.718454 -2.816431 -1.738441
-3.126337 -0.929686 -2.686823
-2.847588 -3.430037 -0.141458
-1.847684 -3.316683 0.045492
-2.963323 -2.441743 -2.091878
-2.251756 -2.547781 1.979666
-2.839355 -2.100965 2.345218
-4.949440 -0.946980 -1.477332
-5.058818 -1.478697 -1.062174
-3.054446 -3.354990 0.549647
-3.144893 -0.650827 2.691541
-3.488419 -0.420860 -2.592308
-4.149984 -0.765073 -2.293775
-2.055736 -2.579073 -1.899515
-4.144241 -0.371088 -2.274034
-4.391200 -2.692506 -0.729935
-4.474503 -2.042708 -1.549137
-2.847661 -2.382663 2.151944
-1.846219 -3.259418 -0.544207
-3.575601 -2.563190 -1.786470
-4.585328 -1.137187 1.893715
-4.824497 -1.649990 1.378762
-3.513190 -0.792426 -2.598240
-3.821914 -2.940657 1.063385
-2.276232 -1.676767 -2.528933
-5.096860 -1.930570 0.197165
-4.904806 -2.176463 -0.524810
-2.248661 -2.887794 1.596118
-4.382317 -0.282034 2.082340
-3.100662 -2.216895 -2.237071
-3.197440 -0.676874 -2.682838
-3.060430 -3.369631 -0.469522
-2.024971 -2.489419 1.973491
-2.802675 -0.918134 2.723381
-5.098526 -1.069503 -1.184309
-4.102323 -1.627538 2.132673
-2.929472 -3.188638 1.113126
-2.514046 -2.006629 -2.402184
-2.351649 -3.221790 -1.026524
-1.988991 -2.101330 2.254447
-4.193340 -0.855765 2.259820
-4.472749 -0.735106 -2.048743
-3.825120 -2.998908 -0.928011
-2.416722 -1.491775 2.608494
-3.417387 -1.256298 2.569731
-3.622023 -0.143940 2.498466
-3.267878 -1.730794 2.461484
-3.235884 -2.227229 2.198030
-4.001556 -2.837258 1.064212
-3.921531 0.263365 2.225714
-3.424388 -2.841138 -1.528028
-2.738953 -3.349238 -0.695439
-3.230222 -1.250311 -2.619863
-2.449402 -1.874160 2.463859
-3.687070 -1.208222 2.484483
-2.858223 -1.797564 -2.500573
-2.426589 -1.574586 -2.583873
-4.998378 -1.692941 -1.018247
-5.237436 -1.405698 0.587604
-2.419657 -1.111041 2.694502
-3.829713 -0.996982 -2.455996
-4.527205 -2.676814 -0.323950
-2.975409 -3.406609 -0.287747
-4.596625 -0.506132 -1.922053
-4.958311 -1.689029 1.108351
-4.726833 -0.489177 -1.779224
-4.485057 0.059995 -1.889285
-2.602753 -3.333126 0.755297
-2.947543 -0.682020 2.720204
-3.213232 -1.054065 2.655896
-3.794134 -0.796842 2.487278
-3.873040 -0.250667 -2.410108
-2.741354 -1.494458 -2.618550
-2.526697 -3.119743 1.277516
-2.974653 -1.576954 2.573331
-1.998423 -1.702607 -2.460608
-4.075051 -2.790904 -1.061782
-3.943539 -3.049717 0.577818
-2.145218 -2.993101 -1.408456
-3.188498 -0.323698 -2.657654
-4.287032 -0.883477 -2.192132
-3.088352 -2.393412 2.108556
-4.152638 -2.378392 -1.566377
-5.259258 -1.546278 0.125308
-4.810070 -2.358531 -0.350042
-2.836043 -2.954087 -1.547170
-3.353056 -2.593523 1.852788
-3.792721 0.539059 2.157081
-2.889446 -3.414128 0.297582
-4.009173 -2.931243 -0.839047
-1.006228 0.504117 2.975560
-2.883010 -0.021082 -2.776514
-1.495286 0.165769 3.058603
-1.124802 1.510469 2.677832
-3.074025 0.258767 -2.679282
-1.279780 1.380857 2.764569
-0.615426 1.524426 -2.523921
-2.328894 1.405437 -2.674009
-2.054175 -0.680209 -2.921458
-2.660174 -0.502952 2.808046
-1.850784 -0.603410 2.967257
-2.159801 -1.156187 2.732278
-2.780327 1.052304 -2.661844
-2.056183 -0.916413 2.849267
-3.272187 0.483939 2.539797
-2.218804 -0.040377 2.995428
-2.154177 1.063527 2.855818
-2.247717 0.238574 2.990166
-1.541366 0.998970 -2.925479
-2.850412 0.182115 -2.793253
-3.026611 0.784674 2.625308
-2.966417 -0.200625 2.724539
-2.159618 1.240618 2.789202
-3.609476 0.877115 2.182052
-2.640616 0.579853 2.841841
-1.487283 0.668149 -3.004765
-1.294544 0.351974 3.035473
-1.366134 0.262600 -3.045531
-0.442231 1.192014 2.615399
-1.930386 -0.347274 -3.007366
-2.396811 -0.473868 -2.897034
-1.923076 -0.050179 -3.038249
-3.403941 0.360876 2.464010
-2.776920 0.403379 2.812611
-0.634754 0.858868 2.804127
-2.546986 1.362929 -2.626010
-1.981623 0.883856 2.937105
-2.084438 -1.378858 -2.630295
-0.275158 -0.473044 -3.053355
0.279780 -1.009202 -2.981146
-1.823871 -1.900163 2.353136
-1.542674 -3.033669 1.486178
-1.246624 -1.201151 -2.861701
0.396535 -3.480204 0.951028
-1.120617 -1.039879 -2.925421
0.241249 -0.896888 3.001137
0.401859 -3.568024 -0.625411
-1.366844 -3.468466 -0.594546
0.611980 -3.254314 1.333206
-0.310403 0.264890 -2.916461
0.426130 -3.290547 1.377171
-0.418512 -3.664820 -0.561326
-0.553528 -3.681635 -0.408237
0.033230 -3.679613 0.347189
0.816650 -3.084711 -1.484915
-1.443739 -1.414049 -2.739621
-0.886034 -0.352695 2.990622
-0.952063 -3.595618 -0.571656
-0.589043 -3.547505 0.971212
-1.139015 -3.408068 -1.057237
-0.456251 0.383724 2.874043
-0.083422 -0.844531 3.046669
-1.381651 -1.355418 2.781403
0.519153 -3.557568 0.522227
0.606875 -0.714442 -2.917809
0.067749 -0.284611 -3.012547
-0.871380 -0.943300 -2.993956
-0.357824 -3.653852 0.626228
0.052686 -0.414027 3.029239
0.062984 -3.685215 -0.253670
-1.322982 -3.279673 -1.211799
-1.002675 -3.334149 1.315184
0.059664 -3.522868 1.012481
-0.643625 0.213162 2.914986
-1.236099 -3.542528 0.438734
-0.510814 -3.445818 -1.246711
-0.772345 -3.481891 -1.085907
-0.882753 2.267785 2.411944
-2.426428 2.189676 2.482445
-3.647578 1.682564 1.898444
-0.309132 2.322282 2.102323
-3.007357 3.633348 -0.556075
-0.023225 2.839348 -1.481945
-1.611438 1.848982 -2.675651
-1.848878 2.382160 -2.503471
-3.958215 2.001461 1.397975
-3.868380 2.832788 -0.684382
-0.283072 3.613709 0.020715
-3.725672 2.532372 -1.379266
-1.824747 3.956743 0.577668
-0.776005 2.935689 1.966934
-3.454741 2.881425 1.385705
-1.053804 1.687641 2.622602
-2.821713 3.787145 -0.080989
-3.729944 1.911981 1.744861
-1.347145 3.813850 0.974523
-1.085761 3.244565 -1.801731
-4.122027 2.589586 0.079887
-3.581693 1.699961 -1.960771
-1.367893 1.936350 -2.634634
-1.654243 3.300315 -1.849600
-0.496199 2.824481 1.902096
-0.487616 2.709019 -1.985960
-1.561335 3.925920 -0.696846
-1.518993 2.277236 -2.542407
-0.235281 2.600542 -1.885801
-1.939626 2.753807 -2.298119
0.077864 3.345456 -0.107816
-3.183330 2.974951 -1.576455
-1.328034 3.792551 -1.022214
-2.126595 1.777689 2.659481
-2.437833 2.872228 -2.109670
-2.795501 3.151070 1.685357
-1.690909 2.733073 -2.321626
-2.548546 3.172447 -1.798733
-3.664765 3.201835 -0.151130
-0.633364 3.060773 -1.776397
-2.114612 1.672929 -2.679831
-1.491432 1.537478 -2.715433
-0.725053 3.833324 -0.054105
-0.458892 2.440372 2.135521
-2.600048 3.874497 -0.039760
-3.446990 3.261155 0.768722
-2.459051 3.860132 0.551106
0.217195 3.200874 0.257192
-0.632902 3.415671 1.328181
-1.538028 3.837856 0.965960
-2.119932 1.903433 -2.635350
-1.463750 3.713053 1.233740
-1.905623 2.753799 2.299887
-2.935535 3.710968 -0.343918
-2.015677 3.708701 1.232860
-1.931072 3.578970 -1.475997
-2.223492 2.169318 2.538700
-2.828821 1.793010 -2.449040
-2.820896 3.383928 -1.365824
-3.548660 3.309624 0.189550
-3.405031 2.641676 1.672757
-1.289245 3.426977 1.646135
-2.097958 3.891103 0.739824
-4.321755 1.942603 -0.526436
-3.014300 1.886792 -2.333938
-2.975888 3.195218 -1.502207
-3.332880 3.455362 -0.410397
-3.633065 3.030198 0.878968
-3.883296 1.790482 -1.595620
-2.675887 1.883188 -2.492834
-3.432153 3.417342 -0.034777
-2.827103 3.530493 -1.102080
-2.232053 3.539233 1.461902
-0.782954 1.863826 -2.505583
-3.931027 2.651988 0.848699
-3.545851 2.430612 -1.683989
-1.163595 3.946335 0.304583
-3.375111 1.778899 -2.121346
-0.319694 2.251626 -2.143919
-2.078747 2.483209 -2.433627
-2.312166 3.739513 -1.052818
-3.707692 2.707912 -1.226854
-2.537350 3.046151 1.926165
-1.982934 1.648445 2.698168
-1.065304 2.439878 -2.393191
-3.153543 3.177545 -1.358449
-3.061996 2.457391 2.074399
0.073221 3.338754 0.235436
-2.354431 3.773115 0.942262
1.031914 3.279569 -0.189296
0.529823 3.261417 0.018286
1.783120 0.771862 2.886855
1.711999 2.890970 -1.284730
0.888167 3.233092 -0.571804
0.187383 0.348548 -2.966785
1.292261 3.195248 -0.648492
1.444036 0.232574 -3.015703
1.533080 0.140295 2.998156
0.845365 0.021401 3.052172
1.947176 3.090455 0.351747
1.951939 2.921851 1.025319
1.190534 3.192654 0.707476
0.386250 3.223720 -0.305113
0.660281 -0.639381 -2.922449
1.635276 3.201425 -0.123752
0.294337 0.693376 -2.957345
1.416896 3.247686 -0.000605
1.242783 0.179282 3.043391
1.139865 3.273608 0.194611
1.892881 3.049610 -0.680800
0.450830 -0.346904 -2.967623
0.825849 0.210027 3.058480
1.787782 3.159548 0.152513
-0.370214 1.086638 -2.634987
1.139277 0.554546 3.035163
1.731630 3.075890 -0.774687
0.897816 -0.364147 -3.001991
1.979993 3.088793 -0.254839
0.250665 3.085373 -0.859081
1.582627 0.339713 2.986851
0.285944 -0.055727 2.979010
0.770642 3.046605 1.179458
1.387782 -0.201353 2.994662
1.072164 -0.880235 2.848997
1.028644 -0.926240 -2.832233
0.997334 0.496302 -3.047145
0.598993 3.109988 0.972998
0.285372 3.163422 -0.575833
1.478614 3.006021 1.156505
0.417218 0.346802 3.015163
0.355505 -2.510969 -2.527273
0.857818 -2.543302 -2.186431
-1.276798 -2.954560 -1.900103
0.567690 -2.901177 -2.023448
-0.308468 -3.324781 -1.652204
0.810325 -1.878291 -2.611227
0.190324 -2.373317 -2.673909
-1.346445 -3.037853 -1.673932
-0.191582 -1.206931 -3.017499
-0.333549 -1.803306 -2.968207
-0.562530 -3.167706 -1.947504
-0.599198 -1.400072 -3.005598
-0.778880 -1.225165 -2.974988
-0.163810 -2.986431 -2.221087
-0.432420 -2.957969 -2.261186
0.035047 -2.095104 -2.845155
-0.738746 -3.383507 -1.325402
-1.595341 -1.732407 -2.562628
0.918700 -2.314948 -2.316689
-1.483466 -2.620958 -2.137707
-1.236923 -2.639557 2.308255
-0.892902 -2.342597 2.679099
0.152297 -2.191715 2.780447
-0.330861 -3.270172 1.780760
-1.578638 -1.882283 2.532439
0.248551 -1.366000 2.947454
-1.192698 -3.194153 1.481999
0.654193 -1.559978 2.774545
0.830519 -2.127996 2.497650
-0.402190 -3.413513 1.365396
-1.360559 -1.991083 2.637907
0.571274 -2.177939 2.629974
0.121948 -2.452313 2.645741
-0.915109 -3.260159 1.594190
-1.191005 -1.561459 2.830487
-0.802414 -1.711681 2.935395
-0.681470 -3.341002 1.520967
-0.175290 -3.077817 2.102813
-0.163988 -1.658965 2.992196
-0.786411 -1.339385 2.976782
0.470656 -2.399450 2.554235
0.596096 -2.980148 1.883424
-0.934785 -1.933863 2.844042
0.125398 -2.805454 2.361000
-0.637246 -2.909263 2.288423
-0.192955 -3.334804 1.615345
0.164515 -3.271190 1.634659
-1.301969 -2.312844 2.514492
0.973044 -2.542376 2.076282
0.711333 -1.955675 2.647921
-0.924994 -1.545777 2.928899
0.335242 -2.553309 2.506117
0.131301 -2.651406 2.498704
-1.040686 -3.087629 1.870512
4.073203 -2.493949 1.507702
2.799402 -3.434442 -0.944311
2.537452 -0.023732 2.991743
3.501220 -3.027246 1.320045
4.068958 -1.983748 1.994845
2.017340 -3.633555 -0.104080
1.826830 -3.454022 0.980122
2.014811 -0.091936 3.013439
2.945874 -0.863988 2.959144
3.619420 -3.217077 0.679237
1.852540 0.170078 2.943205
2.858456 -1.009790 -2.961990
2.328572 -1.023958 -3.026058
2.121151 0.534212 2.847339
4.501606 -2.560729 -0.492180
1.886982 -3.528598 0.755262
3.257082 -1.062470 2.838401
3.497115 -3.337610 0.372898
4.254597 -2.745233 -0.737758
2.085550 -0.605663 3.056870
1.913739 -3.393597 -1.168423
4.174104 -2.867460 0.566917
3.725562 -3.196699 0.509909
3.049958 -3.364871 -0.964675
1.543388 -0.413286 -2.979596
3.453906 -3.178776 1.047651
3.803774 -3.111125 -0.677312
3.499223 -2.879421 -1.564997
1.176328 -1.374216 -2.765415
1.464028 -1.249777 2.888925
1.200807 -1.010452 2.853249
2.811466 -3.487273 -0.757216
2.008039 -0.837153 3.041891
3.925634 -3.119433 -0.125234
2.634988 -0.990707 3.003957
3.057865 -3.510826 -0.289216
1.973276 -3.594604 -0.476769
1.281615 -3.494423 -0.035480
3.191430 -3.206683 1.237228
3.914400 -2.702816 1.412193
2.376245 0.393492 2.896029
1.233989 -3.470974 0.213557
1.603356 -3.545881 0.446139
1.680161 -0.704240 -3.009633
2.159662 -3.500085 -0.919311
2.557403 0.167131 2.947527
2.083272 -0.132986 -3.023875
2.479515 -0.510417 3.048037
3.799219 -1.774437 -2.334077
3.568095 -3.242913 -0.682503
1.197688 1.096122 -2.994611
-0.048598 2.398521 -2.072690
0.287110 2.204868 -2.457130
0.367329 0.936812 -2.958942
0.637898 1.810033 -2.797415
2.053970 2.255786 -2.064565
-0.214076 2.097927 -2.258348
-0.104350 2.015631 -2.403888
0.461028 2.822592 -1.698698
1.248041 2.946314 -1.383474
1.372539 2.212734 -2.497699
1.352371 2.787181 -1.770089
1.643595 1.716655 -2.712812
0.746068 2.636168 -2.112081
0.929857 2.783556 -1.883502
1.280137 1.567745 -2.877722
1.542601 2.545155 -2.080349
1.930106 1.593008 -2.625069
0.220019 1.827114 -2.683896
1.181143 1.908089 -2.744107
0.808489 2.902612 -1.614229
0.454450 2.016553 -2.647302
0.759390 0.810188 -3.020754
0.564004 2.640303 2.070220
1.412116 2.467651 2.237102
0.333617 2.741313 1.801823
-0.155826 1.265049 2.710643
1.010980 1.147264 3.006854
1.855596 2.637378 1.678717
1.328400 2.609883 2.085102
0.375768 2.856723 1.557556
0.099109 1.241416 2.839328
1.057673 2.124207 2.624134
0.225353 1.939301 2.622909
0.865196 1.968925 2.730780
2.132473 2.163654 2.089584
-0.260245 1.596550 2.540809
0.894125 2.651212 2.100772
0.790424 2.460915 2.332726
0.200106 1.570430 2.789181
1.187412 2.483853 2.282948
1.809679 2.333205 2.179024
1.126822 1.334165 2.965713
1.325155 1.853702 2.746455
0.634718 2.058171 2.656382
0.892971 2.202403 2.573276
4.886307 2.590623 -1.443527
3.550705 0.053355 -3.049653
4.834259 -2.339662 0.738238
3.522459 -1.066177 2.739034
5.313639 2.032696 1.712858
3.857437 0.657549 3.012851
4.460544 -2.230979 -1.410943
4.891497 -2.205877 1.035471
4.338594 3.210891 -0.326953
2.648067 0.290613 -2.948993
3.590924 3.335485 0.331074
6.505776 0.202318 -0.342735
6.255674 0.933506 1.084593
6.047212 0.742024 -1.582936
6.213807 0.564120 1.320007
5.242410 0.187657 2.489066
4.967341 2.924855 0.446999
5.025970 1.254595 2.451604
4.866679 -1.296259 -2.206687
4.154355 0.257237 -2.981874
5.612202 2.203668 1.057947
2.539773 3.194954 0.317749
4.119097 -1.699268 -2.226740
2.159739 2.814549 -1.146459
2.454287 0.910463 -2.822100
2.204366 3.069768 -0.278443
3.747172 3.242034 -0.778877
4.172268 -0.031039 2.959002
5.481645 2.532486 0.548019
5.906607 -0.037684 -1.816422
6.520679 0.354484 0.177631
5.265977 2.750043 0.320652
6.071985 1.864427 -0.339330
4.667249 -2.323275 1.029483
4.964508 0.207449 -2.667196
4.556091 -2.521068 -0.490448
2.559112 1.001941 2.835402
3.912610 -0.483125 -2.925762
4.790989 2.958909 -0.720382
5.582351 2.221186 -1.086869
5.290705 2.752732 0.016837
4.659513 -2.353120 -0.960694
3.800171 3.184147 -0.954967
6.500768 0.676925 0.105782
6.198077 0.498103 -1.364585
3.504325 -0.723140 2.884578
4.077835 0.642430 2.977763
5.608718 2.469153 -0.228021
2.756332 0.506724 -2.969461
5.956546 1.242115 -1.506394
4.008390 -1.784516 2.176957
4.727839 -2.188916 1.263423
5.864823 1.723664 -1.254726
5.205999 -1.891065 -1.247062
4.990937 -1.790596 -1.639170
6.478359 0.674313 -0.386154
4.953171 2.429202 1.612873
5.561023 2.335716 -0.903787
5.932691 2.052714 0.441413
3.127635 -0.086242 -3.017521
5.437097 -0.630383 -2.150289
3.188815 0.424407 -3.045134
2.708163 3.028443 1.149609
4.370089 3.183422 0.457860
5.044412 -1.917248 -1.405762
6.403485 0.284939 -0.859033
5.678789 0.981488 -2.000260
4.690804 -2.507093 0.082628
3.616039 0.285470 3.055865
3.739126 3.336881 0.205843
5.536382 0.433573 -2.249892
2.526482 2.822073 1.448439
6.418463 0.944375 0.477808
2.812749 3.095611 -1.048669
3.463350 3.303929 0.561892
4.768141 3.061164 0.152056
6.477157 0.838692 -0.068477
3.606668 -0.338899 2.989656
6.073654 1.572047 0.967932
4.770384 2.932478 0.843649
2.783651 3.278065 0.070156
5.456857 -1.299087 -1.690820
4.461539 -1.932664 -1.846045
2.908411 3.255554 0.541335
4.120251 3.135213 0.935087
4.010219 3.091121 1.120011
3.747844 0.387855 -3.046105
3.882473 -0.019236 3.014688
5.316702 1.898761 -1.836588
5.603683 1.693323 -1.686678
4.672187 2.939825 -0.959713
4.688498 2.875719 1.102008
6.337979 0.676805 -0.986761
4.269475 2.965389 1.261812
4.899835 -2.359045 0.508879
6.084295 1.415398 -1.121797
4.240916 -0.486337 -2.855564
5.606312 1.786377 1.600605
6.456955 0.876232 -0.289787
4.773224 0.933928 2.691936
6.415545 0.587757 -0.762815
4.552951 0.923326 -2.791439
3.526011 0.469954 -3.054930
2.898313 2.990663 1.333668
2.993809 3.316262 0.135686
3.045458 3.185852 0.913554
5.054073 2.000675 -1.984698
4.090734 -1.558988 2.351709
5.449734 -1.489441 1.496913
6.052791 1.302373 -1.289492
4.753707 0.228445 2.774779
4.970678 -0.534410 2.531571
4.211499 0.629960 -2.949519
3.618095 -0.501315 -2.950849
4.701713 -1.650459 2.011700
2.394714 3.027371 -0.869309
4.510355 2.749407 1.501152
4.558087 -1.281120 -2.384659
3.806929 3.066493 1.253450
6.330861 0.686240 1.002714
5.280371 2.622108 -0.814483
4.869010 0.041191 2.707199
6.036279 1.915131 0.371040
5.030388 0.566466 2.615741
2.752494 0.006639 2.960987
5.109426 0.990138 2.485983
4.200335 3.266227 0.054375
5.196593 2.206444 1.648937
5.050926 -0.945627 -2.305062
1.697233 -2.306964 -2.664146
2.407187 -2.108059 -2.837472
3.446669 -2.674799 -1.932841
1.057592 -2.811723 -1.753300
1.904547 -3.219913 -1.650574
1.590662 -2.949745 -2.010406
2.855902 -2.551928 -2.465635
1.794697 -2.639385 -2.448442
2.190501 -1.860884 -2.935867
1.108938 -1.797045 -2.622108
2.316635 -1.253507 -3.027892
3.162455 -1.519119 -2.801018
1.549385 -1.528295 -2.895147
3.175134 -1.929109 -2.687569
3.507848 -1.653525 -2.566200
3.045292 -2.638669 -2.298460
2.860690 -3.053996 -1.852591
2.544911 -2.301574 -2.722034
2.447697 -1.619761 -2.984377
1.904758 -1.147458 -3.001637
3.318142 -2.432283 -2.306359
2.127315 -3.257061 1.617669
2.710128 -2.970028 2.065055
2.078723 -3.097617 1.949356
1.716660 -1.638708 2.925646
2.231556 -1.919487 2.917582
1.596588 -2.384218 2.580844
3.100792 -1.496732 2.832501
2.824809 -1.706854 2.893887
1.728906 -1.293597 2.967270
1.849943 -2.030708 2.838846
2.600445 -3.100453 1.894600
3.583294 -2.438632 2.055804
3.127631 -2.375426 2.473451
1.946502 -2.710536 2.418335
1.112659 -1.921539 2.579135
3.437637 -2.305109 2.312207
1.354899 -2.227477 2.571165
1.267150 -1.685303 2.744617
2.785901 -2.615143 2.437413
1.531021 -2.725261 2.262117
2.792754 -2.785275 2.266631
3.714324 1.874183 -2.808852
4.461218 2.517464 -1.983738
3.461721 2.560574 -2.298916
3.976884 1.743283 -2.820071
2.914560 2.660856 -2.040008
3.136970 2.648933 -2.142429
2.484292 2.529084 -1.929108
4.710010 2.185003 -2.150602
3.040165 1.172203 -2.974563
3.844778 1.142617 -2.997046
4.101242 2.690722 -1.978863
4.486464 1.066180 -2.789580
3.808290 0.939872 -3.012790
3.431111 1.454487 -2.971786
3.816877 2.075018 -2.682342
2.655874 2.725707 -1.748187
4.375175 2.696671 -1.763314
2.926066 1.328411 -2.922785
2.956723 0.904089 -2.967942
3.740910 1.405199 -2.969695
4.552639 2.655070 -1.642564
3.390455 2.184297 -2.635577
5.532124 -1.614695 -1.264163
5.280067 -2.105569 -0.769882
6.520591 -0.467210 -0.089904
6.057558 -0.702516 -1.287453
6.504513 -0.504980 0.249983
6.462310 -0.818953 -0.132070
6.126671 -1.543719 -0.198557
5.740634 -1.940770 0.323759
6.140944 -1.344956 -0.665789
6.451111 -0.810676 0.267768
5.305040 -2.236478 -0.237903
5.991944 -1.664640 -0.425711
5.971207 -0.960512 1.289827
6.415673 -0.432048 0.676032
5.625026 -1.863922 0.808162
5.733646 -1.228268 -1.397182
6.104212 -1.199942 0.921444
6.507270 -0.059645 -0.178832
5.987412 -1.173393 1.134547
5.293918 -1.868780 1.165981
5.565094 -2.097401 0.138001
6.475251 -0.077924 0.418452
5.360921 -2.222119 0.058132
2.712259 1.757464 2.713365
4.540103 2.062199 2.392612
2.571343 2.186055 2.375165
3.515429 2.540269 2.320763
3.538303 1.968956 2.771510
3.040125 1.010898 2.985813
2.965981 1.914451 2.726823
4.041168 2.210235 2.530999
4.253457 2.628046 1.981598
4.515853 1.118889 2.769732
3.621846 2.920054 1.717885
4.939679 1.966727 2.105260
3.830302 1.427685 2.951550
4.507378 1.308528 2.746256
3.247963 2.948880 1.617087
3.785970 0.875995 3.014855
4.137190 2.507008 2.210263
2.698742 1.350956 2.840106
3.733161 1.141125 3.012310
3.787536 2.429105 2.407730
-5.542020 -0.524624 1.109827
-5.514979 0.963161 -0.414230
-5.771719 0.208333 0.436015
-5.377074 0.081014 1.396631
-5.717137 0.468208 0.416822
-5.683184 -0.234716 0.859018
-5.597346 0.881152 0.047509
-5.611432 0.815815 0.273106
-5.091649 1.137254 1.146225
-5.693378 -0.720450 0.632850
-5.115945 1.473502 -0.491890
-5.448563 0.050748 -1.301012
-5.183614 -0.013220 1.643203
-5.327255 1.274556 -0.327050
-5.158228 0.205688 1.633523
-5.658885 0.350127 0.756596
-5.511768 -0.700768 -1.100660
-5.116006 0.109943 -1.698964
-4.893074 1.467261 0.976437
-4.994284 0.390104 -1.743534
-4.926332 1.704930 0.144170
-4.720071 1.768626 0.587108
-4.615824 0.758113 -1.875725
-5.710745 0.587975 -0.189673
-5.376190 0.568386 -1.214084
-5.446417 0.913027 -0.750871
-5.346684 0.789696 -1.099125
-4.965584 1.296173 1.127245
-4.789528 1.808661 -0.086145
-4.813175 1.498820 -1.039515
-4.511631 1.300865 1.559225
-5.383845 0.889414 -0.928454
-5.827446 -0.107332 0.267322
-4.657048 1.681412 -0.915584
-5.370271 0.771029 1.070645
-5.205569 1.451445 0.067870
-5.369134 1.189306 0.430214
-4.942421 -2.488205 0.918976
-4.799311 -1.118120 2.118456
-2.799038 -3.536489 1.095008
-3.228737 -1.249229 2.935532
-2.188047 -3.703089 0.161549
-2.599957 -2.098713 -2.701086
-4.089448 0.553366 2.368995
-3.344312 -2.048743 2.638527
-3.963467 -2.661543 1.925415
-3.315770 -1.795151 2.760009
-2.255556 -3.328267 1.480390
-4.277385 -0.972136 2.559031
-4.488623 0.441280 -2.141117
-2.707942 -2.185116 2.653979
-5.327697 -1.736949 -1.026934
-5.452251 -1.663709 0.720156
-3.245882 -2.544473 -2.347933
-4.413000 -2.596719 -1.607875
-2.227839 -3.006949 1.936771
-3.056623 -3.594677 -0.854051
-3.296916 -2.827379 2.079645
-5.058405 -2.564678 0.153001
-4.298256 0.730504 -2.120952
-5.555092 -1.051274 -0.857450
-2.682141 -3.210134 -1.721294
-4.999014 -2.579162 0.500450
-3.311434 -3.229577 1.561095
-4.762569 -2.366920 -1.433070
-3.951074 0.197993 2.599255
-2.956133 -2.801103 -2.181354
-4.465931 -2.466511 1.694002
-3.786759 -2.687750 2.008388
-3.741615 -2.863511 1.845369
-5.049598 -1.286596 1.785030
-4.581681 -1.956785 -1.994531
-2.309274 -2.566935 -2.377298
-4.545836 -2.267205 1.799216
-4.273246 -0.947178 -2.565051
-3.418661 -0.774762 -2.943197
-2.421902 -2.349738 2.544628
-4.493733 -1.878480 2.120103
-4.879751 -1.727798 1.805801
-2.857766 -2.564179 -2.396821
-2.371986 -3.727495 -0.137306
-3.853098 0.495536 2.524749
-5.660059 -1.178452 -0.105299
-4.912433 -1.533900 -1.864788
-5.131079 -0.925319 -1.756046
-2.611562 -1.266849 -2.987556
-4.237661 -0.071238 2.519296
-3.903400 -3.332296 -0.887231
-2.531152 -1.847439 2.813467
-4.588571 -2.916620 0.789416
-3.247155 -0.512388 2.975951
-3.747797 0.270901 -2.666090
-3.397662 -1.033588 2.930007
-3.789230 -3.344847 0.995191
-4.081658 -2.986614 -1.417664
-4.048956 0.119774 -2.575540
-4.001366 -1.669545 -2.551544
-4.120293 -3.145496 1.070304
-3.846055 -1.767414 2.588421
-3.785067 -0.232547 -2.784591
-4.653076 -2.535202 1.382679
-4.132751 -1.251424 -2.602481
-4.253811 -0.741638 -2.588342
-5.427093 -0.908993 -1.240596
-3.233343 -3.666143 0.371888
-5.165257 -2.381942 0.381589
-4.888927 -2.769063 -0.076594
-2.406765 -1.968695 -2.753444
-3.148281 -3.591916 0.813972
-4.008276 -2.454755 -2.087767
-3.431000 -1.671592 -2.777132
-5.282508 -1.345193 -1.396348
-4.664306 -0.479354 -2.274279
-5.401016 -1.526719 -1.023688
-4.554074 -2.997821 0.623990
-3.672378 -0.333435 2.841624
-4.373244 -2.269305 -1.963555
-4.545065 -0.129432 -2.314428
-5.446123 -1.072072 1.156619
-4.942323 -2.005839 -1.528282
-2.860394 -1.644989 -2.884202
-2.913530 -2.928112 -2.057400
-5.337682 -2.030627 0.553987
-3.683569 -2.058854 -2.521759
-4.119071 -2.176845 -2.223382
-2.172807 -3.144620 1.745783
-3.652683 -3.538120 -0.472912
-4.980631 -0.433145 1.943426
-2.980932 -3.149610 1.776591
-3.102258 -1.013685 2.991100
-2.877754 -3.459775 -1.265568
-5.082610 -1.455152 -1.675066
-4.405247 0.223774 -2.309467
-4.028657 -3.316901 0.734143
-4.104258 -0.993551 -2.659298
-2.597147 -2.882257 -2.120306
-2.509094 -2.649379 2.330913
-3.220417 -1.490752 -2.882793
-3.006374 -2.052868 2.701771
-2.397837 1.251023 -3.101322
-1.849146 -0.137043 -3.381281
-1.958567 -0.297293 3.358440
-2.990710 0.101545 -3.103948
-3.594205 0.687225 -2.695123
-1.982734 0.880483 -3.288329
-3.227559 -0.202360 -2.970942
-3.084182 1.252095 2.840930
-3.235978 1.326498 2.724496
-2.275141 0.786330 -3.262484
-3.423526 0.259311 2.870359
-1.839727 0.303918 3.387400
-0.735338 1.696736 -2.875927
-2.564193 0.479950 -3.239635
-0.695446 0.576777 3.243288
-1.892017 -0.043436 3.385692
-0.745695 0.689400 -3.236461
-0.895131 0.435957 -3.307541
-2.374149 1.189172 3.131621
-2.242723 -1.285469 -3.034179
-3.107886 1.059313 2.899038
-1.565611 0.910388 -3.302506
-1.233357 0.923933 -3.278363
-2.837695 -0.006231 -3.165732
-1.871685 1.348948 -3.152990
-2.106970 0.163076 -3.361238
-3.797023 1.156620 2.379745
-0.814849 1.518712 2.991748
-1.235979 0.324688 -3.371725
-3.130235 0.847587 -2.946441
-1.461844 -0.015215 -3.393587
-4.109813 1.028667 -2.106240
-3.233690 1.185921 -2.782197
-2.463361 -0.818240 3.158195
-1.421793 1.329864 3.168564
-2.618765 -0.125811 3.238287
-2.910822 0.692341 3.085747
-1.704961 -0.696650 3.303135
-2.864280 0.019982 3.158389
-0.992888 0.898157 3.250716
-2.173626 -0.355115 3.321267
-1.727204 -0.280582 3.376713
-1.447750 -0.665937 3.308188
-2.288136 -0.919435 3.169614
-3.996399 0.790282 -2.318009
-0.501387 0.803515 3.140642
-0.365684 0.433527 -3.218491
0.293781 -3.956673 0.565187
-1.492063 -2.390076 2.678021
0.262700 -0.910859 -3.340987
0.710720 -1.198053 3.198534
-1.741469 -3.421551 1.372189
-1.860267 -2.209878 2.599564
-1.487374 -2.567004 2.557096
0.693167 -2.120564 2.901686
-1.278123 -3.841755 0.703187
-1.453505 -2.002565 2.907466
-1.878817 -1.877094 -2.759169
-0.987992 -3.984607 0.202420
0.284382 -3.348329 1.993828
0.999340 -3.148181 1.910346
-1.144836 -1.798561 3.093607
-1.911812 -2.744051 -2.155323
-0.693765 -0.109627 3.334226
-0.768225 -0.468965 3.364538
-1.776407 -1.660582 2.900568
-1.479131 -1.160774 3.154081
0.490299 -3.768621 1.117590
-0.686392 -3.490160 1.845378
1.008763 -2.609768 -2.451215
-0.261477 -0.437500 -3.391638
-0.329718 -3.748848 1.419018
0.569630 -3.809922 -0.924008
-0.539031 -3.946391 -0.835761
-1.755133 -3.735638 0.086354
-0.669732 -3.831411 1.169503
-0.197498 -0.181487 3.365208
-0.238122 -0.120577 -3.355546
-0.572345 -4.033925 -0.315903
0.853107 -2.435576 2.655648
0.930530 -3.061554 -2.059733
0.914038 -3.560129 -1.280603
0.946291 -1.597330 -3.015617
-0.236289 -1.666688 -3.245536
-0.858614 -3.854987 -1.021216
-0.594156 -3.965962 0.737379
-1.102353 -3.937307 -0.429428
0.127830 -0.044534 3.315937
0.956591 -3.719769 0.765057
0.392296 -1.958823 -3.061158
-0.635589 -4.023692 0.364380
0.542622 -3.709553 -1.233937
-0.252202 -4.058221 -0.024095
-1.728629 -3.134477 -1.848833
-1.451524 -1.414772 -3.111679
-1.429775 -3.744397 0.888081
0.954560 -2.548985 2.527832
-0.543347 -1.169436 -3.352600
0.932703 -3.763634 -0.610452
0.362792 -0.948455 3.320772
0.804704 -3.870526 0.021053
-1.714969 -2.536027 -2.461856
0.459021 -0.786741 3.310004
0.429404 -3.967462 -0.253884
-0.129944 -3.836693 1.195939
0.556705 -2.020608 -2.991336
0.776972 -3.241950 1.925371
0.252545 -3.762397 -1.268207
0.808780 -3.412108 -1.650196
0.903189 -2.461933 -2.613557
-1.399736 -3.380590 -1.721520
0.975571 -2.913007 -2.195496
-1.867558 -1.841227 2.782637
0.050631 -3.757695 1.352189
-1.550367 3.861878 -1.604141
-1.367215 3.984185 1.352407
-3.262575 3.682714 -1.052833
-2.296907 4.268883 -0.040746
-3.578191 2.668446 -1.967534
-1.565687 2.430854 2.810860
-3.765857 1.622458 2.221151
-4.336840 2.749142 -0.492363
-3.792330 2.853492 1.574202
-1.787509 4.040854 1.280102
-4.229085 2.003866 1.555614
-0.898208 2.288247 -2.750418
-1.130746 2.627671 2.662518
-3.635838 2.014652 -2.244056
-2.662410 4.053731 -0.827135
-0.202480 3.668008 -1.124283
-2.898346 4.085761 -0.061334
-1.958539 4.245673 0.644708
-2.507130 2.166311 2.799827
-1.553668 4.280833 0.486568
-1.086255 4.257803 -0.047098
-4.195210 2.432342 -1.338879
-2.311379 3.334166 2.164961
-0.289955 3.311416 1.758010
-0.389131 2.411889 2.490042
-2.014314 4.012198 -1.310099
-3.138290 3.388491 -1.673957
-0.958623 4.029833 1.061471
-0.920693 4.148007 0.636696
-0.686887 2.433121 2.618186
-0.830454 2.862422 2.441390
-3.035239 3.974437 -0.523333
-1.459028 3.261045 -2.295867
-4.490081 2.385008 -0.592081
-1.058788 4.212909 -0.481880
-3.318852 2.105883 -2.451431
-2.578875 3.211015 -2.189399
-0.595242 4.099294 0.239141
-1.305998 3.680521 -1.825788
-0.330899 2.044234 2.595311
-3.064633 2.462999 -2.458545
-1.135428 3.167772 2.313545
-4.393606 1.932377 -1.291554
-1.120564 1.911833 -2.914489
-2.825398 3.733993 -1.420985
-4.288170 2.460288 -1.121740
-0.448601 2.602965 -2.427712
-4.318821 2.859141 0.038759
-2.235555 2.771700 -2.601222
-3.532486 3.477897 1.067643
-0.765147 3.805541 1.405670
-3.519663 2.115123 2.303318
-1.335788 4.096636 -1.090515
-1.023529 3.648731 -1.780975
-3.696404 2.127041 2.148874
-0.455653 1.871800 2.701556
-2.275678 2.179425 2.850808
-1.421986 2.671738 2.688171
-3.941262 3.313304 0.430716
-1.513123 2.988858 2.508375
-2.129951 3.334675 2.206148
-0.030627 3.810365 -0.115203
-4.471565 2.513693 -0.390950
-4.026902 1.868611 -1.890711
-2.593439 3.571898 -1.801972
-2.629408 1.670979 -2.875139
-2.578358 3.367784 2.039729
-1.789181 2.751236 -2.662541
-1.421895 3.652577 1.882599
-2.944519 3.766599 1.255858
-3.986872 1.584550 2.001042
0.002218 3.379401 -1.376275
-0.464295 3.318532 1.878644
-3.414060 3.554882 -1.102068
-2.215195 3.070895 2.408602
-1.765401 3.849793 -1.631430
-1.424890 4.310310 -0.028622
0.241341 3.604508 -0.136598
-2.232012 3.895391 -1.471044
-1.929733 2.697498 2.682827
-1.252455 3.747574 1.719363
0.120159 3.620408 0.635614
-0.324555 3.856768 0.825491
-1.923741 4.179071 0.905974
-1.551876 1.874705 -2.978151
-0.423204 1.797633 -2.702547
-1.114194 2.800204 2.564409
-3.319293 1.985477 2.487001
-1.826007 1.844744 -2.986657
-3.622996 3.546047 0.707240
-3.692308 2.168215 -2.137324
-2.411652 2.854558 -2.509956
-1.723925 2.044948 2.942762
2.058737 3.263502 -1.028851
0.286752 3.170457 1.577705
1.171587 0.133846 3.390033
1.314749 3.527156 -0.720831
1.175601 1.173062 -3.256097
1.208357 0.787346 -3.341493
-0.382086 1.545440 -2.847717
1.126798 3.504164 0.884345
1.460036 0.589120 3.338472
1.916133 1.433455 3.021001
1.100525 3.281230 1.484415
2.040733 3.304674 0.920853
-0.247087 1.389742 -2.971653
1.203298 0.841553 3.332735
1.012449 3.622602 0.156016
0.395515 3.011717 -1.877345
1.165741 3.480283 -0.959281
0.594000 3.580028 0.456867
0.689641 -0.578147 3.294915
2.044373 1.546496 2.927563
0.548624 0.965565 3.297490
1.347688 3.238282 -1.521741
0.393958 1.131399 -3.233882
-0.055193 1.515142 -2.989474
0.912776 3.479638 -0.990732
1.130656 3.126679 -1.763811
1.749758 2.907489 1.923288
0.283161 0.878540 3.274655
-0.212099 0.534069 -3.188848
1.581149 1.131795 -3.211211
1.822233 1.229109 3.123261
2.092411 3.392166 0.428708
-0.262248 1.941148 -2.684953
0.547975 0.526352 3.365799
1.084094 -0.109060 3.379822
0.916778 -0.142174 -3.379677
0.429776 3.052781 1.824985
0.381465 3.487993 0.794412
1.231022 3.613117 -0.056157
0.316697 0.482197 3.335351
1.200999 3.540581 0.711867
0.703286 0.718073 -3.356810
1.551148 1.372509 -3.139568
2.117178 2.484228 2.246948
0.818634 3.622616 -0.141292
1.737280 2.927967 -1.899442
0.447320 1.319300 3.184205
1.083491 -0.042224 -3.385478
0.763497 3.199667 1.642837
1.432886 3.523076 0.664281
-1.113968 -3.108677 -2.250072
-1.081013 -2.872107 -2.526979
0.647548 -2.755088 -2.516950
-0.939253 -2.439856 -2.893707
0.183811 -2.437047 -2.922634
-1.431679 -2.586168 -2.573935
-0.379833 -3.084132 -2.483918
0.540793 -2.901095 -2.440961
0.124955 -2.048415 -3.103877
-1.248580 -2.116549 -2.930285
-0.033180 -3.170471 2.357742
-1.115566 -3.038334 2.336979
-1.363288 -2.957901 2.274144
0.543758 -2.923224 2.418519
0.126545 -3.257768 2.197862
0.655411 -2.617874 2.624807
0.198922 -2.644762 2.792510
-0.029936 -2.324567 3.022430
2.920784 -1.352831 -3.236541
4.106290 -3.392815 -0.317934
1.703441 -3.714813 -1.216229
3.523618 -3.518739 -1.111880
4.581644 -2.655982 1.296398
3.019660 -3.805952 0.725683
2.018654 -0.288136 3.381203
2.659495 -3.838442 0.873170
2.342907 0.148646 3.318190
3.036885 -3.875831 -0.208527
1.373740 -3.102822 -2.118974
2.761133 -1.439887 3.245086
2.666810 -0.991511 3.345446
1.312647 -3.622364 -1.222106
2.465234 -1.558105 -3.247718
3.409253 -1.926994 -2.887390
2.408623 -3.558150 -1.633225
4.106844 -3.304921 -0.765146
2.535613 -3.943039 -0.405041
3.495726 -2.041420 2.793198
3.121921 -3.550764 -1.390413
3.478291 -2.657964 2.380449
2.860120 -3.310065 -1.925698
4.256573 -3.293456 -0.245319
1.835840 -3.946904 -0.300390
2.538103 -1.187760 -3.330530
3.479476 -3.737005 -0.140170
4.516847 -2.809994 1.148913
3.359855 -1.183366 -3.146338
4.112442 -3.400414 0.187013
1.721651 -3.638369 1.403692
1.379113 -1.741100 -3.083863
1.137319 -3.452958 1.464787
2.266248 -0.698215 3.397610
1.133826 -3.351451 1.646367
3.754991 -1.480939 -2.897577
3.212773 -3.502552 1.429871
3.139022 -3.223701 1.932996
3.373466 -3.656735 -0.880714
3.088053 -3.767379 -0.812429
2.214775 -1.462327 -3.284150
2.596792 -3.755316 -1.161228
1.104586 -2.953661 -2.166075
3.030304 -3.474709 -1.592471
4.085403 -2.381564 -2.200445
2.182438 -3.908346 0.702957
2.814499 -0.661380 -3.346750
3.327359 -3.567831 -1.191118
4.144746 -3.098984 -1.232936
2.299867 -1.151998 -3.351021
1.247238 -3.814466 0.406547
1.246231 -1.377029 3.159022
1.973328 -3.968605 -0.174352
4.087508 -3.316599 0.770743
2.935522 -0.855567 3.312472
3.232127 -3.036424 2.123909
3.559709 -1.823255 -2.867886
3.234201 -1.769968 -3.020021
2.505843 -0.759612 3.383209
1.873727 -3.586647 -1.553309
2.565510 -0.918952 -3.365654
3.264467 -1.843227 2.979553
3.998929 -3.023405 1.560280
1.417542 -3.883621 -0.125732
3.821481 -2.250064 2.492420
4.358897 -2.402134 -1.916308
2.245624 -1.360188 3.309568
2.984226 -3.859352 -0.484859
1.602679 -0.384747 -3.337771
2.641019 -3.955081 -0.072382
2.114739 -0.810408 -3.390780
3.279703 -0.948009 3.209719
3.260769 -3.704569 0.852185
2.762819 -0.871751 -3.343932
1.875954 -0.976340 -3.359587
1.909596 -3.369457 1.921893
1.576062 -1.771846 -3.119357
1.694541 -1.040632 3.327629
1.240333 2.281363 -2.783483
1.593030 2.763109 -2.180387
0.551170 2.503160 -2.597929
1.395789 2.014368 -2.921414
1.570163 1.769568 -2.991482
-0.081232 2.163846 -2.639823
1.192293 2.960490 -2.023401
0.019242 2.343417 -2.551064
1.381356 1.503249 -3.132967
0.111614 1.997414 -2.837794
0.481751 2.828341 2.201927
1.855014 1.980551 2.772847
-0.145340 2.178231 2.592083
0.040590 2.426927 2.486260
1.542527 2.592237 2.419231
0.490870 2.631922 2.453402
0.220538 1.656814 3.032672
1.013771 2.730721 2.388597
0.778557 2.385413 2.730553
1.159172 2.195286 2.856298
4.549978 -1.959287 -2.302496
3.624220 3.689141 0.147902
6.121976 -0.078583 -2.090360
3.575188 -0.233034 -3.357277
4.123260 -1.349735 -2.902175
3.496120 -0.925951 -3.173128
4.421813 3.536173 -0.386220
6.197767 -0.669669 -1.780109
3.997284 3.617947 -0.493575
5.178914 1.496319 2.680350
5.811022 -1.428626 -1.757832
6.502173 -0.377823 1.374362
2.492490 1.644745 -2.965666
6.181179 -0.521481 1.876178
5.688108 -1.835830 -1.442409
5.413972 3.045869 0.452902
5.871910 -0.081941 -2.373380
3.877560 3.634486 0.495315
3.679676 1.085651 3.299702
5.662099 -1.034075 -2.229759
4.222047 -0.451029 3.229236
6.859282 0.462359 0.143955
4.884554 -2.566838 -1.163557
5.993865 0.909399 -2.190399
5.797657 -1.733096 1.416559
5.346478 1.619493 -2.505229
4.075412 -1.891910 -2.530671
4.776933 1.193098 -3.006761
6.027994 0.538951 -2.222924
3.951494 -0.909315 3.141487
6.639390 0.520908 -1.201177
3.946292 1.136580 3.258873
3.605324 0.656503 -3.378441
3.086342 1.254797 3.239348
2.250847 1.953738 -2.708673
5.695615 0.146846 -2.563355
2.839043 1.262264 3.198421
4.143250 -0.328359 -3.273380
6.578350 1.571079 -0.500668
4.371574 -1.740925 -2.567839
2.237564 2.483192 -2.295299
5.676946 -0.276039 2.518732
4.796106 3.093909 1.400940
5.857881 -0.218975 2.360832
6.133029 2.289747 0.688295
5.813291 0.883297 -2.389463
5.074649 -2.400769 -1.304603
5.861277 2.223031 -1.453526
4.157957 3.083375 -1.820507
5.207488 -0.881069 2.672200
4.817114 0.329188 3.119565
4.569027 -1.246699 -2.822549
3.865649 3.357473 1.423723
4.835680 -0.364399 3.040752
5.254774 3.038172 0.917452
4.887317 -0.733248 2.911865
2.684590 3.165248 -1.648613
4.721210 3.393621 0.624478
4.765071 2.931627 1.710459
2.274019 1.610638 -2.900460
4.007836 -1.729998 2.675738
3.465277 -0.284161 3.349671
3.595669 3.670047 -0.399726
5.273076 0.253435 2.879508
5.040284 3.303607 0.193308
6.122202 -0.395454 -2.007611
6.865717 0.255844 -0.056929
5.471665 1.662295 2.381218
6.645192 -0.694076 0.688811
5.696671 -0.341454 -2.486335
4.030059 1.022713 -3.273723
4.639755 3.147708 -1.432701
6.553016 -0.706468 1.013405
4.994259 1.371613 2.840120
3.606174 0.411578 3.394705
4.248139 0.997168 3.233326
4.689107 -2.495512 -1.507854
4.688519 -2.688860 -1.076010
6.713948 -0.211492 -0.869936
3.511369 3.592283 0.831890
6.415235 -0.376649 -1.553517
2.444890 0.481907 3.237123
2.366338 2.855319 1.948886
4.787268 2.846824 -1.819497
6.766903 0.722592 0.695888
2.179989 2.845317 1.845161
6.769328 -0.466578 0.262664
4.995563 0.725635 -3.006649
2.887919 3.351997 1.373043
5.444419 -1.154058 2.354269
3.710199 3.207002 1.739346
6.217905 2.293016 -0.038800
4.605480 -2.585519 1.399234
5.654450 1.035921 2.494564
4.245043 -1.496078 -2.782910
3.958903 3.355328 -1.399837
4.948053 2.734569 -1.849344
3.153608 3.446372 1.239542
5.153945 -2.619602 -0.460093
2.399883 1.375558 3.042099
5.722078 -0.842597 2.274520
2.710325 1.110531 3.212786
5.558222 0.017950 -2.666361
6.284430 -0.885926 -1.491022
6.565463 0.058019 1.377695
4.902445 0.120933 3.076421
3.285414 1.023063 -3.316883
4.532993 0.281902 -3.228805
4.349747 0.396662 3.281253
3.555067 -1.022384 3.132255
3.790702 0.940588 -3.323018
5.882658 2.354864 1.217363
4.142320 1.330526 -3.167951
6.453058 -0.758954 -1.236171
5.928773 2.476855 -0.861219
6.316646 -0.716683 -1.553074
3.483372 3.349172 -1.496497
5.954685 -1.477692 1.490319
4.966994 -1.510797 -2.458832
3.246275 -0.702812 3.242045
2.308387 2.258585 -2.523826
5.574169 -1.860669 1.569890
5.338511 2.921044 -1.079661
2.655203 2.791170 2.162014
3.132427 3.588721 0.778479
4.777621 -1.227821 -2.742462
5.875404 -0.988717 -2.026833
6.849910 0.106816 0.275616
3.106770 3.668649 -0.237524
5.225789 -2.434603 -1.004543
5.312493 1.876822 -2.378098
5.251759 -0.844295 -2.659818
3.829494 -0.791447 -3.201322
5.706680 1.904684 -1.988808
5.014571 3.297876 0.389753
6.115508 1.618796 -1.671591
4.661472 3.336425 -0.942772
4.722376 -2.632770 1.184711
5.322467 3.073434 -0.633878
5.512178 -2.419256 -0.045412
5.435017 1.303410 2.582151
5.104421 -2.618169 0.619476
3.851779 -1.093030 3.078824
5.183939 1.840221 2.494673
5.225029 -0.484376 2.802800
3.647829 0.284090 -3.395593
4.686694 -0.070447 3.151784
4.096269 3.356108 1.340930
4.374626 3.450481 -0.886296
4.657362 -1.811551 -2.387862
2.775803 3.479447 0.973712
5.603549 0.621365 2.623827
2.707688 0.500944 -3.308377
6.423135 1.123158 1.460278
2.944125 -0.086240 -3.338280
6.095050 0.481455 2.148019
6.146365 -1.399717 -1.226141
6.415429 0.827356 1.606118
6.053785 -1.030829 1.761634
4.518478 0.521331 3.224823
4.175701 -1.119378 3.008447
1.928012 -3.351009 -1.956551
2.903889 -2.136444 -2.991498
2.679776 -3.111168 -2.298373
2.549805 -2.533218 -2.863241
2.226993 -2.848266 -2.645390
1.349580 -2.170451 -2.892362
3.236229 -2.823359 -2.365806
2.587684 -1.664884 -3.204479
2.696169 -2.153946 -3.038399
2.253071 -3.119417 -2.354384
1.759839 -1.904956 -3.123377
2.061221 -1.808245 -3.192909
1.435873 -2.466306 2.765557
2.520998 -3.252375 2.136778
2.402697 -2.646993 2.802298
1.967940 -1.935290 3.148419
2.283088 -1.664604 3.229909
1.457250 -1.937256 3.026549
2.753760 -1.916817 3.111805
2.455842 -2.779420 2.692621
2.733777 -2.327839 2.947453
1.627661 -2.373619 2.890935
1.890504 -2.862511 2.597327
1.619281 -3.088177 2.261211
1.419639 -2.903036 2.386641
2.347949 -1.928886 3.163883
1.800008 -2.446866 2.893106
2.662654 -3.304271 2.007029
3.160840 2.415240 -2.736266
2.794826 2.539378 -2.519355
3.375875 2.868953 -2.293452
4.187533 1.662423 -3.055376
4.434880 1.989048 -2.816057
2.728420 1.964073 -2.905130
2.946015 2.781928 -2.308594
3.035912 1.457907 -3.173345
3.705659 3.034559 -2.020654
3.775190 2.456657 -2.711044
3.669386 2.714059 -2.478107
4.001826 2.082932 -2.921782
2.838037 2.324229 -2.720656
2.593765 2.604965 -2.347301
6.353054 -1.596269 0.390061
6.410214 -1.234731 -0.853426
6.537921 -1.087439 0.662766
6.270846 -1.578369 0.718893
5.902351 -2.109124 0.387103
6.372430 -1.605898 -0.226663
6.664686 -1.001798 -0.040618
3.136211 2.960263 2.112751
3.391145 1.334416 3.239773
3.294620 1.756809 3.121585
3.265013 2.184665 2.911696
4.447289 2.690629 2.205973
2.943367 2.396696 2.697684
2.916735 2.750181 2.335687
3.907742 2.425806 2.710438
2.987728 2.252395 2.816692
3.729957 1.525805 3.189685
3.605018 1.881206 3.078368
4.076268 2.505322 2.594767
2.580207 2.303129 2.622803
4.359956 1.764752 2.954514
3.350572 2.685694 2.511035
3.503247 3.081549 1.949285
3.591040 2.208495 2.907541
-4.816491 1.473879 -1.538084
-4.991530 1.709287 1.006735
-5.019856 1.376523 -1.441355
-5.670113 -0.245595 1.415156
-5.292790 1.673537 0.354691
-6.066383 -0.162471 -0.302090
-5.558424 1.365233 -0.347710
-5.830211 -0.433657 1.097196
-5.247158 1.673742 0.539555
-5.297277 0.665794 1.678745
-4.985568 1.828075 -0.758707
-6.028170 0.344581 -0.135154
-5.217625 1.176501 -1.412844
-5.624628 0.887492 -1.041031
-5.238684 0.666815 -1.744017
-5.861492 0.190821 -0.995772
-6.036045 -0.658572 0.126362
-5.511204 1.251990 0.806817
-5.999833 -0.746724 0.330139
-5.299055 1.526825 0.788991
-5.476098 1.107140 -1.092732
-5.158786 1.560245 1.003833
-6.004987 -0.140142 0.636643
-5.938193 0.499498 -0.539574
-5.161172 1.059349 -1.580223
-4.861918 1.244719 -1.715641
-5.964050 0.277450 -0.642458
-5.994728 -0.169718 -0.680742
-3.267363 -2.989909 2.363396
-4.233017 -3.564144 0.724642
-4.605015 0.524961 -2.426364
-4.013894 -0.565667 3.053672
-4.754257 -2.693059 1.683901
-2.542541 -3.618876 -1.635482
-4.298137 -2.409203 2.363612
-3.133008 -3.662664 -1.485430
-5.571479 -1.313498 1.525710
-4.058053 -3.105241 -1.860624
-4.859616 -3.219102 0.123219
-2.803913 -3.713194 1.451162
-5.847792 -1.276903 0.828185
-4.114944 -1.033586 2.991928
-4.263320 -3.314269 1.339800
-4.409878 -1.536755 2.724238
-4.551171 -2.029061 2.417627
-5.574296 -1.519487 1.420570
-4.067753 -1.441379 -2.942332
-5.555281 -0.208178 1.595952
-3.370749 -3.561062 -1.586064
-5.532876 -2.201473 0.825339
-4.444162 0.955292 -2.290020
-5.936770 -0.956549 -0.613329
-4.740837 0.852788 2.103016
-3.184219 -1.162198 -3.271059
-5.093556 -2.654300 -1.205806
-5.588990 -0.559694 1.604931
-5.727710 -1.958066 0.439796
-4.541855 -1.941414 -2.471669
-5.437564 -2.137807 -1.186741
-2.587339 -2.485366 2.828774
-4.213911 -3.647442 -0.320077
-2.327894 -3.288940 2.095166
-3.646035 -3.531825 1.487072
-2.477365 -3.869258 1.063303
-4.758811 -2.644056 -1.735536
-2.607015 -4.011243 -0.493369
-3.170823 -1.793559 3.119435
-3.867739 -1.754004 2.935427
-5.087326 -1.399608 2.191001
-4.937296 -0.619701 2.445982
-4.187245 -3.513719 0.976088
-5.736586 -1.390627 1.113222
-2.484178 -4.024562 0.355637
-5.210271 0.223306 1.952409
-3.897043 -3.769053 0.505921
-4.483353 -3.376548 -0.844817
-4.812335 -1.416341 2.456937
-5.506962 -0.409966 -1.728328
-5.390837 -1.802135 1.585263
-3.317121 -3.304947 1.995881
-3.905288 -2.142499 2.749199
-2.568955 -2.319278 -2.927176
-2.537899 -3.658963 1.560599
-3.891248 -2.593796 -2.468968
-3.660125 -3.837241 -0.603986
-4.973167 0.344364 2.173947
-2.262218 -3.876239 0.980793
-3.748621 -2.416560 -2.658103
-2.458374 -3.841606 -1.140022
-2.896883 -4.039172 -0.060744
-2.837978 -1.385978 3.268408
-3.026086 -1.983605 3.067233
-4.449120 -3.418814 0.779913
-3.337284 -2.132478 2.946129
-2.559456 -2.940183 -2.484951
-5.262758 -2.096141 -1.570751
-4.163050 -3.183302 1.665214
-4.779917 -0.805498 -2.583919
-5.508916 -2.423610 0.322843
-5.813800 -1.788228 -0.235254
-4.086238 -0.980085 -3.012026
-3.502336 -1.954782 2.984051
-3.431832 -3.773918 1.077479
-5.044731 -1.438194 -2.225856
-5.093862 -0.952722 -2.279180
-3.412627 -3.839628 -0.885628
-5.182063 -2.334803 1.468598
-4.768984 -1.529180 -2.460166
-5.425866 -0.211702 -1.812883
-4.089170 -0.231698 -2.986098
-4.734728 -2.065956 -2.240935
-5.321527 -2.576914 -0.766461
-4.872346 -2.195042 -2.015719
-2.572725 -1.613972 3.216239
-3.956587 -3.378720 1.531120
-2.277724 -3.496263 -1.800782
-3.014706 -3.212791 -2.182836
-3.754709 -2.935122 -2.237625
-3.381379 -2.859084 -2.453430
-5.737029 -1.508153 -1.031186
-5.102392 -0.372488 2.258457
-5.628572 -2.145862 0.534525
-4.302353 -0.625926 -2.911813
-4.568638 0.376452 2.523086
-5.717682 -0.986373 -1.322526
-2.394412 -3.053513 2.364473
-3.307367 -0.725928 -3.280952
-4.401474 -2.239952 2.405350
-4.842813 -1.735564 -2.313476
-3.879056 -2.456193 2.573356
-4.917375 -2.804550 1.292225
-2.988656 -3.926528 -0.831253
-2.063740 -3.824183 -1.046142
-3.283324 -3.767921 1.185370
-2.743461 -3.792073 1.280221
-3.087013 -1.670066 -3.173204
-3.117288 -3.569304 1.661912
-4.708779 -2.418748 2.009880
-4.980952 0.240251 -2.213930
-5.432696 -1.874701 -1.456295
-3.226558 -1.512630 3.194341
-5.548846 -0.891170 -1.672828
-5.692674 -0.415887 1.376758
-4.149877 -2.626224 -2.295173
-5.234044 -2.157957 1.561142
-5.320407 -1.602560 -1.815058
-4.828279 -0.454966 -2.533234
-4.529027 -2.822634 1.787812
-4.333847 -3.168098 1.518327
-4.474294 -1.064851 2.784746
-5.705963 -1.782136 -0.858980
-4.679545 0.804017 -2.197169
-4.973072 -2.399096 -1.719528
-5.325656 -2.524592 0.870165
-3.574895 -1.528726 3.108206
-5.686216 -1.342924 -1.269707
-4.519759 0.701515 2.396278
-4.531342 -3.179690 -1.245028
-2.148569 -4.008553 -0.053413
-3.093716 -3.957284 -0.641378
-5.037570 -1.168704 2.303775
-2.108007 -3.940965 0.633453
-5.989616 -0.947285 0.175574
-4.962373 -2.437923 1.694081
-4.371232 0.214961 2.720967
-4.274720 -1.136837 2.895220
-2.949505 -1.205127 3.293028
-3.803552 -0.166371 -3.096159
-2.702037 -4.045492 0.126551
-4.843075 -3.181059 0.526530
-3.907890 -2.685789 2.386195
-5.023564 -0.249082 -2.320933
-2.040080 -3.077690 2.272333
-4.053172 -0.409581 -3.025712
-5.161718 -0.805141 2.215191
-4.324085 -2.001476 -2.594150
-3.105410 -0.618473 3.349430
-4.069088 1.433374 2.483434
-2.063181 -1.790509 3.190977
-2.253420 0.195274 3.683583
-1.256763 0.229986 -3.720537
-1.767388 0.908492 -3.648539
-1.564696 1.253927 3.560937
-1.540101 0.462987 3.723656
-3.431829 1.444132 2.978846
-3.244411 0.931511 -3.258219
-2.142231 0.703163 -3.651954
-1.208539 1.586084 3.413522
-2.783390 1.599641 -3.219835
-1.373351 0.770519 3.674607
-4.203809 0.844898 2.588382
-3.309759 0.998065 3.209093
-2.067789 -0.759204 3.609814
-2.615344 -0.893339 -3.458050
-1.825540 -1.638880 3.300943
-0.703130 0.938808 -3.531887
-2.662152 -0.164981 -3.576153
-2.556253 0.957579 3.517067
-1.439625 -0.215823 -3.721133
-0.957589 0.486191 3.665072
-2.048395 -0.988650 -3.547034
-4.221729 1.535276 2.260760
-2.022153 -0.329687 -3.689764
-4.534529 1.471230 -1.883041
-1.581179 -0.795284 -3.628124
-1.596151 0.213083 -3.737358
-2.828315 1.336676 -3.312821
-3.274728 1.437576 3.072511
-3.891663 1.456662 -2.633648
-1.740388 -0.515780 -3.684055
-1.599423 -0.395115 -3.704894
-2.371593 0.662003 3.619669
-0.434509 1.534517 -3.251582
-1.017268 0.165860 -3.691823
-1.439869 0.442299 -3.720167
-3.333823 1.353160 -3.072927
-3.094970 -0.638200 -3.347463
-3.816387 0.293349 3.012098
-0.835977 0.631109 -3.621180
-1.789700 1.826228 3.317837
-3.734249 0.991353 -2.944343
-2.722119 0.036773 3.569912
-0.821727 0.957930 3.557855
-3.534656 0.778250 -3.132058
-2.311780 -0.502672 -3.620515
-1.022104 1.809856 -3.277539
-2.911731 -0.048507 -3.499909
-2.615393 1.415590 -3.354075
-2.096897 1.022961 -3.591710
-4.595020 1.338988 1.881386
-2.717545 0.620809 -3.532698
-1.121670 0.803679 -3.641516
-2.227436 1.118669 3.547829
-0.722324 1.375299 -3.404811
-2.388622 -0.299681 -3.633219
-2.305270 -0.815082 3.557351
-4.369084 1.559240 2.061284
-2.293234 1.447607 -3.422235
-0.896539 1.936835 3.185335
-3.404224 1.566664 -2.935560
-1.692804 1.001126 3.631824
-3.885315 1.058684 -2.807135
-2.081656 0.360214 3.702128
-1.181744 0.153412 3.716762
-3.570812 1.675238 2.770379
-3.359980 -0.400533 3.264832
-4.557377 1.192652 2.025470
-2.199016 -1.140711 -3.474047
-0.945579 1.599818 3.366486
-1.121922 1.309783 3.509511
-2.811043 -0.848903 3.409890
-3.602119 0.462499 3.143738
-3.060216 0.758500 3.384686
-2.354822 -1.034804 3.482670
-0.446051 -4.378444 -0.364886
-1.508802 -4.197874 0.167147
-0.456151 -2.938011 -2.960928
-1.425371 -2.333257 3.153848
-2.013570 -3.494632 -1.744664
0.747819 -1.011957 3.570392
-0.662461 -3.783024 2.026460
-0.570849 -0.250199 3.709301
-0.326905 -2.058816 -3.467256
-1.766041 -2.372550 2.989643
0.169811 -2.630755 3.142129
-1.278410 -1.858280 3.408545
0.458456 -3.755467 -1.950232
-1.764986 -2.539972 2.887735
-0.875261 -2.431700 -3.243584
-0.666941 -3.536139 2.363386
0.996669 -3.212414 -2.398597
-1.187546 -3.823219 -1.789636
-0.172386 -0.569220 3.737152
-0.208841 -2.199550 3.407158
-1.345783 -1.785483 -3.412009
-0.975636 -2.183574 3.350541
0.569122 -1.163409 3.600595
-1.328133 -4.257657 0.034936
-1.070623 -2.630973 -3.084821
-0.137956 -1.936141 -3.510070
-0.996952 -4.252347 0.777619
-1.659490 -4.141634 -0.196326
-1.845005 -3.621700 1.690584
-1.223742 -1.439698 3.542615
-1.232604 -1.661362 3.484028
-1.737710 -2.793049 -2.718919
-0.254298 -1.245841 -3.692419
0.997711 -4.117100 0.562466
0.445587 -4.236887 0.783596
-0.945966 -4.162279 -1.143778
0.288528 -3.156957 -2.717225
0.080164 -0.240474 -3.695108
0.265097 -2.119342 -3.393722
0.891761 -1.141446 3.509113
0.958474 -4.163137 -0.309198
0.686929 -1.832576 3.408763
-1.237637 -0.934950 -3.612030
-0.836860 -3.591665 2.261180
-0.201033 -0.120892 -3.698691
-0.791488 -0.080589 3.664433
0.568538 -3.834831 -1.767588
0.687322 -3.678057 1.969393
0.223782 -1.301365 -3.644599
-1.013414 -3.831897 1.851636
-1.163175 -1.445344 -3.554848
0.337030 -0.857059 3.678904
-0.273419 -3.278090 2.670176
-0.163238 -3.183481 -2.754546
-0.963907 -1.460764 -3.593377
-0.464060 -3.902248 1.856676
-1.037595 -1.788738 3.491174
0.624907 -3.454942 2.301572
-0.002355 -4.137716 -1.337000
-0.053065 -2.048194 3.463560
-1.740396 -3.307054 2.221363
0.728600 -4.094543 1.050974
-0.250635 -4.007731 1.664749
-1.100007 -2.242627 -3.294119
0.287539 -4.337406 -0.311443
0.560978 -1.635907 -3.502459
0.101914 -2.784707 3.050021
0.135444 -2.258157 -3.350404
-0.070240 -4.158766 1.296962
-0.552170 -3.993437 1.677007
0.649991 -3.113009 -2.652749
0.559147 -3.362339 -2.432648
-0.783691 -4.252182 0.923715
-1.785351 -2.179574 -3.081553
-1.023183 -0.660580 -3.670751
-0.881995 -0.894110 3.689431
-1.696812 -3.619532 1.817650
-1.018491 -2.877564 2.927233
-0.941522 -4.322944 0.405863
0.135833 -3.843655 1.909945
-0.527769 -3.421582 2.512304
-0.947315 -4.101290 1.316826
0.706465 -4.220567 -0.515501
-0.453495 -1.507258 3.640491
-1.706472 -3.853821 1.354264
-0.330436 -4.362345 0.521474
0.483255 -1.882112 -3.443117
0.294472 -4.033891 -1.492539
0.389469 -2.411435 -3.228055
-0.704593 -4.152019 1.277563
-0.626110 -3.558216 -2.340518
-1.099722 -3.362492 2.461580
-0.417424 -1.162049 -3.703667
0.012706 -3.047609 2.860262
-0.150066 -3.425209 -2.510947
-0.249785 -2.900304 2.994052
0.079620 -4.286366 0.822993
0.174223 -3.369915 2.531055
-1.024456 -0.475286 -3.665914
0.847763 -3.694489 -1.851194
0.378053 -4.046554 1.427753
-0.670751 -1.684282 -3.577829
0.755179 -2.706655 2.943151
-1.271496 -3.719541 1.923498
0.515834 -3.032870 -2.768328
-1.478971 2.001862 3.256754
-4.395352 1.649555 -1.971482
-0.482564 4.320587 -0.662202
-2.215717 2.161591 3.187824
-3.243228 2.695612 2.619891
-3.019310 4.083822 1.285934
-1.245505 2.968484 -2.850759
-0.594626 4.428267 -0.192292
-2.283304 3.536673 -2.407267
-0.840314 2.993484 2.736315
-2.213165 4.586411 -0.190944
-2.739445 3.165702 -2.570050
-1.153982 3.911507 1.990156
-3.674066 2.108608 -2.585132
-3.720068 3.050238 -2.015390
-1.448973 2.509464 -3.100545
-4.652463 1.606675 1.571373
-3.891416 2.450300 2.258259
-2.601527 3.758832 2.068501
-4.600985 2.834327 -0.688249
-1.078675 4.325347 1.235114
0.224468 3.910959 0.713048
-3.852960 2.499621 -2.270161
-0.560595 2.161490 3.011431
-0.796332 4.453986 0.535210
-1.685704 3.723275 -2.288514
-1.476682 4.443714 1.069046
-4.019942 2.734854 1.944412
-3.896686 2.088025 2.406229
0.041804 4.056279 -0.634191
-2.939967 2.902897 2.658688
-0.308543 3.296731 -2.269021
-3.433512 3.603800 -1.692688
-4.380020 1.757311 1.968096
-0.936761 4.517625 0.344331
-1.788882 4.612168 -0.324830
-0.737441 2.363986 3.008475
-2.575940 4.169150 -1.459074
-1.441015 2.492682 3.105168
-0.512084 2.926671 2.650868
-3.352247 3.735167 1.583234
-1.143455 4.106389 -1.700448
-3.538037 4.090305 0.019723
-2.421503 4.553009 -0.079374
-1.655099 4.614503 0.300147
-2.107019 2.398085 -3.129808
-3.710939 3.090511 1.987311
-4.387954 3.292872 0.154497
-1.016580 2.415236 3.067155
-1.306464 3.702839 2.272013
0.211006 3.973326 0.478946
-3.960639 3.725803 0.442664
-3.676103 3.979329 -0.299554
-4.535423 2.800580 -0.975269
-3.626521 2.045905 2.638074
-0.212689 2.588708 -2.686514
-4.191704 3.489616 0.451422
-4.779907 2.212311 -0.975461
-1.103016 2.722602 -2.956250
-4.182507 3.390258 -0.824065
-4.492818 2.048732 1.702996
-3.323352 1.765620 2.893477
-2.553381 2.766335 -2.879889
-4.472144 2.892336 1.007245
-2.585985 4.513966 0.039492
-3.773887 3.828990 -0.696754
-4.086346 3.646044 -0.008995
-4.656022 1.868988 1.486836
-2.499195 3.162548 2.653913
-3.828004 1.768504 -2.549885
-1.395246 4.557847 0.602728
-1.583224 3.146081 2.774103
-1.659237 2.358477 3.165717
-4.046874 3.085020 -1.588161
-3.272145 4.224534 -0.355653
-2.505407 4.265376 1.294998
-1.675767 2.790200 -2.986236
-1.207858 4.248516 -1.462489
-1.601697 4.580874 -0.551680
-2.171570 3.784158 2.174160
-2.961581 1.873061 -3.048768
-0.917494 4.529404 0.109822
-1.171208 2.430206 -3.094235
-2.607245 3.618280 2.223537
-0.989380 4.240820 -1.383265
-0.798637 3.882044 1.893993
-0.069573 3.780976 1.493165
-0.403191 4.194614 -0.992687
-4.564872 1.781582 1.682890
-0.371148 4.344225 -0.076448
-4.525114 1.805521 -1.742641
-2.865795 1.833837 3.092062
-1.176126 3.802772 -2.133036
-1.290553 4.399431 1.138371
-2.638622 4.491052 0.233881
-0.709054 3.646746 2.140327
-3.020603 1.933482 3.010386
-0.733547 2.731621 2.848634
-2.078271 3.050091 -2.817762
-2.245405 3.757300 -2.189439
-3.371691 4.152203 0.475705
-3.031291 3.414874 2.217801
-0.057034 4.184562 -0.110476
-4.356793 3.000289 -1.131547
-3.999019 3.332887 -1.337368
-3.797702 2.611652 2.257434
-4.359522 3.166311 -0.817544
0.159835 4.019936 -0.415406
-3.307261 3.150580 -2.275906
-1.436009 2.215730 3.198683
-1.821421 2.173686 -3.222646
-1.349116 4.332861 -1.325126
0.253144 3.785560 1.019185
-1.955276 4.591949 -0.434440
-4.638151 1.880709 -1.518317
-0.381715 4.332403 -0.326687
-1.664931 3.669039 2.343345
-2.937524 4.191442 -1.117423
-1.043192 1.999640 3.195456
-4.790174 2.036061 1.087151
-0.533059 2.884762 -2.686977
-4.837796 2.490023 0.012019
-3.195596 2.016822 -2.910061
-2.777006 3.259270 2.481926
-3.755815 3.235338 1.795765
-1.318362 2.213882 -3.187896
-4.016487 3.466564 -1.069004
-0.530727 3.996354 -1.555617
-3.165445 4.299427 0.014212
1.572143 2.402096 2.973498
1.665872 3.508313 -1.635485
0.282928 3.602915 1.476206
1.129709 -0.379698 -3.684632
0.054447 2.932341 -2.430875
0.591622 3.339569 2.046922
1.581611 0.218209 -3.681955
2.074310 2.750941 2.510313
1.951311 2.706084 -2.606055
-0.180178 1.998156 3.102956
1.527627 1.093984 3.588329
1.841153 3.847581 0.209946
0.098215 2.308130 2.995485
1.190356 2.318094 -3.089535
0.845362 0.136571 -3.737846
0.917521 3.165928 2.313573
0.769392 3.353517 -2.046658
0.925190 0.322413 3.738968
1.051282 0.145703 -3.736844
1.585738 2.254015 -3.073103
0.117842 3.064619 -2.298388
1.713393 1.752929 -3.322541
0.408359 3.570673 -1.593861
0.410375 0.833486 3.654478
0.790175 3.038161 2.463498
2.154303 0.872733 3.473364
1.155307 -0.378224 3.683729
0.847454 1.876541 -3.355605
1.178287 3.099517 -2.381900
-0.275792 1.704811 3.218780
1.350717 0.610489 3.696206
0.455136 3.563169 1.624169
1.181737 3.638509 1.512062
1.417388 1.532111 3.470600
2.049158 3.749253 0.568021
1.059513 0.721293 3.705013
1.890456 1.334242 3.440039
1.943511 1.682023 3.292077
1.177198 1.402176 3.541964
0.324919 3.771249 -1.032349
0.689698 3.959348 0.056647
1.662542 3.732076 -1.077730
0.796171 3.962100 -0.147085
1.651557 3.815042 0.767963
0.702169 3.624363 -1.548079
0.022376 1.594966 3.361709
0.948327 3.965947 0.097060
0.604164 0.655459 3.701593
0.887015 0.793869 3.696801
0.628319 -0.104145 3.713528
1.693802 3.863115 -0.423117
0.636233 1.866199 3.349410
1.182599 1.497165 -3.508280
1.242923 2.373635 3.046564
0.330612 1.166852 3.570881
1.058544 2.676471 -2.823209
1.108703 3.721807 1.320225
-0.351537 0.857244 3.458187
1.787145 3.517708 1.555676
-0.029849 1.296542 -3.453805
1.172534 1.650687 3.449940
0.154190 0.773180 3.618659
1.904151 0.843815 -3.556690
1.280944 3.779335 -1.115462
1.640635 3.314537 1.986660
1.063740 0.819911 -3.690010
0.763530 3.643956 1.512573
-0.017060 1.972170 3.170818
1.917422 3.086273 -2.197865
1.557348 3.912873 0.075751
0.275034 1.618788 3.410032
0.120936 3.248689 -2.051644
1.432543 2.069362 -3.215101
1.076802 2.135204 3.213390
0.205616 0.637666 -3.646706
0.567467 2.597676 -2.870360
0.542015 3.315952 -2.073451
-0.273831 1.248467 3.391992
1.711124 1.890555 3.256733
0.899795 1.586822 -3.483858
0.261044 1.478140 -3.461083
0.231582 3.420767 -1.818202
0.796549 1.696479 3.437063
1.878665 1.975483 3.166307
0.661977 2.480234 -2.973350
0.446011 1.709891 -3.399636
1.578878 3.470496 1.744664
1.071769 -0.731740 3.612206
2.868482 -2.233316 3.292359
1.027660 -2.753964 -2.801681
2.053547 -3.503485 2.329091
1.772211 -3.887064 -1.692418
4.368798 -3.634105 0.233751
3.431247 -4.094673 0.426065
1.066822 -3.647614 -1.805710
2.728361 -4.081579 -1.217572
1.642308 -3.503314 -2.262861
2.126453 -4.320196 0.070927
3.395484 -3.776261 -1.550094
4.058674 -2.119360 2.870995
1.831701 -1.960305 -3.455126
1.537951 -2.741961 -2.976208
1.393895 -2.525272 -3.087024
2.573681 -3.254628 -2.592325
4.008574 -2.635201 -2.563821
2.133567 -0.289200 3.727431
2.813888 -4.107465 1.098152
1.653603 -4.031477 1.329680
3.127479 -1.687855 -3.455671
4.434501 -2.694589 -2.149559
1.847579 -0.787631 -3.715827
2.309144 -1.744052 -3.553869
2.464920 -3.920499 -1.668092
2.071388 -1.467232 3.630612
1.926777 0.139045 -3.658192
3.208032 -2.861327 2.795626
3.492290 -2.484474 2.957839
1.661325 -4.199510 0.767699
4.000458 -3.298608 -1.854118
3.518009 -2.941385 2.595287
3.121402 -1.969728 -3.354069
1.854767 0.002440 3.675870
2.508946 -3.040092 -2.804016
2.808189 -1.130195 -3.652625
1.432537 -3.425638 -2.298263
4.661057 -3.180249 -1.130399
3.025625 -1.121184 3.612074
2.524158 -3.880069 1.737155
3.847659 -3.948111 0.086628
1.502642 -1.676869 -3.503586
2.322642 0.303111 3.632205
2.185471 -2.110978 3.412940
4.832640 -3.160873 -0.714753
2.803821 -1.788812 -3.491552
2.020824 -2.689139 -3.083608
2.340146 -1.482917 -3.627974
2.133227 -2.426398 -3.252537
3.932255 -3.220272 2.023554
4.449049 -3.065943 1.687712
2.107521 -1.113640 3.700233
1.303517 -3.061048 2.646111
4.421369 -3.528270 -0.678914
3.712858 -3.876232 0.952242
4.510696 -3.228962 -1.316751
2.636710 -0.422209 -3.713350
2.670750 -0.722519 3.709978
1.333672 -0.616985 -3.633405
1.297162 -2.316547 3.182309
3.072097 -1.180777 -3.592143
1.130166 -4.041384 0.912614
3.166562 -4.090916 -0.882803
2.883465 -1.973219 -3.407710
0.978663 -1.397725 -3.432523
2.500977 -2.175324 -3.372035
2.142624 -0.243237 -3.723909
1.778047 -0.841332 3.704658
1.452167 -3.374963 2.365872
1.265524 -1.383683 -3.526297
3.281958 -4.132395 -0.504641
2.019981 -4.136465 -1.146247
1.586874 -0.868349 3.674815
3.319185 -2.736424 -2.852766
2.455561 -4.139314 -1.130505
1.843634 -3.809369 -1.852212
1.847108 -2.897879 -2.913079
3.216839 -3.977105 -1.211373
3.233562 -2.601441 -2.980370
3.704306 -3.099941 -2.333385
4.796525 -3.276048 0.301346
1.146060 -3.875080 1.410714
1.381900 -4.219295 -0.236159
2.886638 -3.570607 2.147352
2.462959 -1.415950 3.637646
3.497575 -3.966539 0.948739
1.788177 -3.597808 -2.169500
2.486208 -4.171615 1.015593
2.801020 -1.376012 3.608166
2.854176 -4.199491 0.706534
1.396285 -1.882680 3.408373
2.284412 -0.396665 -3.734934
3.049403 -3.460359 2.239281
2.628624 -1.942011 3.459827
3.302655 -3.667067 1.815902
2.884484 -4.181638 -0.767416
3.278838 -3.956877 1.215101
3.163633 -2.276135 3.197878
2.133192 -3.918433 1.687677
2.346798 -4.042166 -1.413950
3.401180 -1.725635 -3.359305
2.954910 -2.898349 2.842806
2.029540 -4.198769 0.932983
2.985870 -3.154017 -2.605045
1.306742 -3.040211 -2.666761
3.728911 -3.977617 -0.424938
1.772350 -2.263108 3.310699
3.970992 -3.376204 1.764530
2.814580 -3.869507 -1.681304
1.896435 -1.697545 3.554996
1.646281 -0.296564 3.684621
4.190846 -2.589208 -2.464677
2.967734 -2.274400 -3.250356
2.970998 -3.913820 -1.524118
3.159013 -0.941277 -3.602392
3.670244 -2.759724 -2.672495
1.890521 -1.669556 -3.563292
3.032120 -3.778516 1.763547
4.454512 0.194166 3.605220
6.797328 0.815409 -1.620008
5.997701 -0.971439 -2.444576
7.090589 -0.614215 -0.156848
4.936173 -2.965761 1.089521
3.159223 0.448471 3.723787
4.743578 -2.401735 2.253086
4.805417 0.707459 -3.468228
6.545072 1.911455 -1.378856
6.028409 1.989734 2.133849
5.325694 -2.888188 -0.626051
6.592484 -1.658734 0.627383
5.967364 2.941236 0.857371
3.332605 4.028563 -0.195428
3.358542 3.854377 1.145948
2.437726 0.990793 3.527532
6.751317 2.011631 -0.504292
6.890898 0.002497 -1.475044
4.023901 3.684419 -1.482263
7.062907 0.769164 0.910078
3.093587 3.588090 1.734778
5.539884 -2.443472 1.477177
2.135645 3.609773 -1.112142
4.380452 2.111967 -3.139659
6.285047 -1.560760 1.610517
4.039807 2.352073 -3.071546
3.402092 1.013765 -3.670381
6.467488 1.343592 -1.971209
4.634815 3.848796 -0.021232
7.198087 0.510244 -0.128583
5.911771 -2.522827 -0.249119
5.320876 2.847291 -2.010372
5.991990 -1.772514 1.824420
4.464629 2.667892 -2.714410
6.525488 -0.730361 -1.891546
4.257761 2.805638 -2.658151
6.225710 2.692305 -0.795369
5.558639 2.017474 2.577707
2.180884 1.725067 -3.208710
5.566063 -0.008842 3.079504
3.825010 3.873207 1.030533
7.181633 0.430694 -0.408741
4.912876 0.285641 3.448495
4.765780 -0.175019 3.474795
5.841967 3.175109 -0.235823
6.019722 -2.316363 -0.802696
6.153526 -0.563557 -2.455690
6.149816 1.547616 -2.285317
6.829249 1.576356 1.019257
4.428130 1.359912 3.453659
4.869913 3.303147 -1.725325
4.901590 3.726983 0.395233
4.667545 1.265404 3.406192
3.930486 3.956760 0.608990
3.837913 3.011498 2.544326
4.975882 0.739551 3.392542
4.302063 2.416444 -2.965794
5.030337 -2.122636 -2.386196
3.814188 4.000321 0.380341
7.077186 1.238437 -0.249254
4.547382 0.385092 3.578817
4.895262 3.747241 -0.188296
4.551511 -0.944604 -3.357684
5.876863 2.693623 1.558073
5.628766 -2.636651 0.842849
6.167310 -0.024680 -2.567546
4.634933 3.702895 1.007298
6.799758 -1.399541 0.037820
6.092083 -2.100979 1.160484
4.681310 2.266082 2.937334
6.142717 1.400195 2.367224
5.986772 1.255470 2.590867
6.314527 2.672325 -0.479218
6.639600 1.423702 1.626487
5.549930 3.212082 -1.069728
3.203558 0.623496 -3.716810
5.141838 -2.992422 -0.605902
3.225951 3.092062 2.471804
6.041056 -2.407994 0.216423
2.932183 3.125556 2.386185
6.904070 1.430734 0.939052
3.668571 1.661411 -3.476449
4.695200 2.619980 2.659814
5.640823 0.148914 3.038941
6.797615 0.592542 -1.674632
5.803668 2.987427 -1.132430
6.290545 -1.979571 0.912508
4.511053 2.365067 -2.935675
4.468674 3.323449 1.953496
6.420418 -1.187343 1.749137
2.860761 2.121705 3.206995
6.114756 -1.128338 2.223295
4.890087 1.274142 3.316788
6.611930 1.768345 1.387251
5.088565 3.298089 1.530557
4.199892 3.661960 1.455652
6.896862 0.372304 1.487455
5.531699 -0.908900 2.875364
5.168095 1.596798 -3.066393
2.393903 3.767973 -0.885343
3.675246 -1.211850 3.415717
5.094462 2.375267 -2.648840
6.216369 2.830562 0.040027
2.756285 0.293257 -3.672418
3.466887 2.406920 3.086907
6.857422 -1.227667 0.408240
5.251180 -0.293734 -3.233784
5.114007 3.653287 -0.045272
4.877593 -1.821584 2.740318
4.297934 1.817187 -3.314416
6.000306 -1.325560 2.221577
4.437703 2.255471 3.033497
3.392702 2.188164 3.224765
6.075508 0.995681 -2.587114
5.382296 0.011271 -3.199822
4.489213 2.918233 -2.463310
3.425275 3.786893 -1.342059
3.981787 0.937517 -3.648815
3.484786 3.688012 1.574927
2.582094 3.483495 -1.745659
4.709817 -2.728224 1.814856
5.603205 1.815779 -2.667324
7.128245 0.515240 0.727984
3.338359 3.975861 -0.656326
6.911266 0.306979 -1.456667
6.817947 1.171489 1.409684
4.167977 2.199136 -3.142697
3.730835 2.549215 -2.973826
2.323002 3.265840 -1.965275
5.283777 0.019849 3.256619
6.329400 1.360461 -2.158695
3.979188 0.997330 3.637245
4.216244 -0.785564 3.500327
3.466408 3.218468 -2.334350
3.080812 3.683377 1.537365
5.914156 -2.392966 0.874425
5.181637 -1.956731 -2.443946
6.134884 0.327498 2.619836
5.920413 -0.632790 -2.665565
2.679355 0.913575 -3.604175
3.128784 1.990805 -3.317292
2.766252 1.253549 3.546450
3.640171 1.122118 -3.643947
5.071242 -2.825869 1.290204
6.155597 2.854961 0.455511
4.374760 3.922774 -0.097270
5.284786 -0.663104 -3.124748
2.897977 1.556581 -3.475442
7.093814 -0.388213 0.600736
2.536129 0.736748 -3.596000
6.191161 -1.550522 -1.776294
6.401352 -1.965200 0.509998
4.003932 0.390372 3.699515
6.170170 1.061381 2.467665
6.964083 1.395982 -0.738108
3.320510 2.924757 2.655893
3.445576 3.929809 -0.885294
2.274582 1.282420 -3.405479
5.032144 1.936495 2.973606
6.131901 2.860576 -0.553650
3.258723 0.154132 -3.731987
4.397893 -0.817865 3.446160
3.912283 -0.865945 -3.527295
5.026387 -2.522470 1.899565
7.020543 1.253879 0.661657
4.474362 3.594688 -1.446357
5.658565 3.326243 -0.005490
4.929618 -1.102146 3.144654
2.861620 2.658755 2.834930
3.577290 1.410232 -3.568916
3.735657 3.864563 -1.087105
7.126275 0.294862 0.769667
5.134896 3.523375 0.887323
6.169340 1.938197 -1.996751
5.145736 -2.761279 -1.349632
2.480024 2.630925 -2.750540
4.031155 -1.325269 -3.323109
5.620797 2.764534 1.803109
6.147930 -1.352437 -2.020266
6.270007 2.024710 -1.772248
5.279773 -2.689825 1.335185
2.736650 3.850302 0.906348
5.546888 2.749245 -1.908620
3.610314 3.043279 -2.534152
5.040881 3.039917 1.994503
2.450648 1.932730 3.205329
6.890917 -1.059967 -0.649825
3.507739 -0.471852 -3.660542
6.303226 2.473541 -1.095299
4.066505 3.966510 0.393497
4.742013 2.426433 -2.797228
6.621376 -0.852712 1.647036
2.645280 2.055847 -3.196771
6.598431 2.159802 -0.839832
6.574188 -1.253047 1.388685
5.552712 2.158227 -2.483859
5.511232 3.422703 0.173833
4.292985 -0.486976 -3.562938
6.021827 0.635283 -2.710150
3.991926 -0.805420 3.534826
4.784277 1.019531 -3.424991
6.860348 0.868312 1.462894
5.073825 -1.599061 2.794616
7.144141 0.819437 -0.434116
3.006864 3.056273 -2.481898
2.828747 1.836091 3.347562
4.391388 -2.096324 -2.722332
5.939049 2.896044 1.054881
5.777352 1.775530 2.540870
4.242686 0.840604 -3.618257
6.927965 1.711701 0.035004
3.289506 0.437444 -3.733593
5.228791 -2.988253 -0.308748
6.227138 -1.953507 -1.143072
3.783059 2.851051 2.712345
2.642201 3.779632 -1.083456
6.551281 0.221174 2.112753
6.990657 1.480330 -0.406477
2.297976 2.906778 2.409193
4.765256 0.261448 -3.507513
4.198972 3.899625 -0.682512
6.891175 -0.035707 1.465360
4.434092 0.895821 -3.562969
3.969060 2.683552 2.834111
3.399056 2.767353 -2.806826
6.782854 -1.396299 -0.353819
3.151965 2.595807 2.932087
6.081734 -0.332546 2.598125
4.732656 -1.517824 3.015191
5.806489 2.728908 -1.610699
3.888834 -0.142096 3.689692
4.053878 3.005810 -2.510374
4.901535 -0.534965 -3.352691
2.209984 2.555948 -2.702641
4.474901 3.413849 -1.803200
5.389452 2.146305 2.619869
3.181556 3.768479 1.359200
5.086745 1.760920 -3.036294
2.656931 2.462744 2.938547
4.775121 3.565547 1.258623
4.471430 0.696879 -3.580526
5.783116 1.170674 -2.803235
4.846840 -2.189070 2.429821
3.011098 1.783035 3.400888
3.893584 2.376587 3.077933
5.042161 -1.112537 -3.085995
5.174108 0.206831 -3.326634
5.562676 -2.353624 -1.604383
6.495281 -1.889248 -0.195695
5.995450 -0.126209 2.722286
6.379661 0.805314 2.288932
6.017470 -0.659450 2.562119
5.978372 -1.640602 1.981238
4.231650 0.648371 -3.644342
2.671926 2.211350 3.112096
4.924879 2.941854 -2.205045
5.708809 1.588610 2.699282
6.143304 1.248137 -2.432624
5.525405 1.240043 -2.976539
3.220663 3.773785 -1.354168
5.395580 3.269832 -1.193167
6.981553 1.109556 0.984263
3.486418 2.598782 -2.947423
6.525539 0.049016 -2.137836
4.828405 3.758090 -0.383685
7.178720 0.003379 -0.348036
4.810208 -2.874619 -1.459473
6.460631 1.618148 1.809066
5.331625 3.488954 0.559869
5.148548 -1.107645 3.030667
6.713076 0.293144 1.856111
6.535747 -1.778476 -0.513506
4.324786 3.797370 0.995308
7.094628 -0.120671 0.805820
3.315496 3.690222 -1.563913
6.340341 1.533658 2.048084
4.635695 2.434673 2.836210
6.457840 0.343420 2.243822
6.472352 2.402751 -0.717250
6.400377 1.606491 -1.914159
5.821930 -1.976505 -1.810070
6.339968 2.650036 0.434379
5.012540 0.455338 3.401271
6.541145 -1.676350 -0.802543
