    0.0336960372
    0.0212196310
    0.0312456943
    0.0369435985
    0.0287158932
    0.0277664960
    0.0199575523
    0.0349543803
    0.0272857151
    0.0302898684
    0.0117752908
    0.0303652379
    0.0221110245
    0.0244834396
    0.0367899776
    0.0164111116
    0.0274259711
    0.0248573922
    0.0364458924
    0.0169189462
    0.0247216522
    0.0317778601
    0.0329568265
    0.0326857010
    0.0307189609
    0.0170153806
    0.0249701751
   -0.0065342164
    0.0006434463
    0.0019229399
   -0.0100311631
    0.0166143953
   -0.0138179114
   -0.0112167694
   -0.0096209464
   -0.0133485618
   -0.0151475243
    0.0168260900
   -0.0114751950
   -0.0079466079
    0.0050213805
   -0.0027332867
    0.0091214399
    0.0017007237
   -0.0119244885
    0.0032325428
   -0.0176615520
   -0.0094161957
    0.0000038446
   -0.0013820829
    0.0019863344
    0.0160179736
   -0.0180463289
    0.0121246959
   -0.0141789764
   -0.0174736874
   -0.0074696400
    0.0015831820
    0.0137422410
    0.0040590705
   -0.0165757243
   -0.0023765616
   -0.0001711466
   -0.0110730564
   -0.0118091972
   -0.0177005371
   -0.0093687844
   -0.0153303395
   -0.0180278369
    0.0024212649
   -0.0113514614
    0.0084216068
   -0.0083487340
   -0.0104310397
    0.0182885596
   -0.0003297968
    0.0052535002
    0.0020986895
    0.0029303964
    0.0010033694
    0.0044306679
    0.0070819970
    0.0031295360
    0.0150657000
   -0.0007797085
    0.0148739721
    0.0055175463
   -0.0070612808
    0.0079160934
    0.0099085240
    0.0055071491
    0.0084699031
    0.0053056190
    0.0060654311
    0.0044432871
    0.0046742034
    0.0004737427
    0.0013429955
    0.0062965666
    0.0094618655
    0.0090789396
    0.0083588880
    0.0125637093
    0.0129881514
    0.0008314094
    0.0021348790
    0.0079219891
    0.0058066252
    0.0101464108
   -0.0094119917
    0.0073244920
    0.0102215763
   -0.0032945641
    0.0120361473
    0.0050496585
   -0.0016832643
   -0.0024882659
    0.0045557298
   -0.0102040283
    0.0154328081
    0.0151366790
    0.0026462094
    0.0125101150
    0.0078224625
    0.0104114398
    0.0101738892
   -0.0054625057
    0.0058405428
    0.0132725048
    0.0100073297
   -0.0025888061
    0.0149034141
    0.0104498998
    0.0102436656
    0.0057203067
    0.0038812887
    0.0125610641
    0.0049653342
    0.0074414115
    0.0153583248
    0.0056489048
    0.0134518140
    0.0126112326
    0.0105301152
    0.0129957525
    0.0076827612
    0.0100022752
    0.0111132133
    0.0087960622
    0.0138347855
   -0.0137211337
   -0.0428738114
   -0.0278535788
   -0.0435927238
   -0.0365535672
   -0.0258950744
   -0.0275395417
   -0.0143477852
   -0.0149570381
   -0.0413214277
   -0.0412405623
   -0.0378055755
   -0.0198811444
   -0.0192925398
   -0.0432175725
   -0.0159900146
   -0.0422947723
   -0.0389961278
   -0.0301644439
   -0.0361222086
   -0.0290218389
   -0.0230811501
   -0.0411055238
   -0.0145532605
   -0.0416163215
   -0.0384001699
   -0.0384548773
   -0.0083536963
   -0.0144614838
   -0.0437184923
   -0.0420717799
   -0.0430963813
   -0.0432422067
   -0.0277793603
   -0.0282662895
   -0.0345896888
   -0.0330356791
   -0.0188265619
   -0.0233252133
   -0.0416769884
   -0.0290045841
   -0.0189376400
   -0.0329747132
   -0.0397285385
   -0.0367779490
   -0.0100900423
   -0.0415429693
   -0.0417985750
   -0.0273849509
    0.0021862075
   -0.0368591150
   -0.0435308412
   -0.0421117398
   -0.0433707332
   -0.0266043052
   -0.0402754190
   -0.0386139271
   -0.0334009245
   -0.0218084943
   -0.0271046662
   -0.0375709798
   -0.0417076565
   -0.0373796800
   -0.0199028098
   -0.0282185363
   -0.0148273205
   -0.0425731945
   -0.0240835514
   -0.0353716270
   -0.0295314199
   -0.0127503122
   -0.0196049905
   -0.0130095485
   -0.0368728846
   -0.0417363801
   -0.0343467679
   -0.0193654488
    0.0009532694
   -0.0411783180
   -0.0278252792
   -0.0133860300
   -0.0360644263
   -0.0264990669
   -0.0136639390
    0.0100647914
    0.0108615430
   -0.0102731763
    0.0160711122
   -0.0054053437
    0.0112894958
    0.0101169857
    0.0087226463
    0.0172446861
    0.0090632977
    0.0128608111
    0.0131658980
    0.0123430221
    0.0117349476
   -0.0317224856
   -0.0317326517
   -0.0060053419
    0.0103605373
   -0.0039124637
    0.0095405223
   -0.0065275999
    0.0124077851
   -0.0219815385
    0.0101616721
   -0.0256081398
    0.0170959603
    0.0173078136
    0.0162242688
    0.0160670792
    0.0174122482
    0.0147593421
    0.0134972669
    0.0095128830
    0.0133657377
    0.0147138929
    0.0129550871
    0.0045118271
    0.0159278510
    0.0133980962
    0.0147805701
    0.0169891239
    0.0157745869
    0.0067090113
    0.0047346876
    0.0149604126
    0.0154529238
    0.0119255983
    0.0178239645
    0.0152886625
    0.0137179469
    0.0172984422
    0.0170614329
    0.0160026423
    0.0160552952
    0.0119307446
    0.0170569336
    0.0173472071
    0.0139371550
    0.0038792553
    0.0138305096
    0.0168946613
    0.0161117906
    0.0137890576
    0.0176863982
    0.0169635010
    0.0161174901
    0.0146681331
    0.0075192192
    0.0169780914
    0.0165859373
    0.0093886552
    0.0162429716
    0.0170220033
    0.0064255627
    0.0040787495
    0.0062372442
    0.0098764253
    0.0054726723
    0.0101969641
    0.0123286828
    0.0076926384
    0.0044911286
    0.0048081579
    0.0039013644
    0.0039801022
    0.0106869136
    0.0088171062
    0.0055333444
    0.0050464783
    0.0081588870
    0.0042269253
    0.0042486082
    0.0123930072
    0.0133135279
   -0.0003806058
    0.0086223824
    0.0081769246
    0.0097898387
   -0.0128477781
    0.0056497821
   -0.0034660148
    0.0082264430
    0.0064514046
    0.0010261756
    0.0001032374
    0.0036616805
   -0.0216218497
   -0.0118121888
    0.0073006156
    0.0092450383
   -0.0079564914
   -0.0030763883
    0.0027818974
    0.0024148266
    0.0091051828
    0.0072334753
   -0.0215527439
    0.0077079148
    0.0040677045
    0.0090497996
   -0.0039161103
   -0.0193465716
    0.0065923551
   -0.0095199154
   -0.0082528095
    0.0053476189
   -0.0146226214
    0.0025570231
   -0.0009856591
    0.0005363824
   -0.0108746277
    0.0050472752
    0.0027122439
   -0.0077127176
    0.0077300283
    0.0024125053
   -0.0003005030
    0.0004687928
    0.0069414869
    0.0026188379
   -0.0030342681
    0.0044460259
    0.0009380022
   -0.0022821732
    0.0018925586
    0.0051019904
    0.0052393966
   -0.0002276728
    0.0045093265
   -0.0006815858
   -0.0016481838
   -0.0014023228
   -0.0014368279
   -0.0017781580
    0.0010894481
   -0.0007938996
    0.0042313203
   -0.0008451470
    0.0059202754
    0.0015354514
   -0.0024293913
   -0.0009938689
   -0.0036988449
    0.0031388935
   -0.0010032857
   -0.0001248982
    0.0045148292
   -0.0026169895
   -0.0007257425
    0.0057471492
    0.0035870799
    0.0040052118
   -0.0004124413
    0.0045490104
    0.0050420225
   -0.0027791103
   -0.0022709625
    0.0001427276
    0.0012939192
   -0.0013912425
    0.0053278104
   -0.0036824282
   -0.0000893226
    0.0014293552
    0.0060376015
    0.0049051822
   -0.0015784256
    0.0011619469
   -0.0030336204
   -0.0035488241
   -0.0002373039
    0.0052137748
    0.0009008811
   -0.0002061697
   -0.0006234970
   -0.0031306187
   -0.0004446169
   -0.0000852653
   -0.0016533487
    0.0012310205
    0.0025391457
   -0.0023685987
   -0.0019516256
   -0.0002801429
   -0.0006319953
   -0.0014867693
   -0.0007898972
    0.0019164320
    0.0071467091
    0.0077193306
    0.0099946338
    0.0088042394
    0.0063063230
    0.0113250735
    0.0115891043
    0.0071967815
    0.0124297665
    0.0123236294
    0.0075700176
    0.0090487426
    0.0091765282
    0.0128613300
    0.0161629535
    0.0152776669
    0.0091402633
    0.0106086595
    0.0085549744
    0.0085052089
    0.0121627616
    0.0069604559
    0.0111578102
    0.0062708296
    0.0070996922
    0.0176162718
    0.0082518138
    0.0121138107
    0.0159070971
    0.0113291301
    0.0110517112
    0.0077656957
    0.0069042858
    0.0119750875
    0.0073138483
    0.0115957338
    0.0087120745
    0.0057027002
    0.0070226584
    0.0089272210
    0.0098488852
    0.0081770213
    0.0111040917
    0.0056320387
    0.0029985805
   -0.0001991621
    0.0045845098
    0.0021305505
    0.0063932527
    0.0067283533
    0.0062263508
    0.0008513316
    0.0033184036
    0.0041598151
    0.0080756346
    0.0053423231
    0.0066822074
   -0.0000801438
    0.0034488170
    0.0007106034
    0.0080302759
    0.0064095654
    0.0065856624
    0.0062716161
    0.0053482953
    0.0081650971
    0.0063331431
    0.0079123008
    0.0020775414
    0.0066633681
    0.0080278239
    0.0024124199
    0.0068243928
    0.0052430304
    0.0047696878
    0.0072446558
    0.0038312408
    0.0067552999
    0.0065293818
    0.0072613842
    0.0017069492
    0.0048432107
    0.0001261544
    0.0070171020
    0.0073142378
    0.0038889923
    0.0050733079
    0.0069725444
    0.0061370004
    0.0060427972
    0.0023730733
    0.0024088522
    0.0064305203
    0.0080050583
    0.0030576445
    0.0019835317
    0.0061638406
    0.0068641481
    0.0028941977
    0.0005325886
    0.0007701992
    0.0069208375
    0.0016881681
    0.0181704877
    0.0084096577
    0.0198460677
    0.0104994345
    0.0264268378
    0.0261231474
    0.0189394701
    0.0257220448
    0.0164225731
    0.0261390826
    0.0235158845
    0.0171279661
    0.0197747556
    0.0247865963
    0.0267618748
    0.0233271567
    0.0057632659
    0.0215796961
    0.0277916149
    0.0209567916
    0.0260115840
    0.0205250094
    0.0217366021
    0.0221671227
    0.0170193186
    0.0225502778
    0.0096310597
    0.0252268122
    0.0247485450
    0.0068999595
   -0.0052464956
    0.0094647239
    0.0147245385
    0.0027826327
   -0.0107284291
    0.0137920960
    0.0046466397
   -0.0081898472
    0.0013078690
   -0.0009136223
    0.0157413129
   -0.0112701869
   -0.0101166543
    0.0020850736
   -0.0054537677
   -0.0003380976
   -0.0030783220
    0.0078422908
   -0.0020919972
   -0.0064242347
    0.0102093721
   -0.0080167303
   -0.0008475325
    0.0147697832
    0.0072299872
   -0.0062297939
   -0.0018801874
    0.0049935186
   -0.0001190745
   -0.0088111383
    0.0030935344
   -0.0102327443
    0.0066460398
   -0.0035944503
   -0.0025497994
   -0.0121451438
    0.0012255786
   -0.0040533401
   -0.0098940212
   -0.0050148775
   -0.0108150694
   -0.0011020706
   -0.0002731795
   -0.0006315566
   -0.0058850109
   -0.0024915235
    0.0073708176
   -0.0026612281
    0.0042829943
    0.0019983497
    0.0045492256
    0.0008464071
   -0.0048267103
    0.0012754549
   -0.0078832584
   -0.0016310438
   -0.0037286456
    0.0099373833
    0.0023970984
    0.0010929652
    0.0056891581
    0.0001709753
    0.0027152044
    0.0100878282
   -0.0036850472
    0.0046374500
   -0.0065723338
   -0.0089958830
   -0.0059762403
    0.0075079710
    0.0065468289
   -0.0047014581
    0.0023431572
    0.0064934736
    0.0074085304
    0.0061462570
    0.0120985576
    0.0083763113
    0.0053274459
    0.0112619365
    0.0110992215
    0.0080738551
    0.0009534326
    0.0105188585
    0.0117557336
    0.0081917907
    0.0076318837
    0.0107131902
    0.0033310274
    0.0093720010
   -0.0254176290
   -0.0123551282
   -0.0158244003
   -0.0333872719
   -0.0270992504
   -0.0121044741
   -0.0124905127
   -0.0275058959
   -0.0347742960
   -0.0120044324
   -0.0166744842
   -0.0339477669
   -0.0278341225
   -0.0043241101
   -0.0301225611
   -0.0320196447
   -0.0103485071
   -0.0196816213
   -0.0349847932
   -0.0130902081
   -0.0275657700
   -0.0126552559
   -0.0311747948
   -0.0133300613
   -0.0246337187
   -0.0336726008
   -0.0204546460
   -0.0274053026
   -0.0115866237
   -0.0285978263
   -0.0188386517
   -0.0092226272
   -0.0023982366
   -0.0339249114
   -0.0334884144
   -0.0176809920
   -0.0150394187
   -0.0252007546
   -0.0191819446
   -0.0292840803
   -0.0323623821
   -0.0182068437
   -0.0143626275
   -0.0151595837
   -0.0343741423
   -0.0274620615
   -0.0211265176
   -0.0102965024
   -0.0203392145
   -0.0342441953
   -0.0312817846
   -0.0067481839
   -0.0063067627
   -0.0271484369
   -0.0081990814
   -0.0296495082
   -0.0346402634
   -0.0320246712
   -0.0332763214
   -0.0317595523
   -0.0295416261
   -0.0068599312
   -0.0272918529
   -0.0045290811
   -0.0037304274
   -0.0152713129
   -0.0209786171
   -0.0346678843
   -0.0156616959
   -0.0201489600
   -0.0296138900
   -0.0203280316
   -0.0215872103
   -0.0332849145
   -0.0345049863
   -0.0241341260
   -0.0276460700
   -0.0236081499
   -0.0295012520
   -0.0278540736
   -0.0179876785
   -0.0213712506
   -0.0216139956
   -0.0255846952
   -0.0229710602
    0.0070384935
   -0.0209537630
    0.0077862416
    0.0072372887
   -0.0060645044
   -0.0145167921
    0.0077194808
   -0.0042661072
    0.0077320513
   -0.0080533636
    0.0069062613
   -0.0095404632
    0.0091271938
    0.0119303664
    0.0096613395
    0.0072042506
   -0.0154100284
    0.0116396213
   -0.0279926827
   -0.0057830760
    0.0103406676
   -0.0160904925
   -0.0055594720
   -0.0059900421
   -0.0120289442
    0.0120800488
    0.0060619649
    0.0124312518
    0.0122817925
    0.0123336349
    0.0126965653
    0.0113232149
    0.0123738215
    0.0075300684
    0.0085554254
    0.0095111561
    0.0137732263
    0.0108427844
    0.0115167591
    0.0091753283
    0.0067843677
    0.0130452769
    0.0127871892
    0.0065634072
    0.0125012096
    0.0065477692
    0.0137904351
    0.0111401338
    0.0132737436
    0.0123187563
    0.0135434227
    0.0097493927
    0.0126765369
    0.0103937402
    0.0113615741
    0.0091902784
    0.0039337871
    0.0059233987
    0.0097692707
    0.0131211268
    0.0064147103
    0.0096576042
    0.0137316573
    0.0121420400
    0.0130044997
    0.0119972571
    0.0069687788
    0.0044019799
    0.0101473318
    0.0043923493
    0.0058432369
    0.0041247912
    0.0062807373
    0.0046096522
    0.0069146543
    0.0083517916
    0.0054176965
    0.0092040014
    0.0059168490
    0.0050720289
    0.0069521176
    0.0066035577
    0.0049896762
    0.0045999308
    0.0045341874
    0.0066129602
    0.0080071922
    0.0047830092
    0.0052145055
    0.0066814052
    0.0065687967
   -0.0103979315
   -0.0015245109
    0.0039497139
   -0.0243355061
   -0.0043597755
    0.0003997671
    0.0012456314
   -0.0017777495
   -0.0183531687
   -0.0040376673
   -0.0037410108
    0.0026250895
   -0.0004857551
    0.0048552952
    0.0035883541
    0.0065253552
    0.0062748012
    0.0024047059
    0.0011978603
   -0.0141162493
    0.0045707345
   -0.0083207544
   -0.0007136613
    0.0045834194
   -0.0062482085
    0.0023466869
    0.0000030797
   -0.0026615369
   -0.0204637051
    0.0024589685
   -0.0022815162
   -0.0079558670
    0.0010060179
    0.0065624072
   -0.0146951446
    0.0028167755
   -0.0059592738
    0.0046464592
   -0.0042995539
   -0.0075294911
    0.0060227007
   -0.0001780878
   -0.0020466735
    0.0052792114
   -0.0080803188
    0.0052056792
   -0.0006914530
    0.0020451681
    0.0014752075
   -0.0021848555
   -0.0007612324
   -0.0027367990
    0.0016734709
    0.0012487396
    0.0001233520
    0.0018890538
    0.0034106564
    0.0051661642
    0.0011307515
   -0.0029949609
    0.0003154159
    0.0004166638
    0.0004866081
    0.0017816317
   -0.0005355842
    0.0036426162
   -0.0024090429
    0.0037318057
    0.0044400524
    0.0014569412
    0.0040071495
    0.0016550011
   -0.0018520591
    0.0022607926
    0.0053897515
   -0.0037567040
   -0.0047074715
    0.0039963578
    0.0048743443
    0.0004017473
    0.0032693234
   -0.0017255176
   -0.0016581263
    0.0021470546
   -0.0038131662
   -0.0011410944
    0.0014462510
   -0.0009544863
    0.0014409974
   -0.0008294833
    0.0036910893
   -0.0015102398
    0.0029922910
   -0.0013426338
    0.0021112668
   -0.0019902166
   -0.0014325967
   -0.0008215671
    0.0021105933
    0.0040830750
   -0.0006365969
   -0.0002828477
   -0.0035608863
    0.0069602614
   -0.0013896577
    0.0010883416
   -0.0002036143
   -0.0009535840
    0.0109416434
    0.0093227083
    0.0069160856
    0.0134755774
    0.0104745589
    0.0059739542
    0.0068533240
    0.0076715724
    0.0097349511
    0.0100123243
    0.0084357165
    0.0113773561
    0.0063412761
    0.0070478208
    0.0100437669
    0.0123055558
    0.0077389430
    0.0085049683
    0.0058449144
    0.0092349931
    0.0090643825
    0.0090105364
    0.0058338986
    0.0088932575
    0.0084280294
    0.0074332350
    0.0086674801
    0.0086020110
    0.0065056527
    0.0082002151
    0.0097370290
    0.0081007676
    0.0081863573
    0.0095656840
    0.0067599171
    0.0107035586
    0.0077024551
    0.0083358348
    0.0081634309
    0.0099229656
    0.0067996802
    0.0053276457
    0.0031270908
   -0.0001841307
    0.0008609670
    0.0034606413
    0.0034665347
    0.0022387613
    0.0018963838
    0.0027946395
    0.0035290167
    0.0011440455
    0.0040600284
    0.0016039658
    0.0038904878
    0.0052541596
    0.0035478446
    0.0001875741
    0.0007724622
    0.0027535828
    0.0023210666
    0.0061727733
    0.0037374659
    0.0054108880
    0.0047202392
    0.0056399316
    0.0041962971
    0.0059611018
    0.0059493397
    0.0035779320
    0.0059105695
    0.0054387327
    0.0045391371
    0.0059368739
    0.0029064471
    0.0037960088
    0.0047796342
    0.0048971224
    0.0014547892
    0.0002215293
    0.0045335595
    0.0058018770
    0.0015280296
    0.0047243496
    0.0023756199
    0.0044281947
    0.0036354622
    0.0039789385
    0.0042519435
    0.0050846882
    0.0048469668
    0.0054715003
    0.0029237445
    0.0036461885
    0.0037495310
    0.0026598695
    0.0042379648
    0.0061527822
    0.0219134645
    0.0140102309
    0.0159547349
    0.0200243083
    0.0063029710
    0.0184497462
    0.0221212928
    0.0156091798
    0.0187120248
    0.0158943374
    0.0181078893
    0.0095636173
    0.0187257158
    0.0209216610
    0.0115297375
    0.0119001806
    0.0179050717
    0.0215380554
    0.0183395991
    0.0111765315
    0.0219405024
    0.0208600477
    0.0095509454
    0.0194265492
    0.0150680222
    0.0210373132
    0.0188467556
    0.0210872847
    0.0121385244
    0.0217669982
    0.0189122173
    0.0182358504
    0.0125027866
    0.0147223331
    0.0132770631
    0.0163751695
    0.0143893619
    0.0086909549
    0.0157095802
    0.0206972987
    0.0140009274
    0.0154058748
    0.0036455234
   -0.0018829672
   -0.0031186506
   -0.0054261023
   -0.0052828923
    0.0007550660
   -0.0079997842
   -0.0041118860
   -0.0043801582
   -0.0022167515
   -0.0028862846
    0.0128483513
    0.0102386547
   -0.0079318182
    0.0015336630
    0.0028321191
    0.0053061145
   -0.0010703686
    0.0071203726
   -0.0023491613
    0.0011963233
   -0.0039440710
   -0.0036701805
   -0.0047725585
    0.0070676234
    0.0063252289
    0.0018156938
   -0.0056910692
    0.0008448125
    0.0075164808
    0.0040030952
   -0.0037082396
    0.0099946673
   -0.0037000182
    0.0015008314
   -0.0079894765
   -0.0004077368
    0.0010754412
    0.0140528909
    0.0008588027
   -0.0071645028
   -0.0015118591
   -0.0057781268
    0.0015007656
    0.0051546964
    0.0084042415
   -0.0058904289
    0.0007174801
   -0.0000351142
    0.0040711132
   -0.0019321402
   -0.0037906935
   -0.0047360873
    0.0071299234
   -0.0060051303
   -0.0074805455
   -0.0002274429
   -0.0007251056
    0.0008359259
   -0.0018497832
    0.0003648818
    0.0079864673
    0.0132807201
    0.0018341917
    0.0022928299
   -0.0014720154
   -0.0080627722
    0.0113075363
    0.0075184551
    0.0132106834
    0.0134487749
   -0.0070984954
    0.0014577894
    0.0004220891
    0.0029006080
    0.0053900356
   -0.0005422675
   -0.0059418736
   -0.0012554032
    0.0027697712
   -0.0042618641
   -0.0057451763
   -0.0036697115
    0.0022188454
    0.0058134064
   -0.0043463769
   -0.0022167618
    0.0124530058
    0.0021547693
   -0.0060950747
   -0.0051371309
    0.0059350040
   -0.0079948220
   -0.0050616317
    0.0019642857
    0.0017408278
    0.0030306213
   -0.0094031209
    0.0013715670
   -0.0079544278
   -0.0080073880
   -0.0096006040
    0.0040934224
    0.0021863906
    0.0049022866
    0.0032485027
   -0.0049192945
    0.0041655964
    0.0013129683
    0.0023469729
   -0.0053300590
    0.0010898992
   -0.0039733380
    0.0011572276
   -0.0017499139
    0.0020518365
   -0.0073643282
    0.0016323259
   -0.0010434954
   -0.0006822984
    0.0023327399
    0.0026867704
   -0.0027625603
    0.0039790890
    0.0027751371
    0.0029762441
    0.0027216174
    0.0001471542
   -0.0000247961
   -0.0089198465
   -0.0033633259
    0.0031229800
    0.0083710490
    0.0103272382
    0.0039033611
    0.0022986290
    0.0085639578
    0.0080808678
    0.0087462785
    0.0100133102
    0.0073564036
    0.0010812850
    0.0094332798
    0.0053520986
    0.0094518522
    0.0056448479
    0.0049879876
    0.0064272830
    0.0100901200
    0.0077822222
    0.0075321726
    0.0035827171
    0.0060319492
    0.0037340820
    0.0044995993
    0.0096956336
    0.0081449162
    0.0072875537
    0.0095974994
    0.0079917258
    0.0090775109
    0.0059335973
    0.0084413264
    0.0063993767
    0.0030273990
    0.0053771700
    0.0078011140
    0.0052332492
    0.0017574570
    0.0071939001
    0.0056776428
   -0.0162749246
   -0.0163765704
   -0.0074025595
   -0.0153524429
   -0.0255065790
   -0.0199718860
   -0.0135821379
   -0.0180381678
   -0.0083420277
   -0.0178337202
   -0.0267593009
   -0.0158363605
   -0.0279699095
   -0.0215663492
   -0.0197737312
   -0.0112262472
   -0.0265370863
   -0.0094022737
   -0.0273784681
   -0.0239042780
   -0.0138533403
   -0.0081698767
   -0.0141145394
   -0.0242663524
   -0.0204124142
   -0.0194333909
   -0.0279201742
   -0.0171029902
   -0.0179367308
   -0.0207044235
   -0.0251450725
   -0.0210922949
   -0.0272676388
   -0.0131020076
   -0.0213127556
   -0.0227988382
   -0.0205548641
   -0.0231586207
   -0.0215567819
   -0.0224465694
   -0.0122223293
   -0.0105458091
   -0.0278408444
   -0.0169405279
   -0.0271610120
   -0.0225171332
   -0.0271636228
   -0.0241101734
   -0.0250623478
   -0.0274388536
   -0.0142294262
   -0.0267555149
   -0.0206843818
   -0.0260184878
   -0.0265440869
   -0.0258518120
   -0.0163316274
   -0.0125422716
   -0.0242206413
   -0.0226218998
   -0.0180580014
   -0.0250735579
   -0.0275022922
   -0.0021587475
   -0.0129005083
   -0.0228820371
   -0.0240078219
   -0.0203700166
   -0.0063783303
   -0.0136167053
   -0.0235878920
   -0.0250817329
   -0.0255033012
   -0.0123720484
   -0.0158243685
   -0.0157681392
   -0.0282298549
   -0.0103987669
   -0.0147034145
   -0.0187780323
   -0.0265908928
   -0.0174855650
   -0.0223584925
   -0.0119332882
   -0.0180009428
   -0.0225123589
   -0.0175227867
   -0.0250683245
   -0.0267486091
   -0.0130122276
   -0.0191441324
    0.0051182007
   -0.0044254723
   -0.0137490009
    0.0053724823
   -0.0098130933
    0.0059088258
    0.0061100988
    0.0066008792
   -0.0062067828
   -0.0042893536
   -0.0104542920
   -0.0210803470
    0.0092837305
   -0.0082305855
    0.0038433856
   -0.0097827419
    0.0060621102
   -0.0119852286
   -0.0057970247
    0.0083477684
    0.0060153144
   -0.0072822684
   -0.0012675893
    0.0051730014
   -0.0064265121
    0.0078280520
   -0.0061638323
   -0.0211213331
    0.0057236295
    0.0072752449
   -0.0121727932
    0.0069628914
    0.0095687647
    0.0098145629
    0.0052212863
   -0.0153608925
   -0.0219724803
   -0.0064717323
    0.0054899388
    0.0113526623
    0.0118538874
    0.0056097247
    0.0109850453
    0.0086454897
    0.0121028833
    0.0112408983
    0.0045077616
    0.0105290795
    0.0105736448
    0.0085547531
    0.0100943081
    0.0097943847
    0.0100176760
    0.0094973268
    0.0111110030
    0.0066465782
    0.0064810124
    0.0122032981
    0.0051590131
    0.0069858255
    0.0090707574
    0.0112605153
    0.0088396019
    0.0063337980
    0.0111245299
    0.0048872096
    0.0117279543
    0.0121402038
    0.0078383030
    0.0075281441
    0.0117609763
    0.0111201434
    0.0065539741
    0.0087622644
    0.0097317623
    0.0072819347
    0.0097919779
    0.0108044252
    0.0098188520
    0.0115588865
    0.0107843227
    0.0092887536
    0.0107726909
    0.0090300256
    0.0088495591
    0.0096067610
    0.0073115781
    0.0120014819
    0.0119585915
    0.0095030389
    0.0113014470
    0.0109701870
    0.0066974741
    0.0045973130
    0.0048887539
    0.0053069097
    0.0049040084
    0.0045910411
    0.0049363374
    0.0062713476
    0.0059956537
    0.0055922842
    0.0040882563
    0.0059418335
    0.0059627837
    0.0069248930
    0.0054603396
    0.0044816392
    0.0057436642
    0.0052843546
    0.0039040291
    0.0042262506
    0.0066102175
    0.0065338100
    0.0041148059
    0.0039625106
    0.0047058355
    0.0072515432
    0.0045489746
    0.0040687802
    0.0052767198
    0.0105069058
    0.0092373313
    0.0095467019
    0.0045949905
    0.0071545242
    0.0038747805
    0.0063422965
    0.0040062008
    0.0052336459
    0.0063349259
    0.0050461241
    0.0046684290
    0.0053091522
    0.0065120009
    0.0058631526
    0.0075186158
    0.0055979375
    0.0052077766
    0.0059348089
    0.0058586308
    0.0049864171
    0.0041010014
    0.0036915926
   -0.0128753971
   -0.0059071349
    0.0027630177
   -0.0007934088
    0.0014715398
   -0.0113396316
   -0.0084393543
   -0.0116460458
   -0.0068601827
   -0.0000762299
   -0.0042147197
    0.0026293473
   -0.0061026605
   -0.0063737472
    0.0023184789
   -0.0015092113
    0.0036467733
   -0.0033247557
    0.0007439258
   -0.0090348268
   -0.0030773602
    0.0040392673
   -0.0076946352
   -0.0013743337
   -0.0120173058
   -0.0014894906
    0.0032282439
   -0.0015948310
   -0.0026735860
   -0.0137462042
    0.0001099479
   -0.0006855680
   -0.0041233164
   -0.0006341232
    0.0021697012
   -0.0056532441
   -0.0051867817
   -0.0041817634
   -0.0015752088
   -0.0023124929
    0.0004972957
    0.0028088326
    0.0013963207
   -0.0022449248
   -0.0018239595
    0.0001551950
    0.0036396165
    0.0046792054
    0.0047171233
    0.0003192505
    0.0033719731
    0.0042991052
    0.0044966658
   -0.0018019700
    0.0050097710
   -0.0024833342
    0.0016251116
    0.0000312911
    0.0001952009
    0.0004429005
    0.0010621561
   -0.0013509730
    0.0014461646
    0.0027942111
    0.0026795677
   -0.0006307140
   -0.0042427902
    0.0042002794
   -0.0028131771
    0.0049591525
   -0.0052005281
   -0.0016675762
    0.0026298630
   -0.0010822618
    0.0010578362
    0.0012983266
   -0.0012938194
   -0.0008199662
    0.0044416372
    0.0013940214
    0.0045538123
    0.0048353990
    0.0032134506
   -0.0011435696
   -0.0006052999
   -0.0013535914
    0.0044779441
   -0.0012302358
    0.0006205961
    0.0005193165
    0.0042488355
    0.0030064249
   -0.0011670639
    0.0047596298
   -0.0001486780
    0.0045518718
    0.0042856454
   -0.0004335746
    0.0042918551
    0.0037184647
    0.0005880831
    0.0004773238
   -0.0007843174
   -0.0009124184
    0.0044092212
    0.0017263705
    0.0041981757
   -0.0019522172
   -0.0016661620
    0.0040656651
    0.0011741196
    0.0002898963
    0.0047199377
    0.0035653646
   -0.0024080172
    0.0006662677
   -0.0009927291
    0.0001183608
   -0.0021299803
   -0.0023542905
   -0.0016107670
    0.0003291540
    0.0036904317
   -0.0005149018
   -0.0009724377
   -0.0038662903
    0.0031287616
    0.0039777490
   -0.0031925816
   -0.0010602062
   -0.0006681766
    0.0033807359
    0.0031076028
    0.0004718431
    0.0000301134
   -0.0008040217
   -0.0005251079
    0.0004003211
   -0.0001918283
    0.0048496935
   -0.0003829990
    0.0026626598
   -0.0000540408
    0.0002502952
    0.0018871015
    0.0006332965
    0.0023123115
    0.0037438120
   -0.0009994603
   -0.0034553222
   -0.0021721676
    0.0010370326
    0.0040794321
    0.0036453419
   -0.0002675683
    0.0017104953
    0.0017755019
    0.0027567184
    0.0037737492
    0.0034198121
   -0.0034420475
    0.0004554685
    0.0030031636
   -0.0003935055
    0.0003790654
   -0.0009113814
    0.0015613570
   -0.0008472934
    0.0013037882
    0.0050476970
    0.0012300609
   -0.0020258050
    0.0003349273
    0.0022054129
    0.0091487391
    0.0076410686
    0.0057509921
    0.0109734818
    0.0075121644
    0.0088739819
    0.0069157663
    0.0088014114
    0.0079121484
    0.0113966577
    0.0071987461
    0.0060274120
    0.0092154570
    0.0062949900
    0.0055283244
    0.0065509804
    0.0063508620
    0.0074539840
    0.0072879024
    0.0079054442
    0.0061467522
    0.0070353502
    0.0067988936
    0.0076251770
    0.0088263736
    0.0078782107
    0.0094295443
    0.0061204782
    0.0067392687
    0.0084909662
    0.0087207460
    0.0067356401
    0.0056437415
    0.0064955547
    0.0084322632
    0.0114566642
    0.0059492373
    0.0102822898
    0.0104654184
    0.0070129118
    0.0093987264
    0.0068853815
    0.0032882545
    0.0014889247
    0.0021543190
    0.0031726387
    0.0012951189
    0.0016578715
    0.0009699773
    0.0016741946
    0.0042423152
    0.0034877670
    0.0015060143
    0.0025245823
    0.0035279766
    0.0037826535
    0.0030073093
    0.0002753118
    0.0010467177
    0.0041957305
    0.0044971731
    0.0035518169
    0.0007787509
    0.0029975815
    0.0041275410
    0.0048438141
    0.0032121101
    0.0028577067
    0.0032584993
    0.0038444187
    0.0048009523
    0.0050473880
    0.0043987610
    0.0038041205
    0.0050949117
    0.0048419734
    0.0032814273
    0.0029262087
    0.0047443217
    0.0035343904
    0.0040205191
    0.0023441946
    0.0037744833
    0.0044125722
    0.0051297623
    0.0023138991
    0.0051270589
    0.0037109578
    0.0021841839
    0.0026124258
    0.0022243880
    0.0032878821
    0.0043587699
    0.0034452528
    0.0026614622
    0.0015204301
    0.0025001578
    0.0007378020
    0.0014005281
    0.0034681823
    0.0025546826
    0.0002314922
    0.0035638147
    0.0020073632
    0.0043282233
    0.0036277519
    0.0024463017
    0.0152525271
    0.0152956545
    0.0173809155
    0.0149877658
    0.0170609475
    0.0165282380
    0.0159639521
    0.0161442109
    0.0119279394
    0.0158121497
    0.0107178197
    0.0154119604
    0.0137632971
    0.0131884878
    0.0137150806
    0.0167333552
    0.0147417248
    0.0134480976
    0.0088529083
    0.0126983080
    0.0075934042
    0.0049232665
    0.0097151401
    0.0169717585
    0.0149455068
    0.0149422870
    0.0145040288
    0.0103439313
    0.0053247392
    0.0079535748
    0.0065116429
    0.0145773699
    0.0175116725
    0.0050312967
    0.0146734124
    0.0115507399
    0.0137585757
    0.0019051977
    0.0062477550
   -0.0045499221
    0.0007283618
   -0.0037170005
   -0.0001577155
    0.0051188095
   -0.0010719666
   -0.0021220952
   -0.0004552441
   -0.0024485716
    0.0037511178
    0.0086715660
   -0.0006335300
    0.0075805385
    0.0089933802
   -0.0023112083
   -0.0007381880
   -0.0012262460
   -0.0050513697
   -0.0030813581
    0.0022725207
    0.0068893334
    0.0134834245
   -0.0033273251
    0.0018851800
   -0.0041770977
    0.0014398836
    0.0042876912
   -0.0027021535
   -0.0001633407
   -0.0024729769
   -0.0030102492
    0.0073798284
    0.0020046044
   -0.0002782570
    0.0007878483
    0.0038295069
    0.0016554994
   -0.0001469830
    0.0018499127
    0.0043904257
   -0.0019135094
   -0.0043018985
    0.0035169654
    0.0139157194
    0.0053945412
    0.0097732702
    0.0014351217
    0.0057536034
   -0.0040882747
    0.0006270821
   -0.0011237964
    0.0017817649
    0.0031895882
    0.0012080297
   -0.0042793921
   -0.0027987532
    0.0048436707
    0.0007912884
   -0.0031786947
    0.0001469377
    0.0032470688
    0.0003548564
    0.0023788737
    0.0043116346
    0.0128749019
   -0.0053701046
    0.0036118545
    0.0006534896
    0.0007752164
   -0.0051152662
   -0.0014299880
   -0.0001315274
    0.0090879265
    0.0077016802
    0.0092450735
   -0.0015008018
    0.0027563460
    0.0001469681
    0.0078836171
    0.0121072309
    0.0037240330
    0.0002330807
   -0.0029794381
    0.0062917460
   -0.0008817507
   -0.0003575368
   -0.0014631573
   -0.0049342687
    0.0106087402
   -0.0036920036
    0.0011550277
   -0.0044410852
    0.0069300468
    0.0075496604
   -0.0038431304
    0.0029767034
   -0.0021567692
   -0.0012342994
    0.0002313080
   -0.0008735254
   -0.0054175705
    0.0024914237
    0.0027847782
    0.0009805804
    0.0009088380
   -0.0025716653
    0.0017966312
   -0.0045873992
   -0.0047606307
   -0.0021520442
    0.0016188306
    0.0008477857
   -0.0074599731
   -0.0005738072
    0.0016521536
    0.0021526424
    0.0007704774
    0.0019283188
   -0.0048702707
    0.0026869521
   -0.0031188081
   -0.0023030812
   -0.0018596188
    0.0011257262
   -0.0060413449
    0.0010273174
   -0.0004722183
   -0.0058191065
    0.0017716969
   -0.0017703602
    0.0028531893
    0.0037166632
   -0.0036982206
    0.0023330841
   -0.0052815546
    0.0014546950
   -0.0013162979
    0.0043187519
    0.0011102011
   -0.0011368760
    0.0024919447
    0.0032439667
    0.0050523851
    0.0027877685
    0.0037343150
    0.0007422303
    0.0031643095
    0.0059296540
    0.0053256825
    0.0078680406
    0.0087180335
    0.0003436493
    0.0032682252
    0.0050506931
    0.0099565445
    0.0018548355
    0.0059451848
    0.0037316493
    0.0027041457
    0.0085462568
    0.0089976882
    0.0071432786
    0.0013608196
    0.0049742293
    0.0059633017
    0.0046642372
    0.0059269023
    0.0068855247
    0.0063311432
    0.0100477928
    0.0063411844
    0.0062265210
    0.0066450486
    0.0046813825
   -0.0013694175
    0.0048610268
    0.0057230757
    0.0054570087
    0.0040926832
    0.0100958504
    0.0092757848
    0.0075014188
    0.0095113031
    0.0087906415
    0.0040037606
    0.0044035486
    0.0023733087
    0.0056631561
    0.0066369289
    0.0096663920
    0.0039436374
    0.0071481167
    0.0047750037
    0.0016563787
    0.0060562953
    0.0013340758
    0.0100816939
    0.0076518952
    0.0064465309
    0.0080340066
    0.0060795767
    0.0035911267
    0.0077561733
    0.0058691373
    0.0061776403
    0.0098087209
    0.0088421359
    0.0069047854
    0.0082370613
    0.0101012762
    0.0032224225
    0.0096026697
    0.0039028498
    0.0067879127
   -0.0213883513
   -0.0219782418
   -0.0196223831
   -0.0229671588
   -0.0133634088
   -0.0137682097
   -0.0046850676
   -0.0106042234
   -0.0138792464
   -0.0221534082
   -0.0045668970
   -0.0122546744
   -0.0146656331
   -0.0086102506
   -0.0218591991
   -0.0203988608
   -0.0218390466
   -0.0229983289
   -0.0121220934
   -0.0232784605
   -0.0233185508
   -0.0088497291
   -0.0186885741
   -0.0181400114
   -0.0121001850
   -0.0219678287
   -0.0183121542
   -0.0222616154
   -0.0228482028
   -0.0128608844
   -0.0158175288
   -0.0212318462
   -0.0184204664
   -0.0060308157
   -0.0231185158
   -0.0104153558
   -0.0179447576
   -0.0227181340
   -0.0205307495
   -0.0091359478
   -0.0132746898
   -0.0178024074
   -0.0019976243
   -0.0099965514
   -0.0203049206
   -0.0084486306
   -0.0136178233
   -0.0116010767
   -0.0158032855
   -0.0181695321
   -0.0211406007
   -0.0098095058
   -0.0225107848
   -0.0203484181
   -0.0091742330
   -0.0081929169
   -0.0123214558
   -0.0151298194
   -0.0162880290
   -0.0169610847
   -0.0187522217
   -0.0213965667
   -0.0075008423
   -0.0049928123
   -0.0197059199
   -0.0088481983
   -0.0187168217
   -0.0157293514
   -0.0203851480
   -0.0203528550
   -0.0025523174
   -0.0184913311
   -0.0182924487
   -0.0187724955
   -0.0173878037
   -0.0212982997
   -0.0234484370
   -0.0203102866
   -0.0213725505
   -0.0154148364
   -0.0208511214
   -0.0202597505
   -0.0214935513
   -0.0227226944
   -0.0102241251
   -0.0075367348
   -0.0156889753
   -0.0095697787
   -0.0101938398
   -0.0183630187
   -0.0095090714
   -0.0161800806
   -0.0114257658
   -0.0046989082
   -0.0146377911
    0.0050869355
   -0.0094396423
    0.0026241025
    0.0035881291
   -0.0047181361
   -0.0103407061
    0.0042001109
    0.0030839218
   -0.0083643514
   -0.0050566787
   -0.0025538775
    0.0034805277
   -0.0124170225
   -0.0115094703
   -0.0098601465
   -0.0160042019
    0.0072557535
    0.0030688994
    0.0022819588
   -0.0066786626
    0.0012918524
   -0.0024132936
   -0.0116743800
   -0.0068525638
   -0.0028153703
    0.0021433369
    0.0029680514
    0.0032268038
    0.0033361632
   -0.0057338763
   -0.0074536077
    0.0037754283
    0.0056854697
    0.0057897780
   -0.0115697443
   -0.0175487723
   -0.0107785081
    0.0037495372
   -0.0102295705
    0.0032832046
    0.0026807494
    0.0003590902
   -0.0141156773
   -0.0029925523
    0.0006710262
    0.0054945621
   -0.0099860193
   -0.0087922613
    0.0057760968
    0.0063966154
    0.0097664582
    0.0073838460
    0.0094013015
    0.0053043271
    0.0080452440
    0.0095176158
    0.0093651266
    0.0066950904
    0.0085235938
    0.0059470469
    0.0048957948
    0.0094992966
    0.0085902224
    0.0098800909
    0.0093431432
    0.0091671543
    0.0054041942
    0.0037715521
    0.0060658770
    0.0042300967
    0.0040296728
    0.0042198512
    0.0053461778
    0.0045836185
    0.0046361189
    0.0039905945
    0.0083334734
    0.0057326542
    0.0053629465
    0.0067910102
    0.0062800010
    0.0051940730
    0.0057383495
    0.0038852184
    0.0043775037
    0.0051358927
    0.0047414731
    0.0052801238
    0.0056409429
    0.0037918735
    0.0050321381
    0.0057461806
    0.0038047228
    0.0040154330
    0.0046145475
    0.0037563329
    0.0063240205
    0.0084788041
    0.0076815334
    0.0055322803
    0.0080814492
    0.0043057329
    0.0047155013
    0.0053465259
    0.0041349887
    0.0042378602
    0.0065390983
    0.0049233974
    0.0092708392
    0.0050488675
    0.0043749050
    0.0048805100
    0.0048294399
    0.0044033147
    0.0040687088
    0.0060296012
    0.0059268798
    0.0083307540
    0.0048361880
    0.0038877791
    0.0048788159
    0.0054385946
    0.0048846772
    0.0053457538
    0.0053090503
    0.0063227525
    0.0054001085
    0.0053657046
    0.0042912345
    0.0055450340
    0.0047182654
    0.0040888767
    0.0063789422
    0.0041070496
    0.0059797170
    0.0042156513
    0.0058505865
    0.0045143740
    0.0041717827
    0.0051011927
    0.0064156063
    0.0068851108
    0.0080488449
    0.0068228184
   -0.0010032786
   -0.0023715014
   -0.0052471049
    0.0004694169
    0.0016553498
   -0.0076607730
   -0.0051755518
   -0.0082946986
    0.0020660916
   -0.0046651069
   -0.0084986434
    0.0016454590
   -0.0084611767
   -0.0088476997
   -0.0015414580
   -0.0066173084
   -0.0018520609
   -0.0042525186
   -0.0032375584
   -0.0008626127
    0.0035872099
   -0.0025337248
    0.0011884015
    0.0034152993
    0.0035434636
    0.0041392072
   -0.0016578966
    0.0019790452
   -0.0019554128
    0.0012061789
    0.0028663092
    0.0018554623
    0.0030713812
    0.0017423031
    0.0034872627
   -0.0010447015
    0.0011913482
   -0.0020728094
    0.0029862279
    0.0021747143
    0.0027126485
    0.0010179943
    0.0039823858
    0.0005228880
    0.0034308786
    0.0009226702
    0.0041667573
    0.0017802566
    0.0007118005
    0.0033915648
    0.0007561996
    0.0027420639
    0.0030808048
    0.0033340350
    0.0023898988
    0.0010961235
    0.0034339242
    0.0027365931
   -0.0002058168
    0.0035817405
    0.0006117667
    0.0013935494
   -0.0003939423
    0.0013098985
   -0.0006038232
    0.0006680522
    0.0038723505
   -0.0002307032
    0.0002126118
    0.0020832057
    0.0017932086
    0.0028891680
   -0.0007790373
    0.0020035267
   -0.0008216556
    0.0021834288
   -0.0014991853
   -0.0013057307
    0.0000932654
    0.0031251297
    0.0041287061
    0.0036100755
   -0.0024598176
    0.0013565026
   -0.0013185734
    0.0015414951
    0.0013320524
    0.0007379992
    0.0027614768
    0.0014401541
    0.0026461283
   -0.0003875011
    0.0025798460
    0.0014863958
    0.0031341405
    0.0024227238
    0.0039309995
    0.0040402283
    0.0018903144
   -0.0021362858
    0.0017481354
    0.0043595086
   -0.0008064140
    0.0002720852
    0.0006108981
   -0.0013737109
    0.0025306508
    0.0015391021
   -0.0019692781
    0.0022981544
   -0.0001842906
   -0.0006849294
    0.0040082594
    0.0007605126
    0.0035122710
   -0.0007630631
    0.0003010995
   -0.0018963354
    0.0042245947
    0.0034685620
    0.0019491089
    0.0036029909
    0.0012445403
    0.0024652508
    0.0012656803
    0.0017492991
    0.0032884413
    0.0021046808
    0.0023082240
    0.0041535912
    0.0028819846
   -0.0004099802
    0.0025289677
    0.0024972089
   -0.0006275967
    0.0021965180
   -0.0009472228
    0.0031409678
    0.0028277216
    0.0043410970
    0.0015639634
    0.0033962728
   -0.0006544640
    0.0002136474
   -0.0027361028
    0.0026770232
    0.0022049809
    0.0015518854
   -0.0032673917
    0.0040287210
    0.0008340094
    0.0020267835
    0.0034616593
    0.0002641909
   -0.0012721759
    0.0000198001
   -0.0010464349
    0.0040099941
   -0.0009988326
    0.0044090937
    0.0009255067
    0.0041696132
    0.0037175065
    0.0010523826
    0.0017605293
    0.0031069267
    0.0020292308
   -0.0007819171
   -0.0012776519
    0.0033479393
   -0.0030388848
    0.0009474171
    0.0040261663
    0.0001888414
    0.0041904868
    0.0007283258
    0.0033177724
    0.0004159662
    0.0024226037
    0.0021078769
    0.0032579261
    0.0068980448
    0.0060068012
    0.0061542614
    0.0065494194
    0.0069563477
    0.0088990996
    0.0055832117
    0.0062084319
    0.0062854102
    0.0067409954
    0.0077130349
    0.0070849927
    0.0086611060
    0.0062209248
    0.0067562005
    0.0073237739
    0.0066568605
    0.0085002497
    0.0061239284
    0.0066533342
    0.0062867038
    0.0081576787
    0.0075078596
    0.0078397773
    0.0084998345
    0.0066953738
    0.0077791401
    0.0059477790
    0.0018483917
    0.0012939692
    0.0008702785
    0.0023827249
    0.0019584936
    0.0025534096
    0.0007325700
    0.0032083922
    0.0004727145
    0.0018338721
    0.0013604873
    0.0022116016
    0.0018717147
    0.0008152522
    0.0038929964
    0.0033858086
    0.0032920723
    0.0037827985
    0.0042639763
    0.0039284587
    0.0033066530
    0.0003445050
    0.0031387387
    0.0028200375
    0.0022816319
    0.0010426232
    0.0017834119
    0.0008038471
    0.0018497789
    0.0021037043
    0.0028050155
    0.0025953632
    0.0016554072
    0.0017374517
    0.0021828272
    0.0013497476
    0.0002157070
    0.0022320203
    0.0051451289
    0.0051026631
    0.0069469003
    0.0121983086
    0.0074294970
    0.0140699523
    0.0102341080
    0.0127746428
    0.0071171028
    0.0102990970
    0.0043323334
    0.0140011442
    0.0088355230
    0.0116397364
    0.0100159799
    0.0132517074
    0.0134814820
    0.0102790076
    0.0131999664
    0.0081054973
    0.0104492196
    0.0070478290
    0.0138001147
    0.0135341439
    0.0088432660
    0.0064912040
    0.0137182560
    0.0137427051
   -0.0015360891
   -0.0023252152
    0.0057707363
    0.0026643154
    0.0006063172
   -0.0018389010
    0.0001900310
   -0.0027980615
    0.0079069135
   -0.0015744306
   -0.0003208668
   -0.0025275357
    0.0099612558
    0.0023504166
   -0.0017598210
    0.0022097574
    0.0015584158
    0.0072454240
    0.0016233837
    0.0115790286
   -0.0027284025
    0.0048791184
    0.0042472498
    0.0119860105
    0.0066648243
    0.0012447052
    0.0017730160
    0.0106242956
    0.0067239233
    0.0017407650
    0.0046092423
    0.0003726988
   -0.0025218679
   -0.0005124190
   -0.0026992488
   -0.0023424488
    0.0007467546
   -0.0029535480
    0.0005427298
    0.0007931411
    0.0049835572
    0.0061569220
   -0.0022787621
    0.0087374957
   -0.0027807230
    0.0098881096
   -0.0030821636
   -0.0015233648
    0.0037709073
    0.0105186610
    0.0053442575
   -0.0021840649
    0.0001475327
    0.0006681453
   -0.0019246868
   -0.0007121827
   -0.0033253932
    0.0082220294
   -0.0018973510
   -0.0004792252
   -0.0022312859
   -0.0034180281
    0.0013375081
    0.0003952630
   -0.0016824205
   -0.0000453779
   -0.0003942759
    0.0039175985
   -0.0016215155
    0.0050116230
    0.0041067819
    0.0078482364
    0.0023695422
    0.0002276645
   -0.0031938984
    0.0047135615
    0.0062116531
   -0.0033264712
    0.0029154812
    0.0033717055
    0.0105084600
    0.0031196535
    0.0020190278
    0.0028481469
    0.0021544677
    0.0015887784
   -0.0022361063
   -0.0008846396
   -0.0017423760
   -0.0014663513
   -0.0013431759
    0.0083419720
    0.0076924862
    0.0055532322
    0.0034490676
    0.0054994647
    0.0101018492
   -0.0001809916
    0.0015303317
    0.0007488603
    0.0031569134
   -0.0004652704
    0.0008138859
   -0.0032498629
   -0.0012367422
   -0.0031262218
   -0.0026207675
    0.0007523766
   -0.0025859697
    0.0011126483
    0.0081546937
    0.0053652153
    0.0008802014
    0.0092043635
    0.0120289789
   -0.0004833090
    0.0036036662
    0.0055922580
    0.0059548867
   -0.0002333880
   -0.0013440531
    0.0032995671
    0.0071942852
    0.0062266871
    0.0019944902
    0.0029971843
    0.0008943592
    0.0085860095
    0.0051114749
   -0.0010006718
   -0.0020555801
   -0.0034152907
    0.0053439237
   -0.0017359432
    0.0124790281
    0.0018452006
    0.0043899036
    0.0025843670
    0.0013627528
    0.0023222500
   -0.0031868818
   -0.0002790952
   -0.0008845096
    0.0075069867
    0.0009635998
    0.0029019857
    0.0069464713
    0.0010908800
    0.0015172432
   -0.0012225375
    0.0029828311
    0.0005282765
    0.0015899355
   -0.0019334389
   -0.0035288321
    0.0003278725
   -0.0039276938
   -0.0017320944
   -0.0012699974
   -0.0051909121
   -0.0059741612
   -0.0007849898
    0.0025840221
   -0.0018755615
    0.0027239158
    0.0018767210
    0.0038962001
   -0.0005819450
    0.0011236089
   -0.0024425800
    0.0027264196
    0.0011249699
    0.0029603686
   -0.0008300223
    0.0020545646
    0.0024863016
    0.0037709241
    0.0011359713
   -0.0043182052
   -0.0042492976
   -0.0023409862
    0.0029044838
    0.0029005175
   -0.0011510059
   -0.0034691128
    0.0022449375
    0.0004983727
   -0.0036596203
    0.0014997636
    0.0019673293
    0.0006596941
   -0.0074826761
   -0.0006141471
    0.0007346997
   -0.0008543963
   -0.0004315387
    0.0019635614
   -0.0065663496
    0.0008898711
   -0.0049155387
   -0.0027286884
    0.0039953811
   -0.0010274373
   -0.0006320360
   -0.0032217740
   -0.0030853920
    0.0015526989
    0.0023522990
    0.0002130325
   -0.0051621223
   -0.0072728732
   -0.0047870554
   -0.0022767173
   -0.0002479913
    0.0001305931
    0.0020392180
   -0.0050137768
    0.0016114245
    0.0043709689
    0.0027043172
   -0.0048895952
   -0.0033102879
    0.0016704356
    0.0007997243
   -0.0012683352
    0.0023757787
    0.0038321548
    0.0007661900
    0.0068915109
    0.0049020267
   -0.0000040413
    0.0067611832
    0.0051722014
    0.0042412936
    0.0070718474
    0.0036365792
    0.0077808362
    0.0053835305
    0.0067351035
    0.0034452153
    0.0062783694
    0.0057039489
    0.0078513488
    0.0034274377
    0.0053133382
    0.0073017874
    0.0051869530
    0.0060926968
    0.0068682107
    0.0014263796
    0.0057447682
    0.0071954292
    0.0027707005
    0.0001415351
    0.0007481558
    0.0053163628
    0.0054226497
    0.0031908661
    0.0063355061
    0.0055462146
    0.0053281873
    0.0032525968
    0.0076145626
    0.0048241540
    0.0076821569
    0.0070437702
    0.0054137445
    0.0077494286
    0.0047679787
    0.0051570972
    0.0042626168
    0.0035648426
    0.0065713702
    0.0069712619
    0.0068064962
    0.0040361732
    0.0053969669
    0.0062371635
    0.0068680773
    0.0071265331
    0.0057355032
    0.0053101836
    0.0058589567
    0.0074042489
    0.0053536356
    0.0073771855
    0.0021964094
    0.0057977086
    0.0054070504
    0.0057949333
    0.0049148518
    0.0074536753
    0.0076944090
    0.0076554251
    0.0052079974
    0.0048685571
    0.0078657270
    0.0075244500
    0.0034491620
    0.0037183348
    0.0046117172
    0.0051970932
    0.0016293321
    0.0057189879
    0.0027041418
    0.0063208818
    0.0062123452
    0.0034525651
    0.0053676804
    0.0064782241
    0.0008650282
    0.0041162411
    0.0076519030
    0.0059192580
    0.0079123575
    0.0040070416
    0.0057484372
    0.0048137175
    0.0060619722
    0.0074671070
    0.0068315151
    0.0072432935
    0.0049465897
    0.0072746691
    0.0042487872
    0.0069258311
    0.0059243233
    0.0063549794
    0.0081577626
    0.0033845713
    0.0078682808
   -0.0083383515
   -0.0001979766
   -0.0186324565
   -0.0093717561
   -0.0110884739
   -0.0171349029
   -0.0129412624
   -0.0190638008
   -0.0154370571
   -0.0127583126
   -0.0193323212
   -0.0137080662
   -0.0169581367
   -0.0071841402
   -0.0119133911
   -0.0108987435
    0.0029327258
   -0.0083774114
   -0.0161664261
   -0.0076688073
   -0.0185975614
   -0.0168356395
   -0.0087767649
   -0.0080354003
   -0.0191313242
   -0.0162569947
   -0.0190018952
   -0.0095187121
   -0.0062805806
   -0.0175265574
   -0.0123965057
   -0.0137799234
   -0.0148460702
   -0.0012334738
   -0.0193578757
   -0.0195438987
   -0.0094456805
   -0.0177194941
   -0.0107854503
   -0.0120897562
   -0.0154763391
   -0.0177459842
   -0.0166674547
   -0.0191400299
   -0.0195823895
   -0.0105429430
   -0.0121166630
   -0.0113012127
   -0.0100591061
   -0.0161299495
   -0.0171715834
   -0.0145160879
   -0.0160526697
   -0.0077904389
   -0.0069696608
   -0.0097921692
   -0.0128980204
   -0.0016314139
   -0.0116927936
   -0.0124362683
   -0.0026859043
   -0.0062445605
   -0.0120940042
   -0.0086724712
   -0.0189337183
   -0.0152907570
   -0.0138942906
    0.0003277553
   -0.0138162099
   -0.0046405818
   -0.0194314830
   -0.0138390790
   -0.0102415632
   -0.0112819285
   -0.0174518256
   -0.0180932644
   -0.0123028892
   -0.0183000627
   -0.0194763561
   -0.0164233358
   -0.0074768882
   -0.0194070254
   -0.0103123072
   -0.0156162417
   -0.0182746731
   -0.0167698577
   -0.0161044504
   -0.0180944448
    0.0002209506
   -0.0187567442
   -0.0003682439
   -0.0073697819
   -0.0165281794
   -0.0188619603
   -0.0188288855
   -0.0157082016
   -0.0076796836
   -0.0113577137
   -0.0134752560
   -0.0163102357
   -0.0170852120
   -0.0145010571
   -0.0181230045
   -0.0097962858
   -0.0126298590
   -0.0095283001
   -0.0107143069
   -0.0173936567
   -0.0130775187
   -0.0094088027
   -0.0094239606
   -0.0186112717
   -0.0161405215
   -0.0194306523
    0.0000444767
   -0.0187029266
   -0.0160290701
   -0.0175938311
   -0.0078917913
    0.0001256180
   -0.0119213295
   -0.0035458540
   -0.0078453441
   -0.0140609885
   -0.0127031444
   -0.0093427015
   -0.0132215806
   -0.0172221230
   -0.0178170680
   -0.0006372034
   -0.0053745551
   -0.0143082227
    0.0052468829
   -0.0104402069
   -0.0094037885
    0.0040973493
   -0.0007635905
   -0.0008667400
   -0.0051820617
    0.0025145550
   -0.0070079700
   -0.0055501663
   -0.0012944204
    0.0040884249
   -0.0063150758
   -0.0083694234
    0.0037050157
    0.0041155965
   -0.0001539951
   -0.0109943801
    0.0013825831
   -0.0127981131
    0.0019363264
   -0.0061788339
    0.0033864201
    0.0052588798
   -0.0006357506
   -0.0048062340
   -0.0038089665
    0.0033063717
   -0.0122962911
   -0.0080782928
    0.0014603608
   -0.0058980644
    0.0028799655
    0.0024527524
    0.0018841068
    0.0014212217
   -0.0155649242
   -0.0138591566
   -0.0067695720
   -0.0130149913
   -0.0073499934
   -0.0108595653
   -0.0019395093
   -0.0119358784
    0.0026677427
    0.0025630959
    0.0046807062
   -0.0075426110
   -0.0011436812
    0.0011703236
   -0.0013380481
    0.0006904016
   -0.0031561595
   -0.0090430587
    0.0006267509
   -0.0050722821
   -0.0007179543
    0.0007702866
    0.0018065661
    0.0032349711
   -0.0085965475
   -0.0043513636
    0.0026386433
   -0.0105668895
   -0.0041395607
   -0.0025068925
   -0.0083627700
   -0.0012147022
   -0.0126055036
    0.0000784108
   -0.0009235477
    0.0023041465
   -0.0047830499
   -0.0095944429
   -0.0011672262
    0.0010760374
    0.0004180866
   -0.0006970811
   -0.0131034852
   -0.0001257598
    0.0011527259
   -0.0037495471
   -0.0011108756
   -0.0054181545
    0.0060660206
    0.0053084783
    0.0082439557
    0.0060194310
    0.0056994827
    0.0035654100
    0.0037453839
    0.0069602039
    0.0044301803
    0.0065051374
    0.0044084668
    0.0042327196
    0.0039492979
    0.0064240956
    0.0071995790
    0.0074462991
    0.0056357775
    0.0041526092
    0.0044729551
    0.0043021475
    0.0054744111
    0.0046915488
    0.0037985087
    0.0052449271
    0.0056375347
    0.0049744142
    0.0056954427
    0.0041744411
    0.0050384758
    0.0046839986
    0.0050249117
    0.0040423055
    0.0046720128
    0.0048772670
    0.0043808168
    0.0058167299
    0.0045993706
    0.0068907497
    0.0036802987
    0.0043896736
    0.0049857608
    0.0035968067
    0.0066924649
    0.0038454793
    0.0060589438
    0.0036856614
    0.0051113698
    0.0064767777
    0.0053845413
    0.0062707645
    0.0041452628
    0.0037834845
    0.0053131143
    0.0074969728
    0.0036135072
    0.0038028797
    0.0037132196
    0.0041862279
    0.0044074799
    0.0056580456
    0.0075831928
    0.0043795464
    0.0057445382
    0.0039969310
    0.0051436708
    0.0074289553
    0.0056999527
    0.0044076786
    0.0053990726
    0.0069357316
    0.0067943260
    0.0038182107
    0.0049379801
    0.0056662466
    0.0049100847
    0.0045658769
    0.0057828141
    0.0066991614
    0.0041340297
    0.0049964398
    0.0044226505
    0.0036573711
    0.0062673329
    0.0050841960
    0.0050166106
    0.0052024671
    0.0038799027
    0.0061953231
    0.0044720779
    0.0048133560
    0.0040867740
    0.0070893298
    0.0044404650
    0.0049412414
    0.0054200664
    0.0044587959
    0.0040937893
    0.0041049947
    0.0049896680
    0.0053006617
    0.0048610575
    0.0044235391
    0.0053293113
    0.0047825204
    0.0052122954
    0.0074986142
    0.0036560765
    0.0067159666
    0.0040274791
    0.0047055159
    0.0061299105
    0.0048966898
    0.0039740262
    0.0052057164
    0.0044779419
    0.0041183350
    0.0045149744
    0.0061006914
    0.0046106777
    0.0021344635
    0.0005768800
    0.0019235696
    0.0021874696
    0.0036770381
    0.0030770593
    0.0034661849
    0.0017032512
   -0.0000550503
    0.0002393747
    0.0036921774
    0.0031831900
   -0.0006138653
   -0.0029764287
   -0.0022397956
    0.0031051354
   -0.0002232468
    0.0012595846
   -0.0011197162
    0.0006419882
   -0.0016565523
    0.0033427473
   -0.0047550733
    0.0014986465
    0.0026825085
    0.0014605618
    0.0025869884
    0.0003356566
   -0.0015827141
    0.0009281949
    0.0037044487
    0.0000539062
    0.0027614475
    0.0009124219
    0.0018303229
    0.0008172365
   -0.0005172181
    0.0006182918
    0.0021087196
    0.0014195380
   -0.0018216498
    0.0009967029
    0.0017452199
    0.0020233798
   -0.0008489586
    0.0035176865
    0.0015821097
    0.0004035072
    0.0000624783
    0.0018311044
   -0.0003565502
   -0.0013360377
    0.0016791195
   -0.0020434252
    0.0005249623
    0.0015704341
    0.0012830541
    0.0031019361
   -0.0022803240
    0.0002782069
    0.0020000389
   -0.0013855716
    0.0025938554
   -0.0002400385
    0.0036025253
    0.0011951760
   -0.0011796254
    0.0030518928
    0.0032721616
    0.0011883922
    0.0004863994
    0.0006549253
   -0.0005585862
    0.0002206772
   -0.0006801983
    0.0029238565
    0.0037063474
    0.0000483972
    0.0036811636
   -0.0003793541
    0.0001472875
    0.0021240831
    0.0008334348
    0.0013089191
    0.0007353323
   -0.0005452062
    0.0033063681
    0.0012130146
   -0.0002060330
    0.0022986473
    0.0017118769
    0.0020897195
    0.0015008948
    0.0000114366
   -0.0004852201
   -0.0010202667
    0.0009257931
    0.0019534097
    0.0011588732
   -0.0044055103
    0.0037701994
    0.0007616637
   -0.0006657762
    0.0035305659
    0.0014758501
    0.0028409447
    0.0017289622
   -0.0012590778
    0.0029582234
    0.0017277235
    0.0022636356
    0.0013612671
    0.0017402986
    0.0007093819
    0.0015119415
    0.0005438641
   -0.0018987233
    0.0022591466
   -0.0014801153
   -0.0023756580
    0.0036606127
    0.0006887212
    0.0008867142
   -0.0027506531
    0.0009864627
    0.0003359487
    0.0015478140
    0.0012880836
   -0.0022102442
    0.0015757669
    0.0003941099
    0.0022518480
    0.0028133816
   -0.0000901411
   -0.0020359378
    0.0035199421
    0.0029053265
    0.0010024029
    0.0016527780
    0.0030399655
    0.0019332828
    0.0027052998
    0.0024048544
    0.0035980048
   -0.0006503126
   -0.0017877019
    0.0019059639
    0.0023803824
    0.0018682298
    0.0032976253
    0.0026034684
    0.0034330811
    0.0024330449
    0.0006311304
    0.0001639454
    0.0005187860
   -0.0024092413
    0.0027991408
    0.0011261466
   -0.0006401725
    0.0031691599
    0.0026595902
    0.0031807134
    0.0034052639
    0.0002644894
   -0.0008576814
   -0.0009577872
    0.0024023052
    0.0007372709
    0.0023003396
   -0.0018588739
    0.0010986139
   -0.0009769532
    0.0001632220
    0.0035561454
    0.0003550365
    0.0033987469
   -0.0000998942
    0.0023427129
    0.0000337504
    0.0035123748
   -0.0035702496
   -0.0000199669
    0.0004010358
    0.0000031531
    0.0018433132
    0.0026109605
    0.0033478214
   -0.0003533173
   -0.0020065088
    0.0009975503
    0.0020295669
    0.0017132977
   -0.0002673711
    0.0025178985
    0.0005251567
   -0.0010256998
    0.0025585072
    0.0008966501
    0.0030581077
    0.0016430508
    0.0005400404
    0.0026688145
    0.0006241133
   -0.0000906821
    0.0020865978
    0.0035783327
   -0.0005328892
    0.0005687312
    0.0021013131
   -0.0000561330
    0.0029686159
    0.0037303353
    0.0031938538
    0.0008221261
   -0.0035329687
    0.0009946312
    0.0001012653
   -0.0008328027
    0.0018583682
   -0.0017416051
    0.0012967160
    0.0019436011
    0.0010808086
    0.0008748107
    0.0030190228
    0.0010772170
    0.0014151584
    0.0028389111
   -0.0002224622
    0.0027623171
    0.0005299550
    0.0020822803
    0.0001575309
   -0.0004141352
    0.0006847223
   -0.0021869992
    0.0011594344
    0.0009716458
   -0.0008819027
    0.0019656148
    0.0008250480
    0.0032534665
    0.0021598279
    0.0014850827
    0.0023311497
    0.0015737710
    0.0032561429
    0.0034432564
    0.0013006231
    0.0006654268
    0.0016630471
    0.0025996938
    0.0021631321
    0.0014744855
    0.0002373369
    0.0007160137
    0.0005553865
    0.0009926353
   -0.0021433622
   -0.0006595459
    0.0003690859
    0.0011930088
    0.0011198947
   -0.0013881874
    0.0014580366
    0.0036703075
    0.0001816212
   -0.0010313319
    0.0022679774
    0.0009521808
    0.0033088217
   -0.0014076101
    0.0015299341
   -0.0016921636
    0.0002966972
    0.0010716425
    0.0009169094
   -0.0003997338
    0.0002184398
    0.0029269626
   -0.0005519617
    0.0016191892
    0.0031400492
