3.079721 1.326955 -2.487031
0.854964 1.499069 -1.517765
3.286910 1.869638 -2.018826
1.319714 2.057192 -1.665873
3.065081 2.036901 -2.023886
2.309656 2.476638 -0.531268
3.287516 1.663037 -2.191574
1.436473 1.858374 -2.065195
3.444540 1.914917 -1.775480
0.999605 1.680424 -1.657288
2.181981 2.534935 -0.821931
2.963722 2.269114 -1.753307
2.145857 2.435464 -0.448248
1.890342 2.350270 -0.375461
2.195940 1.314694 -2.661223
1.999217 1.975066 -2.270519
2.304183 2.285542 -1.961599
1.622924 1.192309 -2.530734
2.818167 1.091452 -2.642791
1.177078 1.925512 -1.650454
2.676882 2.301488 -1.872468
1.129991 1.498627 -2.028612
3.020684 2.399019 -0.825896
3.503476 1.724295 -1.916527
2.728665 0.694681 -2.670508
1.523978 0.951823 -2.510822
4.267791 -0.628779 -1.688911
3.977769 -1.631882 0.209121
3.858336 1.740506 -1.037348
3.032134 1.691821 1.121470
4.318951 1.094427 -1.206040
3.884085 0.531603 -2.161170
3.567654 1.596290 0.876154
3.449490 0.687338 -2.413286
2.699024 -1.946769 0.914779
2.025574 2.319140 0.005164
4.640150 0.656304 -0.602897
1.529402 2.228400 -0.322155
3.889189 -1.053277 -1.901068
3.355433 1.555208 1.090083
1.335369 0.530167 -2.493297
3.186307 -0.217687 -2.633281
2.599199 0.553995 -2.714087
4.467059 -1.002787 -0.881815
1.828509 0.255234 -2.717526
3.962146 0.121363 -2.167988
1.814641 2.301903 -0.151497
4.531764 -0.109082 -1.380203
3.980570 1.271554 -1.604571
0.874637 0.847646 -2.066602
1.084784 -0.978211 -2.166873
4.192041 -1.413648 -0.969644
4.354589 -1.029390 -1.204315
3.976666 -1.532443 0.427104
2.067116 0.301989 -2.754282
1.232108 0.757076 -2.365817
1.957489 0.612478 -2.676080
1.941270 2.269404 0.170009
3.808417 1.287993 -1.793401
2.211654 -0.197358 -2.778944
3.212892 -2.015687 0.523446
4.109220 -1.503889 0.175072
3.905945 1.719257 0.153802
3.680375 -1.144601 -2.027985
4.341240 -1.294472 -0.666973
3.223802 0.341486 -2.603241
3.314074 -0.624435 -2.501077
4.649710 -0.296120 -0.991364
3.243402 -2.110892 0.243083
3.558847 0.954003 -2.233365
2.292732 -2.340413 0.015136
4.134346 1.580520 -0.551655
3.826746 -1.839135 -0.774969
4.216427 0.224083 -1.884712
3.669693 -1.985636 -0.325418
2.488481 0.265951 -2.773436
3.872085 -1.466767 -1.519905
3.464162 -1.641015 0.912286
3.078594 -1.576465 1.220179
4.195554 1.472447 -0.770415
2.411426 2.357193 -0.087095
4.087442 1.571975 0.047211
4.528636 0.914968 -0.766899
4.121490 -0.796565 -1.800525
4.116029 -1.601845 -0.539650
2.925873 1.318430 1.487244
2.541419 -0.768232 2.316740
2.512320 0.499827 2.430218
1.714921 0.375037 2.813963
0.305654 2.159194 0.028162
0.873081 -2.359476 0.443953
0.036837 -0.045115 2.617258
2.887275 1.207125 1.654273
0.564788 -2.297896 0.411784
1.384999 0.223141 2.886933
2.243043 -0.239545 2.639582
0.974725 2.063468 -0.642288
1.531003 -2.302317 0.040944
1.293839 -0.563876 2.835969
0.983864 2.355943 0.247793
1.869579 0.579497 2.727852
0.759013 -0.314759 2.849204
0.559724 -2.185608 -0.187635
3.003156 -0.524414 1.956068
2.865892 -0.882977 1.948613
0.978813 -0.567386 2.829996
0.973204 2.312525 0.001103
2.954660 0.591141 1.990855
1.785270 -0.068494 2.825928
1.284079 -2.369106 0.327942
0.656618 0.595224 2.772444
0.096466 -2.118429 0.399884
1.838672 -2.264418 0.219134
2.669662 -0.318866 2.350301
3.160926 -0.072036 1.834650
0.666983 0.366009 2.823289
0.261389 -2.159529 0.116446
2.238931 0.250011 2.640446
0.873979 1.948439 -0.806611
0.543007 -0.593246 2.743747
1.569601 -0.243774 2.861006
0.504989 2.242454 0.092615
4.423317 1.236527 0.116897
4.227250 -0.545057 1.432348
4.624932 -0.997165 -0.040391
4.022867 -1.329881 0.866874
4.593100 -0.944650 -0.320682
3.709603 0.081874 1.775359
4.837098 -0.203105 -0.462450
4.759192 -0.771924 -0.089093
4.278821 0.496396 1.413072
4.171876 -0.222770 1.561875
4.165619 -1.110509 1.055125
4.902066 0.353303 0.447765
3.373857 0.094818 1.826605
3.852256 0.744462 1.547325
4.735949 -0.541832 -0.502747
3.388625 0.306817 1.800145
4.537789 0.989515 0.678532
4.502443 -1.119457 0.452987
4.100798 0.284672 1.593218
3.499483 -1.196027 1.311980
4.589849 -0.330070 1.158984
4.474717 0.633811 1.156038
3.326849 0.659589 1.696133
3.651360 -0.800175 1.583005
4.452241 0.243508 1.336591
4.037678 0.674567 1.494385
3.411718 -0.997145 1.497824
3.439333 -1.849108 -1.868023
3.263292 -1.030056 -2.442762
2.638763 -1.612111 -2.527394
2.598943 -2.056628 -2.214834
3.339329 -2.054653 -1.711995
2.624851 -2.400551 -0.394801
1.046392 -1.945813 -1.077467
1.111391 -1.971495 -1.377047
3.450722 -2.131094 -1.199716
3.102887 -1.765836 -2.252255
1.605469 -2.141506 -1.871304
1.350769 -1.259011 -2.346867
1.872727 -2.482030 -0.879665
1.670465 -2.394489 -0.781582
1.640099 -1.239889 -2.528115
3.570646 -1.953092 -1.443355
1.949171 -0.769723 -2.675392
2.185258 -2.100189 -2.187238
2.606098 -0.862303 -2.704868
1.984940 -2.445904 -0.560868
3.426567 -1.125607 -2.305169
2.156070 -1.928650 -2.343028
1.953394 -2.364298 -1.724532
-0.372692 -0.590039 -2.234065
0.537741 -2.026478 -0.587905
-0.006953 2.125705 -0.125205
-0.239008 2.091472 -0.535213
-0.090101 0.661353 -2.244370
-0.315541 -2.098204 -0.386109
0.331087 0.711244 -2.201861
0.103701 0.134474 -2.344970
-0.359869 -2.061964 -0.607404
-0.010472 -1.853174 -1.269711
-0.284897 0.630938 -2.236003
0.253094 2.065475 -0.668889
0.048772 1.935623 -1.106575
-0.105905 2.095702 0.130078
0.734549 1.654610 -1.342278
-0.823345 1.592975 -1.369583
-0.658328 0.285104 -2.227180
0.303469 -1.251925 -1.917562
-0.688474 1.467692 -1.602259
0.353893 0.075394 -2.320769
-0.321070 1.810398 -1.295092
-0.261497 -1.965366 -0.996634
-0.376232 -0.320030 -2.293639
0.532487 0.462410 -2.231497
0.056129 -1.287249 -1.917340
0.484863 -1.819264 -1.215508
0.425030 -0.095208 -2.306704
0.212265 -1.429910 -1.785385
-0.157453 1.911721 -1.145122
0.080922 2.124541 -0.314101
0.737591 1.871888 -0.916850
0.599282 1.020388 -1.992387
-0.087441 1.482923 -1.747463
0.159620 1.072762 -2.054627
0.303214 2.095450 -0.437146
0.318619 -1.908058 -1.110426
-0.164610 2.027838 -0.847586
0.141198 1.366936 -1.848544
-0.676828 -0.310317 -2.217244
-0.628979 -0.124511 -2.252862
0.141373 -1.632675 -1.581244
0.116517 -0.292724 -2.328305
2.594648 1.775086 1.456926
0.764001 1.927277 2.407592
1.176555 1.982811 2.436760
0.615532 0.746400 2.740759
2.694458 1.292329 1.826413
0.240406 1.811150 2.183075
1.312033 2.067230 2.352967
1.159026 1.570927 2.701744
0.078387 2.117434 1.043628
1.342582 1.668346 2.647824
2.113187 1.734922 2.294541
0.818937 0.812523 2.806586
1.696143 1.469872 2.665233
2.150939 1.399065 2.458009
2.068752 2.316744 1.198175
0.394373 2.335633 1.369856
0.035869 1.212596 2.332520
2.335159 1.309773 2.336512
0.650676 2.437610 1.455740
1.117144 2.351090 1.973291
1.723814 2.451236 0.902377
0.083861 2.013112 1.698713
0.664249 1.329697 2.697693
0.448594 -1.865398 2.301539
0.672628 -2.223513 2.024885
0.672949 -2.330851 0.519657
1.285840 -1.496857 2.731732
1.200788 -0.852942 2.852349
2.078606 -2.141141 1.849580
2.583148 -1.325763 2.019948
2.382439 -1.422901 2.237832
0.683660 -2.408933 0.720511
1.924183 -2.284007 0.604132
1.706615 -2.390532 0.645225
0.389230 -1.975494 2.148064
0.333907 -1.666531 2.373344
1.894082 -2.405383 1.076692
0.583620 -2.411989 0.888154
-1.921755 0.624867 2.698125
-0.307139 -0.515436 2.682707
-2.825114 1.112678 1.830439
-2.682606 -1.251642 1.876349
-2.438926 0.055547 2.541955
-0.586514 0.583268 2.758298
-0.068864 2.105032 0.415184
-1.038721 2.270213 -0.174791
-1.965343 -0.522056 2.709794
-1.686728 0.294879 2.832128
-1.688990 0.564481 2.780801
-0.363264 -0.065914 2.763628
-0.108517 -0.256471 2.639647
-2.350548 -0.527539 2.527163
-2.018077 0.267014 2.735972
-0.924752 0.624009 2.810054
-0.968024 -0.360208 2.870423
-1.330031 0.524049 2.843174
-1.261056 -2.184577 -0.413576
-2.729411 1.455082 1.588478
-0.845760 -2.188363 -0.349442
-0.808690 2.344454 0.340655
-0.096566 -2.118640 0.651122
-0.503336 2.208167 -0.055340
-0.436143 2.255830 0.349176
-0.413493 0.227242 2.770682
-0.716452 1.970502 -0.727103
-1.529048 -0.222745 2.869617
-3.183140 2.162944 0.144258
-2.926876 -0.253181 -2.709512
-2.219798 2.316929 0.113989
-4.250858 1.219265 -1.189017
-0.875870 -0.350559 -2.238724
-2.656487 -1.812372 1.102143
-4.368665 1.264249 -0.593587
-0.994928 0.510166 -2.293180
-2.283917 0.422370 -2.752783
-1.820846 2.289058 -0.046477
-2.262790 -0.177814 -2.783150
-2.076350 -2.257558 0.286141
-1.761063 0.530293 -2.653229
-3.590905 -0.549755 -2.373464
-4.594266 0.563432 -1.009215
-2.244878 -2.371862 -0.252694
-4.630170 0.356009 -1.033026
-3.520319 1.762033 0.690136
-3.658239 -0.865402 -2.209352
-3.902212 0.847671 -2.014540
-3.025110 0.523737 -2.636286
-2.093190 -0.603490 -2.698465
-2.877675 1.392648 1.447593
-3.005112 2.264022 -0.061125
-4.226545 -0.330186 -1.851592
-2.475715 -2.232616 0.404604
-4.104732 -0.400130 -1.980787
-2.744057 2.335310 -0.159710
-1.628325 2.258448 -0.244951
-3.111350 1.215046 1.491916
-2.677660 2.276125 0.207071
-3.124182 0.598959 1.761280
-1.349315 -0.027244 -2.566182
-3.345626 -1.607405 1.040781
-3.198449 1.377980 1.338414
-4.194882 1.495676 -0.661043
-3.422276 -2.121434 -0.221058
-4.138951 1.177672 -1.467429
-4.003664 0.907651 -1.874798
-2.651043 -2.329570 -0.020600
-2.138092 2.354162 -0.141826
-1.816943 2.313785 -0.287592
-4.520858 0.998307 -0.429388
-4.069629 -1.386524 -1.317664
-3.435190 0.442928 -2.488610
-2.688519 1.701748 1.219388
-1.983662 -0.447925 -2.718717
-4.593404 -0.228512 -1.203002
-1.529528 0.205690 -2.632555
-1.056096 -0.417416 -2.358319
-3.294768 -0.065288 -2.599764
-3.895792 1.047957 -1.898024
-4.339694 -0.879018 -1.398835
-3.134996 0.735953 -2.538501
-3.761347 -0.573209 -2.248450
-3.544897 -1.879956 0.440943
-3.633263 1.944594 0.100864
-2.593397 2.208546 0.444022
-3.111754 -2.200630 0.095269
-2.045393 0.393329 -2.737848
-3.427742 -0.773656 -2.393398
-4.090741 0.997332 -1.706311
-0.944578 -0.961611 -2.065620
-3.883857 -1.677352 -1.139850
-2.321921 1.853483 1.958755
-1.489770 2.377407 1.871561
-0.973121 1.471319 2.726770
-2.639261 1.349853 1.905984
-2.472778 1.644725 1.961359
-0.287089 2.251798 0.870293
-1.966607 2.356508 0.947061
-1.954836 2.353716 1.449840
-1.651396 1.049963 2.782501
-0.560088 2.019701 2.222159
-1.264108 2.554699 1.229719
-1.924040 2.127609 2.032168
-0.470790 1.674268 2.456694
-1.667313 2.461681 1.481634
-1.552910 1.381381 2.736445
-1.458656 1.713528 2.606833
-2.366722 1.236756 2.330261
-0.998215 2.544056 1.156475
-2.231678 2.130439 1.613094
-2.377471 2.077363 1.114291
-0.180430 1.531175 2.333077
-2.600899 1.642281 1.705838
-1.938676 1.728356 2.420360
-2.450849 1.793478 1.825850
-0.811548 1.321022 2.744520
-0.073232 2.115589 1.270286
-1.559578 0.633636 2.796312
-2.279130 0.871511 2.463254
-1.844885 2.369782 1.599435
-2.208942 1.803631 2.148712
-2.602614 1.761545 1.460288
-2.493674 1.946701 1.289952
-2.040197 -2.327325 1.035929
-1.074702 -2.359048 1.952617
-0.143765 -2.177925 1.248219
-1.497440 -1.867792 2.496912
-2.405418 -1.972513 1.594163
-1.012774 -1.757444 2.590374
-1.120730 -2.083015 2.338901
-0.749951 -2.432924 1.613862
-2.154825 -1.383021 2.461554
-0.762142 -2.468761 0.867757
-2.348923 -1.306413 2.324232
-1.433711 -2.519189 1.440748
-1.343429 -2.394490 0.465851
-0.996058 -2.444283 1.740071
-0.342659 -1.099742 2.597705
-0.332198 -1.711660 2.341145
-0.851144 -1.965379 2.402541
-0.554590 -1.546225 2.569934
-1.290145 -1.466347 2.743292
-1.922047 -1.223276 2.651174
-1.839310 2.374995 -0.473848
-2.264818 2.509433 -0.653635
-1.207613 2.079017 -0.744533
-3.167989 2.175075 -1.722561
-1.081385 1.099545 -2.132996
-2.752115 2.342672 -1.758884
-2.608330 1.719207 -2.475291
-2.140412 1.486451 -2.598409
-1.572709 0.959679 -2.536599
-2.413620 2.416938 -1.715095
-1.601360 2.385135 -1.026683
-2.951262 2.354830 -0.525973
-0.962267 1.792254 -1.329054
-2.190434 2.461234 -1.585690
-3.007584 2.383742 -1.380612
-3.382720 1.835604 -1.953022
-2.269574 2.240218 -2.025788
-2.153502 2.525877 -1.310386
-1.488637 2.270956 -1.435224
-1.264645 1.080286 -2.318145
-3.423309 1.921999 -1.796813
-1.869585 1.581447 -2.495971
-1.525609 2.045784 -1.934675
-2.034683 2.396677 -0.397509
-4.456568 -1.009305 0.810950
-4.733046 -0.587643 0.771860
-4.340861 -0.601126 1.313241
-4.828896 -0.147345 -0.497993
-4.317927 0.582006 1.343179
-4.611622 -0.611130 0.984111
-4.067326 -1.189411 1.044930
-3.921681 -1.121621 1.229052
-4.113296 1.403968 0.561182
-4.951912 0.209920 0.081113
-4.920132 -0.237568 0.463692
-4.856572 0.546159 0.394858
-4.735559 0.694134 0.642477
-4.699839 0.864788 -0.126301
-3.424282 -0.487809 1.753266
-4.191212 0.175182 1.556308
-4.508961 1.124616 -0.100226
-3.410531 0.541477 1.737064
-4.772780 -0.772986 0.024810
-3.328743 -2.211346 -1.313150
-2.893599 -2.134881 -2.014421
-2.693955 -2.511355 -1.219378
-1.957756 -2.490211 -1.317649
-3.041024 -2.405407 -1.016586
-3.508827 -2.075398 -1.213331
-3.160746 -2.274589 -0.596372
-1.464314 -2.056610 -1.858681
-1.323639 -1.772504 -2.037252
-2.708013 -1.304936 -2.628881
-1.288426 -2.133274 -1.412233
-2.175810 -1.847079 -2.407626
-1.579461 -2.372250 -1.123780
-1.041922 -1.743539 -1.662635
-2.766752 -1.984034 -2.236760
-1.674929 -2.380398 -1.389649
-1.591988 -1.924632 -2.123991
-2.943194 -2.313173 -1.679127
-2.280067 -2.378651 -1.797757
-2.417150 -0.878964 -2.724062
-2.621944 -2.513473 -0.783728
2.411312 1.480896 -2.867203
3.222162 2.068818 -2.268086
1.811727 2.474329 -1.970461
3.652172 2.158936 -1.620302
2.074032 1.001179 -2.942802
1.067911 1.926612 -2.026012
3.314119 2.403199 -1.690387
2.485580 2.788241 -0.920147
1.544039 2.340709 -1.998629
1.105190 2.301268 -1.403906
3.686049 1.770064 -2.087610
3.486429 1.910356 -2.191112
2.428746 2.789251 -1.203555
2.613564 1.089181 -2.934711
0.984871 1.956183 -1.870005
2.930720 -2.037433 1.297584
4.209063 -1.377396 -1.855319
4.279685 -1.076996 -2.010221
4.498328 1.641885 -0.775102
3.704574 -1.826816 1.089656
4.990703 -0.521635 -0.867803
4.875564 -0.741917 -1.134328
3.327600 -1.134487 -2.686873
3.469561 -2.479908 -0.546976
4.884039 -0.990200 -0.633779
2.807554 2.509237 0.538034
2.520509 -2.712387 -0.286393
2.665962 0.787814 -2.997231
2.159503 -0.109496 -3.122169
3.773834 -2.228477 0.247405
3.902353 2.137819 -1.083069
1.282350 1.066266 -2.669959
2.148340 2.624088 0.271989
2.446450 -0.205830 -3.122647
2.771331 2.600189 0.272712
4.203704 -1.892928 0.234363
3.598881 -2.262579 0.451530
3.656838 -2.282025 -1.126004
4.699801 0.890229 -1.476332
0.801707 -2.057687 -1.268972
3.429291 1.342611 1.698478
2.457502 -0.911409 -2.972731
3.549755 0.973469 1.832348
1.292805 -0.605544 -2.839136
3.924762 2.221648 -0.536417
4.627645 -1.429295 -0.875733
4.878798 1.012547 -0.235908
2.909242 2.636798 -0.031685
3.481515 2.477615 -0.466376
3.804185 -1.030273 -2.473967
4.389801 -0.180199 -2.213909
2.527483 -2.635252 0.240827
3.052524 1.996242 1.301203
4.026751 -1.457101 1.168888
3.546896 -0.133125 -2.855775
3.261478 2.342307 0.637045
3.983572 0.862776 -2.416657
1.715487 -2.620840 -0.074685
2.642098 -2.554563 0.478845
3.308425 -2.518821 -0.017812
4.489594 0.758853 -1.924814
3.914912 -2.228506 -0.286393
1.783438 2.656005 -0.306324
4.432214 -0.507097 -2.099690
1.179933 -2.433723 -0.697877
3.765069 1.841832 1.014032
3.761801 1.411127 -2.267414
0.776880 -1.641975 -1.893264
4.358080 1.607358 -1.319648
3.304805 -2.356358 0.564981
3.061279 -1.917331 1.385700
4.853123 0.304345 -1.456906
2.497103 -2.505531 0.637968
3.421446 -2.497733 -0.227521
4.238008 1.303204 -1.886510
3.791575 -1.373304 -2.273058
3.986380 2.179073 -0.332378
2.810597 -2.160984 1.177495
4.643061 0.074957 -1.889088
4.063280 1.238237 -2.133859
4.775611 1.134248 -0.939778
3.011117 2.361806 0.770081
1.956311 -2.687100 -0.532594
2.994408 1.263222 2.104151
2.573794 0.603138 2.779516
0.654176 2.660983 0.308644
2.079638 -1.023942 2.878300
2.205648 1.009919 2.831987
3.124311 -0.491783 2.357660
3.074453 0.909021 2.247144
1.508437 -0.311418 3.208158
0.147060 2.513241 0.693975
1.783421 -2.624679 0.155688
1.380169 0.434550 3.203969
0.553127 -2.640283 0.321583
0.052607 0.382914 2.975283
0.601638 0.507454 3.137135
0.763050 -2.688799 0.517554
2.872266 1.437159 2.091465
1.380384 0.147888 3.234957
0.816626 -0.121659 3.220560
2.877443 -1.462919 2.061679
1.738628 0.452507 3.148788
2.304755 2.464423 0.740964
1.510982 2.631757 -0.071920
2.786768 -1.797796 1.777650
2.020139 0.383196 3.083252
1.241030 2.604898 -0.253134
0.315319 -0.818686 2.974555
1.554087 -2.645550 0.022068
2.285041 -0.898377 2.841230
1.316672 0.868414 3.100532
2.604579 -0.081535 2.838664
1.483770 2.670987 0.116835
0.854899 -0.550921 3.171322
2.159193 -0.321139 3.041642
1.811595 -2.637174 0.334851
1.126740 -2.550100 -0.418231
3.114054 -0.078572 2.431436
3.972328 0.060655 1.943887
4.794688 1.185619 0.072303
5.176049 0.205278 -0.120698
3.662448 -0.189134 2.024879
5.049668 0.448987 -0.461867
5.050061 -0.596561 0.621243
3.803693 0.348597 1.967447
4.716236 0.774000 1.173011
3.670120 0.823520 1.843035
5.112875 0.592141 0.170821
5.010587 0.085286 0.992320
5.193994 -0.211042 0.211433
4.626069 0.597281 1.390664
4.216099 0.095136 1.828851
4.065796 -0.686546 1.766442
4.457454 -1.086567 1.216824
4.447980 0.772114 1.471162
5.005140 0.666784 0.688500
4.525966 0.212575 1.602453
4.399635 0.035797 1.715589
5.142485 0.471767 0.012242
1.239469 -2.448563 -1.085143
1.106927 -2.119759 -1.830850
2.125299 -2.268004 -2.351903
1.373230 -1.299968 -2.648256
1.682143 -1.734370 -2.631939
2.439218 -1.911118 -2.660984
3.286240 -2.221322 -2.041114
3.302890 -2.484903 -1.471552
2.171004 -2.748455 -1.442106
2.607023 -1.295799 -2.900902
1.052815 -1.480672 -2.333705
1.981591 -2.478797 -2.041913
1.838578 -2.688323 -0.653515
2.885048 -2.664810 -0.600209
2.907347 -2.300049 -2.205231
2.480565 -2.732269 -1.523119
2.346838 -2.418977 -2.190614
3.675555 -2.109928 -1.671452
3.249021 -1.340466 -2.673861
3.144599 -1.900692 -2.458815
2.080608 -1.848749 -2.681170
3.357764 -1.692564 -2.457121
2.489514 -2.776485 -0.801970
2.073382 -1.217971 -2.916021
-0.321375 2.110684 -1.388383
0.030397 0.812243 -2.515909
-0.094301 -0.622072 -2.572961
0.136710 1.468365 -2.157623
0.053496 -2.004773 -1.599492
-0.680591 1.921254 -1.550484
-0.517594 0.715146 -2.489874
-0.104131 -2.253860 -1.131444
-0.430823 1.085164 -2.357166
-0.083537 -2.417368 -0.476690
0.474983 1.205384 -2.281927
-0.731857 -2.029882 -1.345625
0.133111 -1.031992 -2.421915
-0.479423 -2.331963 -0.720471
-0.114083 -2.428288 -0.294645
-0.636036 -0.228040 -2.560010
-0.069663 -1.844219 -1.807622
0.612153 0.833084 -2.425089
0.471548 -1.403833 -2.152881
-0.246373 -0.521559 -2.586362
0.620085 -2.062671 -1.353140
0.245252 2.279408 -1.035407
0.576806 0.036065 -2.586090
0.272581 0.244243 -2.628059
0.631618 1.002384 -2.347647
-0.736652 1.773174 -1.716346
0.208799 1.001308 -2.430204
2.681619 2.007081 1.646604
1.987873 2.569681 1.625955
2.218464 2.413378 1.716221
0.283746 1.405565 2.772614
0.050544 2.335598 1.650256
1.677623 1.988495 2.664468
2.509631 1.283761 2.519925
2.015465 2.603807 1.384328
0.629256 2.560962 1.893475
1.215634 2.795948 1.118067
1.314803 2.656261 1.884866
1.615543 2.636927 1.819554
0.952725 2.722383 0.706650
1.148776 1.567550 2.963101
1.815604 2.194429 2.427833
0.711557 2.038208 2.619983
0.080476 2.243040 1.919422
1.075075 1.764757 2.869957
0.670663 1.328012 2.960971
1.661903 2.734789 1.328212
0.799150 1.807082 2.802603
0.535561 2.666345 1.365548
1.173555 -1.161138 3.071102
1.422051 -2.269234 2.476271
2.587007 -1.729256 2.195420
2.275080 -2.350335 1.778558
2.627207 -1.462213 2.320341
1.660326 -2.722209 0.903688
0.623576 -2.693466 0.950415
1.499155 -2.737125 0.800792
0.740356 -2.631203 1.799861
2.574104 -2.033878 1.857853
0.810665 -2.749533 1.015775
1.314606 -2.158250 2.597965
1.712283 -2.036729 2.615534
0.505478 -2.657613 1.337829
0.148884 -2.469513 1.364156
-0.228637 2.549792 0.465803
-2.547699 0.887998 2.699896
-3.258731 -0.055577 2.272750
-1.091456 -2.703958 0.243590
-2.794093 1.107604 2.409960
-0.089398 -2.453283 0.978501
-2.526983 0.235033 2.874599
-0.588450 -2.653344 0.401980
-0.358921 2.546936 0.029284
-0.385101 0.968276 2.943228
-1.388590 -2.548637 -0.398726
-2.978149 -0.855651 2.373579
-0.374828 0.564961 3.064754
-0.047164 -0.946558 2.814478
-1.259172 -2.717465 0.446299
-0.982955 0.315222 3.221779
-0.590037 -2.587104 -0.076949
-1.566404 2.690049 0.615501
-1.949097 0.887701 2.978223
-1.267682 -0.096686 3.243509
-2.462404 -0.548226 2.858636
-1.558895 0.100344 3.217575
-1.022791 -2.662247 -0.009856
-0.040146 -0.111585 2.996851
-2.736987 0.583724 2.674863
-0.121575 -0.622950 2.956515
-0.208098 2.528949 0.792063
-1.158833 2.710433 0.299414
-1.968231 0.027425 3.128091
-3.156356 -1.289036 1.870747
-0.224766 -0.276466 3.060899
-2.181075 -0.726623 2.946710
-0.327235 0.170821 3.106122
-0.685149 2.664782 0.284763
-2.376027 1.051550 2.728481
-2.256742 -0.917594 2.847099
-0.882652 0.653024 3.151203
-0.937075 -0.876146 3.090980
-2.482514 1.209230 2.581918
-0.306072 -2.537246 0.070870
-0.471421 0.372854 3.128027
-2.946434 -1.758126 1.606194
-0.881082 2.407974 -0.703762
-3.745112 0.691145 -2.648629
-3.621876 1.985790 0.953391
-4.283964 -0.745052 -2.184744
-3.457470 1.199705 1.768922
-4.579366 1.567018 -0.273423
-3.540216 -1.386145 1.609351
-4.052002 2.125494 -0.550507
-4.147106 1.868918 -1.256391
-4.915349 0.238494 -1.313964
-0.761951 1.761307 -1.731312
-3.698249 -2.225614 0.397674
-2.945092 -1.804091 1.538015
-4.968035 -0.772198 -0.362079
-4.674582 1.154086 -1.255113
-3.730026 0.366355 -2.733098
-1.786609 0.764094 -2.958436
-3.476810 -2.478369 -0.312967
-3.695146 -2.328935 -0.851105
-4.971478 0.669971 -0.775040
-4.348699 0.083008 -2.266069
-2.080021 -2.704125 -0.325314
-4.817332 0.717496 -1.332246
-3.351922 0.521475 -2.890398
-3.816506 -1.503027 1.325755
-1.679134 -2.632701 -0.467767
-4.030204 -2.087184 0.092072
-3.641168 -2.316543 -1.037688
-1.279796 1.048571 -2.677013
-1.999091 -0.878093 -2.960691
-0.834551 0.672203 -2.560823
-4.370277 1.068358 -1.900938
-1.227540 -2.436454 -0.834503
-4.056077 0.677934 -2.427639
-2.667650 -2.451920 0.724895
-3.892835 2.139762 0.274872
-4.263310 0.240847 -2.340389
-1.074357 1.143920 -2.517963
-3.899899 0.516393 -2.593955
-2.690516 2.544695 0.490391
-3.533219 -1.194160 1.732235
-2.649430 2.615061 0.278357
-3.993545 -0.591222 -2.505080
-3.910268 -1.995568 0.595210
-3.972734 -1.764352 -1.710240
-3.148829 2.267740 0.866537
-5.039072 -0.350881 -0.728244
-3.987753 -2.019464 0.407924
-4.726670 -1.266143 -0.854708
-4.615106 0.240461 -1.914138
-3.235545 -2.573407 -0.311125
-3.468565 0.308647 2.052973
-3.539245 0.222243 -2.852997
-3.919321 -1.574081 -1.989945
-5.062337 0.168866 -0.675531
-4.914114 0.641508 -1.094110
-0.812060 -1.437509 -2.124860
-4.103381 2.062694 -0.737069
-3.929137 -2.013866 -1.350895
-2.952958 0.281020 -3.051570
-2.187657 -2.704181 -0.175260
-3.646780 -2.395201 -0.329948
-2.659486 2.695742 -0.207023
-4.822335 -1.148969 -0.280415
-3.846682 -0.920081 -2.495771
-2.895416 0.788909 -2.959321
-0.893072 -2.176930 -1.123327
-2.240728 2.716607 -0.475985
-3.156664 2.428659 0.518790
-4.537454 -0.109713 -2.038741
-2.324526 -2.718600 -0.491349
-2.498728 0.836240 -2.996376
-3.419916 2.333421 0.499795
-4.301434 -1.787773 -1.071166
-3.370862 -1.760728 1.398508
-3.911545 -2.229332 -0.261804
-2.424350 -2.667459 0.116371
-1.898004 0.068563 -3.091338
-1.935943 2.552997 1.756091
-1.824099 1.174414 2.965005
-1.640195 2.182124 2.511161
-0.870829 2.717280 0.738911
-2.132539 2.473456 1.696309
-0.913473 2.729690 1.583327
-2.333664 1.198580 2.691134
-1.957841 1.034317 2.931203
-0.067474 2.079566 2.146410
-2.386465 1.800505 2.370161
-0.444784 1.199469 2.906355
-1.442096 2.781877 1.183604
-2.289531 2.449427 0.987451
-0.325181 2.119266 2.343263
-0.950414 2.773889 1.020545
-2.166098 2.209065 2.165141
-0.068613 2.355261 1.632766
-1.804021 2.074451 2.547889
-1.536014 2.590277 1.972438
-1.177521 2.796468 1.152072
-0.955847 2.338410 2.392561
-1.157119 2.705034 1.757008
-1.506053 1.053571 3.060314
-1.606054 2.724242 0.838794
-1.098633 1.437025 3.005944
-0.146636 1.691542 2.552728
-0.274310 2.538077 0.922512
-2.032572 1.898243 2.571115
-1.225484 2.194133 2.569105
-0.778932 -1.322801 2.991022
-0.908502 -2.744888 1.503124
-2.462047 -2.212415 1.737479
-1.668386 -1.825009 2.776066
-0.460016 -2.015658 2.527555
-0.195012 -1.973231 2.383525
-1.381133 -2.530950 2.130951
-1.438482 -2.721388 1.650695
-1.046197 -2.427699 2.293299
-2.593215 -1.918311 1.991686
-2.361853 -1.394614 2.613731
-2.147233 -2.524346 1.458433
-1.068054 -0.980760 3.084891
-1.016378 -2.783032 1.040623
-2.042609 -2.603691 1.151056
-1.841918 -2.195681 2.413333
-1.227662 -1.977408 2.745542
-1.039636 2.085617 -1.773205
-2.922576 1.354022 -2.812993
-2.801023 1.839223 -2.643150
-3.747617 2.073767 -1.576822
-2.339481 2.782743 -1.284753
-1.654731 2.496536 -1.815371
-2.250633 1.978431 -2.616150
-2.834537 2.730515 -1.153156
-0.994574 1.588531 -2.213433
-2.185335 1.598622 -2.818245
-1.826031 2.346902 -2.168575
-1.668125 2.646212 -0.723817
-1.101030 1.770576 -2.206455
-1.727245 1.658635 -2.688178
-2.223311 2.744809 -0.614452
-4.729131 0.458709 1.332655
-3.875688 -0.001815 1.978940
-4.075565 0.431750 1.847868
-4.993199 -0.873630 0.048696
-5.115168 0.138061 -0.417267
-5.136439 0.292019 0.574758
-4.277766 0.231365 1.779559
-4.869709 0.940179 0.695731
-4.716372 1.184772 0.639791
-5.031440 0.769901 -0.069967
-4.950664 0.070151 1.106680
-4.509718 0.287242 1.603381
-3.993683 -0.680192 1.801928
-4.881397 -0.341584 1.164590
-5.146129 -0.232749 0.569002
-4.682807 -0.249768 1.445592
-4.962843 -0.752306 0.708814
-5.091962 0.462599 0.613023
-5.056504 -0.600076 -0.288482
-1.866436 -1.473945 -2.807534
-3.335002 -2.052523 -2.195298
-3.224963 -1.825300 -2.463488
-1.099863 -2.136224 -1.792544
-3.074501 -2.205717 -2.223523
-2.072752 -2.758728 -1.319914
-3.463712 -1.479917 -2.483458
-2.815201 -2.647367 -1.621380
-1.526240 -1.533898 -2.654788
-2.555154 -2.783373 -0.947599
-1.991532 -1.676208 -2.756098
-3.732672 -1.548726 -2.187711
-3.092013 -2.643270 -1.133355
1.019793 2.269287 -2.035095
3.086809 1.723351 -2.888751
1.346766 2.787076 -1.212688
3.271298 2.651373 -1.856508
1.195926 1.964167 -2.518802
3.280063 2.081182 -2.574960
3.398092 2.743712 -1.309811
1.774707 2.959247 -1.145943
3.169991 2.765424 -1.691991
1.745570 1.789532 -2.910527
2.250798 2.019125 -2.877176
1.358837 1.632350 -2.814337
1.508946 1.782400 -2.821069
3.110895 2.146618 -2.615848
1.901095 2.527963 -2.367506
2.436031 2.431787 -2.542929
1.591258 2.753798 -1.808003
2.944887 2.312514 -2.543800
5.042332 -0.650340 -1.733940
4.271401 -2.341792 -0.889067
3.961676 -2.498720 -1.157459
1.821696 -1.163576 -3.190203
5.324538 0.703319 -0.123769
4.816119 1.651785 0.365860
1.644911 -2.962492 -0.137430
3.765908 -1.177959 2.037807
3.998880 1.024608 -2.784412
3.692013 2.230445 1.205467
2.277998 2.987092 0.247044
2.517450 2.892619 0.573937
2.457469 -2.868053 0.650477
3.924874 -0.214797 2.209250
5.123572 1.283773 -0.128023
3.980813 -2.040192 -2.016664
5.390345 0.416576 -0.313619
1.615655 -1.432775 -3.011056
2.410806 3.028543 -0.846541
4.176572 -1.365677 -2.461233
4.826506 -1.811624 -0.419238
3.794052 -2.702257 -0.333599
3.639879 -2.630259 -1.310885
2.049282 -1.196887 -3.210784
0.792244 2.450427 -1.360400
4.089868 -2.329125 0.561739
4.745163 -1.650347 0.564393
1.667299 -0.543215 -3.342356
2.933422 -0.893280 -3.281885
1.180656 -1.481962 -2.815045
4.752105 -1.886870 -0.700223
1.128594 2.683641 -1.214473
1.804169 1.361626 -3.095121
3.741282 2.729670 -0.487538
3.965197 -2.192686 0.995468
2.969852 1.428199 -3.048559
4.270516 -0.520180 -2.745169
3.119135 2.954643 -0.170887
1.016543 -0.479602 -3.118758
5.217040 -1.090268 -0.290727
4.351903 2.278700 -0.864730
1.846860 -3.011175 -0.592574
3.697127 -0.050958 2.340321
0.913997 2.462322 -1.511092
3.117952 2.345561 1.401499
1.289251 0.333820 -3.258696
0.863993 -1.177598 -2.807131
3.920495 -1.790042 1.518352
3.405589 -0.734125 -3.192511
3.503913 -2.826940 -0.157954
4.657667 1.970721 -0.861846
3.466608 0.258525 -3.253135
4.264379 0.340227 -2.783056
4.164000 -1.728560 -2.178953
1.944405 0.675374 -3.367212
4.382864 -2.127632 -1.275826
0.855748 0.484784 -3.031837
2.286108 -0.823366 -3.358019
4.483650 -1.573575 -1.954332
5.365784 -0.201713 -0.950996
1.238006 -2.775596 -1.044143
1.667370 -0.171772 -3.387340
4.342344 -1.622235 1.262688
4.675558 -0.804067 -2.244085
2.588033 -2.802690 0.795137
4.395200 -2.275125 -0.628820
3.669569 -1.797071 1.690634
3.180797 2.892132 0.159292
3.434343 2.309467 1.284262
4.870863 1.102564 -1.770356
1.263163 1.545391 -2.814181
5.354414 -0.607343 -0.236440
2.091649 3.037254 -0.154039
2.004665 -0.530172 -3.404461
3.008487 2.696611 0.881209
4.456803 2.141163 0.208041
3.128596 -2.244928 1.520496
4.270117 2.153368 0.627266
3.096300 2.460885 1.251359
4.547748 -2.114350 -0.741561
1.928873 -0.780775 -3.338884
5.016186 1.194841 -1.351429
4.566626 1.673361 -1.714168
3.045807 -0.288966 -3.380034
2.659352 -0.355033 -3.436409
2.538275 0.069125 -3.465856
3.584702 -1.975542 1.578661
2.716455 2.930837 0.392574
3.090324 -2.854766 0.413512
0.753502 -0.071900 -3.014931
2.445363 -0.639748 -3.402982
3.663831 -1.733954 -2.570082
4.259282 0.122444 -2.808255
4.470982 1.583742 1.137675
3.411732 1.212269 -3.017335
4.126560 -1.288102 1.729487
4.496591 -2.120136 -0.964452
4.805071 1.622946 -1.279767
5.301501 -0.646080 -0.956095
2.294949 0.992242 -3.305730
3.440759 0.860289 -3.142448
2.396298 -3.055899 -0.257554
4.224721 0.969831 -2.636091
3.510481 -1.591360 1.935218
2.199019 1.346759 -3.154763
2.780118 2.741681 0.880723
2.991638 -2.993855 -0.456558
0.688748 -0.831356 -2.836258
3.724331 2.457029 -1.622747
2.935433 2.974586 -0.841699
3.494443 1.660076 1.895081
1.305261 -0.167783 -3.279228
3.226918 0.719632 -3.256968
1.338550 0.819909 -3.177154
3.494180 -1.134879 2.194000
3.199464 -2.919281 -0.782499
3.484232 -1.706573 -2.689587
4.003990 -2.269552 -1.641211
2.659739 3.034689 -0.666120
4.524540 -1.979537 -1.284529
1.508967 -2.894143 -0.924216
2.195385 -3.036601 -0.072082
4.340493 2.318792 -0.668974
5.405362 0.289207 -0.502989
3.441364 -0.274400 -3.261350
3.807944 0.191268 2.277372
1.150408 -2.776334 -0.849342
3.712386 0.520006 -3.107250
4.301791 -1.969239 -1.722074
3.263997 -2.923332 -0.375917
3.736353 -0.648154 2.243433
0.969950 2.908947 -0.400561
0.663410 -0.185313 3.538299
3.085434 1.485240 2.398515
2.954710 -1.683870 2.358889
0.905998 3.047045 0.613049
1.581730 3.014353 0.193940
3.409875 0.927285 2.398611
0.570076 2.990640 0.761906
0.184977 -0.693418 3.338453
3.120529 1.178279 2.572654
0.661747 -2.852875 -0.454248
1.117931 -0.816396 3.475408
2.557159 -2.635028 1.238471
3.398844 -1.180341 2.264478
3.050208 0.087312 2.942401
1.920517 0.195422 3.487890
2.274967 2.836514 0.851050
2.824914 -0.426467 3.067596
0.371579 0.644530 3.408640
2.894542 0.223556 3.047267
0.389716 -0.712749 3.397545
1.421804 3.027129 0.899091
0.536393 2.949616 1.033942
3.253309 0.309982 2.750125
1.161607 1.218849 3.333604
3.089661 1.982599 1.854323
0.578632 -3.000945 0.465510
0.487833 2.790021 -0.526192
0.502671 1.092270 3.305377
0.273977 1.499777 3.037764
3.090850 -1.725249 2.173618
0.055146 2.718402 1.376922
2.017796 -2.941026 0.487489
2.476089 -0.908141 3.142725
2.031214 1.281159 3.170142
2.240890 0.527741 3.345770
1.471104 0.396805 3.546409
0.674178 3.018315 0.588507
2.064805 0.450428 3.419383
0.247298 1.148384 3.207617
0.014083 0.994613 3.178176
2.628620 -2.510337 1.499044
3.442059 0.752449 2.437922
1.821538 2.989764 0.599518
2.838241 -2.351666 1.557741
1.076514 -0.593773 3.527115
1.179183 0.037323 3.586619
1.628633 -1.325723 3.246988
0.520557 -2.980228 0.291946
2.920787 2.253943 1.636446
1.648229 -2.968723 -0.043371
1.795624 0.427863 3.492287
2.320408 0.096114 3.362259
2.234067 1.228226 3.121228
0.761999 -0.733430 3.468984
0.174443 -2.850400 0.036743
2.325751 -2.806112 0.929628
2.484844 -0.178682 3.285964
1.215394 -0.296375 3.572181
0.440670 -0.248974 3.487292
1.403890 -0.118047 3.575901
3.123506 0.951213 2.684916
0.645821 -2.964156 -0.019656
2.511310 1.039371 3.075231
3.196780 -0.698504 2.713867
4.315040 -0.348026 2.018832
5.275567 0.025370 0.993481
4.184471 -0.202600 2.105608
4.927330 -0.635615 1.404349
4.535482 -0.640989 1.793184
4.657270 -1.259040 1.247727
4.285421 0.659909 1.949446
5.235672 -0.876032 0.466448
5.317140 0.568832 0.619324
4.685232 0.825343 1.575686
4.829344 -1.365270 0.800770
5.348126 0.335887 0.701787
4.446212 1.263224 1.464983
5.247916 -0.179768 1.038345
4.345662 0.120760 2.030208
4.224119 -1.057285 1.785185
4.411744 -0.161472 1.988266
4.552375 0.088956 1.899531
5.191741 -0.583222 0.985681
4.895889 0.723256 1.397583
4.780725 -0.112541 1.707328
2.162549 -2.824866 -1.963109
1.608788 -2.431934 -2.353854
2.472970 -3.014010 -1.336829
1.259379 -2.038311 -2.510258
2.813146 -2.984692 -1.115182
2.295882 -2.545249 -2.417802
2.193934 -3.029676 -1.157026
2.983332 -2.940186 -1.009434
2.102564 -2.249444 -2.696831
2.638200 -2.638491 -2.261384
2.824686 -1.829898 -2.923638
2.819080 -2.357862 -2.544966
3.308065 -2.745309 -1.541399
0.975293 -2.447414 -1.621613
2.984489 -2.894977 -1.474986
3.522370 -2.569784 -1.686687
2.645004 -1.645515 -3.041875
1.994138 -2.071932 -2.811457
3.519229 -2.632049 -1.496990
1.806890 -2.965892 -1.179373
2.025901 -2.981987 -1.416024
2.457257 -1.905933 -2.941810
3.346216 -2.290077 -2.335581
2.585465 -2.865270 -1.855762
1.422198 -2.689311 -1.777989
3.408836 -2.023058 -2.534717
-0.216051 1.706969 -2.351026
-0.300588 2.606702 -0.998643
-0.423673 0.037212 -2.926499
-0.079840 -2.645057 -0.918736
-0.571108 -0.546130 -2.843160
0.197494 0.170859 -2.947266
-0.199110 -1.093383 -2.723870
0.232524 -0.870405 -2.807170
0.041488 1.418780 -2.562782
0.475042 0.556209 -2.860168
-0.134724 2.075105 -2.001813
0.513895 -2.288920 -1.631753
-0.529385 0.380483 -2.880951
0.394788 2.143958 -1.877022
-0.176930 -2.249906 -1.770468
0.271461 0.569685 -2.885986
-0.463889 0.887137 -2.770027
-0.333062 -1.768516 -2.284610
-0.367134 1.266123 -2.621222
-0.109121 -1.785933 -2.293595
-0.495465 -2.437395 -1.363633
-0.269324 -1.981093 -2.091491
0.456096 -1.814424 -2.220138
0.218522 -1.893401 -2.186657
0.150813 2.710275 -0.566339
0.517340 1.364538 -2.538080
-0.571454 -1.637171 -2.340076
0.559737 1.847179 -2.162911
0.079957 -2.721539 -0.493073
-0.553436 2.145774 -1.828455
0.089276 1.868542 -2.220323
-0.010471 1.099238 -2.729203
0.582317 2.467723 2.494719
0.795432 1.998697 2.972549
0.816592 1.551448 3.187583
0.418348 1.843842 2.937016
2.580173 2.350622 1.946382
0.242752 2.802890 1.351513
1.086039 3.023787 1.377450
1.012713 2.923927 1.834478
1.144804 2.178758 2.894993
0.595519 2.945416 1.300065
0.030883 2.625105 1.655421
2.207783 2.137039 2.611014
1.670839 1.954425 2.985277
0.815252 2.281284 2.766870
2.025024 1.642145 3.017876
0.635907 2.741176 2.103682
1.774741 2.911919 1.617172
2.301620 2.625562 1.806576
1.516244 3.006353 1.353588
1.889126 1.406983 3.151096
1.142352 1.970781 3.033955
1.282268 -1.910645 3.067386
1.272134 -2.977322 1.671073
0.954445 -2.515299 2.557660
0.463557 -2.429203 2.479265
0.135786 -1.753000 2.832999
0.048337 -2.528534 1.948525
1.545026 -1.990366 2.991593
1.950694 -2.521314 2.357066
1.834561 -2.266527 2.701001
2.097765 -2.083213 2.725213
0.334278 -2.553122 2.221028
1.703131 -2.868323 1.843275
1.579481 -2.657964 2.335168
2.011660 -2.302094 2.580122
0.844323 -2.393358 2.667950
1.855211 -2.708871 2.113049
0.074981 -2.647606 1.677999
2.159760 -2.769037 1.586014
2.362416 -2.649702 1.596579
1.446681 -3.009082 1.417036
0.749284 -1.463434 3.201028
2.392256 -2.147811 2.452185
-2.827334 0.984625 2.905879
-1.319119 1.042543 3.400103
-0.656257 -1.357074 3.220205
-2.918798 1.866958 2.209965
-3.247954 1.522503 2.183130
-2.708728 0.650505 3.092838
-0.486944 1.071783 3.309509
-3.148391 0.545231 2.799979
-2.892045 -0.896540 2.894820
-0.946289 -0.185712 3.572730
-1.829831 1.105030 3.303912
-1.755052 0.434250 3.499580
-2.749380 -2.457320 1.444767
-3.155704 -0.451013 2.814218
-2.467363 -1.487928 2.866987
-2.244519 -0.696600 3.307463
-0.343715 -2.898749 1.048288
-1.773319 -0.645408 3.457306
-1.093669 -2.764457 -0.782716
-0.812583 -0.831171 3.449576
-0.280894 2.858392 -0.102435
-0.810182 0.244792 3.555300
-3.326417 -1.276639 2.287480
-3.013341 -1.439984 2.503199
-3.174690 -1.575851 2.222884
-0.799883 -3.026396 0.272391
-2.543936 -0.724225 3.165352
-3.018105 -0.175674 2.962234
-0.879429 -2.619438 -1.027343
-2.125425 -1.290850 3.132925
-0.808884 2.548609 -1.126952
-2.755126 -1.203860 2.853559
-1.506492 0.871981 3.441046
-2.098967 -2.883709 0.964794
-0.163865 2.887767 0.594204
-2.099514 -0.005976 3.443446
-1.723696 3.005202 0.353877
-2.277510 1.539655 2.929928
-0.238902 1.099544 3.225122
-0.008862 -1.154761 3.110099
-3.331142 0.445021 2.650813
-3.283945 1.645877 2.010685
-2.545221 -0.000576 3.262297
-0.021970 -0.383974 3.335690
-0.430210 0.450699 3.460726
-0.514339 0.750572 3.419156
-3.423261 0.701605 2.479042
-0.071666 -0.118351 3.379045
-0.149987 -2.855796 0.126926
-0.997843 2.954037 -0.251814
-1.122774 -1.201651 3.340575
-3.580970 -0.382645 2.376844
-0.736914 2.804875 -0.615712
-0.042085 0.326756 3.351063
-2.702232 -2.237000 1.949234
-0.491900 -2.632498 -0.876229
-1.434887 -3.012757 0.059192
-0.933178 -3.050020 0.582541
-0.785477 2.282360 -1.705633
-3.345637 -0.396942 -3.281548
-3.721452 2.713630 -0.795754
-2.028132 0.736117 -3.363304
-2.692663 2.711095 0.967747
-2.739551 0.713940 -3.363107
-3.602101 0.568546 -3.150167
-4.407184 2.264759 -0.199113
-4.749430 -1.351177 -1.764797
-2.718804 -0.703025 -3.368315
-4.122507 1.742098 -2.207293
-1.223829 -2.815812 -0.789904
-3.621163 -1.657354 -2.653978
-1.737113 -0.386102 -3.382671
-4.246547 1.517711 1.459738
-4.274144 2.330736 0.106789
-2.784688 2.915097 0.416326
-2.414239 -0.772764 -3.372139
-3.715292 -0.753565 -3.050006
-3.809545 0.673433 -3.021435
-3.114487 -2.950356 -0.712455
-3.766584 2.136805 -2.091209
-5.285534 0.402361 -1.215201
-4.165852 2.427755 -0.870106
-4.501585 1.952243 0.571947
-4.781448 0.565718 -2.195684
-3.431056 0.669403 -3.199148
-4.276880 2.385233 -0.450005
-4.327295 1.313470 1.529791
-2.934664 2.521559 1.223913
-3.790928 -1.853939 -2.381625
-3.658500 -0.199528 2.352025
-1.548721 2.943525 -0.612813
-2.288152 -0.209422 -3.463781
-3.700854 -0.899604 2.187720
-1.739677 2.976869 -0.070457
-2.171747 -0.982548 -3.303627
-2.532314 -3.044549 -0.666322
-4.213084 0.552764 -2.783667
-3.040226 -0.925053 -3.248313
-5.049299 -1.372902 0.086880
-0.795841 1.081472 -2.808913
-4.692771 -1.673122 0.648576
-3.234954 -0.176153 -3.338886
-2.763202 1.340479 -3.132929
-4.117487 -1.334481 -2.532068
-3.709009 0.008300 2.334978
-1.563416 0.060221 -3.365580
-4.585049 1.591791 -1.783249
-3.276114 1.970085 1.743155
-1.629746 1.292016 -3.087704
-3.862890 1.311603 1.908942
-3.968186 -0.744809 2.082976
-1.575104 -0.129220 -3.366498
-1.665661 0.481599 -3.352723
-4.762357 -0.717856 -2.166518
-3.071533 2.783137 0.642737
-3.796300 -2.427736 0.774763
-2.254825 3.052302 -0.601285
-4.056038 -0.011702 -2.959036
-2.756917 3.034150 -0.393703
-4.597465 -1.870344 0.516124
-1.356268 0.103269 -3.300514
-2.700464 -2.591241 1.179868
-4.865656 -1.751418 -0.270574
-1.328971 -0.349750 -3.271423
-4.153247 -1.686697 1.406001
-1.116405 -0.448143 -3.171373
-4.218417 -2.377166 0.098625
-5.408194 0.232379 -0.555677
-3.099356 0.121281 -3.378774
-5.327454 0.670632 -0.744355
-2.929164 -2.410283 1.385596
-5.318098 -0.738882 -0.147583
-1.842703 0.005307 -3.427692
-5.067883 1.308411 -0.978665
-4.436093 -1.428216 -2.148301
-5.127349 1.266666 -0.733187
-4.040542 -1.420034 1.715231
-4.984319 1.518815 -0.826508
-4.682571 1.232890 -1.977446
-4.517821 -0.857122 -2.405445
-1.339488 -2.838844 -0.923922
-0.995200 1.573913 -2.652918
-3.987970 -2.581633 -0.188503
-1.114213 -2.666802 -1.247708
-1.765853 -2.981649 -0.065613
-2.096205 2.965387 0.295487
-2.330624 0.644475 -3.403025
-4.504175 -0.567074 -2.520450
-2.900489 2.996452 -0.717102
-2.626458 -0.866648 -3.334438
-4.671566 2.000866 -0.274850
-2.914479 -3.008297 -0.329532
-5.168759 0.961083 -1.155566
-4.648981 -1.917131 0.259543
-5.098832 -0.603103 -1.636960
-3.900288 -0.409899 2.200545
-2.358907 -3.021670 0.071003
-4.053892 -2.021450 1.140448
-1.241082 -0.144370 -3.256074
-3.811639 -0.976124 -2.922738
-1.869843 3.020419 -0.412594
-3.498782 -2.700236 -1.292983
-3.775350 -2.502304 -1.460648
-2.190703 1.040901 -3.284322
-3.860563 1.913436 -2.269752
-4.436971 0.992243 -2.428493
-2.494682 -2.961531 0.346415
-2.146874 3.046341 -0.217377
-1.393858 2.822343 -1.092789
-4.887521 0.710976 -1.984035
-4.226318 -1.451263 -2.354971
-4.271385 -0.407480 -2.766760
-4.369678 -2.306772 -0.484613
-4.024375 0.899695 1.993478
-2.695313 0.934178 -3.306420
-3.656953 0.859371 -3.046976
-1.477465 1.044672 -3.149080
-4.513553 1.581130 1.080725
-4.922197 -1.641090 -0.083573
-3.546443 2.817230 -0.553853
-4.757470 1.805978 0.185026
-5.148494 -1.186610 -0.838683
-3.082483 -2.115870 1.677526
-2.636212 -0.181941 -3.453922
-3.026473 1.173136 -3.158396
-3.837513 1.950309 1.426150
-2.029788 -3.010553 -0.848673
-3.600987 2.645228 0.497789
-2.388923 -0.591414 -3.413980
-3.735954 0.399789 2.292202
-3.345735 2.432730 1.161271
-4.764972 1.445445 0.809844
-1.306746 2.861526 -0.666827
-1.722641 1.647017 3.122669
-1.738049 2.371856 2.637045
-1.313666 2.866878 2.004953
-0.746079 1.769674 3.085322
-1.035601 2.813283 2.114424
-2.148602 1.561797 2.990109
-0.040693 2.272571 2.340652
-2.395555 1.732119 2.757962
-2.031473 2.668862 2.049380
-2.095464 1.992160 2.793129
-1.434830 2.911619 1.859217
-0.704547 2.392146 2.628530
-1.874689 1.911471 2.945891
-1.883236 2.925327 1.257959
-1.867458 2.167504 2.772240
-0.813921 2.838230 1.988751
-1.823130 2.696633 2.157434
-0.339386 2.182046 2.660688
-1.558340 2.513291 2.536940
-0.660747 1.552154 3.151044
-1.061596 2.955862 1.740592
-1.271940 2.133522 2.927939
-0.399169 1.757365 2.973279
-0.887001 3.009203 1.306408
-2.591985 1.997362 2.390194
-0.499369 1.906674 2.935664
-0.109371 -2.563666 1.961320
-0.750371 -2.879005 1.844102
-1.511881 -1.395580 3.246525
-0.239085 -2.578207 2.089053
-0.007782 -1.872512 2.670406
-1.454557 -2.057901 2.963500
-1.566335 -1.854302 3.064228
-2.214877 -1.804347 2.840710
-1.428031 -1.703974 3.155201
-2.372364 -1.997185 2.602433
-0.175683 -2.309228 2.420176
-1.537929 -2.993823 1.440800
-1.085421 -2.005104 3.010569
-0.679288 -1.695721 3.101200
-1.173021 -3.036447 1.152689
-2.591512 -2.446382 1.697948
-2.113395 -2.203014 2.614477
-1.769375 -1.906054 2.985322
-0.031991 -2.619823 1.676733
-2.928804 2.925578 -1.403830
-2.538950 2.223496 -2.723773
-3.334621 2.503834 -2.064235
-1.519090 1.665632 -2.880475
-2.899249 2.793659 -1.873315
-2.523363 3.025400 -0.903271
-2.223551 1.895630 -2.947075
-1.577415 2.368942 -2.408078
-1.299483 2.649453 -1.707582
-1.179103 2.442260 -1.975053
-2.579075 1.992092 -2.880878
-0.932680 2.075414 -2.160522
-3.006890 2.334686 -2.495415
-1.314773 1.977597 -2.594613
-1.922186 2.993533 -0.936503
-2.527732 2.864654 -1.872347
-2.702310 2.877615 -1.778227
-2.224995 2.050520 -2.855738
-3.119208 1.765335 -2.855341
-2.871558 2.566778 -2.283816
-1.866465 2.160633 -2.716883
-2.448026 2.754174 -2.110277
-3.608407 2.363456 -1.970992
-5.273243 -0.761733 0.523690
-5.319656 0.573910 0.601864
-5.235919 0.496473 0.938414
-5.275454 0.785140 0.457313
-4.759301 1.054030 1.328704
-5.008554 1.172456 0.722268
-4.997689 -0.635823 1.306282
-4.496313 1.359965 1.314574
-5.160569 -0.575243 1.058646
-5.377457 -0.408976 0.507250
-5.154889 -0.006219 1.235501
-4.477095 0.109394 1.950521
-4.540710 -0.703951 1.763132
-4.914128 -0.364715 1.524010
-4.841692 -0.753006 1.447769
-4.464062 -1.331930 1.378368
-4.920399 1.144168 0.980454
-5.370553 0.491973 -0.132284
-5.126476 -0.845674 0.903334
-5.073905 -1.153203 0.527254
-4.208617 -0.912212 1.878777
-4.176983 0.044912 2.118976
-5.439454 -0.000670 -0.023599
-4.320920 0.988988 1.769461
-4.005920 -0.302410 2.165676
-4.816703 -0.953465 1.341174
-4.973809 -1.300384 0.509071
-1.751219 -2.945065 -1.249802
-2.516811 -3.004202 -1.382192
-3.005042 -2.933485 -1.070694
-2.856199 -1.716997 -2.968601
-2.171340 -2.110255 -2.811213
-2.097705 -1.752116 -3.005542
-3.549885 -1.821876 -2.567842
-1.408411 -2.469784 -2.167258
-3.195416 -2.840131 -1.341228
-1.587647 -1.552144 -2.953736
-2.929171 -2.543120 -2.289902
-1.704988 -2.779058 -1.847998
-3.192499 -2.860674 -1.151753
-2.594261 -1.969724 -2.892271
-2.385244 -2.937483 -1.694575
-2.539454 -2.291226 -2.667069
-2.727937 -2.405620 -2.523083
-1.227910 -1.719378 -2.693233
-1.391056 -2.755949 -1.527416
-1.357843 -2.625588 -1.845979
-2.681103 -2.637233 -2.251984
-2.736571 -2.877596 -1.760442
2.868129 2.360439 -2.858278
2.845719 2.998713 -2.049821
2.172050 2.830920 -2.429813
2.376260 2.994686 -2.175836
3.057086 2.729795 -2.394556
2.655466 2.021944 -3.132064
2.241406 3.126969 -1.876645
1.848030 2.142459 -3.024503
2.369324 2.075058 -3.125517
3.787431 -2.658211 1.155852
1.383169 -1.286321 -3.403525
2.696758 3.365598 -0.065934
4.245900 2.215027 1.348483
5.676301 -0.602211 -0.861589
3.112321 -2.759124 1.427179
5.317503 -0.761593 -1.907022
4.210414 2.669152 0.594750
4.499476 2.642805 -0.417965
5.414068 1.400514 -0.935087
2.887741 -2.995409 1.107881
2.587368 3.331518 -1.051719
1.764500 3.336724 -0.145079
4.062491 2.770025 0.583142
1.494283 -0.651165 -3.634509
3.615775 -3.129578 0.023889
4.991272 -0.163346 -2.559357
3.396073 1.420928 -3.321862
4.879453 1.793567 -1.825179
1.191720 0.192394 -3.598834
5.608383 -0.982804 -0.200008
3.313220 -0.198680 -3.669526
5.732337 0.021119 0.023802
4.307843 -1.003199 -3.012032
4.315361 -2.271648 1.193754
3.791889 2.289633 1.654221
4.273884 2.472648 -1.747730
3.679830 0.157392 -3.541410
0.682540 2.542258 -1.922317
4.804823 1.618511 1.310204
2.818630 0.779472 -3.689382
0.538029 -0.564798 -3.226039
3.641496 -2.450263 -2.390463
3.104425 3.200307 0.462543
2.370192 -3.242195 0.611947
1.554221 -1.283736 -3.455174
3.372682 -1.009718 -3.496580
4.522480 2.606800 -0.111625
3.057357 2.600771 1.664309
5.057940 -1.838664 -1.361928
4.742624 2.347009 0.201923
5.241692 0.025775 -2.216701
3.974079 -1.650124 2.084829
2.043409 -3.383999 -0.322078
5.508198 -0.271388 -1.667943
5.698208 -0.092395 -1.052637
1.780050 1.673416 -3.314025
5.071078 0.205607 -2.453887
3.356277 -3.170834 -1.128811
2.510922 1.313087 -3.544406
4.627423 -2.191903 -1.683139
3.938071 2.549530 -2.015222
2.673144 -3.383942 -0.306248
2.454070 -0.269657 -3.799807
3.880240 -2.928565 0.408961
4.859228 1.916073 -1.694247
2.416883 1.498917 -3.463050
4.412885 1.929610 1.491872
2.955310 -3.273628 0.287812
3.465001 -2.807806 -1.979017
3.943838 -2.779915 0.739220
5.312245 -1.264977 -1.528316
3.329502 3.238716 -0.774585
1.451139 -0.006037 -3.687962
2.498757 3.377154 -0.043443
5.737482 -0.104142 -0.792119
5.227966 0.495531 -2.170120
4.813804 2.324524 -0.040978
4.921952 -2.214879 -0.716584
2.736213 -2.937979 1.257638
4.333742 -0.120433 2.354326
4.028110 2.920898 0.085362
3.916262 -1.769228 -2.863178
1.299630 1.339190 -3.351418
3.124792 -0.043122 -3.724496
3.377569 -3.067237 -1.468917
4.744621 2.119579 0.764194
1.902802 3.333014 0.079716
3.837814 1.482133 -3.091475
2.672366 3.273320 -1.276722
4.157544 -0.090564 2.473005
4.599558 2.484932 0.197607
5.071738 -0.370812 -2.429550
0.639438 2.690270 -1.578282
5.754040 0.064930 -0.213936
4.359928 2.726662 -0.055023
5.255491 1.742645 -0.788337
3.694673 -2.910357 0.732567
4.024961 -0.098442 -3.374854
3.571164 -3.130128 -0.956245
5.451267 -1.388813 -0.132733
2.612955 0.991426 -3.654233
2.856186 -0.865746 -3.662150
3.832163 2.958736 -1.211727
4.447494 -2.279696 -1.828540
4.711454 2.139044 -1.618935
3.594059 -2.470964 1.571238
1.495222 1.282652 -3.439389
3.343688 -3.236156 -0.064699
5.602557 -0.768705 -1.088318
1.571433 0.234087 -3.710704
5.127226 1.051188 -2.085074
0.769886 -2.254520 -2.398599
3.407448 1.978713 -2.970802
3.696167 1.871425 2.092897
3.761996 -2.761070 0.992501
4.293285 -2.430123 -1.796928
4.918658 2.129318 -1.105673
5.707018 0.420297 -0.840363
5.399582 -1.520609 -0.517950
2.744047 2.018172 -3.121021
4.012364 2.370173 1.380777
4.560364 -2.319965 0.744919
3.162751 1.939850 -3.086368
0.781506 -0.826856 -3.307209
4.687756 2.266299 -1.415511
2.315289 -3.376200 -0.012767
5.100720 1.951853 0.079155
4.170420 -2.682286 -1.455484
1.983991 -0.424765 -3.764105
4.550060 -1.029366 -2.800513
3.689875 2.827637 -1.752343
2.051970 0.142623 -3.794785
3.364495 3.208195 0.097430
4.113743 -2.459216 -1.973260
4.073078 1.997146 1.741843
4.086561 -1.764038 1.926697
2.140843 0.627223 -3.746234
3.720846 -3.114599 -0.319494
0.907316 -2.856527 -1.547035
4.588134 2.479674 -1.081531
4.133631 -2.828471 -1.056395
4.915230 -2.194237 0.055404
1.634119 3.110627 -1.576491
2.357008 3.342091 0.213021
3.806776 3.072352 -0.242352
5.567359 -0.669753 -1.321205
1.066391 -0.910261 -3.421280
5.705682 0.602939 -0.487389
2.473745 -3.397026 -0.497683
4.657044 -0.780609 1.970664
1.172800 -1.180115 -3.371013
1.601787 3.313354 -0.333352
4.572016 -1.772370 -2.289992
3.466107 -2.476345 -2.462464
4.172856 0.951583 -3.126507
5.077315 -1.915514 0.301848
3.238845 2.664541 1.508762
1.437317 -3.137091 -1.342689
2.964640 3.105638 0.833153
2.673112 0.102010 -3.795865
5.047580 -1.842782 0.559450
2.868513 -1.335584 -3.496946
2.722147 -3.309055 0.280511
1.144146 1.700859 -3.092808
3.967438 2.191796 -2.454734
4.735156 1.552529 -2.285390
4.509158 -2.563678 -1.020498
5.290763 -1.721399 -0.312336
4.002276 -0.497801 -3.347201
3.718283 2.866302 0.813150
5.551040 0.423066 -1.507704
3.252703 2.965935 0.990710
4.780159 1.868770 1.075665
2.962223 1.990993 -3.101380
3.437622 -3.052304 0.628903
3.953103 -2.950102 0.154118
5.269169 1.243724 -1.657745
5.272388 -1.638584 -1.040705
3.220970 -0.869315 -3.584152
2.988822 -0.991763 -3.602661
5.683236 0.644651 -0.733289
5.017618 1.982357 -1.166515
3.447313 2.442727 -2.512229
0.830600 -1.332696 -3.140100
3.812424 0.708757 2.579737
3.057288 0.874846 -3.622578
5.637225 0.324122 -1.258875
3.567676 0.696978 -3.512902
2.316716 3.341038 -1.040743
4.124478 1.894032 -2.616523
4.564102 -1.983875 1.251934
5.234165 1.118141 -1.844073
4.896409 2.253498 -0.187028
4.031816 -0.922729 2.401553
3.188285 0.371015 -3.688546
2.528947 -0.885957 -3.690024
3.732967 -2.162784 1.823920
1.169634 3.034805 -1.377202
3.520348 2.725956 1.256643
3.573382 -1.752407 -3.060924
2.738762 3.078274 0.981419
2.641212 2.107215 2.755348
2.732178 -0.283173 3.535358
2.911486 0.300466 3.433738
0.380493 -0.321564 3.817344
1.107740 -3.359450 0.007486
2.999306 0.771213 3.289563
1.398299 0.887227 3.801360
1.989205 3.300200 0.587776
3.096158 2.122663 2.359512
0.022327 -2.649676 2.319460
1.710943 3.357271 0.514560
0.559786 3.249707 1.315808
1.233429 1.313999 3.662110
0.828985 -1.638357 3.486062
3.458024 -1.875009 2.208050
0.061110 0.476101 3.704172
2.511646 -0.644384 3.585414
1.435178 3.383354 0.737973
2.901196 2.256103 2.393916
3.341082 1.786865 2.442518
3.068643 -0.025461 3.349746
1.181963 -0.605513 3.872489
0.034560 -3.115650 -0.218113
0.635984 3.351791 0.717401
0.352104 1.592466 3.416307
0.226414 3.172247 -0.247360
0.730604 -3.187019 1.625276
1.104957 -3.255415 1.505391
1.248260 -3.350089 1.102482
3.525558 0.012057 2.982223
2.269839 -1.319451 3.462433
0.845761 1.261094 3.667244
0.622207 -3.317636 0.027762
2.625910 -2.617411 2.139424
3.373971 2.050274 2.112852
0.937027 -3.361716 0.977217
0.464685 3.324924 0.572822
1.999205 -0.384545 3.802634
2.655489 -1.100664 3.382195
3.312776 0.465088 3.128439
0.293343 0.541057 3.766010
0.811241 -1.362376 3.620801
3.619051 -0.741704 2.769701
0.059797 1.920402 3.101957
0.047446 -1.506583 3.359103
2.893961 -2.146299 2.525419
2.403848 -2.386667 2.612679
3.485738 -1.079901 2.773742
1.478251 -3.325609 1.165289
0.351170 -0.637117 3.763740
1.469338 1.370436 3.624356
1.161655 -1.079083 3.751047
0.162168 -1.810606 3.220996
0.254438 3.059906 1.689541
0.730622 1.075806 3.721579
2.529896 -0.413637 3.617122
2.095478 -0.744384 3.713748
3.117689 -0.465684 3.277167
0.370445 -0.093887 3.829258
0.560967 -1.254153 3.627110
2.376221 -2.254236 2.770170
3.141942 -2.425388 1.869875
3.289390 -1.896257 2.394544
2.572143 -1.796765 3.051951
0.029554 3.080092 -0.347135
3.060115 -1.686081 2.798141
0.195730 -0.405682 3.757781
3.654901 1.151016 2.546516
0.058960 -2.347432 2.719296
2.780605 2.710606 1.803812
3.067284 0.287715 3.336077
2.297479 0.984101 3.581156
1.822547 1.379982 3.565718
3.718600 0.833156 2.621985
0.994154 -0.567767 3.874296
1.319211 -1.712621 3.460411
3.331073 0.942725 2.979854
1.254608 3.260055 1.488882
2.006126 3.118879 1.594438
1.352265 -0.218731 3.915109
0.597168 -3.244064 -0.311959
0.535903 -3.120247 1.717318
5.346417 0.081926 1.380501
4.915741 0.299220 1.888294
5.332029 0.962443 0.957651
5.267979 -0.500730 1.409839
5.245545 0.218368 1.520761
5.478520 -0.445120 1.021735
4.921530 0.780752 1.725507
5.659853 -0.222764 0.430647
5.068439 0.903665 1.481338
5.047992 -0.014908 1.781636
5.067291 -0.728910 1.586029
5.561142 -0.141728 0.904035
2.386005 -2.225676 -3.030919
1.490116 -2.550911 -2.540156
1.768130 -2.326461 -2.870782
1.485914 -2.802903 -2.194363
2.256529 -2.538370 -2.776230
3.209987 -2.648722 -2.413663
2.826023 -2.335239 -2.890152
2.024910 -3.169008 -1.685106
2.919771 -3.121370 -1.672528
3.039741 -2.826995 -2.259944
2.516367 -3.234122 -1.466485
2.202499 -3.080196 -1.988727
2.120312 -2.719841 -2.567878
0.145407 -0.279261 -3.247409
0.111646 2.421618 -2.058123
0.306823 -2.405012 -2.057709
0.314545 -2.908725 -1.049578
0.160016 -1.694147 -2.742856
-0.554198 2.525389 -1.822780
-0.151276 0.787000 -3.156221
0.266175 -2.066929 -2.437025
0.440996 1.899018 -2.556321
0.007983 0.255597 -3.252982
-0.133448 1.380517 -2.928931
-0.425552 2.279205 -2.189903
0.081357 -0.919135 -3.120336
0.432107 -2.591584 -1.752997
0.073678 0.541474 -3.214238
-0.363910 0.127908 -3.239185
0.488212 2.617257 -1.691141
0.182270 0.360350 -3.236816
0.059156 -1.394532 -2.924383
0.220510 1.177018 -3.017966
-0.207302 -1.455656 -2.884526
0.114538 1.837882 -2.642573
-0.433382 1.662209 -2.731912
-0.023028 -2.505953 -1.944591
0.353489 2.393709 2.826565
0.592570 2.999568 2.110653
0.743401 2.837293 2.478027
1.205752 2.938238 2.401459
0.757930 3.075622 2.024701
2.254173 2.245237 2.841033
0.908529 2.289713 3.089910
0.334441 2.774886 2.356310
0.935725 2.434126 2.978828
0.733166 2.974612 2.239069
2.133076 2.620803 2.534397
1.914718 2.413474 2.873422
2.163092 2.920468 1.986745
1.890456 3.037449 1.959849
0.949712 -2.807359 2.575455
1.322216 -2.412440 3.013077
1.496614 -2.984121 2.283044
0.740860 -2.191827 3.126055
1.353921 -3.177687 1.838235
0.410645 -2.248018 2.975457
2.192965 -2.614489 2.499848
1.715163 -2.599460 2.763363
1.571078 -2.546750 2.856627
-1.425824 -0.192523 3.912024
-1.520043 -3.373444 0.281994
-0.224119 3.025059 -0.700837
-0.318470 -1.237103 3.576126
-2.031448 -0.925954 3.683901
-0.989880 1.222150 3.694271
-2.186852 -0.233525 3.763994
-0.057866 -3.206351 0.711572
-2.478909 0.584627 3.611454
-1.668456 3.258089 1.363585
-3.661160 -1.125887 2.552972
-1.273048 -0.804365 3.828842
-2.432367 -0.087732 3.684095
-0.560975 0.790443 3.776422
-1.741713 -0.462829 3.846973
-0.293885 3.165204 -0.349119
-2.704782 2.293953 2.515247
-3.235811 1.908450 2.441458
-1.295291 -0.388296 3.902419
-2.477409 -1.685372 3.176378
-2.125712 3.263973 0.542696
-1.015837 -0.773651 3.833894
-2.221575 -1.796020 3.216902
-1.017495 -1.227624 3.693636
-1.874752 -1.905820 3.253836
-3.654324 -0.266269 2.836797
-1.856223 -1.027149 3.695321
-3.073517 -0.410994 3.316469
-3.262975 -1.810253 2.506276
-3.069731 -0.652189 3.272740
-1.672466 -3.324592 0.018550
-3.388432 1.608855 2.543474
-1.382567 -3.256391 -0.428300
-0.445285 3.248343 1.217946
-2.958819 -2.215712 2.388073
-2.161335 0.268498 3.769163
-3.003985 -1.702023 2.831923
-0.069473 0.695801 3.666348
-1.835710 3.274332 1.159747
-0.621830 1.881994 3.304168
-0.569087 -3.297854 1.091247
-1.490392 3.379985 0.715112
-2.441058 3.041086 1.366927
-2.469168 1.568468 3.251149
-1.941269 -1.467594 3.496209
-1.094200 3.259921 1.489447
-0.326907 1.945211 3.183732
-2.863568 2.363100 2.293280
-0.120788 0.013619 3.759666
-0.152148 -0.539234 3.724594
-2.723135 -1.551059 3.125624
-1.034631 3.397100 0.545811
-1.510152 1.884455 3.336774
-0.604737 3.142442 1.693593
-2.350242 -1.908186 3.083156
-0.627747 3.019828 -0.936883
-0.169701 -1.461745 3.427747
-2.470518 2.577609 2.325274
-2.140991 -3.182936 1.229248
-1.704436 -1.872528 3.314684
-2.316373 -1.343746 3.433527
-1.850859 -3.325788 0.728480
-2.162925 0.463394 3.746603
-0.874889 3.025384 -0.995560
-2.007704 -1.139742 3.619667
-3.263115 0.810891 3.083608
-2.182849 0.749249 3.686020
-1.631093 0.189854 3.890599
-2.639274 -1.001763 3.426629
-2.341998 -0.501955 3.680141
-0.372569 -3.109802 1.643651
-2.969058 -1.140383 3.179471
-1.060366 0.477331 3.891268
-2.823351 1.706014 -3.316155
-4.212537 2.748030 -1.172079
-5.668153 -0.033159 -1.197830
-5.730772 -0.445170 -0.361015
-2.621888 -3.375106 -0.728505
-2.010164 -3.365990 -0.084044
-4.256918 -2.136675 -2.255158
-4.903141 -1.934401 -1.574859
-4.685805 2.385404 0.268225
-1.119012 -2.402735 -2.472335
-2.106456 3.390447 -0.392580
-4.226235 0.059930 2.429872
-2.444682 3.347263 -1.002346
-1.135224 2.529803 -2.324657
-0.928211 2.782515 -1.740862
-1.135504 -2.901310 -1.693205
-3.524705 -0.038837 -3.606015
-1.103252 -0.938511 -3.428219
-2.285832 -1.007869 -3.658138
-2.908157 -3.196168 -1.433818
-4.070369 0.921406 -3.202348
-3.983506 -1.541268 2.147506
-2.643699 -3.307143 0.324777
-3.151895 -3.278488 -0.842030
-1.657246 -1.300004 -3.473760
-2.685131 -3.364873 -0.048222
-5.331377 -1.124260 -1.624030
-1.506920 -3.050734 -1.646539
-1.315549 -1.860385 -3.058923
-2.232126 1.718923 -3.342484
-3.778172 -2.475658 -2.261435
-4.366654 2.715606 -0.011159
-1.759714 0.874059 -3.642162
-4.654105 2.343815 0.485717
-3.479318 -3.085578 0.475479
-3.276412 2.919028 1.071510
-3.772656 1.881971 -2.866151
-0.475416 -0.432892 -3.208121
-1.912654 1.815774 -3.251259
-2.778977 -3.126150 0.857836
-2.592889 -0.510618 -3.765202
-1.116840 -3.104816 -1.023054
-3.626861 1.874140 2.126642
-3.770549 2.370321 -2.400058
-4.464697 1.515333 1.787234
-4.267836 2.807651 -0.608973
-5.501241 -1.252360 -0.767991
-5.172048 -1.894609 -0.667209
-3.049156 3.030129 0.968032
-1.231167 2.363446 -2.579506
-4.051363 -1.139346 2.308964
-4.047822 2.463205 1.214629
-5.756558 -0.012517 -0.573417
-3.764511 -1.877208 -2.874458
-2.947289 3.248381 0.402811
-1.620139 -3.308643 -0.666486
-4.959547 0.105014 -2.601224
-3.180836 -3.294305 -0.226131
-4.485729 0.988426 -2.874754
-2.939519 -0.663743 -3.695725
-4.287731 2.458387 0.930508
-5.522503 -0.998688 0.339104
-5.224914 -1.307721 0.870594
-1.492838 -1.361790 -3.403938
-2.822811 2.975349 1.167270
-3.750403 2.929713 0.610314
-2.781411 3.293473 0.320177
-1.240762 -2.753289 -2.062798
-1.146354 -1.803114 -3.026159
-4.591793 -2.438141 -1.209594
-4.217118 -0.997000 2.256275
-4.557439 -1.180860 1.898750
-3.449279 -2.721771 -2.134122
-4.598376 -2.366196 0.564246
-4.768818 2.188838 -1.395998
-4.464000 -0.472837 2.217142
-4.289691 -2.302398 1.180950
-1.073972 -2.254189 -2.608098
-2.751790 3.262019 -1.287063
-5.437406 1.023080 -1.434301
-4.527384 -0.614892 -2.958611
-4.142906 1.820208 1.839766
-2.945516 2.074144 -3.041563
-4.714755 2.164402 -1.566147
-5.473696 1.185650 0.267726
-3.832951 0.058528 2.652213
-0.806057 0.340409 -3.416485
-4.583721 -0.327183 -2.963261
-3.290726 -2.229192 1.980937
-4.794739 -1.666179 -2.102360
-4.087221 2.682031 -1.588620
-3.007197 3.337615 -0.456680
-4.440212 1.547652 -2.611641
-2.615294 -1.530697 -3.437040
-1.224916 -1.224797 -3.373313
-0.852574 -2.858920 -1.466784
-3.079369 -0.524975 -3.693201
-2.822459 -0.149529 -3.776951
-1.634107 -3.147842 -1.471789
-5.288701 1.637904 -0.961778
-4.718573 -1.492238 -2.354068
-5.601648 0.197439 -1.419523
-4.679709 1.754611 1.349511
-1.950805 -3.338736 -0.906841
-2.986613 -3.299955 -0.939245
-4.402242 -2.386510 0.890322
-4.057696 -2.945983 -0.390522
-5.257950 -1.747827 -0.080989
-0.815968 -2.620864 -1.930274
-5.417413 -1.161787 -1.341902
-4.504685 0.816435 -2.920909
-1.978943 1.452414 -3.462215
-0.664746 2.665583 -1.668531
-2.905234 -3.182031 0.654895
-0.842081 -2.095251 -2.617386
-2.175943 3.350979 0.133079
-3.126904 -3.170500 0.547585
-3.260309 -0.206307 -3.684064
-5.130299 1.283588 -1.908539
-1.895912 -1.575286 -3.388840
-3.343074 -0.940389 -3.527909
-5.146368 -1.891708 0.057188
-1.292851 -0.736857 -3.554633
-3.948218 2.352965 -2.283298
-2.116451 -0.234228 -3.794948
-4.770023 -1.219670 1.653676
-3.956084 1.518741 -3.001655
-3.082337 -1.820217 -3.191316
-3.851667 -2.805012 -1.623463
-4.496487 -2.644872 -0.368356
-3.061154 1.210062 -3.510960
-3.832963 3.008299 -0.996416
-5.175323 0.056024 -2.317907
-5.460090 1.230649 -1.073306
-1.622459 3.275012 -0.950054
-3.441819 -1.478653 -3.276103
-4.271528 -0.723569 -3.129186
-4.101568 -0.783072 2.401588
-3.322556 2.154472 -2.859780
-2.558109 0.089393 -3.804882
-5.673266 -0.705816 -0.706602
-3.865838 1.317875 -3.160798
-2.347905 1.274873 -3.563722
-5.352190 0.724416 -1.855610
-3.255794 -3.158643 -1.295714
-1.785127 -3.295956 -1.016548
-1.691550 0.701440 -3.670736
-3.598273 2.739382 -2.000369
-0.538377 -0.975241 -3.111635
-5.234268 1.314843 -1.665687
-3.653666 -3.057019 -1.148127
-5.268548 1.760929 -0.367760
-0.667880 0.941536 -3.206235
-4.389095 2.452958 0.782965
-4.374754 0.928804 2.164970
-1.054690 -0.757215 -3.458397
-4.572424 0.942133 1.992236
-3.289510 -2.800602 1.277398
-1.982044 1.190008 -3.574201
-4.838254 -1.161260 -2.429689
-3.468621 -2.275067 -2.682487
-2.876784 1.516707 -3.410639
-4.846279 2.268875 0.070612
-1.528517 2.495187 2.914711
-2.086243 2.300826 2.891033
-1.882523 2.521326 2.783327
-0.969526 2.746162 2.659278
-0.213526 2.482442 2.656155
-1.595816 2.286940 3.074543
-1.370451 1.992152 3.291037
-0.835758 2.821160 2.530407
-1.890015 2.949912 2.168065
-1.365720 3.161816 1.888258
-1.655236 2.954303 2.286069
-2.211489 2.729721 2.317529
-1.732383 3.132661 1.798200
-1.062262 3.189861 1.796638
-1.134029 2.609655 2.831495
-0.912597 -2.532339 2.885489
-1.932322 -3.067642 1.827691
-1.848403 -2.835406 2.400589
-0.709617 -3.161028 1.718331
-1.042044 -2.267255 3.121971
-0.606901 -2.276960 3.028098
-0.614391 -2.772346 2.521358
-1.440893 -2.334456 3.064316
-0.187043 -2.756670 2.264388
-0.607099 -2.552079 2.784125
-1.245783 -3.067766 2.151149
-1.281550 -2.783893 2.627437
-1.202970 -3.241222 1.583983
-1.819911 -2.502864 2.826654
-1.071542 -3.013244 2.257847
-2.436606 2.835799 -2.430259
-2.066171 2.944983 -2.233058
-2.801679 2.952465 -2.161350
-1.905163 2.534575 -2.725965
-2.795624 2.472609 -2.780965
-1.770284 2.784060 -2.386620
-1.777877 2.275278 -2.913243
-1.353254 2.655325 -2.318869
-2.341661 3.190032 -1.688401
-2.757320 3.126099 -1.775608
-2.539288 2.671519 -2.627964
-5.482983 -0.601313 0.909303
-5.225840 -0.582516 1.439926
-5.592499 0.331494 0.728437
-4.904932 0.458566 1.863459
-5.459437 0.403769 1.087295
-5.402278 -0.020002 1.284413
-4.716926 -0.475504 2.019167
-5.591637 -0.206533 0.787166
-5.494487 0.226659 1.064637
-4.832716 0.265975 1.967783
-5.637183 -0.311812 0.522202
-2.973247 -3.124771 -1.605219
-3.026509 -2.202678 -2.926360
-1.566079 -2.220881 -2.876733
-3.024502 -2.609553 -2.560907
-1.977048 -2.786218 -2.454177
-2.993936 -2.883063 -2.192178
-3.239182 -2.595907 -2.461368
-2.707282 -3.089055 -1.904164
-1.422452 -2.950650 -1.830506
-2.583696 -2.699446 -2.589447
-2.983137 -3.023797 -1.908312
2.965624 -1.915048 -3.566795
1.317016 3.498900 -1.222120
2.282948 -1.077584 -3.992371
5.650716 0.656598 1.240599
3.941641 2.078706 2.265190
3.409805 -1.352733 -3.736944
3.298872 -3.268064 -1.969589
4.317366 -2.685504 1.304594
3.660049 -3.394707 -1.291890
3.643538 -2.520202 -2.859218
1.477840 -3.631741 -0.550019
2.109659 3.293417 -2.166269
4.122173 -1.834829 2.329948
4.713331 -2.002106 -2.519653
3.103828 -1.541573 -3.737243
4.698700 1.039906 2.315580
2.668432 3.685452 0.145123
2.760268 0.790724 -4.045332
5.942322 0.649762 -1.269375
6.069427 -0.443858 -0.227734
3.201193 -3.605046 -0.945059
4.312284 -2.943179 -1.642884
2.877350 2.824930 -2.807674
2.823665 -3.710348 -0.491334
2.244756 -0.251207 -4.141572
4.317576 2.737791 -2.043268
4.308244 3.136665 0.183951
1.985271 -3.692068 -0.876026
3.865596 -2.763512 1.609343
5.623576 -1.756658 -0.915392
5.807740 -1.440234 -0.583090
3.505390 -3.434785 0.525689
0.961858 0.572367 -3.832923
4.432789 3.029383 0.306339
2.957644 -0.318685 -4.090040
1.289812 2.743864 -2.716719
6.020397 -0.078831 -1.177308
1.982094 -0.433733 -4.107260
1.364945 -0.502339 -3.981724
1.652212 -1.308789 -3.843007
5.692619 1.521268 -1.166675
2.969868 3.142648 1.522083
5.701904 -1.200021 0.763799
5.566457 -1.792593 -1.115771
2.547860 1.979567 -3.579425
5.098328 -0.445135 -2.920463
4.370118 2.998486 -1.390488
5.970880 0.708290 0.259409
5.809481 1.343787 -0.946451
3.918924 2.516140 1.874609
5.261441 0.509123 1.893074
0.446466 2.647074 -2.233176
3.195946 -3.560045 0.372778
5.414812 0.710401 -2.449860
1.972118 1.273150 -3.906937
0.481657 -2.442211 -2.531585
3.004591 -3.099458 1.579673
5.513380 1.997620 -0.175208
5.263113 -0.689624 1.843498
1.925184 -2.248247 -3.368760
3.263278 -1.910113 -3.497896
4.641875 0.193871 2.545383
4.809952 2.794456 -0.834214
5.371832 2.183780 -0.024347
3.547117 3.362170 0.717426
5.506901 -1.584935 0.843283
3.308897 3.455911 0.658086
2.891275 2.186510 -3.399280
4.076974 1.027491 -3.571766
3.440894 2.937232 -2.459457
4.390438 2.496284 -2.318434
1.310294 0.142056 -3.998543
2.683314 -3.183883 -2.347329
4.950412 2.297712 -1.826054
3.760819 -3.208016 0.905433
1.307101 -2.420325 -3.061365
4.535920 1.653223 2.141945
5.647617 -1.779895 -0.529845
5.516913 1.789345 0.495062
1.121426 -1.558447 -3.577838
0.567897 -0.098760 -3.692770
3.039322 3.644479 -0.906248
4.327085 1.537289 -3.196875
4.813458 -0.927357 2.254691
2.980276 -3.531616 -1.475330
5.300668 -2.303863 -0.598305
5.069801 -1.009034 1.960683
4.950092 2.061669 -2.152713
4.694637 1.481280 2.107089
1.052841 -2.601182 -2.759508
2.472163 3.734560 -0.579669
4.902061 -0.661463 2.250922
3.859544 -1.574334 2.631495
0.677974 1.116197 -3.559995
5.504024 -0.114958 1.611099
4.011314 -1.626149 -3.347420
4.759691 0.326546 -3.262159
2.174808 3.659691 0.336394
1.817329 2.532143 -3.110125
5.010182 -2.601477 0.033943
3.926045 -2.610262 1.761428
4.873644 1.237394 -2.889749
6.025771 0.646712 -0.044941
5.904836 0.341953 0.731784
2.078224 -3.327153 -2.096453
2.366003 -1.597148 -3.793628
4.064415 -2.980313 -1.895641
3.133527 1.770443 -3.614223
3.412454 -2.213772 -3.236708
3.101646 -1.235194 -3.863257
3.975839 3.340685 0.054946
3.901581 1.398439 -3.519351
5.503403 -1.292798 1.149586
3.405259 1.388963 -3.723412
1.934134 3.697706 -0.776288
5.033441 2.605229 -0.647102
4.769184 2.746017 -1.214846
0.605186 0.276015 -3.702792
0.831835 2.003380 -3.175411
2.147670 -1.461584 -3.847813
5.469491 -2.051456 -0.075909
2.124339 -1.676375 -3.746722
2.347571 -3.646579 -1.242411
5.427572 -0.882032 -2.361739
3.860882 -3.255375 0.655317
3.951765 2.868895 1.383928
3.948523 -2.120022 -3.052085
4.120204 2.318287 -2.760495
3.073102 -3.662580 -0.156467
3.882226 0.641997 -3.767337
5.831702 -0.940118 -1.438457
0.948507 0.394323 -3.852538
2.816412 3.244816 -2.214820
3.807202 -3.448678 -0.444243
1.298265 3.561974 -0.826250
2.260309 3.382120 -2.005185
2.288728 -2.771930 -2.921564
3.493667 2.781254 -2.640709
4.150544 -1.373097 -3.394708
3.383977 3.558316 0.115757
4.707451 -1.979119 1.724109
5.076160 2.475209 0.285125
4.387646 3.125266 -0.744503
5.371181 -2.150689 0.133603
5.627447 1.750344 -0.912267
4.530021 -2.907317 -1.321732
3.750142 -1.772962 -3.397257
5.875529 -0.942116 0.450775
1.077419 2.001375 -3.299023
0.988408 2.283212 -3.037095
2.938160 3.694836 -0.456649
5.786808 0.734671 0.894996
5.094750 -1.539318 -2.446893
4.509788 0.962400 -3.317258
5.465858 -0.464672 -2.443548
5.971483 -0.973567 -0.415947
3.111035 0.973949 -3.943893
4.626226 -2.356449 1.405023
4.698978 -2.857428 -1.006681
1.033857 -1.146939 -3.715196
6.040692 -0.427869 -0.921866
4.393715 -2.759603 -1.907779
4.882587 -2.590153 0.546001
3.109182 -2.485631 -3.104133
4.630881 -2.963248 -0.184253
5.915764 -0.718354 0.499850
4.200156 2.746316 1.337684
4.670385 2.935412 -0.598988
2.277061 -3.721284 -0.047537
3.747110 -2.925155 1.461201
5.651585 -1.197273 -1.724211
1.657730 -2.938923 -2.615570
1.132354 1.744023 -3.483916
4.228934 -2.399730 -2.588405
5.813687 -0.821245 0.766377
3.627786 -0.954383 -3.798630
0.918098 1.188768 -3.651275
5.989061 0.173763 0.477233
3.450455 -3.503482 -1.136410
3.591780 -0.162200 -3.939565
5.112088 -2.532922 -0.396045
1.675349 -0.451908 -4.060653
2.780236 -2.786658 -2.870651
4.290046 3.197629 -0.213495
2.599501 1.809530 -3.676171
0.710898 -1.231894 -3.534166
3.592702 -2.894050 -2.435067
2.666707 3.723831 -0.247889
5.454248 -1.306829 -2.057425
3.848223 1.717185 2.558935
3.992942 -3.263687 0.407232
3.776815 -3.276832 -1.527071
4.371539 -3.129999 -0.794067
0.980717 2.738123 -2.553467
4.836817 -1.100422 2.165814
2.563082 -0.043676 -4.146061
1.287532 2.926655 -2.478498
4.270730 0.169094 2.799068
4.253381 0.562492 2.764338
1.144443 3.386658 -1.431388
4.199167 2.239427 1.952844
4.080287 -0.274703 -3.721525
2.675726 3.557019 -1.523478
4.491870 -2.266059 -2.487748
0.858677 -1.636563 -3.420800
3.770099 -1.952300 -3.273443
5.563859 -1.712408 -1.302466
4.803919 2.048912 -2.366009
6.028730 0.110467 -1.132177
5.509414 -2.013790 -0.284871
2.470521 -1.223804 -3.944201
4.615557 2.975762 -0.195443
1.450607 -3.279792 -1.961906
2.106616 0.913041 -4.029757
1.601478 -1.754374 -3.626429
2.898865 3.330582 1.202161
4.341496 -3.172185 -0.397800
4.906841 1.520448 1.866696
3.531061 2.423343 -3.008851
3.361263 2.670394 2.007883
3.443953 -1.568012 -3.629714
5.404358 1.432220 1.222452
1.013660 -3.455207 -0.896963
0.764223 -2.475471 -2.716542
3.084426 1.253773 -3.860213
4.915347 1.931420 1.519403
4.201785 1.870152 2.252682
5.053507 1.308960 -2.652688
2.380681 -3.731138 -0.668326
3.895353 2.243401 -2.980613
4.149978 0.773534 -3.603478
4.560808 -2.995035 0.007322
1.070431 0.752608 -3.840673
6.004282 -0.269001 -1.210267
2.265729 3.609800 -1.385454
2.040447 2.665737 -3.015474
2.556877 -3.734045 -0.488727
6.030712 0.026838 0.306427
5.664577 0.165130 1.332580
2.543158 1.589010 -3.792529
3.006555 3.606466 0.338870
2.339062 -2.311806 -3.351657
5.536141 -0.915777 1.338554
4.722722 2.241845 -2.250636
1.498867 0.950389 -3.924941
4.543438 -0.751417 -3.354161
2.051591 -1.045947 -3.989270
1.810331 1.135906 -3.932424
3.951001 1.546844 2.598993
3.654311 3.502007 -0.189538
4.951221 1.930710 -2.295352
3.861286 -3.314251 -1.278270
4.244331 2.886647 1.039314
0.793977 -2.244791 -2.960293
3.956646 -3.140547 -1.667455
2.260001 1.465015 -3.851469
1.328835 -3.584842 -0.680758
3.799647 -3.440677 -0.132570
0.713377 -2.851948 -2.184162
3.772128 2.908537 1.468377
4.507792 -1.360564 -3.155034
0.608125 2.439115 -2.640660
3.872684 -2.594537 -2.640947
6.003267 0.838729 -0.529410
1.774101 3.535698 -1.480768
1.261062 -2.565553 -2.901177
3.777923 -3.209644 -1.706601
4.103837 -2.903793 1.174410
4.662583 2.650844 -1.700486
2.502388 -3.663635 -1.150207
4.304655 -1.562839 -3.198404
3.730760 3.429676 -1.000962
3.616290 1.689527 -3.503072
5.773464 1.516154 -0.211734
5.020451 2.066693 1.213194
4.481292 -0.595940 -3.434123
0.516569 -2.701103 -2.226155
1.097848 -3.342622 -1.516521
3.505806 3.546328 -0.096762
4.387419 -3.098600 0.115033
4.400490 -1.673442 2.238722
3.919693 -2.431779 -2.787253
1.293962 -2.243904 -3.207371
1.068409 2.950207 -2.313015
1.347325 3.732404 0.690046
0.721385 -3.669278 1.091980
1.985884 2.525176 3.163426
3.461571 2.435683 2.206410
0.679054 2.331254 3.409234
3.057488 1.320300 3.475739
1.625998 3.672283 1.072201
1.408326 0.868565 4.157027
1.183379 -3.653780 -0.271519
2.004934 -0.821783 4.079514
3.208921 1.816143 3.085620
1.707325 -1.325897 3.982990
1.701604 0.924587 4.112114
0.755658 1.054625 4.090637
0.483630 1.062840 4.045617
1.506010 -3.712465 0.834762
2.636399 3.077648 2.068388
2.664434 -3.323772 1.374198
0.041282 -3.561075 0.372376
3.804352 -0.566524 3.124270
1.004576 -3.011765 2.737791
3.088919 -1.294827 3.466775
2.659507 0.036456 3.958876
1.241230 2.990790 2.771450
1.834668 2.786617 2.932169
1.612896 3.367569 2.093450
0.163016 -1.840308 3.621894
1.812493 3.650948 1.027038
0.138141 -3.448078 1.539707
2.679930 -0.726490 3.872181
3.712748 1.065625 3.057766
2.199007 -1.772099 3.656726
0.737644 3.655514 1.186119
2.736731 -1.132224 3.730406
1.642539 -3.710475 0.512390
0.313731 3.156121 -1.286121
2.884517 -3.142637 1.615293
2.554014 3.407332 1.214280
1.769302 -2.228649 3.470666
2.264815 -2.975563 2.512602
1.172487 -0.638229 4.211993
1.315918 3.711401 0.087656
3.161065 -0.046873 3.694813
0.444990 -3.646140 0.124139
1.470650 -3.025524 2.705304
3.379514 1.502873 3.146694
1.350176 -3.106762 2.601582
1.464918 2.176513 3.554328
0.700097 -2.901119 2.839159
1.652298 0.445252 4.209289
2.854367 1.183123 3.651486
1.138953 -3.706185 1.027435
1.327474 0.127084 4.261529
2.033635 0.771234 4.084013
1.223189 3.625861 1.442434
0.050061 0.204446 4.088190
3.283925 -2.320793 2.563681
2.692059 -2.634754 2.704099
0.537393 3.361545 2.037702
3.349543 -1.595115 3.117050
2.358427 3.104968 2.242460
1.441901 3.202051 2.440635
1.166310 -3.735417 0.341900
2.426710 -3.169722 2.066512
3.580577 0.813862 3.271375
0.258429 -3.566831 1.180690
0.829651 3.465358 1.890851
1.540846 -2.205808 3.524726
0.000554 1.187463 3.873663
0.431408 3.614846 -0.080950
0.493104 -3.341813 -1.008273
0.342040 0.895933 4.061419
1.075065 -2.723421 3.088265
2.088868 -2.988449 2.580953
0.930534 1.158496 4.074574
0.378747 -3.651677 0.671162
2.753372 -0.192625 3.911417
1.428435 -2.609325 3.194089
2.145404 0.110677 4.136732
1.271256 -1.450273 3.972835
0.667336 -3.362340 2.084355
3.785868 -0.026400 3.203368
1.020620 -3.181955 2.486269
0.744916 -3.245969 2.334445
1.265050 3.719474 0.907352
1.198945 3.536258 1.744162
0.701310 3.648658 -0.145233
0.011050 -1.302587 3.834267
1.207325 3.623434 -0.398998
0.931585 -1.098744 4.093604
3.492269 -2.372387 2.254233
0.281406 2.744636 2.905570
0.806352 3.621942 1.383681
0.778130 3.709863 0.266078
2.330482 -0.637984 4.025786
2.005156 -2.627496 3.055216
1.926876 -3.663357 0.512237
2.555296 -3.221698 1.830536
3.339200 1.108100 3.367720
1.968773 3.650172 0.705120
0.763471 -2.760307 3.016827
1.597639 -1.527984 3.914060
3.063015 1.698592 3.271494
3.108214 -0.858465 3.610435
2.516046 -0.403143 3.994317
1.967252 -3.648099 0.748952
1.866578 3.366068 2.002377
0.184695 -3.236734 -1.064664
0.414066 3.501741 1.598437
3.524586 0.357851 3.413564
1.216240 3.574882 -0.571336
2.021512 -3.461956 1.659883
0.918992 -2.489221 3.306506
1.481660 3.715821 0.819192
0.246443 -0.702041 4.081404
0.706749 2.737406 3.032070
2.331008 0.247813 4.074659
1.723704 -3.642720 1.171633
1.953953 -1.556967 3.836646
2.107191 -0.426554 4.123286
1.154935 3.355567 2.178342
0.914662 -3.727183 0.695918
0.689425 -3.298911 -1.167320
2.803666 -2.008880 3.227846
0.641205 0.263782 4.219333
0.032302 -0.575623 4.041586
0.297158 -2.018948 3.550598
0.324629 -1.201493 3.965312
2.104534 0.468489 4.118753
2.587031 -2.799466 2.564797
0.105990 3.274735 1.984111
2.253492 -3.570686 0.795094
3.155017 2.372530 2.632387
0.011971 -2.527846 3.026426
3.455914 2.177371 2.536423
1.033788 3.468880 -0.864148
2.401344 -1.870825 3.523621
2.606538 -2.532606 2.876452
3.712283 1.852962 2.554160
2.431509 3.243909 1.898964
3.476467 1.343475 3.149859
2.936156 2.400411 2.789493
2.785977 -3.027927 2.016812
2.327739 0.727353 4.009216
0.460147 -2.920410 -1.786386
-0.083257 1.245993 -3.325838
0.191664 -2.811302 -2.024362
-0.272086 3.028390 -1.615575
-0.314617 -2.446278 -2.481871
0.236761 -0.138604 -3.556484
0.225039 3.146044 -1.334656
0.096243 3.216621 -1.132835
-0.007263 -1.910343 -2.968365
0.301948 2.559098 -2.354996
-0.371232 -2.853650 -1.927050
-0.111905 -2.515912 -2.423757
0.384323 2.352748 -2.568796
-0.030938 -3.171606 -1.283141
0.056929 2.314593 -2.636589
-0.298112 -0.915017 -3.426288
-0.232370 0.069912 -3.558941
-0.118509 -1.740204 3.664647
-1.252518 3.502043 1.837229
-0.828248 -3.569073 1.589841
-1.895000 -2.472243 3.238939
-1.591947 1.858414 3.745393
-1.077130 -1.017529 4.124476
-2.624871 -2.991261 2.239803
-0.579453 3.308892 -1.111941
-3.795356 -0.774386 3.079321
-1.528341 2.462651 3.319201
-0.607754 -1.402527 3.947402
-3.906363 0.370972 3.053272
-0.608969 3.547044 -0.515791
-1.519610 3.708039 0.870981
-0.185400 3.491482 1.432567
-3.309402 1.208602 3.349238
-2.907823 -2.618100 2.558142
-3.527525 1.711521 2.875901
-1.662607 3.494302 1.767204
-0.011629 -3.320791 -0.741780
-0.368132 3.238557 2.215145
-0.877702 -2.627542 3.171843
-1.606643 0.100739 4.240348
-0.679854 3.608641 -0.322489
-3.122442 -1.717639 3.217560
-2.538159 -1.959487 3.405462
-0.025113 -3.542141 0.178323
-0.406308 -1.708701 3.763976
-1.878539 -1.204018 3.996897
-1.072276 0.672978 4.204406
-1.871879 -3.426552 1.853109
-1.171241 3.736870 0.679808
-0.355424 -2.993556 2.614091
-0.808447 -2.850987 2.919764
-1.268085 -3.453564 1.959192
-2.091283 -3.401642 1.781668
-1.686181 -3.204414 2.386084
-3.466138 -1.917608 2.775259
-1.808391 -0.904186 4.099984
-0.468448 1.248876 3.980901
-1.716653 3.697452 0.674183
-3.675224 -0.043630 3.306838
-3.265099 -2.369323 2.526893
-3.046807 -2.755697 2.225495
-0.657144 3.243703 -1.261754
-3.203886 -0.403381 3.641885
-1.206980 -1.856929 3.773128
-1.995416 -2.912388 2.724683
-2.197978 -0.922188 4.003650
-3.053725 2.538277 2.529461
-1.065983 -0.212471 4.259256
-1.326825 2.276993 3.489869
-3.254734 1.572160 3.207414
-0.602745 -3.695680 0.467628
-0.013246 3.555263 0.557498
-3.833865 -0.519532 3.103957
-0.557380 -3.620088 1.235834
-3.088618 1.027988 3.570553
-1.183488 3.333248 2.223014
-1.498530 -0.560269 4.210358
-2.436944 2.545766 2.958109
-1.754525 2.508917 3.238979
-1.221755 -3.736993 0.668904
-1.218329 -0.085501 4.265608
-3.283638 -1.413205 3.272543
-2.021404 3.641010 0.416727
-2.570407 -2.216273 3.196136
-2.509154 1.911552 3.450935
-0.481409 -2.654583 3.068792
-3.203131 1.741183 3.141711
-3.972715 -0.112916 3.004883
-2.673497 -0.726188 3.875136
-3.637175 1.325659 3.009140
-3.088619 2.897337 1.914767
-1.631268 -1.898223 3.716683
-2.558248 -2.409730 3.029643
-3.533830 -1.473570 3.026093
-0.170702 -0.642471 4.072092
-3.175701 2.675675 2.206301
-1.132783 1.146213 4.086644
-1.108188 0.355273 4.249362
-3.739064 0.459393 3.209335
-0.699330 2.267102 3.463308
-0.719046 -3.442941 -0.861314
-0.594465 -1.973128 3.650759
-2.999916 1.336418 3.504553
-0.814166 -1.674674 3.851573
-0.776626 1.478370 3.939229
-1.665873 -2.728256 3.037237
-2.841689 -2.021622 3.194926
-2.203675 -2.816767 2.761281
-2.728040 -3.149083 1.813340
-2.302494 3.264738 1.960386
-1.826116 2.975613 2.696586
-0.811744 3.017804 2.706167
-0.044599 -0.807391 3.999709
-1.037158 -3.379080 2.123963
-1.238380 3.694673 -0.050050
-3.771896 0.737184 3.114088
-2.877846 0.890351 3.734799
-3.393433 -0.436012 3.505189
-1.635876 -0.866919 4.135520
-1.088702 3.724576 0.855329
-1.393627 -1.746594 3.826649
-0.227016 -2.837216 2.772181
-2.660086 2.164140 3.190477
-3.930478 -0.681590 2.960671
-2.668252 -3.237018 1.656354
-0.133555 -3.254723 2.047502
-1.022819 -3.541232 -0.666672
-1.773189 1.918607 3.680773
-3.585357 0.247735 3.374724
-1.854204 3.390323 1.951735
-1.009157 -1.807312 3.797040
-3.789816 1.427562 2.786467
-2.317506 -2.025922 3.455172
-1.479630 -3.716997 0.247623
-1.370815 -3.262849 2.344152
-0.280319 -3.151871 2.331038
-1.143337 -2.155217 3.583273
-0.580365 3.228287 2.319520
-0.842759 3.433692 -0.918073
-1.300490 3.046168 2.693046
-2.205390 1.427642 3.826118
-2.988810 1.673485 3.336229
-2.247727 2.215328 3.342255
-2.842815 1.329862 3.598217
-0.371642 3.647047 0.734869
-0.526712 2.878902 2.824865
-3.855911 -1.274028 2.800716
-0.757191 3.658448 1.182475
-1.939680 0.554289 4.145375
-0.078296 2.625155 2.955050
-3.110743 -1.921512 3.084868
-0.839206 -1.485223 3.942960
-1.054203 1.829304 3.786753
-3.384474 0.185635 3.537804
-3.190636 -3.594080 -1.029013
-4.095601 -2.902187 1.186336
-3.531512 -3.422298 -1.362614
-1.590738 0.523395 -4.034136
-2.676578 3.699671 0.035495
-3.968224 2.294291 2.065852
-5.588196 1.594025 0.602176
-4.360826 -0.693576 -3.494820
-4.571881 2.075294 1.776845
-2.411050 -2.091321 -3.512038
-5.771274 0.643678 0.980806
-1.489576 0.924075 -3.929667
-4.489011 0.883639 -3.357299
-4.019385 -2.417345 1.910234
-2.929535 1.896136 -3.584882
-1.102542 -3.343229 -1.520031
-5.993611 -0.352760 -1.226129
-5.431987 -2.121695 -0.184855
-1.517006 3.514688 -1.372649
-3.250173 -3.298548 1.109875
-4.289418 0.670536 -3.545014
-4.448506 -0.305043 -3.499603
-3.066542 -0.610386 -4.033472
-1.776866 1.702142 -3.690495
-3.666493 -0.156221 -3.912865
-3.931148 -2.118987 -3.063286
-2.668341 -3.727183 -0.381922
-4.353664 -3.077582 0.325129
-3.370155 1.307876 -3.767031
-2.327019 -3.096981 -2.508283
-5.284665 -2.141146 0.511179
-5.970771 0.555906 -1.214285
-2.851659 0.915247 -4.004666
-5.349782 1.231274 1.468430
-3.808991 3.428113 -0.041273
-5.470933 1.383853 1.136506
-1.748963 3.421175 -1.793576
-3.472307 0.513095 -3.945654
-0.536997 0.936752 -3.539943
-1.876431 0.695965 -4.054472
-2.185752 3.043555 -2.578343
-3.011550 -2.200712 -3.364861
-4.490338 1.762219 2.107246
-5.278617 -1.815603 1.063091
-3.013032 -3.291144 1.240482
-5.782979 -0.302884 -1.888961
-4.024207 -2.964221 -1.971560
-3.794228 3.097532 -1.940568
-5.863150 0.616994 0.744836
-3.863818 -3.135318 0.965575
-1.990356 3.674326 0.179782
-0.521378 2.614274 -2.353738
-5.139236 2.101389 -1.771945
-1.921379 -1.239989 -3.912849
-3.618918 2.893395 -2.419809
-2.185233 -2.285277 -3.367216
-5.035599 -2.327595 0.777029
-4.723071 1.372429 2.141998
-6.095352 -0.179085 -0.335366
-0.803963 3.252345 -1.405431
-1.477086 1.267585 -3.817768
-3.143384 -0.407396 -4.046175
-4.775439 1.889375 -2.553204
-5.584904 1.640514 -1.359988
-5.798465 1.467680 -0.296089
-5.369944 -0.850246 1.639402
-4.895580 -1.044998 -2.955147
-6.080910 -0.288657 -0.661324
-0.554310 1.258061 -3.435523
-2.343269 -1.646960 -3.769612
-5.343025 1.804880 0.942477
-2.728122 -3.717139 -0.599635
-3.772143 -2.143054 2.308845
-5.848742 -0.222567 0.918490
-5.123846 1.451526 1.648328
-5.116506 0.907623 1.947815
-3.047996 1.339893 -3.835191
-4.158986 1.458950 -3.348516
-2.888513 3.085021 -2.459093
-2.008621 -2.428380 -3.234364
-1.283883 2.689521 -2.777215
-5.225056 1.507545 -2.284987
-4.131714 2.683683 1.498158
-4.640077 0.950969 -3.220091
-3.802931 -2.943886 1.388274
-5.849879 -0.482203 0.844686
-3.983281 -3.266216 0.416299
-3.035192 3.670811 -0.172152
-5.187891 -0.418726 -2.823802
-4.114742 -0.508247 2.851876
-5.233886 -2.376898 -0.696721
-2.021981 3.543903 -1.558025
-5.964425 0.998494 -0.454066
-4.097985 1.277321 2.643829
-5.949811 -0.905657 -0.944431
-5.312139 1.084938 1.612513
-0.538895 1.545122 -3.289697
-1.121543 -3.049200 -2.188087
-2.953778 -1.248425 -3.887004
-2.976318 2.218006 -3.359475
-2.264287 -0.857758 -4.050850
-2.926540 -3.352002 -1.971040
-5.483885 -1.875575 -1.256684
-4.605855 -2.765424 0.727517
-4.572940 0.158913 -3.422976
-3.610144 1.209211 -3.722945
-3.102590 2.021097 -3.469908
-4.514265 2.828009 0.750485
-0.808486 2.315062 -2.905719
-5.998884 0.677617 -0.950370
-1.906866 3.706161 -0.196742
-0.679051 -3.191162 -1.400281
-3.402797 -2.486761 -3.003543
-3.722357 3.446929 -0.913227
-4.882275 2.630133 0.430962
-1.001533 1.092380 -3.720545
-3.432363 3.561214 -0.807162
-4.511697 0.178422 2.642332
-5.186155 -1.614599 -2.254611
-0.561418 -2.802169 -2.114463
-3.670617 -3.116494 1.187707
-0.423127 1.403107 -3.286837
-3.939464 -1.835185 2.438861
-3.940264 3.384205 -0.214674
-5.923696 0.505325 -1.429327
-3.023069 -3.442761 -1.714077
-3.343235 -2.926716 -2.522739
-1.760605 -0.477564 -4.072378
-2.469450 -2.331365 -3.334216
-4.356881 0.354785 2.730782
-2.494895 3.424600 -1.909019
-3.724856 -1.896915 2.508401
-3.313690 2.119063 -3.342417
-6.091652 -0.075955 -0.656288
-4.171317 -1.767032 -3.166055
-5.432224 1.555686 1.048149
-5.423912 -2.040034 0.252196
-5.175599 -0.700033 1.948770
-1.322550 1.810398 -3.515499
-6.015254 -0.140599 -1.192869
-1.755167 -3.371822 -1.912504
-4.882425 2.394045 -1.788641
-2.495593 -3.719625 -0.777488
-1.276205 2.043525 -3.350531
-1.007429 0.658621 -3.835730
-4.853252 -0.064867 2.375517
-3.558345 -3.539055 -0.245455
-5.361889 -2.230736 -0.360580
-6.018487 -0.615765 -0.888261
-4.063113 -2.835813 -2.157266
-5.362275 1.999342 -1.401315
-4.319230 0.045917 2.773871
-1.427664 0.426297 -4.008452
-5.679048 1.720297 -0.289697
-5.376516 2.083952 0.328410
-5.900570 -1.122761 -0.852682
-4.286786 1.673137 -3.146284
-5.447574 1.341460 -2.042022
-3.505520 3.504830 -1.038323
-2.794062 3.649648 0.280741
-3.703881 2.118710 -3.185579
-5.944543 -0.618936 0.459170
-2.376447 -1.399997 -3.879858
-3.876863 2.702173 -2.506154
-4.732444 -2.582739 0.888413
-3.815584 -1.713731 2.577041
-1.591087 -3.096648 -2.362834
-3.750024 3.470729 -0.515008
-2.740833 3.505777 0.834150
-2.924804 -1.772881 -3.656186
-1.052874 -2.553595 -2.811199
-5.329625 -0.151781 1.857200
-4.678506 -2.457924 1.192156
-5.849406 1.120430 -1.159632
-3.237089 -3.164400 -2.202238
-2.512321 3.529473 -1.639553
-3.484867 3.448048 -1.325153
-0.575763 -1.299392 -3.430779
-3.454184 1.828138 -3.485766
-3.913824 -0.054959 -3.813506
-4.280294 2.441581 1.671547
-3.395326 -1.126665 -3.824611
-1.519836 1.750541 -3.608155
-5.842120 0.286819 0.923526
-3.727757 3.313238 0.656111
-3.377676 -3.598838 -0.377666
-4.405219 -2.435549 -2.380190
-0.716852 -2.392482 -2.770264
-0.678588 2.058248 -3.042903
-4.201008 2.954180 0.956645
-3.457091 0.287919 -3.975801
-5.793900 -0.562660 -1.783764
-3.120165 -1.972154 -3.497423
-5.694232 -0.823650 -1.893337
-4.747903 -0.298311 -3.275123
-2.187498 -1.277322 -3.922672
-4.788575 2.027790 1.583121
-4.445867 3.072364 -0.858027
-0.475833 -2.516809 -2.437050
-0.613310 -1.046294 -3.548762
-4.156148 0.853690 -3.579489
-1.900697 2.045925 -3.508655
-3.709032 -3.482815 -0.608928
-2.959221 3.691265 -0.471853
-4.747773 -1.159941 2.223090
-4.757319 -2.669219 -1.469053
-2.296025 2.159915 -3.464387
-3.610184 2.935296 1.540045
-4.181336 0.768608 2.763267
-3.225220 2.953294 -2.537318
-4.809686 1.512170 -2.799709
-1.226272 3.347100 -1.635830
-2.303841 -0.587022 -4.105021
-0.841604 2.969946 -2.103025
-4.188423 -3.247839 -0.099460
-5.396091 -0.482602 1.718780
-1.761015 -2.498139 -3.129827
-1.969378 0.418344 -4.107710
-5.227062 1.655974 -2.151850
-3.273739 3.389445 0.878584
-1.142213 0.865731 -3.840232
-3.639700 3.238962 -1.775693
-1.784445 -1.460523 -3.806324
-3.381882 2.656197 -2.838504
-4.379893 -3.142552 -0.228213
-2.583003 1.731404 -3.719423
-4.197629 3.146131 -1.256877
-1.622138 3.288620 -2.032772
-2.180971 3.185230 -2.363657
-5.885072 -0.007233 -1.662572
-6.032889 0.417391 0.159487
-4.172264 -3.131714 -1.359018
-3.287180 -0.276131 -4.024632
-4.186215 -2.113597 -2.899137
-2.250575 0.537927 -4.111293
-1.481004 -3.176013 -2.180190
-4.451771 -1.381230 -3.187791
-4.525507 -1.447471 2.272373
-1.919230 1.401059 -3.851285
-5.255065 -2.187390 -1.319543
-3.279643 3.623392 -0.294912
-3.062956 -3.173078 1.439034
-5.949490 1.009995 -0.705268
-5.448561 0.282686 1.678906
-3.212718 -0.786525 -3.967450
-1.777471 2.474243 -3.155146
-5.519538 -1.426278 -1.816563
-4.356242 -1.696891 -3.081056
-2.212781 -2.524662 -3.167148
-4.363969 1.975432 2.052145
-0.774825 -0.050020 -3.798693
-3.013449 -0.801945 -4.005979
-4.983841 2.410237 -1.550248
-5.933334 0.951832 -0.973884
-5.808650 0.083922 1.033975
-1.234529 3.155408 -2.074147
-5.991536 -0.102665 0.478180
-4.002571 -0.666001 -3.705349
-3.900264 0.255714 -3.810502
-2.164210 1.666219 -3.754387
-3.660365 2.230081 2.294569
-4.727840 2.884569 -0.661216
-0.846367 3.104325 -1.846524
-4.220588 0.261230 -3.645871
-5.997043 -0.733797 0.061630
-5.716158 -1.225550 0.694839
-4.475574 2.976507 -1.220603
-2.051898 -3.478897 -1.749602
-5.485997 2.039404 -0.168447
-5.116254 -1.229213 -2.621344
-0.813450 0.133477 -3.814260
-3.640793 -0.350138 -3.908332
-3.284194 3.522725 -1.263077
