    0.0455062906
    0.0455257449
    0.0347611592
    0.0467977464
    0.0434986360
    0.0424920017
    0.0440809814
    0.0414077820
    0.0469677087
    0.0425837814
    0.0454292069
    0.0460402059
    0.0430407977
    0.0442612518
    0.0479268379
    0.0410145473
    0.0407072201
    0.0432599560
    0.0413501354
    0.0319941993
    0.0485456820
    0.0442069274
    0.0488636313
    0.0427864236
    0.0440512166
    0.0461325949
    0.0274790747
    0.0456649181
    0.0484247448
    0.0399386953
    0.0484115664
    0.0465738686
    0.0372607654
    0.0450628008
    0.0451333081
    0.0014042273
    0.0159161251
   -0.0014454876
    0.0233351335
    0.0144916423
    0.0289417941
    0.0020994130
   -0.0116896676
   -0.0106182494
    0.0055297858
    0.0247807884
    0.0068824026
    0.0035973152
    0.0235281704
    0.0070429817
    0.0250130028
   -0.0052108172
   -0.0035836604
   -0.0041555829
   -0.0279630089
   -0.0355317286
   -0.0177230415
   -0.0153758517
    0.0071230231
   -0.0065118110
   -0.0226209661
   -0.0159498455
   -0.0261906269
    0.0009714404
   -0.0225275691
   -0.0066524977
   -0.0264530910
    0.0034473732
    0.0239607799
    0.0072530632
   -0.0043678723
    0.0288947185
   -0.0257727088
    0.0023520029
    0.0193521120
    0.0068016491
   -0.0326015227
   -0.0016500503
   -0.0097834072
   -0.0025962430
   -0.0139150377
    0.0333231549
   -0.0042404531
    0.0385987652
    0.0191818682
   -0.0188684515
   -0.0191835111
   -0.0090330618
    0.0020815364
   -0.0331775303
   -0.0040961357
   -0.0078154699
    0.0013858781
   -0.0112127592
    0.0232724487
   -0.0090693094
    0.0119010856
   -0.0231057334
   -0.0175933923
   -0.0046348905
   -0.0133512470
   -0.0018543737
   -0.0208442639
   -0.0109463056
   -0.0207461067
   -0.0241731690
    0.0169886349
    0.0094789102
   -0.0187560734
   -0.0011067145
   -0.0025584615
   -0.0100275308
    0.0209750235
   -0.0043755673
   -0.0169114008
   -0.0159518189
    0.0069567187
   -0.0043524976
   -0.0171280268
   -0.0177206305
   -0.0041694486
    0.0255597777
   -0.0166688155
   -0.0097568477
    0.0327860970
    0.0093845853
    0.0209016007
    0.0066120330
   -0.0000185319
   -0.0019259979
   -0.0149983855
    0.0095249253
    0.0000214047
   -0.0078787191
   -0.0067128056
   -0.0046695138
   -0.0094074311
   -0.0020383071
   -0.0153230392
    0.0356262229
    0.0186595158
   -0.0030645186
    0.0384270653
   -0.0221732487
   -0.0053914642
   -0.0113266287
   -0.0107045127
    0.0181628458
   -0.0051216713
   -0.0218369460
   -0.0039223388
    0.0011146269
    0.0078837393
   -0.0049059143
   -0.0083403666
   -0.0195250788
   -0.0014941814
   -0.0142759294
    0.0025444941
   -0.0105147738
   -0.0111649874
    0.0073712236
    0.0127417817
   -0.0015959009
    0.0048779699
   -0.0212528412
   -0.0084131272
   -0.0023742829
    0.0195967618
   -0.0058001184
    0.0033366637
    0.0086148561
   -0.0146303257
   -0.0088675185
    0.0048910302
   -0.0171129250
    0.0045574955
    0.0191143919
    0.0226990078
    0.0137070877
    0.0128984583
   -0.0088657000
    0.0178171609
    0.0072750788
   -0.0124471167
   -0.0108135602
    0.0043795443
    0.0039035205
    0.0025894098
    0.0114313754
   -0.0000256393
   -0.0020554573
    0.0014285986
   -0.0035180965
    0.0050023113
    0.0109542108
    0.0229675302
    0.0104487958
    0.0203204661
    0.0108153591
    0.0245073482
    0.0142208482
    0.0185289008
    0.0214059725
    0.0157566951
    0.0221325406
    0.0266219735
    0.0104503123
    0.0216759932
    0.0029174343
    0.0133861523
    0.0238712828
    0.0161106014
    0.0102940191
    0.0131258574
   -0.0450266612
   -0.0348612776
   -0.0548824928
   -0.0383088642
   -0.0456665205
   -0.0572678354
   -0.0441002443
   -0.0342818469
   -0.0601010787
   -0.0363253427
   -0.0453179417
   -0.0533470517
   -0.0398350933
   -0.0360117912
   -0.0521171319
   -0.0480233835
   -0.0309010474
   -0.0437305937
   -0.0488253706
   -0.0369280533
   -0.0349745263
   -0.0499231662
   -0.0355208251
   -0.0423268908
   -0.0465061413
   -0.0482357936
   -0.0448041823
   -0.0450873936
   -0.0398350284
   -0.0434800931
   -0.0468972008
   -0.0566327488
   -0.0523561238
   -0.0510916849
   -0.0513434779
   -0.0560876871
   -0.0498607624
   -0.0384226867
   -0.0530656314
   -0.0557144498
   -0.0387681650
   -0.0543754950
   -0.0472092736
   -0.0473242702
   -0.0472518017
   -0.0389392611
   -0.0580433517
    0.0136465184
    0.0218803961
    0.0208920637
    0.0232555225
    0.0124009682
    0.0205490592
    0.0171840527
    0.0174253031
    0.0224171754
    0.0274777510
    0.0129373663
    0.0164395199
    0.0252163775
    0.0119679181
    0.0109259655
    0.0216469720
    0.0190011357
    0.0289003656
    0.0240562160
    0.0241971315
    0.0159442758
    0.0152335214
    0.0179095429
    0.0177459435
    0.0226348325
    0.0247091074
    0.0226294726
   -0.0248492276
   -0.0183598171
   -0.0214281709
   -0.0209749582
   -0.0264112910
   -0.0232943868
   -0.0175976280
   -0.0222069723
   -0.0287057471
   -0.0168878914
   -0.0167458041
   -0.0231329139
   -0.0219764565
   -0.0223185649
   -0.0211827195
   -0.0238807149
   -0.0198696576
   -0.0220019919
   -0.0192698025
   -0.0202795606
   -0.0028074269
   -0.0060755662
   -0.0002010514
   -0.0116470518
   -0.0045732461
    0.0005884787
   -0.0035009794
   -0.0198323512
   -0.0030138749
   -0.0046775733
   -0.0008982471
   -0.0360962748
   -0.0032859421
   -0.0317426308
    0.0001993682
   -0.0057617456
   -0.0081562525
   -0.0018239452
   -0.0049619684
   -0.0040066998
   -0.0042312581
   -0.0040442414
   -0.0352890274
   -0.0127704148
   -0.0028824024
   -0.0339780254
   -0.0033948923
   -0.0071978359
    0.0024609727
   -0.0035881769
   -0.0047403244
   -0.0037929203
   -0.0092391474
   -0.0236822753
   -0.0041385485
   -0.0046756491
   -0.0055688837
   -0.0038376397
   -0.0033310656
   -0.0029422446
   -0.0140390690
   -0.0009453941
   -0.0032051031
   -0.0237566349
   -0.0060009248
   -0.0030126597
   -0.0022975889
   -0.0066075451
   -0.0035986778
   -0.0015671533
   -0.0033836101
   -0.0044508208
   -0.0040231145
   -0.0037543695
   -0.0025315547
   -0.0046685051
   -0.0360005711
   -0.0036720111
   -0.0040740747
   -0.0033669410
   -0.0107913517
   -0.0028862980
   -0.0048826424
   -0.0030706336
   -0.0038637576
   -0.0106327255
   -0.0103456806
   -0.0169897874
   -0.0065812949
   -0.0096271617
   -0.0043030313
   -0.0008212286
   -0.0026106549
   -0.0043888572
   -0.0011530288
   -0.0183365973
   -0.0058180519
   -0.0121950229
   -0.0030306947
   -0.0015678223
   -0.0020022669
   -0.0074240034
   -0.0011578744
   -0.0093646020
   -0.0155370887
   -0.0009975074
   -0.0019803522
   -0.0104376643
   -0.0016101981
   -0.0011579183
   -0.0046590808
    0.0055072683
    0.0084475316
    0.0086800635
    0.0039324437
    0.0036831091
    0.0087353986
    0.0048340968
    0.0030859084
    0.0060173187
    0.0029023016
    0.0000601342
    0.0012960083
    0.0076996316
    0.0005146007
    0.0085239453
    0.0134920868
    0.0078807870
    0.0058972366
    0.0038097612
   -0.0012238231
   -0.0014916098
   -0.0124206110
   -0.0041880301
   -0.0007088528
   -0.0130511944
   -0.0068203169
   -0.0117332030
   -0.0011418176
   -0.0010537981
   -0.0023487777
   -0.0034733131
   -0.0011888824
   -0.0026441774
   -0.0063615443
   -0.0098918064
   -0.0022427964
   -0.0021853037
   -0.0063833344
   -0.0206801107
    0.0332940714
    0.0307279517
    0.0329665730
    0.0373357656
    0.0307652029
    0.0312284830
    0.0331869821
    0.0313137685
    0.0380198869
    0.0267003690
    0.0355890230
    0.0341302818
    0.0303952543
    0.0347705619
    0.0344684538
    0.0369663485
    0.0301051187
    0.0378540757
    0.0360832064
    0.0337752771
    0.0371613271
    0.0308239556
    0.0368173363
    0.0281018564
    0.0384907803
    0.0361808435
    0.0357749088
    0.0355156814
    0.0380580623
    0.0375913077
    0.0394769970
    0.0210155172
    0.0150819447
   -0.0000018724
    0.0221886679
    0.0218577444
    0.0083952159
    0.0183316108
    0.0142864280
    0.0180594734
    0.0195105402
    0.0222956125
    0.0185480403
    0.0030944835
    0.0089330800
    0.0165552925
    0.0092783054
    0.0237266303
    0.0183181235
   -0.0002814901
   -0.0003102865
   -0.0050307347
    0.0040664877
   -0.0110197482
   -0.0150588036
   -0.0173291684
    0.0202419946
   -0.0118318943
   -0.0062445761
   -0.0004712929
   -0.0083288023
   -0.0238562238
   -0.0270986118
   -0.0300927671
    0.0049076172
    0.0044937377
    0.0007228438
   -0.0025642069
    0.0088489628
   -0.0159945802
   -0.0059585836
   -0.0220943369
   -0.0136429658
   -0.0124290581
   -0.0260027378
   -0.0108380823
   -0.0077347435
   -0.0124319762
   -0.0010918595
   -0.0053836472
   -0.0132276304
    0.0056947832
    0.0101449266
   -0.0087532791
    0.0280245556
   -0.0119011862
    0.0038751376
    0.0130021176
   -0.0158714454
   -0.0247431417
   -0.0127026401
    0.0085629535
    0.0015235040
    0.0123590126
   -0.0133683890
    0.0221020486
   -0.0223554212
   -0.0289378755
   -0.0201476109
    0.0289804444
   -0.0192236415
   -0.0172604683
    0.0108084181
    0.0016354180
    0.0055641105
   -0.0107974472
   -0.0129936022
   -0.0012394403
   -0.0101612567
   -0.0088066020
   -0.0258405712
    0.0248103387
   -0.0067097043
   -0.0009421628
   -0.0165497265
    0.0070879103
    0.0305219325
   -0.0282587266
   -0.0190104286
   -0.0103591822
    0.0185018563
   -0.0129044223
   -0.0128930404
    0.0065567241
    0.0121190981
    0.0173995211
    0.0013937529
   -0.0174858121
    0.0078832673
    0.0032854505
   -0.0036531136
   -0.0051948920
    0.0011651697
   -0.0122112704
    0.0028819147
    0.0003313978
    0.0151230426
   -0.0020611914
    0.0114686797
   -0.0126791386
   -0.0095181580
    0.0179161164
   -0.0066796910
   -0.0134474683
   -0.0031682507
    0.0040406585
   -0.0082050624
   -0.0010820218
   -0.0145981812
    0.0060680796
   -0.0113472097
   -0.0103376968
    0.0121754438
   -0.0103224531
   -0.0145677040
    0.0107870035
   -0.0059456235
   -0.0028141463
    0.0246901214
    0.0032802034
    0.0305761330
   -0.0072399194
   -0.0044361655
   -0.0015377777
    0.0069559534
    0.0339497314
    0.0086562859
   -0.0043888261
    0.0122066485
   -0.0091301255
    0.0118157379
    0.0197045681
   -0.0036378151
   -0.0149191429
   -0.0001992352
   -0.0049418380
   -0.0113662834
   -0.0096904985
    0.0030355533
   -0.0119151322
    0.0113629903
   -0.0043716035
   -0.0034968576
    0.0070884926
   -0.0173535012
   -0.0131919977
   -0.0005203068
    0.0092154011
    0.0075240465
    0.0154209281
    0.0116997404
    0.0194798236
    0.0177117036
    0.0249479584
    0.0127771043
    0.0185251668
    0.0217472530
    0.0186192895
    0.0221515139
    0.0163208031
    0.0138895091
    0.0107047016
    0.0049130783
    0.0198000786
    0.0161799978
    0.0009414877
    0.0237171192
   -0.0448529311
   -0.0440445118
   -0.0310327929
   -0.0422330223
   -0.0347343520
   -0.0454632607
   -0.0399207104
   -0.0398856157
   -0.0287725960
   -0.0354464581
   -0.0335045192
   -0.0341771788
   -0.0437104830
   -0.0290203813
   -0.0320860454
   -0.0444231041
   -0.0465547482
   -0.0280066274
   -0.0457822307
   -0.0404779963
   -0.0368887787
   -0.0393902062
   -0.0366009320
   -0.0408600826
   -0.0359167125
   -0.0453445154
   -0.0307824745
   -0.0280168823
   -0.0401569821
   -0.0470622505
   -0.0367332959
   -0.0460671070
   -0.0394471552
   -0.0436319203
    0.0229372033
    0.0171179565
    0.0142192137
    0.0201290729
    0.0108109131
    0.0139682010
    0.0169059260
    0.0150696785
    0.0179723599
    0.0129454407
    0.0188567164
    0.0131555322
    0.0146437532
    0.0160089284
    0.0220857038
    0.0145511442
    0.0188286749
    0.0115230297
    0.0236485038
    0.0158793372
   -0.0181218736
   -0.0180245359
   -0.0274875952
   -0.0190084759
   -0.0124679591
   -0.0176009189
   -0.0174749400
   -0.0152009308
   -0.0185820683
   -0.0166127716
   -0.0164289892
   -0.0179496110
   -0.0031391559
   -0.0026922141
   -0.0113065585
   -0.0034609880
   -0.0030298280
   -0.0017957861
   -0.0036142015
   -0.0320909763
   -0.0088987233
   -0.0079822193
   -0.0005678585
   -0.0024025372
   -0.0032551345
   -0.0042363316
   -0.0004349397
   -0.0082368309
   -0.0227360289
   -0.0071578364
   -0.0053407341
   -0.0048328339
   -0.0037490252
   -0.0287268368
   -0.0051282713
   -0.0087676848
   -0.0058769831
    0.0004251327
   -0.0044800587
   -0.0045168443
   -0.0019600953
   -0.0046734824
   -0.0227219768
   -0.0252104723
   -0.0081072215
   -0.0055994398
   -0.0039287665
   -0.0033960185
   -0.0056962373
   -0.0205766998
   -0.0327094704
   -0.0034822938
   -0.0015303923
   -0.0103895343
   -0.0044179987
   -0.0039521091
   -0.0030459048
   -0.0034632001
   -0.0150364060
   -0.0011955794
   -0.0071166419
   -0.0007533223
   -0.0036641245
   -0.0036664593
   -0.0036944434
   -0.0120032555
   -0.0031349534
   -0.0028848002
   -0.0011629416
   -0.0082849771
   -0.0056882999
   -0.0091099096
   -0.0036470232
   -0.0031407144
   -0.0052761570
   -0.0016118121
    0.0026095539
   -0.0125693102
   -0.0031168495
   -0.0028582912
   -0.0159613585
   -0.0043858844
   -0.0048218709
   -0.0029340726
   -0.0125278718
   -0.0027261770
   -0.0072817597
   -0.0170570808
   -0.0027698522
   -0.0027582508
   -0.0090015061
   -0.0024137030
   -0.0033004422
   -0.0055842269
   -0.0083602595
   -0.0083594770
   -0.0226773253
   -0.0054950023
   -0.0027378702
   -0.0129716502
    0.0066009726
    0.0076812994
    0.0035966176
    0.0024310784
    0.0045252025
    0.0037070854
    0.0053452472
    0.0038490102
    0.0075915860
    0.0040947679
    0.0053141155
    0.0039717285
    0.0061676224
    0.0061630225
    0.0023401016
    0.0053358696
    0.0033494146
    0.0082441882
    0.0015429663
    0.0092965688
    0.0026908037
    0.0047116175
    0.0058195837
    0.0010932035
   -0.0057376875
   -0.0088501638
   -0.0087816999
   -0.0171660950
   -0.0028413481
   -0.0127281165
   -0.0034416331
   -0.0058594682
   -0.0078727346
   -0.0025603331
   -0.0026356583
   -0.0158775555
   -0.0040360503
   -0.0065240504
   -0.0127239065
   -0.0107165271
   -0.0061216529
   -0.0025620318
   -0.0076002089
   -0.0025736253
   -0.0078700815
    0.0289935386
    0.0279712119
    0.0267706488
    0.0311226144
    0.0290859778
    0.0238427771
    0.0333149530
    0.0288708095
    0.0322476538
    0.0333111982
    0.0297008461
    0.0303865137
    0.0326559577
    0.0317863796
    0.0322703491
    0.0314748983
    0.0238694142
    0.0290568968
    0.0265463174
    0.0278597079
    0.0302097437
    0.0296973196
    0.0324489128
    0.0285879068
    0.0282020612
    0.0330882558
    0.0312093412
    0.0300962444
    0.0329104554
    0.0258986206
    0.0279627530
    0.0252811527
    0.0261550069
    0.0295041675
    0.0321407322
    0.0272713819
    0.0329475112
    0.0321425656
    0.0296301418
    0.0311444148
    0.0294327600
    0.0307659611
    0.0241990560
    0.0317258068
    0.0329146320
    0.0236081342
    0.0160180644
    0.0234465561
    0.0098664446
    0.0061490070
   -0.0008495692
    0.0218875804
    0.0171075296
    0.0202701077
    0.0105642372
    0.0183490827
    0.0246715851
    0.0267145155
    0.0159571196
    0.0118395188
    0.0085506592
    0.0152550544
    0.0069551420
    0.0204298672
    0.0160543888
    0.0049622041
    0.0127296795
    0.0173349790
    0.0217727009
    0.0020348286
    0.0096121480
    0.0201707111
    0.0168158287
    0.0081275379
    0.0188114761
   -0.0180871306
   -0.0033482454
    0.0040745046
   -0.0230944746
    0.0050513371
    0.0001492477
   -0.0108873820
   -0.0076566614
    0.0042377645
   -0.0012234852
   -0.0193672639
    0.0019620203
   -0.0094983854
   -0.0125656220
   -0.0203984013
    0.0018769223
    0.0067775450
    0.0159270597
   -0.0195956466
   -0.0243555205
   -0.0001115935
   -0.0076363896
   -0.0151803733
   -0.0051929385
    0.0102052870
   -0.0065989370
   -0.0206851728
   -0.0125144527
   -0.0184365981
    0.0006194941
    0.0009113589
    0.0228137766
   -0.0117645235
    0.0095584806
    0.0136107762
   -0.0061743632
   -0.0209394771
    0.0081360155
    0.0163353792
   -0.0038593621
   -0.0156165069
    0.0069833638
    0.0038706539
   -0.0089926601
   -0.0081785127
   -0.0003654193
    0.0075779943
    0.0001226137
   -0.0104858247
   -0.0049957313
   -0.0133735348
   -0.0093150327
   -0.0131445838
   -0.0169626237
    0.0171021434
   -0.0064132817
    0.0221380896
    0.0191484144
    0.0073313742
    0.0058522243
    0.0193456655
   -0.0214799601
    0.0098048761
    0.0143556103
   -0.0130346638
   -0.0021299080
    0.0071741253
   -0.0022521380
   -0.0101307666
   -0.0023819607
   -0.0238071926
    0.0075270003
   -0.0044202873
   -0.0113810272
    0.0001530639
   -0.0027449366
   -0.0070182686
   -0.0205802068
    0.0099304912
   -0.0220774951
    0.0155949384
    0.0031410303
   -0.0185427818
   -0.0136289805
    0.0288089359
    0.0006666505
    0.0217295176
   -0.0047715090
    0.0114514176
   -0.0160900040
    0.0035014843
    0.0038384172
   -0.0221389800
    0.0261527969
   -0.0224202460
    0.0112827167
   -0.0016091366
   -0.0046675335
    0.0009863454
   -0.0162003244
   -0.0122335983
   -0.0172728290
    0.0048460421
    0.0262810467
   -0.0114872297
   -0.0023770856
   -0.0104719147
    0.0100648394
    0.0113194701
   -0.0092056390
   -0.0023368258
   -0.0065633985
    0.0104467397
    0.0033004890
   -0.0078072147
   -0.0119140105
    0.0002877152
    0.0187393633
    0.0133370565
    0.0099499703
   -0.0008131293
    0.0079980476
    0.0010383483
   -0.0066944898
    0.0094508527
   -0.0133632564
    0.0148790432
    0.0020323002
    0.0124722350
   -0.0127803241
   -0.0079311696
   -0.0101642907
    0.0064470384
   -0.0083507331
   -0.0018187020
   -0.0083332981
    0.0100872149
   -0.0126297993
   -0.0096086469
   -0.0084763538
    0.0035286324
   -0.0036564814
    0.0012713037
   -0.0099626894
    0.0118207946
    0.0179998507
    0.0077995336
    0.0143732336
    0.0078748842
    0.0179834949
    0.0077317024
   -0.0011273543
   -0.0062122735
    0.0075101442
   -0.0047583071
   -0.0000842644
    0.0046158931
   -0.0036204758
    0.0271487118
    0.0002747921
   -0.0054749723
    0.0012469417
   -0.0039713599
   -0.0117358661
   -0.0004760519
    0.0063982236
    0.0191140684
   -0.0040041937
    0.0040580411
    0.0238066719
    0.0041059835
   -0.0072004555
    0.0095981166
    0.0222704459
   -0.0137218240
   -0.0054892211
    0.0106628828
    0.0071203848
    0.0093238336
    0.0124912879
    0.0149019808
    0.0067581005
    0.0202521555
    0.0163073409
    0.0169248436
    0.0113355958
    0.0118136384
    0.0102804564
    0.0034427644
    0.0103687754
    0.0052532664
    0.0158290867
    0.0067084677
    0.0103028987
    0.0174602472
    0.0135581508
    0.0073969640
    0.0163357144
   -0.0326739957
   -0.0325591505
   -0.0270363805
   -0.0237795926
   -0.0278961029
   -0.0212678567
   -0.0270476132
   -0.0357642829
   -0.0273588294
   -0.0286916666
   -0.0277498785
   -0.0249408324
   -0.0303073702
   -0.0222993868
   -0.0359561236
   -0.0302841854
   -0.0363583079
   -0.0372790470
   -0.0260127691
   -0.0270728878
   -0.0337381433
   -0.0344200701
   -0.0376684623
   -0.0239356138
   -0.0286234404
   -0.0368277704
   -0.0250741712
   -0.0345430400
   -0.0371941923
   -0.0313865119
   -0.0313224879
   -0.0334993749
   -0.0363698694
   -0.0282528306
   -0.0320822500
   -0.0312531666
   -0.0261626364
   -0.0265578234
   -0.0328776214
   -0.0364243604
   -0.0296069643
   -0.0279363111
   -0.0340207164
   -0.0333681665
   -0.0325980520
    0.0137973366
    0.0129025938
    0.0115203396
    0.0131488448
    0.0132576962
    0.0173274648
    0.0145663842
    0.0145842769
    0.0126248722
    0.0113640531
    0.0123915593
    0.0125734613
    0.0116858533
    0.0124418091
    0.0138508436
    0.0158524520
    0.0150921721
    0.0138379465
   -0.0196175702
   -0.0164936666
   -0.0141357489
   -0.0132901529
   -0.0178068307
   -0.0115004591
   -0.0163837460
   -0.0105532535
   -0.0183332919
   -0.0143171448
   -0.0179524428
   -0.0089698244
   -0.0230406193
   -0.0156930655
   -0.0162256985
   -0.0180297329
   -0.0126420474
   -0.0105463122
   -0.0118945620
   -0.0100672033
   -0.0029077052
   -0.0261421309
   -0.0016153825
   -0.0041943429
   -0.0031562790
   -0.0003502966
   -0.0038066610
   -0.0075228458
   -0.0034929759
   -0.0077491003
   -0.0088230713
   -0.0018493225
   -0.0085782359
   -0.0085706955
   -0.0011949119
   -0.0235881971
   -0.0046999102
    0.0006330663
   -0.0057055409
   -0.0198285637
   -0.0058445135
   -0.0063456424
   -0.0032298451
   -0.0048040444
   -0.0039559638
   -0.0018245683
   -0.0119750729
   -0.0163534449
   -0.0046930467
   -0.0062952087
   -0.0151616697
    0.0001091723
   -0.0053777410
   -0.0008555180
   -0.0035898329
   -0.0055427642
    0.0018481377
   -0.0287815612
   -0.0005934285
   -0.0042700098
   -0.0075889467
   -0.0038307862
   -0.0021867508
   -0.0025880970
   -0.0115121310
   -0.0110900894
   -0.0033797682
   -0.0161516034
   -0.0014046951
   -0.0042619468
   -0.0029511141
   -0.0004944190
   -0.0004976642
   -0.0038160019
   -0.0021421935
   -0.0051542526
   -0.0110012593
   -0.0196684068
   -0.0031143625
   -0.0219513412
   -0.0076316830
   -0.0037396760
   -0.0038939108
   -0.0045639363
   -0.0079914329
   -0.0022239520
   -0.0031450883
   -0.0037185767
   -0.0006192456
   -0.0104728311
   -0.0065232941
   -0.0258265591
   -0.0025542227
    0.0050814764
   -0.0113074419
   -0.0084677576
   -0.0028317046
   -0.0241725375
   -0.0020631881
   -0.0052462861
   -0.0053122246
   -0.0187493644
   -0.0048003766
   -0.0068167136
   -0.0030117065
   -0.0216609488
   -0.0151498423
   -0.0139320080
   -0.0058245340
   -0.0149661866
   -0.0019888068
   -0.0038153720
   -0.0004380564
   -0.0103360721
   -0.0058046191
   -0.0034137255
   -0.0093841256
   -0.0089558941
   -0.0012642125
   -0.0043999094
   -0.0100216819
   -0.0042231439
   -0.0046287428
    0.0001121138
   -0.0021526316
    0.0000606311
   -0.0055168250
    0.0009208789
   -0.0089882369
   -0.0030049777
   -0.0087944982
   -0.0026600111
   -0.0247089747
   -0.0111732700
   -0.0048938803
   -0.0037893201
   -0.0047746826
   -0.0098858613
   -0.0160680505
   -0.0151509506
   -0.0066477897
   -0.0084312653
   -0.0142098173
   -0.0040789440
   -0.0132309801
   -0.0097615140
   -0.0053232128
   -0.0084161084
   -0.0035997566
   -0.0123232447
   -0.0059417039
   -0.0082062606
   -0.0095454534
   -0.0067941734
    0.0061072834
    0.0058233233
    0.0033708079
    0.0058054829
    0.0070284065
    0.0062208795
    0.0050069509
    0.0052462631
    0.0045225840
    0.0034802863
    0.0036424728
    0.0037827689
    0.0062850174
    0.0027508749
    0.0040678841
    0.0026594728
    0.0039798894
    0.0041480440
    0.0041491453
    0.0016547483
    0.0038619578
    0.0052190730
   -0.0054037070
   -0.0104878114
   -0.0038842858
   -0.0032957346
   -0.0033493557
   -0.0040342301
   -0.0085788969
   -0.0081164628
   -0.0058182452
   -0.0069400133
   -0.0119526128
   -0.0136466266
   -0.0051761296
   -0.0134856595
   -0.0099879728
   -0.0047128816
   -0.0041771125
   -0.0063353297
   -0.0070176484
   -0.0079365778
   -0.0035719292
   -0.0095242899
   -0.0104445626
   -0.0061882962
   -0.0043389256
   -0.0074493717
    0.0266053087
    0.0262524261
    0.0272837789
    0.0231601379
    0.0267843102
    0.0269134503
    0.0267735382
    0.0266637445
    0.0236179088
    0.0260076890
    0.0248423930
    0.0270637449
    0.0279112066
    0.0271262852
    0.0277463065
    0.0274683048
    0.0277678017
    0.0243677040
    0.0253214018
    0.0260543485
    0.0275336497
    0.0276363808
    0.0257234802
    0.0264073431
    0.0252129052
    0.0229299823
    0.0238749817
    0.0263721673
    0.0236690061
    0.0259077007
    0.0261726755
    0.0278415641
    0.0273762780
    0.0279069657
    0.0109572114
    0.0111066121
    0.0097811414
    0.0132723775
    0.0241664972
   -0.0021093676
    0.0163799355
    0.0043038718
    0.0106807711
    0.0152660605
    0.0193653521
    0.0152605164
    0.0115812470
    0.0019371118
    0.0005106208
    0.0103716397
    0.0239515907
    0.0038944924
    0.0169039030
    0.0062998851
    0.0069440893
    0.0046206793
    0.0173139452
    0.0155703409
    0.0077590495
    0.0041959177
    0.0033965815
   -0.0189662174
   -0.0102533972
    0.0085092750
   -0.0211496682
    0.0111733726
    0.0073584068
   -0.0033798275
    0.0221690880
    0.0035542174
    0.0004584262
   -0.0055712673
    0.0014796538
    0.0027272092
    0.0041174631
    0.0009288818
    0.0149901934
   -0.0103214217
   -0.0086252821
   -0.0043389507
   -0.0082248696
   -0.0162621470
   -0.0156381624
    0.0017990233
    0.0138355026
    0.0116911671
   -0.0089425123
   -0.0096335951
    0.0154788442
   -0.0014932674
    0.0005427348
   -0.0002687405
    0.0224011436
    0.0149867784
    0.0151833145
   -0.0134006193
    0.0180849752
   -0.0029841173
   -0.0022841234
   -0.0196292408
   -0.0012197131
   -0.0141744406
    0.0021527066
    0.0098633803
   -0.0114333160
    0.0112155067
    0.0066246633
   -0.0054796560
   -0.0010625797
    0.0028716976
   -0.0119180185
   -0.0009210406
   -0.0184129226
   -0.0084135283
   -0.0154959019
   -0.0109621541
   -0.0025051093
   -0.0011856973
   -0.0061839723
   -0.0080972347
   -0.0165677888
   -0.0082644061
   -0.0031085356
   -0.0044211472
   -0.0100348088
    0.0043928890
   -0.0052816803
   -0.0194938634
   -0.0192323427
   -0.0066998347
   -0.0203501865
   -0.0174738557
    0.0216405739
    0.0028092249
   -0.0039730224
    0.0032586709
   -0.0022787092
    0.0000379130
    0.0082132510
   -0.0169910474
   -0.0083423120
   -0.0075106276
   -0.0020831859
   -0.0026113104
   -0.0119852723
   -0.0154234150
   -0.0165433135
   -0.0036061607
    0.0079630829
   -0.0051896846
   -0.0058694670
   -0.0200522159
    0.0018291658
    0.0003768219
    0.0016195486
   -0.0027697731
   -0.0037644200
    0.0182905057
   -0.0041405467
   -0.0069657667
    0.0005645089
    0.0238537275
    0.0053012338
    0.0077160193
    0.0216984818
    0.0186904285
    0.0030634918
   -0.0207069213
   -0.0044887489
   -0.0125011806
    0.0042585520
   -0.0153196035
   -0.0053894217
   -0.0084872200
   -0.0199847603
    0.0133198923
   -0.0091200979
   -0.0045084403
    0.0072549021
   -0.0145475813
    0.0076985321
   -0.0099345199
   -0.0105280270
    0.0080011301
    0.0088777799
    0.0061227096
    0.0038652151
    0.0062510270
    0.0112646502
   -0.0052824546
    0.0029096703
   -0.0014695900
    0.0020347034
    0.0100160251
   -0.0033935402
   -0.0034939316
   -0.0064107120
   -0.0033885964
    0.0039229609
   -0.0011874706
    0.0004607076
    0.0075636029
   -0.0082349663
   -0.0054554807
    0.0098723443
    0.0069583278
    0.0165278204
    0.0080829050
    0.0091376395
    0.0011874316
   -0.0048355521
    0.0160367198
    0.0079823231
    0.0165596175
    0.0117651618
   -0.0067223776
    0.0110273767
   -0.0010926026
    0.0218515271
   -0.0061708137
    0.0033622058
    0.0089345833
   -0.0004459173
    0.0010674853
   -0.0067856050
    0.0246205915
    0.0203240601
    0.0015377483
    0.0151785629
    0.0158038063
    0.0097600177
   -0.0028695591
    0.0189138999
    0.0144990467
    0.0065188764
    0.0180270254
    0.0036477916
   -0.0036572036
   -0.0078868469
   -0.0045246481
    0.0078847786
    0.0117419064
    0.0082130885
    0.0181349187
   -0.0009277157
    0.0065068137
   -0.0022380967
    0.0078918100
   -0.0028938303
    0.0230289300
    0.0018480650
    0.0024571685
    0.0011916817
    0.0034141613
    0.0149677029
   -0.0081732543
    0.0010678254
    0.0001324682
    0.0164475002
   -0.0087084388
    0.0090917240
    0.0189668435
   -0.0047302297
    0.0069414330
    0.0048166317
   -0.0002480905
   -0.0051481079
   -0.0095974612
    0.0173923066
    0.0052933250
   -0.0025531222
   -0.0031988056
   -0.0075584449
    0.0069907866
    0.0106533251
    0.0082139857
    0.0041735408
    0.0143336923
    0.0054357746
   -0.0007995109
    0.0150670680
   -0.0023217548
    0.0163391120
   -0.0049021197
   -0.0068063051
    0.0079939205
    0.0099634777
    0.0122582112
    0.0108761703
    0.0107967691
    0.0079241834
    0.0119949456
    0.0089235133
    0.0065637078
    0.0130886854
   -0.0272225923
   -0.0277815741
   -0.0228241818
   -0.0286744469
   -0.0189069223
   -0.0232368507
   -0.0302093481
   -0.0250958044
   -0.0255614609
   -0.0270442255
   -0.0201894968
   -0.0261029171
   -0.0266691992
   -0.0210888523
   -0.0219394118
   -0.0231068315
   -0.0183876638
   -0.0220278601
   -0.0224222142
   -0.0265542385
   -0.0286741130
   -0.0270431919
   -0.0211518198
   -0.0199455604
   -0.0203110539
   -0.0240639980
   -0.0243310970
   -0.0219236916
   -0.0304109629
   -0.0241048314
   -0.0231633470
   -0.0212721003
   -0.0304337149
   -0.0290275776
   -0.0232424376
   -0.0231447872
   -0.0281442058
   -0.0238933603
   -0.0250049945
   -0.0251840835
   -0.0227164193
   -0.0235129998
    0.0133115714
    0.0119050187
    0.0146836620
    0.0136935302
    0.0141251503
    0.0110919761
    0.0130272352
    0.0112762617
    0.0130644219
    0.0133204376
    0.0130033538
    0.0116667979
    0.0118231816
    0.0120091909
   -0.0140520108
   -0.0175823897
   -0.0143777155
   -0.0169823108
   -0.0141130583
   -0.0155454224
   -0.0153892745
   -0.0190148968
   -0.0104256980
   -0.0125333071
   -0.0099469454
   -0.0098316136
   -0.0129036321
   -0.0090966220
   -0.0122822320
   -0.0135755704
   -0.0127824264
   -0.0151770987
   -0.0106222244
   -0.0115629962
   -0.0135095910
   -0.0073502574
   -0.0144745008
   -0.0151147072
   -0.0085797131
   -0.0109249152
   -0.0107938625
   -0.0140498281
   -0.0157023685
   -0.0126975174
   -0.0029874060
    0.0018213365
   -0.0032638489
   -0.0065212757
   -0.0058007997
   -0.0039999304
   -0.0043561380
   -0.0108086635
   -0.0032000070
    0.0013244596
   -0.0048647616
   -0.0107558005
   -0.0007713809
    0.0001233162
   -0.0159498886
   -0.0061711400
   -0.0211324724
    0.0011614927
   -0.0032527892
   -0.0031058570
   -0.0234177998
   -0.0034827916
   -0.0089898656
   -0.0002797822
   -0.0058868690
   -0.0072997028
    0.0020791278
   -0.0042048325
    0.0009480970
   -0.0024036944
   -0.0057526158
   -0.0035432557
   -0.0021896455
   -0.0107586659
   -0.0023470505
   -0.0044258614
   -0.0020122087
   -0.0017499547
   -0.0044083393
    0.0006303653
   -0.0030848325
   -0.0008377632
   -0.0219382200
   -0.0191181166
   -0.0065960769
   -0.0051770755
   -0.0151757270
   -0.0017830125
   -0.0055414520
   -0.0010460524
   -0.0185977782
   -0.0170534392
   -0.0036216564
   -0.0065958498
   -0.0071616393
   -0.0003227425
   -0.0135562857
   -0.0055890584
   -0.0031416412
   -0.0125978294
   -0.0034045866
   -0.0011835942
   -0.0059098102
   -0.0017322639
   -0.0009311132
    0.0033983844
   -0.0035552438
   -0.0044036982
   -0.0088201133
   -0.0164002109
   -0.0024861056
   -0.0052074794
   -0.0035372983
   -0.0012783820
   -0.0016607115
   -0.0017471257
    0.0016138341
   -0.0088294394
   -0.0027670119
   -0.0032476460
   -0.0029221583
   -0.0066170257
   -0.0124269213
   -0.0036700760
    0.0027241328
   -0.0028017563
   -0.0037824005
   -0.0032505132
   -0.0015676556
   -0.0083773591
   -0.0023970232
   -0.0030993572
   -0.0034452841
   -0.0117142751
   -0.0104764652
   -0.0022508396
   -0.0080153201
   -0.0047262705
   -0.0094356402
   -0.0033161947
   -0.0016554694
   -0.0051665865
   -0.0088664588
   -0.0023609513
   -0.0009964041
   -0.0038118547
    0.0006827020
   -0.0004741746
    0.0015520463
   -0.0061839633
   -0.0038431248
    0.0030361058
   -0.0034737004
   -0.0033080888
   -0.0183811622
   -0.0060081940
    0.0000376538
   -0.0118069178
   -0.0182659449
   -0.0037493005
   -0.0030440515
   -0.0041109909
   -0.0077779559
   -0.0014164367
   -0.0044993781
   -0.0028732638
   -0.0039791032
   -0.0035031837
   -0.0029528487
   -0.0080528088
   -0.0051220011
   -0.0019859495
   -0.0003410235
   -0.0053879712
   -0.0144283205
   -0.0151982344
   -0.0060298805
   -0.0069000346
   -0.0024053244
   -0.0055318617
   -0.0193259826
    0.0015712125
   -0.0037661525
   -0.0029892589
   -0.0026087437
   -0.0112558103
    0.0043308165
   -0.0068152471
   -0.0037457753
   -0.0151237118
   -0.0036834971
    0.0025521144
   -0.0022833238
   -0.0032768033
   -0.0150883101
   -0.0066952958
   -0.0050249959
   -0.0046621200
   -0.0160767966
   -0.0125680533
   -0.0039185181
    0.0004570416
   -0.0050369713
   -0.0117824404
   -0.0041315349
   -0.0072239644
   -0.0102816547
   -0.0087367525
   -0.0066877648
   -0.0102686059
   -0.0068667329
   -0.0098076930
   -0.0044465673
   -0.0054661288
   -0.0039808376
   -0.0100668144
   -0.0077218813
   -0.0074678992
   -0.0044818825
   -0.0038379762
   -0.0057017133
    0.0040302231
    0.0045574140
    0.0031901128
    0.0034454536
    0.0057839994
    0.0052345926
    0.0055073158
    0.0023218279
    0.0064639809
    0.0042809611
    0.0055723444
    0.0032169365
   -0.0067477707
   -0.0080969970
   -0.0058057428
   -0.0060667237
   -0.0048990568
   -0.0048152129
   -0.0048574119
   -0.0109023980
   -0.0046889688
   -0.0067146169
   -0.0053492789
   -0.0086805676
   -0.0080239573
   -0.0054197383
    0.0242119778
    0.0237492421
    0.0235023345
    0.0233322664
    0.0234047608
    0.0236281598
    0.0240281265
    0.0207688807
    0.0228064330
    0.0214095809
    0.0237539181
    0.0243322005
    0.0216506960
    0.0220834150
    0.0206820319
    0.0230773546
    0.0232548347
    0.0200959084
    0.0243283754
    0.0236656879
    0.0243438820
    0.0238903632
    0.0209542579
    0.0231825041
    0.0242604015
    0.0229805236
    0.0229142616
    0.0245028414
    0.0213077906
    0.0098832338
    0.0027586256
    0.0093378611
    0.0181464397
    0.0029637269
    0.0182133475
    0.0112649065
    0.0107742036
    0.0075913453
    0.0184084050
    0.0099964046
    0.0227538181
    0.0058949039
    0.0169580570
    0.0069898667
    0.0222426236
    0.0024010956
    0.0109775089
    0.0009502959
    0.0135002558
    0.0070248581
    0.0213879289
    0.0219985971
    0.0129991851
    0.0189816311
    0.0194926983
    0.0135140513
    0.0018290917
   -0.0012601386
   -0.0035946708
   -0.0052689714
    0.0095166597
   -0.0152076715
   -0.0114717065
    0.0207778625
   -0.0043884343
    0.0014909925
   -0.0008607215
    0.0075952868
   -0.0056952751
   -0.0053967662
   -0.0054369578
   -0.0012125010
   -0.0056305377
   -0.0086316943
   -0.0141183558
    0.0091259800
   -0.0136165331
   -0.0008228058
    0.0035690097
    0.0112991855
   -0.0130191579
    0.0009687348
   -0.0023322968
   -0.0142888545
    0.0039364498
   -0.0171867128
    0.0077447398
   -0.0140670397
    0.0001203277
   -0.0094320969
    0.0100955112
   -0.0050109490
    0.0123987889
   -0.0079555702
    0.0009838042
   -0.0128606951
    0.0076440443
   -0.0117001159
   -0.0063082410
   -0.0134341213
   -0.0157331639
   -0.0079681297
   -0.0064510414
   -0.0074430809
   -0.0048336211
    0.0106032186
    0.0053564452
   -0.0103700903
   -0.0013335415
   -0.0129768909
   -0.0079819231
   -0.0093058698
   -0.0164507823
    0.0184884930
   -0.0021882182
    0.0018398874
    0.0041157261
    0.0217099727
   -0.0023753892
    0.0167295221
   -0.0080903850
    0.0057179135
   -0.0048960680
   -0.0117912962
    0.0162125754
    0.0043284682
    0.0145791226
    0.0021288693
   -0.0057771425
   -0.0092634975
   -0.0102115882
   -0.0067251775
    0.0183993500
   -0.0084035329
   -0.0171313392
    0.0112279721
   -0.0142062018
    0.0129336694
    0.0056493468
    0.0111615198
    0.0007684914
   -0.0063109338
    0.0016226315
   -0.0014764866
    0.0045587557
    0.0078242981
    0.0076444247
   -0.0028463252
    0.0037495843
    0.0046862176
    0.0028948252
    0.0025873586
   -0.0113067511
   -0.0089816422
   -0.0008220086
   -0.0016582350
   -0.0079040208
   -0.0038471921
   -0.0128455831
    0.0142427331
    0.0120196325
    0.0135023078
   -0.0123796093
   -0.0128548639
    0.0171244887
   -0.0015981443
   -0.0128248449
   -0.0007982129
   -0.0051374553
    0.0130388646
    0.0061451378
    0.0128864902
   -0.0053101307
    0.0001248067
    0.0011943058
    0.0080559020
    0.0022277160
   -0.0037680125
   -0.0049652086
   -0.0048465919
    0.0117604980
   -0.0142792673
    0.0026631768
    0.0036074764
   -0.0009670828
   -0.0086620093
    0.0180133804
   -0.0026332195
   -0.0110726912
    0.0029094992
    0.0074252744
    0.0100628436
    0.0170247808
    0.0099837615
   -0.0064216841
   -0.0124179198
    0.0231519219
    0.0005181979
    0.0022391025
   -0.0119997704
   -0.0128378821
   -0.0091235671
   -0.0136704771
    0.0019366031
   -0.0124549108
    0.0055715413
   -0.0097989223
   -0.0074813062
   -0.0027709513
   -0.0064661429
   -0.0070450494
   -0.0031129227
    0.0049510858
    0.0027348143
   -0.0050801733
   -0.0148792885
    0.0143505695
    0.0118150104
    0.0024627641
    0.0066618865
    0.0146330752
   -0.0057321384
   -0.0023034770
    0.0069645412
    0.0049263714
   -0.0121181011
   -0.0022042161
   -0.0000299707
    0.0136900012
    0.0045973299
   -0.0099886229
    0.0213106016
   -0.0133833205
   -0.0065382571
   -0.0148163623
    0.0096188174
   -0.0106505416
   -0.0159714625
    0.0069224845
    0.0187460985
   -0.0082718980
   -0.0091610976
   -0.0108588241
    0.0011729843
    0.0010716778
    0.0092823869
    0.0121780891
    0.0106111059
    0.0111410066
    0.0124091786
    0.0108895366
    0.0082340952
    0.0081600646
    0.0069782012
   -0.0010406848
    0.0111694786
    0.0116770697
    0.0050127266
    0.0029145516
    0.0089032364
    0.0044767377
    0.0152678575
    0.0102294003
    0.0068867618
   -0.0030248333
   -0.0051725032
    0.0201249472
    0.0075837671
    0.0015585130
    0.0156627079
   -0.0059188118
   -0.0047034186
    0.0079584820
    0.0083459629
    0.0058021488
    0.0059774706
    0.0068258971
    0.0091309389
    0.0139478720
    0.0163910389
    0.0052087821
    0.0021390783
    0.0142817616
   -0.0028225311
    0.0159937261
    0.0017625744
    0.0165828029
   -0.0064846970
   -0.0016575023
    0.0135220253
    0.0000590477
    0.0062891514
    0.0016780825
    0.0063014748
    0.0068490232
    0.0014338813
    0.0053433393
   -0.0029750521
    0.0053762081
    0.0160858647
   -0.0021201343
   -0.0002712081
   -0.0009698991
    0.0002192484
    0.0061707826
   -0.0034365098
    0.0086838664
    0.0007679055
   -0.0025354858
    0.0118862979
   -0.0036015112
    0.0050200515
    0.0053128800
   -0.0024395732
    0.0075412677
    0.0169345394
    0.0145723571
    0.0119290445
    0.0006706471
    0.0031940349
   -0.0060515015
    0.0061267133
    0.0128824277
    0.0044334640
   -0.0020613019
    0.0015700950
    0.0038342985
   -0.0061436214
    0.0053423266
    0.0168746261
    0.0123046606
    0.0009458499
   -0.0011819582
   -0.0072980203
    0.0146224362
    0.0010713861
    0.0012216278
    0.0002491414
    0.0054242134
    0.0121330481
   -0.0060209066
    0.0007708494
    0.0155767119
    0.0014947678
    0.0012689372
   -0.0012265282
    0.0101787610
   -0.0015353094
    0.0120091109
    0.0060425176
    0.0095097079
   -0.0002900008
    0.0039661705
    0.0020511437
    0.0064334094
    0.0049342257
    0.0010704351
    0.0011008436
    0.0011872922
    0.0064014194
    0.0094036963
   -0.0042101952
   -0.0034434956
    0.0093879505
   -0.0078266216
    0.0072906887
   -0.0016633988
   -0.0004944186
    0.0151887241
    0.0087461721
    0.0153937845
    0.0079915047
    0.0037757825
   -0.0045199992
   -0.0003737822
    0.0056935093
    0.0050572171
   -0.0056182383
    0.0082369815
    0.0097819578
   -0.0060812716
    0.0097394296
    0.0086661164
    0.0043848667
   -0.0176123070
   -0.0183447135
   -0.0222617560
   -0.0233742952
   -0.0190628909
   -0.0213540020
   -0.0169786594
   -0.0181318385
   -0.0190592993
   -0.0204589965
   -0.0178150403
   -0.0192592229
   -0.0246069651
   -0.0220066384
   -0.0238034303
   -0.0197452988
   -0.0208895242
   -0.0175465562
   -0.0220215074
   -0.0206293979
   -0.0193942024
   -0.0182852724
   -0.0169348489
   -0.0247265490
   -0.0211647002
   -0.0251945373
   -0.0234284163
   -0.0230363030
   -0.0247827066
   -0.0240825782
   -0.0182762256
   -0.0226570702
   -0.0192727983
   -0.0181251939
   -0.0164790823
   -0.0210744490
   -0.0199010893
   -0.0227792138
   -0.0214008420
   -0.0215239054
   -0.0178056271
   -0.0239600591
   -0.0247279447
   -0.0206623164
   -0.0065064893
   -0.0084136042
   -0.0117383378
   -0.0104355068
   -0.0081450367
   -0.0109459358
   -0.0084671068
   -0.0108307621
   -0.0118148197
   -0.0096741095
   -0.0160867976
   -0.0109218686
   -0.0122459770
   -0.0115133569
   -0.0111693034
   -0.0096460025
   -0.0123927490
   -0.0115551684
   -0.0083627631
   -0.0114855335
   -0.0081043511
   -0.0131120761
   -0.0151761138
   -0.0126290705
   -0.0092500054
   -0.0080834137
   -0.0092228274
   -0.0162104503
   -0.0071425728
   -0.0006551763
   -0.0024010219
   -0.0067102340
   -0.0067020455
   -0.0045132633
   -0.0031007950
   -0.0185005703
   -0.0105117701
   -0.0142178615
    0.0023947183
   -0.0007741145
   -0.0190430365
   -0.0029880145
   -0.0039115948
   -0.0016396916
   -0.0097911434
   -0.0088625312
   -0.0131675719
   -0.0060711167
   -0.0076180035
   -0.0113312826
   -0.0014658257
   -0.0038943268
   -0.0146378639
   -0.0110031842
   -0.0155255908
    0.0000776871
   -0.0056866342
   -0.0020981641
   -0.0062648514
   -0.0021238070
   -0.0019710486
   -0.0067487669
   -0.0021742243
   -0.0034385136
   -0.0004681301
    0.0045393877
   -0.0057712432
    0.0032556944
    0.0010629898
   -0.0166245198
   -0.0023169236
   -0.0076835481
   -0.0037989440
    0.0010931912
   -0.0022645695
   -0.0144691585
   -0.0049756366
    0.0021591637
   -0.0042699020
    0.0025758806
   -0.0059972567
   -0.0034618069
   -0.0025619425
   -0.0142948152
   -0.0054927981
   -0.0021953638
   -0.0087994300
   -0.0121689706
   -0.0157809558
   -0.0089391133
   -0.0140200711
   -0.0026081382
   -0.0044184878
   -0.0018218580
   -0.0056451620
   -0.0090826268
   -0.0012471164
   -0.0021966850
   -0.0024291419
   -0.0040209874
   -0.0028498220
   -0.0042570689
   -0.0195896769
   -0.0070457092
   -0.0058154636
   -0.0091503786
   -0.0137683309
   -0.0037557875
    0.0015669391
   -0.0010310702
   -0.0012361043
   -0.0040281985
   -0.0057765471
   -0.0054590947
   -0.0018838192
   -0.0022522142
   -0.0135355840
   -0.0031822146
   -0.0057470366
   -0.0110832307
   -0.0016194352
   -0.0050731547
   -0.0081723557
   -0.0001919195
   -0.0017229250
   -0.0084697305
   -0.0111032585
   -0.0029125974
   -0.0067334431
   -0.0030884211
    0.0038468581
   -0.0053487839
   -0.0012626417
   -0.0044500006
   -0.0025011212
   -0.0067658882
   -0.0038323488
    0.0021973733
    0.0018292980
   -0.0056636148
   -0.0075719701
   -0.0059819244
   -0.0060790565
   -0.0057392277
   -0.0062878593
    0.0004524543
   -0.0103850522
    0.0047602022
   -0.0046489249
   -0.0009195339
   -0.0017622423
    0.0003179727
   -0.0038032207
   -0.0021988166
   -0.0014294200
   -0.0125791274
   -0.0030988901
   -0.0086916571
   -0.0074109024
   -0.0091977706
   -0.0044693780
   -0.0146824867
   -0.0041801113
    0.0007620399
   -0.0025027038
   -0.0080559744
   -0.0164049678
   -0.0046135744
   -0.0118253808
   -0.0137771597
   -0.0062175643
   -0.0073536724
   -0.0027900772
   -0.0008432583
   -0.0026204551
   -0.0153103492
   -0.0000548024
   -0.0101801434
   -0.0062201014
   -0.0044625894
   -0.0145089322
   -0.0020299469
   -0.0010848885
   -0.0039866949
    0.0027965376
   -0.0032695738
   -0.0040876399
   -0.0191373253
    0.0036689648
   -0.0016353467
   -0.0043076416
   -0.0172826709
    0.0022352039
   -0.0004946910
   -0.0031768595
   -0.0040534050
   -0.0011558810
   -0.0053232539
   -0.0040249874
   -0.0084939948
    0.0011366138
    0.0020241207
    0.0015836696
   -0.0012287430
   -0.0172670794
   -0.0030198350
    0.0021515848
   -0.0069796533
   -0.0052591193
   -0.0066067484
   -0.0053884059
   -0.0209616827
   -0.0058941924
   -0.0069912355
   -0.0034306288
   -0.0087692585
   -0.0041156343
   -0.0010373434
   -0.0005474009
   -0.0074211852
   -0.0008804207
   -0.0021533959
    0.0017697429
   -0.0087263601
   -0.0165557320
   -0.0041052411
   -0.0049157561
   -0.0043151865
   -0.0003709619
   -0.0073430464
   -0.0009076853
   -0.0024907847
   -0.0028087988
   -0.0044529336
   -0.0064123353
   -0.0020155728
   -0.0085221646
    0.0054585690
   -0.0054194370
   -0.0115970656
    0.0011570635
   -0.0040384749
   -0.0212571689
   -0.0032080072
   -0.0030204810
   -0.0022040668
   -0.0028340998
   -0.0059007713
   -0.0111500719
   -0.0009942216
   -0.0028388122
   -0.0012946183
   -0.0122738203
   -0.0062141507
   -0.0033802019
   -0.0078949473
   -0.0094902239
    0.0006227551
   -0.0009329711
   -0.0221981514
   -0.0054569663
    0.0037659712
   -0.0026970277
   -0.0043286838
   -0.0011989981
   -0.0076749213
   -0.0131074096
   -0.0053625414
   -0.0023984575
   -0.0048724817
   -0.0027358706
   -0.0060438821
    0.0032321868
   -0.0054606277
   -0.0032569932
   -0.0045526255
   -0.0069042121
    0.0024308595
    0.0006927647
   -0.0020041284
   -0.0147464560
   -0.0012225404
   -0.0046743283
   -0.0011744546
    0.0002117911
   -0.0034577023
   -0.0001861131
   -0.0110767628
   -0.0055075004
   -0.0001001991
   -0.0032149331
   -0.0027014575
   -0.0050931810
