-3.845932 0.712502 0.345383
-3.608730 0.923689 0.980295
-3.709592 2.027482 0.073509
-3.787935 0.472423 -0.147236
-2.603923 0.862708 -1.616768
-3.754510 1.791427 -0.471955
-3.807858 1.795932 0.235960
-2.667039 0.860163 1.602016
-3.556098 0.501229 -0.844091
-3.750779 0.445888 0.309359
-3.307762 1.961878 1.054459
-3.215526 0.638520 1.280605
-3.766550 1.157562 0.756953
-2.692170 0.628713 1.532540
-3.468990 0.612584 1.032690
-2.895130 0.623261 1.459058
-3.432396 2.217870 -0.604644
-3.479483 1.790986 -0.982802
-3.850279 1.538917 -0.422690
-3.085496 1.244181 -1.465012
-2.001422 1.688377 2.050707
-0.837610 3.124045 1.370974
-1.096377 3.711173 0.048215
-0.358792 3.038630 1.151633
-1.380046 3.608565 0.732276
-1.748275 2.534036 -1.892286
-3.239306 2.120660 -1.012384
-2.835906 2.925101 -0.921303
-0.766848 3.554437 -0.549610
-2.181229 3.603810 0.080203
-2.764834 1.964413 1.626009
-2.970190 2.738814 0.954098
-2.353537 3.334359 0.849632
-0.469417 3.149397 -1.106433
-2.247871 1.193984 1.923219
-0.548542 3.001897 1.342910
-3.089625 2.836192 0.548633
-2.354718 2.085390 -1.861053
-2.703897 3.207443 -0.615509
-1.224705 2.106694 -2.058465
-1.222202 3.595730 -0.737520
-1.913792 1.839567 -2.061540
-1.451271 2.683250 -1.838236
-1.473613 3.377365 -1.186698
-2.438617 0.689720 -1.636458
-0.349967 3.398624 -0.387025
-1.038705 1.785141 2.082969
-1.857199 3.314215 1.205487
-3.327566 2.587702 0.073706
-3.105335 2.599325 0.879223
-2.481567 3.075892 -1.137899
-1.342619 2.525531 1.919295
-2.148659 3.605613 -0.215774
-1.317898 3.170192 1.443630
-1.741333 1.706031 2.104211
-2.766666 2.369253 -1.479537
-2.157206 1.393201 1.990975
-2.517111 2.327535 1.688656
-3.166251 2.838655 -0.189589
-2.193749 2.672506 -1.682663
-1.700449 1.881372 -2.094404
-2.447045 2.288273 -1.747070
-1.798469 2.158985 -2.024482
-1.571216 1.434897 -2.116454
-2.509296 3.449670 0.041780
-2.947056 2.564903 -1.158615
-2.677966 2.648388 -1.384129
-1.719098 2.475346 1.924360
-2.198699 3.037106 -1.384613
-1.298602 3.525461 -0.919255
-2.873987 3.180778 0.061807
-2.545606 3.419060 -0.185010
-0.956645 2.146895 2.002462
-1.877383 1.931281 2.057503
-1.620534 2.968730 -1.628664
-3.126166 2.840786 -0.409417
-2.558921 3.266751 0.729449
-3.333804 2.477888 -0.429129
-2.340253 3.496163 -0.402689
-0.766993 2.120597 1.954150
-3.188238 2.812882 0.148647
-1.088927 3.639962 -0.539552
-3.153336 2.093221 1.163868
-0.960584 3.068709 -1.475221
-2.637559 2.979639 1.103547
-1.578466 3.655412 -0.574894
-0.703050 2.767281 -1.628389
-1.323699 1.849149 -2.111529
-2.204345 1.574574 1.984997
-1.606427 0.577677 2.050702
-0.713940 1.033353 2.341403
-0.756241 1.957188 2.012326
0.256868 0.434555 2.265212
-1.002600 1.531553 2.162633
-0.525923 0.414752 -2.355468
0.132390 1.109837 2.287116
-0.639370 1.203032 -2.322061
0.300674 0.064551 -2.170672
-0.988050 1.094219 -2.280273
-0.197532 0.957941 2.360085
-1.974485 0.478652 -1.774076
-0.063723 0.759460 -2.354720
-0.294291 0.690852 -2.376834
0.194464 0.608113 -2.298788
-0.288692 0.170924 2.309122
-0.823518 0.420040 2.322357
-0.340611 0.939826 -2.370168
-0.899679 0.185080 -2.263009
-0.603718 0.167414 2.303149
0.202740 0.666306 2.299080
-0.369699 1.879816 2.086104
-0.697334 0.882158 -2.357839
-0.925913 1.330023 2.245597
0.142025 1.147367 -2.278328
-0.920821 1.648857 -2.136983
-0.048187 0.088829 -2.262095
1.713768 1.636470 2.193497
0.359613 1.635013 2.296468
-0.016211 2.193766 -2.007519
0.697194 2.221075 2.174734
0.268641 2.573588 -1.898699
1.262230 1.025230 2.334184
2.506998 2.850612 0.686532
2.172638 2.701047 -1.381034
1.694550 1.885577 -2.144351
2.691114 2.715566 -0.492106
0.475273 2.351314 2.083306
0.490951 0.798559 -2.302607
0.580498 2.343423 -2.104322
1.465678 1.384992 2.300418
2.298507 2.488272 -1.458323
1.000030 2.218394 -2.178318
0.307239 0.920721 2.287050
0.154953 3.035616 1.427389
1.433028 2.812159 -1.721011
0.201626 2.180686 -2.095523
1.025366 2.461626 -2.053449
-0.188420 3.217914 -0.868043
0.990038 1.403329 2.373016
1.667771 2.323658 1.977370
1.010960 1.703661 2.335532
2.638943 2.670816 0.746580
2.019872 1.672289 2.042385
-0.205870 2.812986 -1.459697
0.608947 0.846794 2.328091
2.022320 2.926925 -1.256751
0.923444 2.203422 2.188181
1.558048 2.464847 -1.937999
-0.022637 1.678792 -2.169331
-0.219457 3.001717 -1.217783
1.247195 1.753998 2.298760
1.930452 2.224641 1.902372
1.029153 1.029740 -2.362312
1.177042 2.758719 -1.829898
0.625954 3.127324 -1.467364
1.474449 1.567369 2.281615
2.063982 2.797816 1.375850
0.557766 3.001882 1.601994
0.176389 2.850776 1.639026
1.391144 2.532774 1.947311
1.404318 2.996970 -1.545659
1.374294 2.371079 2.047431
1.583672 2.063777 2.125642
2.007404 1.906162 1.989123
-0.852717 -1.569420 2.177629
-0.755425 -1.388448 -2.254727
-1.187456 -0.446808 2.300029
-0.234261 -0.619156 -2.350488
0.386514 -0.129726 2.101235
-0.917356 -0.749841 -2.357229
-0.809101 -1.737480 2.102676
-1.024193 -1.300858 -2.248388
-0.491385 -0.490547 -2.372427
-1.151556 -0.225279 2.279343
0.103544 -0.413482 2.259910
-0.926002 0.064709 -2.250555
-0.923914 -1.317726 2.259666
-1.343655 -0.322079 -2.240687
-1.028153 -0.998874 -2.315017
-0.011822 -0.123776 -2.245515
-0.616596 -0.979821 2.355717
-0.590411 0.009036 2.289445
-0.346302 -1.023157 2.334541
-1.022441 -0.841057 2.334950
-0.574275 -0.346132 2.361422
-1.310830 -0.780202 -2.269410
-0.477052 -0.968335 -2.353787
0.400240 -0.415005 2.144297
-0.232580 3.450601 0.337644
0.538050 3.386065 1.235133
0.950604 3.441599 1.264302
1.086082 3.526018 1.180508
0.516044 3.457944 -1.161565
-0.147564 3.576222 -0.128830
0.401776 3.666160 -0.848482
2.488458 3.070660 0.002336
1.842801 3.775532 0.025717
0.088663 3.630814 -0.594971
1.831123 3.588917 -0.723367
0.168422 3.794422 0.197398
2.441081 3.102932 -0.303928
0.424726 3.896399 0.283281
0.891194 3.809879 0.800833
0.095446 3.502555 0.825828
1.016009 3.548109 -1.162105
1.698444 3.580335 0.868169
2.888577 2.563791 0.519231
3.789861 0.433042 -1.525565
2.787638 1.359329 2.031594
3.105854 1.189025 -1.946177
2.827275 1.718229 1.807493
3.355642 1.357125 1.694741
2.094597 0.744256 -2.355939
2.412433 -0.061677 2.284167
4.013301 -0.041768 -1.111424
1.711006 0.910244 2.318098
1.958875 0.467192 2.379771
3.917219 -0.202637 1.200538
3.632881 -0.340249 1.509205
2.629912 2.251175 1.384093
2.767090 0.835413 -2.203722
2.727676 0.144197 2.235226
2.676451 0.995456 2.199947
3.563752 0.689138 -1.742680
3.241452 0.496237 2.006580
3.785915 -0.051864 1.451310
2.592940 1.090700 -2.199019
2.866704 -0.180618 -2.114422
3.969072 -0.336266 -1.023733
2.890429 2.025961 1.506139
3.637429 1.079736 1.563148
2.829723 -0.081981 2.155870
2.191833 1.624493 -2.047794
3.904044 -0.379624 1.111809
2.397893 1.135417 2.232191
2.916732 2.488056 -0.730483
1.126837 -0.139460 -2.153311
0.938135 -0.069739 -2.088195
2.561864 2.082703 -1.608053
3.386997 -0.141041 1.818505
2.860469 2.269045 -1.220544
3.067998 2.538487 -0.111654
3.240457 0.579945 -2.002818
3.580920 -0.350191 -1.559794
2.384497 1.147082 -2.231034
1.171519 -0.088601 2.182956
2.889941 0.514233 -2.190618
2.363120 -0.309889 2.225286
3.118119 2.149196 1.177551
4.158356 -0.479182 -0.111351
1.450134 0.728334 2.305290
2.773598 0.367541 2.236790
3.741209 -0.073668 -1.498520
3.028345 0.176984 2.112809
2.123575 0.549896 -2.371714
0.786314 -0.094084 2.000326
0.761649 -0.832466 2.283171
0.549019 -0.980028 -2.331571
-0.481006 -2.593274 1.839733
0.718376 -1.816683 2.343540
0.356370 -0.932426 2.316290
0.707776 -1.074491 -2.341060
0.097188 -3.274331 1.478883
-0.776676 -2.487624 1.714251
-0.470167 -2.459425 -1.921635
0.787099 -2.797191 -1.947224
0.953451 -3.265705 1.482123
0.283135 -0.822448 -2.282516
1.056879 -3.013889 1.715392
1.811736 -3.095519 1.135888
0.408997 -1.145379 -2.357334
0.726476 -3.283160 1.510564
1.005477 -0.914655 2.264467
0.847873 -3.115951 1.672740
0.680709 -2.591344 2.085209
1.501520 -3.352298 1.045144
-0.277541 -1.893485 -2.202081
0.157353 -1.679220 2.342733
-0.176431 -3.033036 -1.644423
1.719362 -3.468973 -0.397652
1.638814 -2.957475 -1.463984
1.008316 -3.181520 -1.563022
-0.504821 -2.329200 1.966565
1.152615 -2.729259 -1.906565
-0.053801 -1.709656 -2.297733
-0.368183 -1.561929 2.208454
0.072779 -2.423448 -2.129791
1.752862 -3.376425 -0.663409
0.946274 -2.093827 2.251668
0.610286 -1.634289 -2.371371
-0.717830 -2.006230 -1.961686
-0.859291 -2.855143 -1.351291
1.058559 -2.546741 2.043911
0.097295 -3.081843 -1.688244
-0.785164 -2.321877 -1.797573
0.779885 -2.059965 -2.286686
-0.334582 -3.107652 -1.490068
-0.489770 -2.137947 2.048174
0.809165 -1.547877 2.359656
1.553896 -3.162794 -1.291808
0.527759 -2.390849 -2.188894
-0.472551 -3.063880 1.452560
1.212001 -2.848926 1.798965
0.817535 -2.971158 -1.810330
-4.159988 -0.224032 -0.017606
-3.843560 0.145373 0.627193
-4.304610 -1.170626 0.590263
-3.247423 -2.274969 1.731789
-4.203346 -0.500874 0.535871
-3.396371 -2.194915 1.663521
-1.622792 -1.670263 -2.306935
-4.366164 -1.471815 -0.036369
-4.232534 -1.450851 -0.791220
-1.640048 -1.671918 2.309307
-3.059026 -2.327030 -1.822548
-2.331221 -2.999961 -1.547432
-1.802931 -2.659188 -1.887144
-4.379111 -1.267428 0.008712
-3.978825 -2.101356 -0.987053
-1.298773 -2.020844 2.129688
-3.184027 -3.102295 0.852725
-2.900692 -2.131564 -2.006433
-4.164382 -2.210515 -0.037778
-4.242181 -0.865227 0.712359
-1.684523 -0.829010 -2.326066
-3.382038 -2.955847 -0.864948
-4.231811 -2.045979 -0.055219
-2.276439 -2.795069 -1.764753
-3.522987 -2.899691 -0.728069
-1.551470 -2.978528 -1.542566
-4.019246 -0.010969 0.343235
-3.681725 -2.877107 0.310524
-1.672788 -0.380042 2.201825
-1.774449 -2.889324 1.683683
-3.420189 -2.137633 -1.675867
-4.227862 -1.180383 -0.835064
-4.165632 -0.288473 -0.316895
-1.398351 -2.519971 -1.902423
-4.050299 -2.401827 0.260075
-2.308206 -2.934226 1.624341
-3.543375 -2.970793 0.473178
-0.870157 -1.995919 1.946875
-2.010094 -2.040842 -2.234831
-1.837084 -1.469057 -2.361624
-0.987938 -2.342309 -1.840328
-2.100969 -1.999467 2.247233
-3.900402 -2.229409 1.018297
-3.826905 0.293416 0.166332
-2.031357 -2.874104 -1.713231
-1.440037 -1.941809 -2.198597
-3.623525 -2.200786 1.438637
4.462440 0.483748 0.630058
4.409675 1.236306 -0.739356
3.931551 2.081912 0.595430
3.744199 2.302007 -0.314317
4.454777 1.495098 0.385807
4.062834 1.838914 0.785281
4.377098 1.688460 -0.302898
3.947399 1.114864 1.326789
3.939390 1.694746 1.067240
4.484808 0.241760 -0.300615
3.847703 2.275164 -0.025417
3.655761 1.764132 -1.224070
3.764050 2.210820 -0.567783
4.085145 2.056661 0.301207
4.592647 1.165704 -0.166924
3.578825 -0.623052 -1.540345
2.343021 -2.463609 -1.741070
1.109607 -0.359628 -2.205718
2.219054 -0.650889 -2.323792
2.064970 -2.605986 1.674942
2.882783 -0.821197 -2.112115
2.410435 -2.888649 -1.214231
2.884035 -1.043713 -2.111985
2.170662 -3.159028 0.764912
2.657205 -0.375841 2.144825
2.197662 -1.329990 -2.312083
0.857718 -0.223904 2.069432
2.474384 -3.066705 0.815152
2.663271 -2.536556 1.532198
3.602575 -0.985004 -1.543935
1.796856 -1.316180 2.349628
2.007679 -0.822254 2.367378
2.628840 -2.793275 1.232667
3.369586 -1.324845 -1.739342
3.427298 -1.607393 -1.594073
1.563523 -1.282515 2.343711
1.750430 -2.333966 -1.926721
3.319207 -0.650337 -1.802638
2.681748 -1.496064 2.135496
2.637555 -2.756311 -1.280924
1.954989 -2.940561 -1.274772
3.069976 -1.736932 -1.841669
3.712795 -0.974987 1.404689
2.272968 -2.745079 -1.471464
3.956829 -0.960072 0.988435
3.292181 -0.917320 -1.847514
3.527112 -0.840155 -1.626082
1.610670 -0.917769 -2.373033
3.005174 -1.757841 1.875933
2.801543 -2.147265 -1.783611
2.517777 -0.461540 -2.216132
1.139887 -0.376682 2.219186
3.397858 -1.095253 -1.749434
2.180916 -0.442500 2.295231
3.856978 -0.592455 1.131779
2.744512 -0.921644 2.180966
3.851843 -0.825464 1.186818
3.506621 -1.709746 -1.458660
2.156610 -2.934999 -1.241323
4.027534 -0.738395 0.791709
1.596824 -1.628418 2.269065
1.288350 -0.920945 -2.326084
3.632990 -1.352251 1.450052
2.206152 -3.013645 1.087097
3.534882 -1.216282 -1.596485
2.276507 -1.478933 2.266309
3.082670 -2.028198 1.675811
0.760973 -4.134504 -0.271995
0.954194 -3.899449 -0.768603
-0.828324 -3.576036 -0.510904
1.607143 -3.581485 0.429043
-0.875910 -3.496280 0.552986
-0.322296 -4.049699 0.029068
1.254415 -3.700902 -0.813027
0.682770 -3.851718 0.979778
1.430302 -3.777567 -0.366579
0.542918 -3.491372 -1.361972
0.832335 -3.412211 1.349624
1.139267 -4.016542 -0.078126
-0.862640 -3.397702 0.721939
-0.048023 -3.628326 -1.191106
1.290318 -3.732229 0.722236
1.043800 -4.024691 -0.343995
0.401219 -3.670115 1.226132
-2.279461 -1.725576 -2.323749
-3.027814 0.478372 -1.686931
-2.426878 -1.525239 -2.438519
-4.231449 -0.754596 -0.766538
-3.962323 -0.121138 -1.356027
-4.026824 -0.741904 -1.683326
-4.165928 -0.487071 -1.137240
-2.949331 -1.346148 -2.455931
-2.798297 -0.810635 -2.537729
-2.431757 -0.412600 -2.474333
-3.678653 -0.000881 -1.735538
-3.571725 -1.463350 -2.106025
-3.544647 -1.187273 -2.214562
-3.417546 0.127491 -1.876760
-3.646034 0.326944 -1.191195
-3.341914 -1.542965 -2.229170
-3.478432 -1.830842 -1.951419
-2.614748 -1.469413 -2.464107
-2.873414 -1.518942 -2.415911
-3.717909 -1.663681 -1.844216
-1.709199 -3.453857 -1.196714
-1.898718 -3.209902 -1.412273
-2.247849 -3.782115 -0.742040
-1.737043 -3.764832 -0.795242
-1.400823 -3.818573 -0.455909
-1.609935 -3.560588 1.055763
-3.391810 -3.183327 0.045956
-3.218918 -3.216083 0.638529
-2.346046 -3.401298 -1.211226
-1.224950 -3.188951 1.221648
-1.277121 -3.833882 -0.083524
-2.840781 -3.691255 0.347678
-1.863300 -3.977472 0.077424
-1.089188 -3.678586 0.407123
-2.520473 -3.757788 0.625973
-1.259857 -3.436842 -1.020665
-2.833072 -3.199705 -1.121814
-1.749997 -3.455053 1.203392
-2.708358 -3.804679 0.089916
-1.161450 -3.711660 -0.441159
-2.124773 -3.898024 -0.499264
-2.924913 -3.573098 -0.529463
-2.966248 -3.129879 1.062573
-2.798546 -3.726648 -0.306243
-3.715084 -0.344469 1.957440
-1.828604 -0.317449 2.263821
-3.347774 -1.740782 2.115068
-2.454608 -1.424027 2.476242
-3.527548 -1.816359 1.920143
-3.878741 -1.595784 1.673523
-3.875858 -0.841313 1.923339
-3.924395 -0.560148 1.794760
-4.081645 -0.211756 1.007782
-2.135717 0.314263 1.935760
-3.412976 -1.043215 2.321594
-2.496135 0.291418 2.041120
-2.933052 -1.730669 2.301213
-2.687636 -1.854581 2.267348
-3.193741 -1.514629 2.316363
-2.920430 -0.656957 2.498298
-2.299024 0.535903 1.675669
-2.673975 0.473526 1.811428
-3.662439 -1.268821 2.098982
3.073267 -2.777696 1.110185
3.966769 -1.211093 0.957508
2.937175 -3.227935 -0.250670
3.310014 -2.444339 -1.284568
2.724806 -3.140996 0.648350
2.698401 -3.239707 -0.330059
3.295723 -3.136180 0.113783
3.901239 -1.633492 1.109483
3.524333 -2.441679 -1.149637
2.918435 -2.928187 0.981588
4.264148 -1.678359 0.422557
4.050250 -1.547165 -0.912479
3.389589 -3.093523 -0.104507
2.888696 -3.098104 -0.704880
4.162255 -1.466730 0.700138
4.283448 -1.304682 0.198331
2.390787 -3.253141 -0.074644
3.885876 -2.604677 -0.498641
2.461850 -3.136851 0.639080
4.079734 -1.133570 0.734244
-3.851701 1.850728 -0.843097
-3.626215 1.561405 -1.298006
-3.966444 0.785824 0.806198
-3.911928 1.847948 0.721358
-3.378413 1.212155 1.564969
-3.439402 1.655027 1.440954
-3.509008 1.855963 1.293425
-4.134664 1.109691 0.440139
-4.029891 0.910623 -0.714336
-3.912899 0.641513 -0.834904
-3.176517 1.042398 -1.685849
-3.769422 2.354252 -0.161164
-3.720894 2.165925 0.761719
-4.120817 1.337805 -0.469655
-3.820400 2.280157 0.200594
-4.160731 1.411240 -0.202477
-4.050992 0.689948 0.521987
-3.895766 0.965326 -0.995280
-3.941191 1.417292 0.906462
-3.639580 0.717794 1.263900
-3.780389 0.688642 -1.078574
-2.889120 1.220873 -1.912280
-1.130624 3.378761 -1.642003
-3.306428 2.873667 0.911586
-2.104701 3.950154 0.020805
-2.295140 2.131571 -2.215733
-1.378041 3.940444 -0.697358
-3.305265 3.163398 0.140960
-0.919989 3.885137 -0.689897
-1.934168 1.863583 -2.367451
-0.913195 3.469491 1.478667
-0.405408 3.567701 -1.010253
-1.360629 1.815402 2.422225
-2.722695 1.840574 -2.052312
-2.460734 0.792601 2.049109
-2.809751 1.983820 1.973550
-2.449966 3.440240 -1.243397
-1.394309 3.656840 1.314842
-3.015636 2.784921 -1.431414
-2.612528 3.737947 -0.114807
-3.040725 3.328025 0.632170
-2.586861 0.852324 -2.004719
-3.512089 2.755785 0.551298
-2.308030 2.645691 2.021964
-1.161002 3.999535 -0.366562
-1.052104 1.990811 2.371026
-2.843690 2.974894 -1.442174
-1.840133 2.706761 2.133855
-1.723287 1.118770 2.364508
-3.033498 3.402025 0.403965
-2.333366 2.028367 2.222517
-3.211063 2.550529 1.374644
-2.722268 3.520266 0.788621
-2.710847 3.363904 -1.106111
-3.208630 3.033269 -0.870801
-0.624642 3.120604 -1.724757
-3.673623 2.562725 -0.111309
-2.516480 3.790629 0.052102
-3.163983 3.062788 0.910888
-0.821539 3.585802 -1.278992
-2.803455 3.596979 0.328687
-3.093283 2.803063 1.324864
-1.146971 3.703537 1.205278
-2.784285 3.408435 0.934487
-2.129387 1.578621 2.331523
-1.148752 3.077913 1.918390
-0.952364 2.654484 2.142581
-1.843579 1.419427 2.390324
-0.458344 3.809819 -0.348216
-2.257712 3.896794 0.140769
-1.423433 2.938352 -2.037971
-1.635869 3.407502 -1.627662
-0.582820 2.618170 -2.041841
-3.030942 2.539760 1.586187
-2.052696 2.546228 -2.159365
-0.997977 3.944724 0.525620
-1.632654 1.569544 -2.423812
-2.304360 1.662165 -2.271920
-1.393466 1.650808 -2.431227
-2.626336 2.219590 2.033020
-0.118749 1.615091 -2.557214
-0.330465 1.128940 -2.690148
-0.248382 1.769477 -2.510397
-1.338467 1.439790 2.457051
-1.651231 0.758841 2.419538
-1.787571 0.270681 2.298251
-1.012189 0.449013 -2.636779
-0.937427 1.000053 -2.654911
0.030668 0.812165 -2.683146
-0.737653 1.145108 2.668692
-1.656485 0.508534 -2.406329
-0.034367 0.142470 -2.628181
-0.695572 0.603749 2.701667
0.095208 -0.003802 -2.568821
-0.335471 2.214302 2.281254
-0.851233 1.768741 -2.476607
-0.374785 1.643229 -2.563587
-0.395114 0.462774 -2.706324
-0.458879 1.560079 2.591299
-1.058164 0.801765 -2.640491
-0.890623 1.948470 -2.386045
-0.220086 0.013685 2.615877
-1.193884 1.080877 2.581137
0.255383 2.250711 -2.461948
0.281595 3.327624 -1.678812
2.785933 2.896260 1.032379
2.370755 3.274390 -1.055281
-0.249180 3.450776 -1.180563
0.212178 1.359104 -2.638588
1.551024 2.200742 -2.461987
0.719771 1.446142 -2.710234
2.812357 2.969412 -0.848605
2.382525 3.278009 1.031337
0.590830 0.685682 -2.642357
-0.320785 2.642940 2.025207
-0.123188 2.232844 -2.343082
0.992528 3.282040 1.824906
0.289411 3.019081 2.000715
1.511491 1.309340 -2.642054
2.546606 3.334716 0.555071
1.379487 1.897439 2.596217
1.572794 2.390092 -2.375373
0.042492 3.252159 -1.669313
1.099904 2.388888 -2.467707
1.015196 2.651372 -2.337771
1.961293 3.189733 1.584443
0.004054 3.108941 -1.808127
2.246353 3.183671 -1.352050
1.537658 2.843967 2.113623
0.055384 2.216415 -2.417221
-0.079105 2.157234 2.390743
0.522820 3.153104 -1.931429
1.550836 1.568258 -2.615380
0.871259 2.842196 -2.218854
2.161008 3.103208 1.535618
1.505022 2.687104 -2.231456
0.928480 0.927105 2.697742
0.645964 3.303569 -1.791719
2.077492 2.289292 -2.211444
2.143710 1.861772 -2.327083
2.435775 2.916545 1.490333
0.684048 2.527004 2.404732
0.111131 1.908283 2.533668
1.939986 2.180187 2.327155
2.929811 2.891768 -0.712210
0.589850 0.866549 -2.675781
1.188552 1.732323 -2.660786
-0.012677 2.969574 -1.932255
0.353127 1.151215 2.668568
-0.155544 3.305269 1.485863
-0.571851 -0.912247 -2.706219
-0.781648 -0.499504 2.710707
-1.278972 0.001653 2.556233
0.469167 -0.253906 2.467710
-0.863840 -1.093671 2.669752
-1.485832 0.050718 -2.479593
-0.097565 -0.155743 -2.627388
0.191554 -0.075985 2.537885
-0.416573 -0.325724 2.694911
-0.701300 -0.737632 2.716641
-0.992512 -0.540602 2.690707
-0.233488 -0.847079 -2.686301
-1.401849 -0.613521 2.601223
1.432430 4.184438 0.247715
1.645959 3.927881 -0.839264
1.214278 4.146026 0.593904
0.855453 3.761039 -1.280326
-0.079254 3.796335 0.659659
1.322722 4.216568 -0.170825
0.329053 4.032900 -0.619999
1.580821 3.997530 0.748797
0.885002 3.552577 -1.482038
1.685507 3.844424 0.953411
0.455644 3.700109 1.245729
0.256115 3.918317 -0.812566
1.743072 4.087828 0.174147
0.565369 3.781731 -1.193598
1.593309 4.108255 -0.406242
1.634072 3.825649 -1.017453
0.722938 4.079913 0.760728
0.953295 3.985753 -0.981067
0.366729 4.109410 0.407936
-0.002665 3.965401 -0.261861
1.257923 3.615954 -1.402971
0.087391 3.737279 0.963733
2.012162 3.891699 0.441579
3.261608 2.672287 -0.836613
4.039411 0.416908 1.757033
2.359204 1.522125 -2.460943
1.985093 1.483940 -2.508850
3.081146 2.525238 -1.331470
2.536927 1.197549 -2.546611
4.381443 -0.023369 1.158200
4.598604 -0.054634 0.463004
3.043741 1.482026 -2.265189
1.518352 0.731150 2.666841
4.464683 -0.543649 0.431081
3.223637 2.807994 0.413588
2.406846 1.513151 2.456792
3.410543 -0.322528 2.175292
2.664454 2.088855 2.041135
4.032141 1.187692 1.596464
3.488986 1.105658 -2.148998
3.249180 1.577375 -2.106139
4.308599 -0.442245 -1.063116
3.182736 2.738803 0.772213
3.666906 1.102115 -2.012046
4.367633 -0.347774 1.003191
3.817427 0.712103 1.970363
2.913631 1.976932 -2.027939
4.056185 0.385862 -1.736415
4.428422 0.231864 -1.131362
1.329406 -0.143430 2.581490
4.233057 -0.410467 -1.238351
2.010077 0.820175 2.691973
1.370579 0.714475 -2.639746
3.378189 0.666867 2.311178
3.212348 2.428912 1.362352
2.352784 2.027703 2.169099
3.093813 2.808503 -0.692132
4.585811 -0.201019 0.342508
2.688044 2.032814 -2.077226
1.824809 1.269695 -2.584551
3.237073 0.598563 2.397547
2.410238 1.140216 2.588250
4.534626 0.055434 0.801774
2.577239 1.794476 2.273529
3.248992 2.391186 -1.382811
2.425534 0.502018 -2.679513
4.247584 -0.080415 -1.384012
1.017965 0.121541 -2.531350
2.004012 0.366997 2.718894
2.830645 2.226345 -1.852373
-0.227624 -1.885539 2.581886
0.618995 -1.039899 -2.685838
-0.708437 -2.234898 -2.302509
0.283923 -0.924078 2.657531
1.907500 -3.281058 -1.457322
0.649365 -1.865898 2.685500
-0.257494 -1.724410 -2.594928
0.482077 -1.945374 2.675495
1.911261 -3.668623 -0.740769
1.197512 -2.486917 2.422272
0.545249 -2.544112 -2.492898
0.661608 -0.662762 2.597319
0.606902 -2.662261 2.436276
1.019904 -1.100165 -2.648454
-0.350967 -3.357909 1.742699
0.485287 -1.980804 -2.668876
-0.592169 -3.271091 -1.698544
0.956527 -2.217692 -2.573342
0.474357 -1.167760 -2.704395
1.114519 -2.088371 2.576179
-0.765854 -3.392702 1.419422
1.259652 -2.043235 -2.548777
1.287254 -1.927050 2.564525
0.393342 -0.521825 -2.551619
-0.145542 -2.799832 2.271658
0.179934 -3.259521 -2.009192
0.977995 -2.592802 -2.427091
0.183833 -2.039208 -2.636450
0.096787 -3.088717 -2.135738
1.013900 -1.999163 -2.617787
1.631168 -3.082160 -1.872055
0.323881 -3.361620 1.932114
-0.818501 -2.230855 2.242014
0.411302 -0.733262 2.620100
0.822007 -1.752677 -2.686100
0.704929 -1.603812 2.709160
0.478817 -3.015731 2.228415
0.556486 -2.839205 2.341877
0.846759 -2.745505 2.371713
-2.433954 -2.446196 -2.389981
-4.200942 -1.824873 1.479580
-1.782378 -3.342275 -1.690326
-3.989810 0.472112 -0.752435
-3.412944 -2.718700 -1.778126
-4.669812 -1.390924 -0.489620
-2.314398 -1.845559 -2.628882
-3.417680 -3.067569 -1.408021
-3.000031 -3.260761 -1.497453
-1.132380 -2.090931 2.427306
-2.106196 -2.503604 -2.396983
-3.115369 -2.716524 -1.980122
-4.547534 -2.167658 0.112078
-4.491144 -1.207049 -1.090967
-1.824895 -0.693647 -2.662430
-2.433296 -3.204242 -1.811748
-4.419002 -0.127528 0.588243
-1.884691 -3.349202 1.691615
-2.723841 -2.113365 -2.465770
-3.903035 -2.815969 -1.111561
-2.282908 -2.867338 -2.147606
-4.107184 0.442498 0.429640
-3.370439 -2.503833 -1.969001
-1.371983 -2.317427 2.409398
-4.635802 -1.216972 -0.669782
-1.110168 -2.009802 -2.446924
-1.057891 -3.312600 1.463692
-2.208266 -3.328012 1.709058
-1.374259 -2.429352 -2.355984
-1.329691 -2.591761 -2.252664
-4.321675 -2.638074 0.042963
-3.962652 -2.626802 -1.253875
-1.275238 -1.634529 -2.589211
-4.417282 -2.459981 -0.145747
-4.590071 -1.026752 -0.805861
-3.071442 -2.222473 -2.291140
-4.620205 -0.808645 0.599508
-1.728671 -2.746088 -2.236814
-4.471457 -0.131645 -0.313852
-1.464541 -2.170138 -2.492786
-2.153275 -2.081515 -2.576186
-3.001301 -2.185943 2.337998
-2.826257 -2.785214 2.066945
-4.557197 -0.566991 0.653717
-1.373425 -1.809141 -2.581119
-3.802871 -2.939268 1.094779
-4.506965 -2.072446 -0.623415
-1.470097 -2.705483 2.217709
-1.748318 -1.562736 -2.686925
-1.536512 -2.539680 2.334195
-1.484717 -0.768766 2.632007
-2.023988 -1.319739 -2.718175
-1.450383 -1.412634 2.657150
-1.979962 -1.760972 -2.666092
-3.317447 -3.034770 1.541610
-2.674334 -2.100557 2.484283
-4.188083 -1.771189 -1.519076
3.926996 1.804588 1.353113
4.321117 1.761718 -0.992431
4.254210 1.104581 -1.386833
4.596980 1.021787 -0.972722
4.708575 1.257441 0.657463
4.399495 1.413268 1.128811
4.728565 1.459846 0.397225
4.868696 0.918835 0.032917
4.175191 2.138810 -0.733491
4.269256 1.467393 -1.253533
4.223275 1.709489 1.155733
4.594528 0.111339 -0.654574
4.498965 0.754848 -1.130061
4.583986 1.332950 0.887980
2.054123 -2.750489 -2.010547
3.034942 -2.939297 1.358476
3.311821 -1.777459 -2.093473
2.295556 -3.155848 -1.491012
1.946009 -1.010180 -2.714680
2.866550 -1.393345 2.456730
2.954706 -2.106190 -2.163392
1.855975 -1.474296 2.665682
2.524968 -3.505262 -0.516645
1.206002 -0.483368 -2.617084
2.457251 -3.318988 1.132919
2.038421 -3.367485 -1.196733
2.961455 -1.807565 -2.296397
4.160744 -0.900640 -1.336336
2.189177 -1.182233 -2.679693
3.593496 -1.965274 1.759551
3.480035 -1.823288 1.940024
3.783821 -1.611954 -1.725032
2.004744 -2.962593 -1.803222
3.113961 -0.645409 2.359080
1.979096 -1.318698 -2.686648
2.885868 -3.070132 1.285643
2.648895 -1.325655 -2.552126
3.610534 -1.918974 -1.768491
2.206692 -0.514740 2.654737
2.146674 -3.598167 0.438877
2.788673 -0.859843 2.529575
2.420159 -2.645998 -2.020979
1.549649 -1.548657 2.639296
3.771218 -2.062781 1.487994
4.175838 -1.515436 -1.175251
1.955186 -2.905264 1.870558
3.041240 -1.984430 2.177413
1.795647 -0.591342 2.697874
3.182543 -1.128286 2.329806
3.232266 -2.750860 -1.426562
3.406274 -2.151291 -1.821734
4.003469 -0.905891 -1.583205
2.842608 -2.736303 -1.748808
2.522685 -1.818415 2.467386
1.783538 -1.767720 2.590115
3.340047 -2.552057 1.547373
3.489780 -1.399738 -2.074121
3.975417 -0.823676 1.617942
2.324093 -1.701213 2.555697
2.980100 -0.982652 2.446314
1.972641 -1.237205 2.697350
3.178650 -2.528504 1.715675
2.720956 -1.589911 -2.471758
3.484324 -0.634932 -2.107798
-0.122198 -3.776989 -1.365028
0.518812 -4.280527 0.757243
1.652722 -3.949506 -0.136220
0.169472 -4.284829 0.732130
-0.052598 -4.336211 -0.459687
0.370165 -4.160066 1.001455
0.170218 -3.749522 1.461854
0.857990 -3.930559 1.212370
-0.132980 -4.341367 0.342229
-0.399675 -4.255705 0.280858
0.833975 -4.313202 0.517792
-0.676661 -4.092982 0.331978
0.665578 -4.032225 1.149592
-0.871065 -3.909315 -0.454509
-2.604269 -0.296109 -2.693568
-1.885329 -0.378904 -2.591116
-4.295096 -0.901749 -1.706388
-2.729881 0.575767 -2.071595
-4.298780 -1.458866 -1.496101
-3.225250 -1.023969 -2.676939
-4.228419 -0.057143 -1.291455
-4.343776 -1.284389 -1.495971
-3.636943 -1.139178 -2.454111
-3.204362 -0.404240 -2.612893
-2.915386 0.575476 -2.030951
-4.085067 -1.232071 -2.005637
-2.486100 -0.860484 -2.795344
-4.069677 -0.353076 -1.925136
-2.213377 0.485785 -2.139312
-3.961987 0.211383 -1.550596
-2.014269 -0.772206 -2.711796
-3.907931 -0.426949 -2.156935
-2.881010 0.381527 -2.254299
-2.341122 -4.144120 0.387305
-2.393030 -3.966050 0.855695
-2.283432 -4.092213 -0.615632
-2.576037 -3.549089 -1.324720
-1.718657 -3.553440 -1.435808
-2.958511 -3.551378 -1.064562
-2.217783 -3.756586 1.227051
-2.096239 -4.162866 0.454109
-2.863848 -3.851384 -0.688033
-1.780484 -4.067547 -0.732736
-2.850326 -3.783182 0.839130
-2.897083 -3.968185 -0.191758
-2.335583 -4.185120 -0.038529
-3.406748 -0.148866 2.421145
-3.785673 -1.214377 2.328418
-3.546495 -1.296433 2.482976
-2.025173 -0.114845 2.536258
-2.377850 0.025530 2.539186
-1.893612 -0.587578 2.646455
-3.780310 -1.694657 2.143789
-2.376615 -0.669734 2.772346
-3.906320 -0.212333 2.053918
-3.144493 -0.198155 2.559771
-3.034125 0.123296 2.420073
-4.043427 0.129506 1.507439
-3.399612 -2.019678 2.209889
-2.531637 0.438624 2.235312
-2.624201 -1.291273 2.760240
-3.652206 -1.831911 2.168655
-2.559781 -0.895291 2.797577
-3.461174 0.615449 1.603245
-4.407247 -0.483798 1.188706
-3.468638 -0.663761 2.551511
-3.789234 -0.047045 2.070793
-3.935962 -1.613860 2.026054
-2.172994 -0.650246 2.738387
-2.556172 0.255434 2.396847
-2.897990 -0.058264 2.561155
4.489374 -1.693407 -0.507641
4.396566 -1.675676 -0.771711
3.929043 -2.883787 0.600644
3.909739 -2.031739 1.372202
4.311885 -2.537407 0.038138
4.264464 -2.520703 -0.434779
3.008703 -3.371059 0.625172
4.098842 -2.158453 1.113551
3.750533 -2.163230 1.459183
3.420118 -3.117410 -0.869526
3.704410 -3.179995 -0.192833
3.790428 -3.104937 0.281468
3.773217 -2.869004 0.880915
4.347546 -2.452244 -0.185782
4.472883 -1.294896 0.489052
3.294677 -2.863003 -1.283230
3.421016 -2.993619 1.056640
-3.550252 1.129891 -1.736736
-4.244774 2.018599 -0.181424
-4.374070 1.440284 -0.389451
-4.265450 1.255694 -0.814419
-3.735146 1.655678 -1.507733
-4.385804 0.824444 -0.236015
-4.016488 2.149111 -0.803285
-4.297854 0.951326 -0.701583
-4.386425 1.567807 -0.119640
-4.023418 1.603594 1.179815
-4.168417 1.900775 0.717922
-3.878795 1.664490 1.350067
-4.028894 1.996349 -0.936729
-4.420044 1.257753 0.145721
-4.408279 1.061549 0.260208
-4.051866 0.860330 1.176116
-3.968998 0.866383 -1.294398
-4.104248 1.760409 0.969968
-2.811626 1.618917 -2.366250
-3.239200 3.520468 0.772950
-2.292275 1.523113 -2.597739
-2.715672 3.822815 -0.981393
-1.718154 1.967242 2.698312
-3.897200 2.789917 0.223654
-3.161402 2.033505 2.082841
-2.119349 2.800914 2.367885
-2.115978 3.446453 -1.912742
-2.391356 2.897978 -2.218471
-1.976525 1.638665 -2.682338
-0.986706 3.258199 -2.137660
-2.794868 3.271132 -1.700046
-3.317146 2.962410 1.459462
-1.943969 3.817599 1.537048
-2.449280 3.200707 1.984324
-1.523081 3.095831 -2.296659
-2.972425 1.459774 2.260321
-0.778467 3.180443 2.142102
-1.181642 2.829600 2.436383
-3.251834 1.580433 -2.048242
-1.661669 4.331571 -0.190215
-0.454083 3.444303 -1.776903
-0.687563 3.567700 1.759294
-2.196471 1.059241 2.570232
-2.532184 3.493667 1.657087
-2.401108 2.171599 2.498967
-3.922410 2.355923 0.871826
-2.700616 2.578904 2.226215
-2.291510 1.932899 -2.579526
-2.009306 1.065228 -2.619362
-3.642826 1.937371 -1.587103
-2.608798 1.318557 -2.455495
-3.375710 1.809407 -1.921552
-0.907006 2.968812 2.315392
-3.505918 1.826362 -1.778723
-3.264142 2.375534 -1.888784
-1.726628 1.633519 2.720705
-1.992317 1.261474 2.656397
-3.010174 3.635438 0.958001
-3.092379 3.724000 0.534949
-2.573219 1.518697 2.487778
-2.652125 2.064872 -2.409607
-1.572922 3.686463 -1.778015
-1.582127 4.126144 1.068138
-1.967583 1.991841 -2.657153
-3.066117 1.432062 -2.191632
-2.441720 3.357031 1.852408
-3.638067 3.076731 0.706407
-3.002841 3.850481 0.154700
-1.166737 2.181043 -2.662188
-2.571806 2.854598 2.157582
-3.865429 2.735425 0.575121
-1.902087 2.498495 -2.546229
-3.179275 3.248176 -1.332317
-3.124278 1.820882 -2.144470
-2.365863 4.173973 -0.241077
-1.805332 2.877481 -2.397424
-3.706466 3.136921 0.115429
-2.357256 4.154894 0.414110
-3.735563 2.435200 1.236606
-2.395799 3.671146 1.525155
-1.287385 4.321633 -0.342542
-3.506941 3.126061 0.954857
-3.826327 2.550057 0.949451
-0.938627 3.425712 1.986053
-3.535070 2.706948 -1.374188
-2.084852 2.771675 -2.391862
-0.920858 2.975896 -2.314282
-3.004469 3.606893 -1.024816
-3.819055 2.503892 -1.010207
-0.659676 2.494349 2.490916
-0.420493 1.964211 -2.802140
0.270110 0.130083 -2.921814
-1.021924 0.586709 2.994287
-0.378883 2.444619 -2.537558
-0.957297 1.690612 2.854677
-1.050837 0.865659 2.989025
0.443668 -0.008486 -2.843313
-0.344486 1.626056 -2.926620
-1.653532 0.809201 -2.794394
-0.492330 2.579302 2.440175
-1.769537 0.426460 2.723398
-0.962738 1.867704 2.788062
-1.443736 1.206939 2.840701
-2.206151 0.682571 -2.475947
-0.290403 1.295235 -3.005906
-0.097664 0.979059 3.034332
-0.169254 0.889686 -3.046672
-0.733506 0.279812 -3.008507
-1.199931 0.153218 -2.898175
-0.726196 0.576907 -3.039390
-1.580040 1.030465 2.811470
0.516296 -0.045192 2.810600
-0.495804 2.284667 2.637037
-0.784743 1.510942 2.935964
-0.373059 0.920575 -3.054142
-1.695094 0.529561 -2.768908
0.181879 0.384416 -2.981933
-1.729513 0.606384 2.757318
-0.686480 2.263677 2.636104
-1.218518 0.353739 -2.926208
0.143349 0.496731 3.000350
0.307965 2.706697 2.642910
3.066782 3.287384 0.669334
1.256327 3.175958 -2.361128
1.219709 2.175944 2.901102
0.076504 3.412321 2.036176
0.866856 2.192712 -2.917223
3.179687 3.268962 -0.111206
2.446543 2.949419 2.010723
0.518266 2.307626 -2.857186
0.291226 1.575128 2.989861
0.144236 1.875537 -2.911023
1.058460 2.400440 -2.836616
0.721009 2.311547 2.873281
1.551039 3.250587 2.228969
0.073074 3.138620 -2.288813
0.932318 2.613541 -2.747964
1.553184 2.340787 2.782687
1.093838 1.083292 3.045908
0.577453 3.441107 2.135935
0.210296 2.374034 2.777090
1.613779 1.889836 -2.901618
2.940161 3.249058 1.068867
0.320952 2.382475 -2.797522
1.245009 1.643212 -3.013309
0.305880 0.984522 -2.994718
1.354610 2.104496 -2.902931
-0.022887 3.821009 -1.435268
2.598978 3.610761 0.936978
1.229946 1.513796 3.028478
0.266133 3.957146 -1.333086
0.451858 3.964945 -1.386936
1.211822 3.535736 2.026405
2.816934 3.626732 0.007307
2.704298 2.670059 -2.005636
-0.076718 3.589246 -1.757993
1.051880 3.411917 -2.176461
-0.325179 3.446090 1.790027
1.231244 3.817613 -1.653774
2.369641 3.847538 0.674540
0.533635 2.140985 2.914225
2.898926 3.465982 0.636929
3.029549 3.273119 -0.817172
2.520931 3.306606 -1.572940
-0.237383 2.808659 2.403106
2.392528 3.106169 -1.912898
1.801225 2.368548 2.698300
2.442775 2.429498 2.352013
2.762539 3.007796 -1.656707
2.965158 2.924167 -1.489655
0.986249 1.900149 -2.991774
1.920614 3.115546 2.200591
0.518058 2.743543 2.658602
1.525788 2.019576 2.892334
1.574177 3.460999 -2.014363
0.635010 1.040865 -3.042670
1.144300 0.539231 -2.958651
2.233555 2.991168 2.128075
2.243154 2.862033 -2.220409
2.525371 2.740710 -2.108388
0.619196 2.912125 -2.569533
2.654321 3.678333 0.601693
0.410085 1.820414 2.975150
-1.050257 -0.206702 -2.996495
-0.353279 -0.358193 -3.036312
-0.745602 -0.444279 -3.050560
-1.056208 0.051100 -2.946746
-0.295525 -0.737743 3.042513
-0.489621 -0.943207 3.042741
-0.965747 -1.343971 -2.956521
-0.661182 -1.413710 -2.960344
-1.677999 0.028457 -2.787354
-0.344357 -0.410905 3.039968
-0.015444 -0.406545 2.993023
-0.535094 -0.850367 -3.051986
-0.299462 -0.960293 3.027658
0.189641 -0.580725 -2.953786
-0.902986 -0.234085 3.018373
-0.393244 -0.226054 3.024156
0.087396 -0.159347 -2.940929
0.249438 -0.096351 2.886660
-0.886967 -1.740757 2.841785
-1.346299 -0.519665 -2.966980
-0.089646 -0.635639 -3.015897
-0.000602 -0.727918 2.997962
-0.688317 -0.846812 3.051977
-0.709080 -1.942846 2.767349
-0.577567 0.003529 -2.991231
-0.873401 -1.507594 -2.922643
-1.239346 -0.174837 -2.957540
1.660110 4.327787 -0.480629
2.093154 3.948837 0.905015
1.585922 4.405390 0.107592
0.140638 4.324178 -0.100204
1.497500 4.189394 0.979238
0.102137 4.202765 0.642132
1.291565 4.018674 1.316969
1.721601 4.355445 -0.179950
0.500898 4.353032 -0.606474
0.867941 4.325666 0.832494
1.287223 4.234725 -0.981260
1.722076 3.974371 -1.194068
0.150134 4.127650 0.876921
0.746777 4.370407 0.686758
0.525397 4.408125 -0.406534
1.071524 4.235108 -1.023893
1.367686 4.297019 0.816292
0.358477 4.155421 0.984975
0.353599 4.384593 -0.278045
2.732408 1.390268 2.802922
4.809558 -0.292173 -0.857200
4.021549 2.194799 -1.422699
2.711125 2.500521 -2.128675
3.794944 0.716856 2.434697
4.256901 0.600729 -2.018440
4.261556 0.366577 2.018996
4.552704 0.955330 -1.544417
3.714831 2.519583 1.393985
4.854607 -0.528536 0.278294
3.652122 0.141929 2.534942
3.833632 2.855178 0.004123
4.595242 1.136824 1.393129
4.851772 0.106887 -0.955290
2.961028 1.892504 2.497801
2.743389 1.972028 2.527377
3.836293 0.738795 -2.400312
3.894065 2.026064 1.760304
3.643190 -0.060194 2.509447
3.575588 -0.366457 -2.474591
1.811808 0.465427 3.056104
4.731403 -0.359618 1.035006
4.767687 0.569080 -1.216364
3.246229 2.953814 -1.168320
3.696725 2.886294 0.584627
4.942327 -0.246783 0.158629
2.975048 0.142556 2.873160
2.156219 0.584637 -3.050143
1.955100 -0.260228 -2.980312
2.890744 2.589747 -1.963020
4.782192 0.174046 -1.161496
2.617772 -0.050119 2.949790
1.578764 0.311020 -3.033282
2.702563 1.110002 -2.891197
3.367278 0.315860 -2.716251
1.324214 0.558804 -2.989918
4.479690 -0.379671 1.539257
4.526127 -0.490573 -1.393088
4.003714 1.666276 1.918269
2.021172 0.739374 -3.044102
4.018256 1.780870 -1.823297
4.472606 -0.107131 1.665491
2.991312 -0.200357 2.811542
2.435918 2.169715 2.474980
4.359125 0.640490 1.892068
3.841621 2.751493 -0.679331
2.749639 0.344281 -2.955832
4.113844 0.416551 -2.176605
2.778911 0.358797 2.948319
3.353570 0.083994 2.703365
3.293117 1.493339 -2.543868
1.953488 1.004406 -3.006233
2.478148 0.977911 -2.966787
2.473833 0.646205 -3.009555
4.923373 -0.339375 -0.056513
3.129936 1.549714 -2.599234
4.771719 0.231661 1.197767
2.241379 1.309629 2.918659
1.290044 -0.130918 2.931236
4.958836 0.190494 0.574658
3.441046 2.943461 -0.937636
3.611584 2.649938 -1.316553
2.194481 -0.056237 3.011703
1.312715 0.396501 2.989866
2.929099 0.580975 2.899791
3.960684 2.130239 -1.579301
4.243876 0.416022 -2.039942
1.100804 0.192833 -2.926097
2.543905 1.698487 2.725078
3.186854 0.785718 2.782454
4.050431 2.392867 1.080483
4.035818 -0.305684 -2.126290
4.933737 0.045417 -0.623221
3.601130 1.843966 2.165877
3.262577 2.093214 2.218165
-0.334073 -1.785818 2.921987
1.451261 -3.213155 2.323045
1.162345 -3.352126 2.312544
0.842190 -2.060099 2.981686
-0.497969 -3.970107 1.422606
-0.329086 -3.193926 -2.374130
0.834248 -0.925566 -2.996415
0.830212 -0.898169 2.991799
-0.059324 -3.869686 -1.792476
0.307572 -0.966374 3.013495
1.238635 -1.738426 2.959200
1.338922 -3.822892 1.755230
1.912181 -4.091515 0.679293
0.822635 -3.479244 2.275032
1.151217 -1.884227 -2.961934
0.621333 -1.898396 -3.026002
-0.191897 -2.414980 -2.819337
0.941345 -3.345832 -2.368608
0.652452 -2.532354 2.861181
-0.030058 -2.055082 2.951364
1.789876 -4.212048 0.372954
0.378311 -1.480101 3.056927
0.401168 -3.096842 2.580737
1.431665 -2.250871 2.808517
1.766268 -3.001666 2.324712
-0.656426 -2.955448 2.397871
0.827897 -4.187079 -1.344659
1.342718 -4.239308 -0.964619
-0.163851 -1.287724 -2.979540
1.746667 -4.053213 1.047707
2.096534 -3.985562 -0.677256
0.477589 -2.833121 -2.732653
1.791984 -3.753858 -1.564941
-0.530911 -2.248653 -2.765358
-0.243211 -2.124214 2.888981
-0.580010 -3.263088 2.214881
0.853538 -4.056884 -1.576506
-0.793585 -2.748775 2.446866
1.454561 -3.447394 -2.124331
1.283635 -3.977316 1.553848
0.671164 -4.034528 -1.640799
-0.506432 -1.884889 2.853305
1.327448 -2.614023 2.712861
0.300800 -1.711590 3.041947
-0.367396 -3.882008 1.644932
0.927749 -1.865145 3.004013
0.064778 -3.708089 2.023145
0.876812 -2.038451 -2.982026
-0.214763 -2.645501 -2.724125
1.484191 -4.081120 1.237284
0.755454 -3.202617 -2.501159
0.859770 -2.695253 -2.776457
0.669006 -0.480945 2.896086
1.582352 -2.411960 -2.703065
1.556825 -2.636551 -2.623145
-0.027079 -1.578678 -3.009576
0.156315 -3.003531 -2.615991
0.850164 -0.707307 2.947583
-2.136172 -0.773287 -3.023816
-1.537343 -1.463098 3.015265
-1.739929 -1.150718 3.048096
-4.122176 -2.588107 1.729929
-2.545264 -3.386915 -2.092972
-4.855700 -0.956987 1.065626
-4.898741 -2.142654 0.333636
-4.740954 -0.063532 0.710951
-1.786400 -0.196317 -2.874998
-4.714309 -2.315862 -0.893288
-3.986353 -2.131655 2.142253
-4.269701 -3.012034 1.003475
-1.577377 -0.913693 -3.015009
-4.875879 -2.074207 0.603853
-2.587282 -2.719473 -2.603251
-2.154423 -0.399916 2.943309
-3.669477 -1.964574 2.454364
-4.809937 -2.247978 -0.642999
-2.478915 -3.715033 -1.708914
-4.956229 -1.367242 -0.775061
-4.418236 -2.710198 -1.140139
-1.813217 -0.383729 2.936910
-1.541424 -1.157959 -3.024855
-4.277499 -2.622541 1.487923
-3.569691 -3.096040 -1.840548
-1.158149 -3.500618 -1.861501
-1.435066 -3.862279 1.440688
-5.011413 -1.614684 -0.372016
-2.386449 -3.839147 1.538226
-0.918839 -3.212889 -2.057543
-2.989384 -2.606378 2.543251
-1.395491 -1.612436 2.974283
-1.627819 -0.842219 3.013428
-4.229613 0.380687 -1.349380
-4.022541 -3.510111 -0.192958
-4.936801 -0.653681 -0.642532
-2.313345 -1.716131 -3.003577
-4.838485 -0.095060 0.182497
-3.550414 -3.300412 1.624792
-2.320363 -3.665591 -1.814195
-3.431971 -3.258132 -1.779728
-3.831217 -3.328726 -1.253722
-4.939004 -1.172438 0.848935
-0.911844 -1.961769 2.762892
-5.024221 -1.009808 0.412065
-4.506546 -2.345202 -1.348274
-2.993982 -3.518353 -1.761571
-2.015205 -3.912124 1.458878
-1.948028 -1.830534 -2.998536
-4.800302 -0.103180 -0.516647
-3.191195 -3.890111 0.909137
-1.878116 -3.600674 1.921526
-2.649369 -3.142795 2.291954
-4.411775 -1.998976 1.715088
-4.460418 -2.977216 0.477629
-4.510389 -2.967910 -0.110874
-3.319211 -3.971455 0.253872
-1.853358 -3.482775 2.057313
-3.975770 -3.291513 -1.084781
-4.619353 -1.600245 1.535366
-2.198299 -1.318766 -3.052045
-4.705163 -0.903447 1.393379
-3.428843 -2.217402 2.516036
-2.774787 -3.113738 -2.277138
-3.164251 -1.978579 -2.726782
-1.965647 0.304313 -2.651781
-1.842725 -0.841752 3.032158
-1.441690 -3.178040 2.286370
-5.007776 -1.238909 0.560264
-3.433383 -3.639606 1.210159
-3.637546 -2.255998 2.368965
-3.800574 -3.312589 1.323142
-3.398268 -3.514087 -1.468052
-1.253266 -3.686854 -1.653152
-1.037390 -2.619935 -2.546510
-4.424858 0.389517 0.939878
-4.273726 -3.244410 0.320864
-1.493224 -2.676605 -2.644332
-3.150968 -3.685272 -1.404240
-2.698519 -1.935249 2.892514
-2.049252 0.322268 2.641055
-4.268317 -1.779160 1.976398
-1.322846 -3.705550 1.655062
-2.312346 -1.806974 2.987272
-4.577020 -2.446736 1.105013
-2.779081 -1.808387 -2.900457
-2.041020 -3.718137 -1.770021
-4.121490 -2.985905 1.323156
-2.490040 -1.715043 2.979949
-1.142037 -1.401150 -2.931972
-2.803131 -2.813134 2.487386
-4.241283 -2.764948 -1.399531
-3.936228 -2.434747 2.035398
-4.775561 -1.101650 1.281697
-1.587169 -0.520813 -2.949843
-4.676772 -1.495790 -1.456507
-1.947083 -2.129744 2.921865
-1.857048 -2.740263 2.653120
-1.516965 -3.131151 -2.342494
4.354844 1.851205 -1.303937
4.799010 1.970897 -0.048713
4.323570 2.511412 0.190734
4.463427 2.346369 0.389929
4.949791 0.682917 -0.797986
5.070503 0.796630 -0.407085
4.942564 1.604900 0.365468
4.537504 2.072598 -0.814697
4.813140 1.392522 0.951783
4.918911 1.305299 0.765945
4.889358 1.044557 0.932120
4.009500 2.710957 0.315879
4.464695 2.201884 0.747137
5.105973 0.896578 0.125737
4.789248 1.962420 -0.239177
4.237756 2.589459 0.012235
4.878254 0.997956 -0.962886
4.547226 1.480827 1.312778
5.009737 0.366974 -0.429753
4.462236 2.389285 -0.160605
4.707762 1.523141 -1.062986
4.643016 1.863058 -0.885339
4.575260 2.208071 -0.440779
5.076100 1.122340 -0.272229
4.428569 2.295095 -0.637617
4.690923 2.095329 0.311936
3.369908 -3.150651 -1.405330
4.728981 -0.948464 -0.858601
3.345443 -2.524990 2.104632
1.594297 -0.372855 -3.001006
3.016300 -3.740495 0.083060
1.941535 -0.947933 3.056297
3.861878 -0.799829 -2.249460
3.246912 -2.956404 -1.780486
4.678162 -1.540134 -0.818480
1.932164 -1.572301 2.990088
2.001011 -3.085117 2.169538
3.858879 -1.639904 2.144202
4.160975 -1.244342 -1.912337
3.782353 -2.532489 -1.690388
2.787035 -3.166066 -1.845613
2.160577 -2.950035 2.275237
2.073339 -0.845547 -3.045674
1.234555 -0.226158 2.923525
2.207969 -1.252638 3.015120
4.841167 -0.737043 0.159863
1.858921 -1.308692 -3.036671
2.514667 -3.650009 -1.217708
3.269587 -1.385376 -2.641876
1.767050 -2.461355 2.653352
2.761399 -3.684429 0.936617
4.825525 -1.334314 -0.057160
2.566412 -1.719740 -2.855133
2.357478 -1.829942 -2.871790
4.741041 -0.645646 -0.762383
1.851507 -0.763449 -3.054498
2.416230 -2.792390 2.352141
3.775230 -2.722843 1.497345
1.638922 -2.235793 2.766607
2.203964 -3.715549 1.214662
4.480496 -0.761861 1.450616
3.079203 -1.004957 2.775210
3.296174 -1.767812 2.532002
1.472704 -1.947642 2.870693
2.536995 -0.603442 -2.949087
1.943591 -1.734717 -2.950417
2.640249 -1.301627 2.917379
1.783064 -1.906419 2.902463
2.883583 -2.514522 -2.384227
2.185574 -0.637018 3.019650
3.194506 -1.192212 2.707631
3.355884 -0.666936 2.616173
4.267251 -2.191523 -1.289754
3.376421 -2.179029 -2.304630
4.833992 -1.097136 0.289578
2.249497 -3.094529 2.121490
3.503057 -2.978402 -1.506591
2.996027 -1.517301 2.752681
3.653150 -1.074510 -2.425023
2.251355 -2.719470 2.444681
4.127154 -2.247453 1.481165
2.694264 -3.117441 1.948462
3.497325 -0.960271 2.540579
2.711624 -0.631517 -2.902474
3.509547 -1.029497 -2.530809
4.260453 -0.606189 1.777691
3.908549 -0.926505 2.209809
2.778401 -2.124861 2.641998
1.723486 -1.825356 -2.927545
3.098865 -3.293026 1.451290
1.902175 -0.964905 -3.057914
3.100421 -1.341187 -2.736509
2.710428 -3.581220 1.236876
3.118382 -1.922007 -2.575789
3.125486 -1.927953 2.569784
3.717044 -0.518776 2.341403
0.999554 -0.450405 2.915217
2.858995 -3.805176 -0.023705
3.571904 -0.774182 -2.483698
4.573916 -1.265397 -1.231482
3.992692 -1.604890 2.018540
0.997882 -4.341911 -0.983266
-0.668810 -4.300161 -0.641956
-0.423084 -4.513745 0.244735
0.774518 -4.612439 -0.369855
0.846887 -4.258054 1.195727
0.320430 -4.411991 -1.044260
-0.627823 -4.220481 -0.879275
0.215482 -4.385643 1.080028
0.663084 -4.449841 -0.930929
0.737204 -4.388479 1.025272
0.745900 -4.649458 0.050879
-0.900598 -4.053156 -0.831557
-0.552261 -4.456470 -0.248384
-0.944596 -4.224969 -0.146494
-2.995988 -1.168906 -2.979126
-3.455279 -1.083850 -2.838003
-4.420298 -0.290028 -1.784151
-2.465335 -0.604340 -3.012537
-4.434109 0.020395 -1.410095
-3.129624 0.802554 -2.053385
-2.342146 0.019598 -2.810740
-3.976044 0.486523 -1.711323
-4.505964 -0.466518 -1.706481
-3.943814 0.158343 -2.142473
-4.057602 -1.550631 -2.303600
-3.572178 0.674500 -1.930996
-4.044443 0.249164 -1.930196
-3.016305 -0.682382 -2.976451
-4.330955 0.161970 -1.488319
-4.197058 -1.583626 -2.124341
-2.625359 -0.400097 -2.973675
-3.130404 -0.526173 -2.924674
-4.344581 -0.997434 -2.096806
-3.099747 -0.950495 -2.969830
-2.315561 -0.449385 -2.971583
-1.159071 -4.123335 0.839003
-1.637080 -3.944686 1.364535
-3.041887 -4.151589 -0.281980
-1.682887 -4.316595 -0.727848
-1.302954 -4.093581 1.010845
-2.434703 -4.299348 -0.673548
-1.073641 -4.248929 -0.293721
-1.050666 -4.103250 -0.768723
-2.311585 -4.190803 0.988188
-2.892184 -4.019685 0.922371
-2.248410 -3.960987 1.353477
-3.169983 -4.042733 0.420979
-2.672388 -4.081399 -0.997815
-1.796895 -4.399453 0.489555
-1.933184 -4.437604 0.323526
-2.617671 -4.338624 -0.298028
-2.658688 -4.343890 -0.108981
-2.159371 -3.950471 -1.382007
-2.949564 -4.152992 0.514878
-2.416065 -3.981875 1.279878
-2.038970 -4.010858 1.319089
-3.248425 -4.024024 -0.215442
-2.804736 -4.171834 0.678243
-3.794036 -1.454610 2.569890
-4.387107 -0.795197 2.028233
-4.188854 0.349820 1.520882
-3.518711 -0.922856 2.814876
-2.796193 -1.328661 2.985624
-3.628875 0.252610 2.346712
-4.486265 -0.065202 1.366507
-2.337755 -0.437090 2.971241
-3.447049 -1.814110 2.633471
-4.127636 -1.424542 2.278523
-3.345225 -0.096446 2.715630
-3.206060 -1.285332 2.906985
-4.395275 0.040607 1.501244
-3.938910 -0.837262 2.540961
-2.519181 0.115046 2.773774
-3.017360 -0.843011 2.988078
-3.091503 0.060542 2.729088
-3.822080 -0.971524 2.632148
-3.762995 0.722348 1.607792
-3.346663 -0.940506 2.890506
-4.230865 0.142639 1.748355
-4.352078 -0.349662 1.946210
-4.057899 -0.942118 2.436856
-4.455889 -0.450228 1.807142
-3.358743 -0.502953 2.842371
4.710599 -1.636366 -0.614841
3.595173 -3.094325 -1.225356
4.115695 -2.782902 1.036440
3.854160 -3.379162 -0.060275
4.104242 -2.627507 -1.205645
4.724175 -2.133612 -0.177975
3.793178 -3.417163 0.103813
4.736071 -1.983903 0.348184
4.380116 -2.650521 -0.722239
3.416236 -3.551178 0.480590
4.050885 -3.036151 0.771153
3.160326 -3.687755 0.095863
4.209364 -2.847317 0.794788
3.880906 -2.954751 1.128498
4.100338 -3.181026 -0.117435
4.623313 -1.794210 -0.832688
3.642884 -3.505713 -0.062430
4.013528 -3.231555 0.310979
4.129670 -3.152378 0.131921
4.675041 -2.130599 -0.487140
4.413415 -2.422040 -0.914059
4.672851 -1.953692 0.636292
4.740641 -1.755097 0.477873
-4.650618 1.239311 0.269076
-4.320336 1.141981 -1.241663
-4.423173 2.204371 0.200042
-4.179055 1.751006 1.328839
-4.520141 1.888676 -0.407048
-4.422209 2.164607 -0.353189
-4.156150 1.675757 -1.390728
-4.445688 1.920503 -0.669986
-2.021344 4.094704 1.653683
-3.468813 3.866323 -0.182545
-1.140905 2.727771 -2.811869
-0.980518 3.577662 -2.272794
-0.879602 2.670898 -2.794050
-2.459031 3.435930 -2.206866
-1.435699 4.222568 1.556697
-2.002940 4.396587 1.079469
-3.349643 3.974402 -0.063188
-1.391573 4.607678 -0.511324
-3.910164 1.390220 -1.755545
-3.263305 3.647151 1.329000
-4.012830 2.725228 -1.171352
-1.812181 3.401103 2.428734
-3.016746 2.244301 2.519797
-1.975275 2.978419 -2.661593
-3.979872 2.363801 1.488437
-1.537904 2.836582 -2.780334
-2.026240 1.803151 2.976452
-2.526881 2.586440 -2.665589
-4.123894 2.637524 0.987777
-2.176747 1.281951 2.930508
-4.382104 2.331957 0.236161
-1.242342 3.614161 -2.278560
-0.771724 3.421953 -2.349248
-2.828041 2.435313 -2.575039
-2.564152 2.082992 -2.784091
-2.580019 3.624027 -1.971509
-2.539359 4.015655 1.499508
-2.911836 1.064115 -2.601980
-3.032896 1.573901 -2.587842
-1.111427 4.558086 -0.671981
-3.954363 3.289806 0.305534
-3.443391 1.836185 -2.273778
-1.176398 4.348501 -1.296536
-3.422618 3.042907 -1.803940
-2.064316 2.306340 -2.892462
-3.324150 2.186107 -2.313927
-2.055687 2.658860 2.786265
-1.330339 3.420556 -2.440609
-0.537675 3.557866 2.154517
-2.920686 3.034536 -2.240136
-3.770179 3.225440 -1.094585
-3.572431 3.334813 -1.310056
-1.499827 2.590142 -2.877420
-3.759716 1.882394 1.943927
-1.079820 2.515490 -2.880186
-3.026902 2.773330 -2.316733
-3.146064 3.879869 1.085697
-4.048945 1.701203 1.554881
-3.184332 2.539314 -2.308966
-2.883343 1.321988 -2.658798
-1.513535 3.205483 2.587451
-1.903852 4.511638 0.783076
-2.020152 3.344339 2.428972
-4.178929 2.815615 0.528962
-0.606089 4.113529 1.512765
-2.146496 2.633611 -2.773930
-1.309921 3.064044 2.667408
-2.676594 1.605842 -2.776278
-3.912489 2.239202 1.650887
-3.476197 3.564760 1.128039
-1.989436 1.350505 -2.978162
-1.155461 3.082547 -2.645193
-1.775344 2.302305 -2.941137
-1.114614 3.898960 1.975838
-2.760169 2.634569 2.539142
-3.639763 3.700724 -0.171019
-2.410883 1.765595 2.876096
-2.895892 2.701095 2.435036
-3.063582 1.746903 2.565456
-0.660026 3.032131 -2.572400
-2.295238 1.944180 -2.897598
-3.605620 1.915153 2.109920
-3.465431 3.840196 -0.405187
-4.075552 2.108366 -1.427876
-2.781363 2.462199 2.591098
-1.402388 2.329043 -2.953812
-2.436209 3.908417 1.723147
-1.105313 2.341154 -2.932225
-2.299052 3.749196 1.982509
-2.787590 3.541256 -1.922518
-1.676054 2.721167 -2.820127
-1.472548 4.514346 0.901750
-1.954236 4.149062 -1.592242
-0.910090 0.790162 -3.362379
0.221543 -0.051874 -3.247123
-0.039099 0.951773 -3.372866
-0.264964 0.611870 -3.394727
-0.660857 0.542277 3.385177
-0.224913 1.956950 3.167423
-1.421885 0.501275 3.237146
-1.713942 1.319427 3.084606
-1.050121 1.937717 -3.114747
-1.667400 0.647067 3.157248
-0.976746 0.271971 3.320126
-0.530324 0.346504 3.375572
-1.396368 1.003298 3.242316
-1.496200 0.623738 -3.219496
-0.463584 1.827145 -3.219278
0.164799 0.482760 -3.341774
-0.745185 2.619255 2.809926
-1.397958 1.198194 3.219756
-0.621494 2.778385 2.708973
-1.417882 1.484048 3.159173
-0.866126 0.924653 3.363751
-1.577031 0.232845 3.153294
3.027480 3.600868 -1.204980
0.915783 1.490323 -3.392400
0.249868 4.155662 1.687372
0.027129 4.502555 0.632334
0.979762 1.746335 3.364446
0.939138 1.807246 -3.356308
1.187622 2.906531 2.962345
0.403451 2.975018 -2.904314
2.406770 4.293905 -0.192760
1.162144 2.248984 3.242276
2.739205 4.004941 -0.753074
2.091579 3.798807 -1.912817
2.298592 4.051518 -1.329022
2.521830 2.481625 2.710939
1.802231 1.647001 3.246767
0.940970 0.261135 -3.246297
1.305089 1.883288 3.315175
-0.077992 2.040186 3.173898
0.994677 2.987927 -2.930643
1.467088 2.143063 -3.230322
-0.049610 4.188032 1.483351
0.814750 3.558646 2.512971
1.314148 3.084778 -2.839419
1.170547 3.821722 2.225139
0.633913 0.758386 -3.353361
-0.400058 3.143143 2.538482
2.892540 2.824803 -2.243664
0.207905 3.151264 2.753847
0.177646 4.299133 1.379872
1.995636 3.632450 -2.167665
1.963012 3.196637 2.577165
2.544816 3.490153 1.951784
1.377282 3.654201 2.368535
3.069587 3.455799 1.387041
2.280097 4.251219 0.817214
0.403992 4.244353 1.579110
0.445392 4.562477 0.732018
3.298163 3.644234 -0.068556
1.986352 3.544545 2.264444
0.475013 4.531023 -0.875222
1.786428 3.631609 2.265335
0.281287 3.343148 -2.629722
3.414365 3.500326 0.298309
0.138751 4.057144 -1.804641
1.259392 4.288206 1.513291
1.037417 2.550928 3.144456
0.592398 3.861369 2.182821
0.404344 1.119475 -3.365110
0.789327 4.351585 1.432424
0.470283 3.731383 2.310830
1.523865 2.771052 2.978547
2.562056 3.934587 -1.256690
0.203419 3.561211 2.422069
2.353302 2.529717 2.785647
1.258808 1.674402 3.352887
1.110352 1.034776 -3.383107
1.716370 4.339260 1.187902
0.165648 2.479066 -3.099120
1.859717 3.033603 2.731233
1.156707 3.479431 -2.567015
-0.095753 3.423476 -2.447939
1.327858 3.948582 -2.041268
0.668693 1.358396 -3.393041
0.878897 2.543877 -3.151881
1.518628 3.375113 2.588249
1.535252 1.970444 -3.258895
-0.371470 4.008386 -1.588529
2.972903 3.935038 0.121754
-1.445573 -0.471858 -3.290734
-0.184117 -1.075310 -3.345489
-1.020310 -0.891362 3.365510
0.024221 -0.875039 -3.332628
-0.200130 -0.683350 3.375241
-0.680349 -1.462968 -3.298342
-0.420881 0.018969 -3.330142
-0.727476 -0.014540 -3.339656
-0.362520 -1.409098 3.303011
-0.073646 -0.279093 3.338277
-0.330384 -0.026660 3.332540
-0.844041 -1.446360 3.294721
-0.985058 0.097352 3.297296
-1.250521 0.010327 3.274460
1.800955 4.569591 0.302553
1.880465 4.498849 0.515196
0.431160 4.658600 0.254171
0.593228 4.637234 0.560697
1.192915 4.725557 -0.039705
0.978897 4.647892 -0.642627
0.563238 4.583960 -0.729834
3.525749 0.575325 3.016310
5.263841 -0.334607 -0.274349
4.711945 2.114867 -1.084781
4.839092 1.786407 -1.207573
5.245924 0.040591 -0.792961
4.816202 0.532987 1.846627
5.235218 -0.278481 -0.588613
4.796009 1.171193 1.729306
4.895961 1.271302 -1.502123
5.361218 0.352580 0.079645
4.757337 0.872799 -1.886594
3.601674 3.310275 -0.773952
4.837894 1.746084 1.254063
1.749284 1.255478 3.292210
4.455467 0.185326 2.299276
4.890731 0.368385 -1.727649
4.413712 2.060412 -1.705149
1.881189 1.385783 3.262890
3.723241 2.086578 2.393575
3.125882 1.418862 3.039248
3.982565 3.095508 0.628732
1.810222 -0.123320 -3.350602
4.969608 1.276028 1.345771
4.437405 2.725319 -0.430384
2.433066 1.056937 -3.309127
1.176394 0.306832 -3.305291
4.677682 0.294695 2.042528
5.044253 1.050660 -1.298306
3.558200 2.441086 2.232752
4.857142 -0.485163 -1.529932
2.613212 1.763553 3.060767
3.069300 2.756063 2.223040
3.176729 1.874909 2.830093
3.321548 1.929974 -2.734046
3.100434 2.057962 2.761803
3.145802 1.166034 3.102364
2.479904 0.737020 3.346770
4.833160 0.150061 -1.800686
3.786133 3.069494 -1.134842
4.499918 1.460117 -2.017556
3.930048 -0.412783 2.641046
3.339012 0.931708 3.068995
5.224674 -0.134570 0.774333
3.691892 0.965766 -2.878870
3.004827 1.896597 2.886889
4.486344 0.071764 -2.249983
3.830784 2.969328 -1.281061
4.822778 1.327362 1.607262
3.447661 2.726695 2.024160
3.607646 3.408869 0.049291
3.782348 3.204944 0.754492
4.448251 1.444908 2.088328
3.869987 0.449129 2.814901
1.283798 0.525050 -3.330172
4.339341 0.060054 -2.402924
5.041879 1.262271 1.180805
3.531436 -0.166348 2.956465
5.089397 0.619902 1.323489
3.915932 2.187515 -2.160952
3.676609 2.417600 -2.164957
5.150700 -0.584625 0.602348
3.622041 1.935507 2.559662
5.104181 -0.015793 -1.221408
5.118184 1.216064 0.996534
5.289378 0.442622 0.704202
4.935515 -0.008577 1.590434
4.333833 1.663215 2.104148
3.879264 1.336211 2.659600
0.770981 -0.000057 -3.154489
3.848880 0.741159 2.812345
4.231586 0.975553 -2.473882
1.804418 0.644884 3.389721
4.939748 0.820591 -1.596787
4.141018 3.031803 0.255594
4.285369 2.418285 -1.492494
1.560022 0.567572 -3.373342
4.645761 1.815410 -1.566383
4.563298 1.004060 2.115067
5.174009 1.094426 -0.901799
4.173510 2.374115 -1.705267
3.476238 0.823841 3.019625
3.469415 3.467225 -0.295450
4.033916 0.852621 2.663860
3.280384 1.027744 -3.077585
3.973718 2.826643 -1.337939
4.951586 0.123579 -1.591529
2.773055 1.218483 3.207463
2.341413 1.950359 3.019268
3.371158 1.925531 2.711309
2.927966 2.238480 2.714963
4.370129 1.943841 -1.866804
4.534990 2.573886 0.603344
2.699137 0.532870 -3.317875
4.583974 1.648441 1.793028
4.332464 1.115407 -2.341165
0.311415 -1.162573 3.381259
0.952256 -4.712879 0.873226
0.635668 -0.725792 3.318246
1.329646 -4.750268 -0.208471
-0.333499 -3.977259 -2.118918
1.053894 -2.314324 3.245142
0.959570 -1.865948 3.345502
0.757995 -2.432543 -3.247662
1.702014 -2.801431 -2.887333
1.788487 -2.915858 2.793254
0.856863 -0.570983 -3.264603
0.733543 -3.785368 -2.467310
0.830864 -2.062197 -3.330473
0.739765 -3.700522 2.544113
0.048632 -4.051137 2.147621
-0.936669 -3.640915 2.165076
0.014412 -4.512806 1.403748
-0.328126 -2.615538 -3.083807
-0.569920 -4.327395 1.464843
0.559008 -1.572652 3.397667
1.505534 -4.376989 1.429927
1.431783 -4.098138 1.933052
-0.517597 -3.586630 -2.441553
-0.307388 -2.849901 -2.991001
1.666226 -4.531172 -0.880658
0.531694 -3.159614 -2.942642
1.380813 -4.641816 -0.812373
0.507536 -2.336765 -3.284094
0.889553 -4.629754 -1.161172
-0.602653 -3.828098 -2.166018
1.107260 -1.535817 -3.346694
1.620120 -4.442268 -1.191061
0.592628 -2.026436 -3.350964
0.924489 -3.884614 2.344009
0.457699 -3.661171 2.587689
-0.461008 -2.251466 3.159078
-0.420659 -2.950582 2.907988
1.228283 -1.730005 3.312528
1.524888 -3.910862 2.123965
1.526962 -2.644406 -3.019965
0.798604 -1.634049 3.383265
0.166488 -4.461084 -1.553252
0.858271 -1.793389 -3.365598
1.557227 -2.717664 2.979609
1.188474 -2.857905 -3.023152
0.538385 -2.234625 3.309624
-0.682222 -4.113815 1.752344
-0.104560 -1.259184 -3.337715
0.407499 -1.684845 -3.390724
0.595645 -3.195076 2.920649
1.055579 -1.746189 -3.343876
0.168715 -1.850778 -3.359531
0.202357 -4.243895 1.921949
-0.012698 -1.915069 3.327685
0.372447 -3.937309 2.320702
0.116979 -3.500336 -2.688168
1.333428 -3.192941 -2.805564
1.374499 -3.541721 2.543385
0.584616 -4.352054 1.780543
1.414870 -2.532409 3.096477
0.051959 -3.538388 2.648251
-0.613710 -2.873245 -2.878238
-5.311533 -0.469487 -0.154969
-2.597534 -2.322989 -3.160882
-4.557627 -2.927611 1.451973
-3.954094 -3.856536 0.894832
-3.889955 -3.972890 -0.648761
-5.240777 -0.272423 0.390015
-5.161679 -2.067490 -0.920183
-1.137035 -1.731531 3.249092
-5.286327 -0.672632 -0.674525
-2.256099 -4.247023 -1.531522
-1.994482 -2.674292 -3.074408
-2.714095 -2.435117 3.094903
-5.248277 -0.588322 0.777030
-4.877002 -1.077010 -1.805346
-1.043163 -3.234858 -2.568118
-1.325715 -2.345243 -3.137708
-4.404816 -3.279332 -1.242404
-1.641435 -1.138011 3.380007
-2.845385 -1.624908 -3.268440
-3.028982 -3.598693 2.202973
-4.717777 -1.203585 2.042253
-3.977937 -3.483790 -1.591204
-1.925642 -2.905545 2.953165
-2.592503 -0.399121 3.245079
-5.022021 -2.583843 -0.755675
-4.633983 -3.367826 0.129060
-2.192966 -2.551051 -3.123667
-3.499331 -4.179668 0.751551
-2.317029 -0.360750 3.273635
-2.182640 -2.642512 3.083733
-2.214176 -2.746316 -3.031766
-5.144346 -1.746174 1.181446
-2.632306 -2.839033 2.923312
-4.407923 -3.239046 1.300989
-5.351403 -0.842539 -0.425309
-4.499473 0.795624 -1.112787
-3.782159 -2.786075 2.436577
-5.267991 -0.864933 -0.865812
-5.134723 -1.968627 1.083378
-2.919346 0.797449 2.575712
-3.881233 -3.104031 2.116223
-4.943820 -2.917767 0.129681
-1.317379 -2.224578 3.176471
-2.296056 -2.172891 3.250900
-3.246841 0.853308 -2.386651
-4.068844 -1.796453 2.635959
-3.205523 -2.265010 -3.003107
-4.847466 -1.925710 1.718885
-5.375124 -1.192289 0.405713
-1.634734 -3.926629 2.028202
-1.318865 -3.482003 -2.447595
-4.338932 0.358001 -1.894715
-5.106671 0.101271 -0.392310
-3.161557 -4.226060 1.089653
-3.970163 0.966210 -1.699133
-3.914101 -4.007525 0.370438
-0.847406 -2.089959 -3.078956
-3.944946 -3.757394 1.161412
-4.584343 0.628014 1.206231
-4.126883 -3.189821 -1.778648
-3.120122 -1.767525 3.163371
-2.622350 -1.633164 -3.317158
-1.617906 -3.755664 -2.235338
-3.332550 -3.314697 2.324872
-4.734924 -0.982987 2.005080
-2.689825 -2.029107 3.229933
-4.807307 -2.803969 1.083931
-5.188779 -0.596687 0.998672
-4.925672 -2.818584 0.670667
-5.384443 -1.485995 0.181667
-2.756143 -0.901684 -3.299234
-3.364778 -2.710123 -2.735474
-1.899465 -2.334888 -3.211293
-2.215332 -1.466612 3.384313
-2.826660 -4.203968 -1.409207
-2.230288 -0.392301 -3.289071
-1.735827 -3.045904 2.857427
-2.689505 -2.817224 -2.922410
-5.091905 -2.035200 -1.156154
-3.724313 -4.049432 0.769874
-1.014528 -2.647804 -2.925396
-3.223884 -4.363436 -0.441077
-3.450645 -3.472767 -2.095239
-4.800989 -2.140293 -1.693937
-2.741524 -4.291537 1.260726
-1.776417 -2.617477 3.092510
-5.208308 -1.550243 1.075322
-2.249884 -3.234400 -2.729304
-3.333701 0.801058 2.384488
-4.468416 -3.489325 -0.570547
-3.028518 -2.215011 3.084746
-2.503159 -1.065144 3.358791
-4.548119 0.505019 -1.442615
-1.833432 0.222216 -3.073409
-3.526264 -2.437433 2.784339
-4.760042 -0.715225 -1.919024
-3.554688 -2.134758 2.882513
-1.370162 -1.830842 3.285331
-3.448161 -1.508056 3.062634
-2.499638 -0.189696 -3.200586
-4.915812 0.335335 -0.793184
-4.622400 -2.004555 -2.017159
-1.570054 -1.306406 3.371686
-2.826675 -4.417741 0.815615
-3.423596 -3.263058 -2.316830
-4.803942 -1.318858 -1.919949
-2.090847 0.109494 -3.126991
-4.429801 -3.596440 0.132420
-3.496869 -3.815019 -1.611258
-3.288304 -1.935758 3.064308
-3.962060 -3.687177 -1.277973
-2.998973 -3.554659 -2.263089
-4.673854 0.562829 -1.105151
-5.063388 -2.223690 -1.081795
-3.675785 -3.677886 -1.649433
-3.147350 -4.261086 -1.004311
-3.401520 -3.640107 -1.936233
-2.655316 0.767874 -2.677533
-1.492767 -4.099071 -1.740024
-3.537297 -2.568135 -2.717413
-1.890790 -1.751419 -3.356849
-1.342719 -2.868120 -2.901747
-1.327044 -3.798227 -2.114864
-5.285583 -2.072499 0.198075
-2.649255 -1.848103 -3.278185
-2.330380 -3.632715 -2.375032
-2.532222 -3.098671 -2.784924
-4.494734 -2.310155 -2.037363
-1.786302 -0.432734 3.300130
-1.243931 -1.969414 3.229664
5.344987 0.972725 0.101966
5.146682 1.755351 -0.353062
5.001746 2.023733 0.430475
5.254927 1.054867 -0.638429
5.028974 1.847219 0.673927
5.349530 0.826950 -0.039835
4.582824 2.613022 0.067053
5.279778 1.156419 0.491565
4.892250 2.264953 -0.027038
4.609926 -2.119328 -1.490590
4.890959 -1.175383 1.378127
3.227941 -1.112469 3.076853
2.023453 -3.309470 2.424736
2.858489 -0.951500 -3.228373
2.675243 -0.836740 3.281684
1.880563 -2.255786 3.132687
2.116198 -0.292814 -3.322586
3.916026 -1.168804 -2.644757
4.778554 -1.992356 -1.235740
2.909636 -2.469875 -2.821744
4.642141 -1.950085 -1.552642
4.280180 -2.711094 1.490751
3.292490 -2.744199 -2.458400
1.571771 -1.936214 3.242477
3.899665 -3.094071 1.570321
3.103117 -2.461223 -2.742030
4.200900 -2.222119 -2.026401
5.175406 -1.126586 0.276048
3.551284 -3.668005 -1.004112
2.502963 -4.200182 -0.639072
3.577255 -2.077697 -2.659386
2.154990 -2.024850 -3.200890
2.547744 -3.325989 2.298488
3.151753 -3.654243 -1.526254
2.476581 -4.267681 -0.013311
4.775681 -1.659014 -1.461662
3.047872 -3.866172 1.185142
3.429917 -3.851571 0.619907
3.653484 -2.016084 2.632640
1.989503 -0.899893 3.394022
2.682567 -4.216558 -0.116569
2.177275 -2.326432 3.079255
3.550525 -1.717779 2.803232
1.973325 -0.949312 -3.395161
3.012190 -1.303849 3.152216
4.028292 -3.060786 1.431646
2.982858 -3.044953 -2.387430
3.929045 -0.612037 2.624259
1.033184 -0.732458 -3.307945
5.045264 -1.506562 -0.807341
1.269621 -1.319642 -3.337848
4.420546 -0.751948 2.148451
4.471861 -2.633120 -1.225709
4.379281 -2.264231 1.762066
1.067742 -0.233029 3.246433
2.843974 -0.712071 3.225255
2.501196 -2.352780 3.008879
4.698244 -2.423367 0.951317
2.640504 -1.325132 3.269460
1.506827 -0.490437 -3.358445
2.734118 -2.215731 -3.006355
3.273663 -2.763610 2.455425
4.203202 -2.848429 -1.446925
1.307790 -0.697554 3.356776
4.084474 -2.654725 -1.831648
2.112524 -2.894248 2.761820
4.935401 -1.320220 1.237692
2.773504 -4.183434 0.243832
2.416625 -3.596591 -2.024429
2.907915 -2.638105 2.724311
4.487796 -2.424482 -1.442492
3.094455 -3.239725 2.135976
2.232499 -2.777828 -2.824658
3.257582 -3.690017 1.354484
5.187622 -0.990691 -0.162406
3.630320 -2.630780 2.304883
3.204137 -0.824468 -3.090802
3.204933 -3.188861 -2.119958
3.822230 -1.836836 2.574616
4.334312 -2.427772 1.695528
3.653929 -2.881848 -2.076530
4.307173 -0.897957 2.287321
2.286162 -1.547688 -3.308079
1.798155 -0.361510 -3.350900
2.227386 -2.566250 2.952444
4.773557 -1.363153 -1.577534
2.439849 -2.240526 -3.072798
1.713552 -1.426249 3.363729
3.799838 -3.566210 0.785717
2.132021 -0.470575 -3.350614
3.339240 -2.017028 2.828422
2.028484 -1.310658 -3.371180
3.473779 -3.575846 -1.330333
3.661805 -3.446889 1.328798
3.697354 -0.898676 2.815614
3.467839 -0.650188 2.944263
1.279818 -1.217814 3.349467
3.556810 -3.830981 0.268485
1.927026 -2.481446 -3.026166
4.209622 -1.227782 2.372815
2.973295 -2.095695 -2.970312
1.854038 -1.547447 3.344213
0.072068 -4.733984 0.880083
-0.482263 -4.748750 -0.254746
-0.856480 -4.558150 0.308149
-0.222315 -4.762561 0.617845
-0.035340 -4.809206 0.599426
0.262898 -4.769315 -0.834730
-0.519867 -4.740046 0.193830
0.597594 -4.841619 -0.574647
-0.166342 -4.846899 0.246123
-0.903883 -4.552188 0.011974
-0.169683 -4.849054 -0.216718
0.227234 -4.914814 0.110404
-3.328050 0.109489 -2.907018
-3.599888 0.635870 -2.383958
-3.020559 -0.396677 -3.175233
-4.321496 -0.438755 -2.439187
-4.310543 0.247458 -2.038309
-3.038617 0.489052 -2.762509
-3.867352 -0.661221 -2.875990
-3.218433 0.469645 -2.722544
-4.190382 -0.386294 -2.559675
-2.361747 -4.545338 -0.754069
-2.593187 -4.521038 0.662130
-1.402726 -4.488266 -0.817364
-2.203382 -4.652469 0.421782
-2.762865 -0.097100 3.123850
-4.325748 0.208597 2.053550
-3.327401 -0.772904 3.148124
-3.321492 -1.028154 3.152146
-3.710659 -0.584537 2.958983
-3.114118 0.542786 2.699949
-4.104799 -1.143564 2.703341
-3.069756 0.398486 2.818956
-3.477278 0.449219 2.625068
-3.676956 0.625071 2.339321
4.516778 -3.012312 -0.475455
4.265962 -3.299788 0.453783
4.723525 -2.741610 0.319786
4.230826 -3.215852 0.773490
3.836409 -3.654354 0.286754
4.187430 -3.224275 -0.840936
4.924740 -2.266214 -0.298591
4.674480 -2.579725 -0.806111
4.792643 -2.354130 -0.741106
4.200367 -3.403240 -0.226235
-4.813402 1.708492 0.440786
-4.787222 1.624093 -0.640704
-4.817900 1.176924 -0.678988
-4.553192 1.561624 1.260424
-4.579805 1.284111 1.267513
-4.822073 1.375427 0.630743
-4.515046 1.402317 -1.364008
-4.805556 1.893476 0.026148
-4.710453 1.811685 -0.765528
-4.522462 2.555806 -0.881815
-0.964089 4.526386 -1.568452
-0.554497 4.733153 0.809857
-3.081438 1.689613 -2.911312
-3.347723 2.691991 2.523587
-1.188357 4.343619 -1.911678
-3.542751 3.141659 2.100367
-1.875294 4.735675 1.109062
-2.870724 4.624511 -0.226045
-3.754944 3.411093 1.605027
-1.665570 3.374054 -2.832544
-1.432115 2.487867 -3.227037
-0.717882 4.507009 1.509573
-2.086452 1.589612 -3.280451
-2.779191 4.632771 -0.505066
-1.435956 4.952559 0.136802
-4.326844 2.917907 1.063522
-3.760037 2.555790 -2.213429
-4.254932 2.716721 1.423599
-4.327931 1.424369 -1.672327
-4.471759 1.899652 1.377259
-1.923618 4.917315 0.131772
-3.674811 1.572348 2.485675
-3.149129 4.320203 -0.957670
-3.607364 1.860573 -2.532733
-3.494552 1.504783 -2.634799
-4.680278 2.326115 -0.400427
-3.253379 1.250688 2.785247
-1.365066 4.645078 -1.404783
-3.458630 3.119556 -2.196668
-1.692772 4.484321 -1.692180
-1.596032 2.944001 3.062962
-3.119117 3.880876 1.790609
-4.575470 1.913392 1.117463
-2.230611 4.188904 -1.977502
-3.917315 2.078089 2.195143
-0.494561 4.498794 -1.398029
-1.575066 3.647258 2.649327
-3.298843 3.017054 2.396779
-4.476371 2.084453 -1.314502
-0.400572 4.790182 0.027442
-3.816654 1.146835 2.304276
-3.150316 2.530500 2.721468
-1.446906 4.591673 1.516609
-3.053805 1.178702 2.895720
-2.374526 4.525712 -1.346128
-4.232211 1.285089 1.808182
-2.567643 3.887573 2.173871
-1.946257 4.847045 -0.674157
-2.582637 2.149168 -3.095658
-4.151385 2.405071 -1.786288
-4.100009 3.406081 -0.935944
-4.698707 2.309317 0.253551
-3.802649 2.066457 -2.320432
-2.632207 3.320511 2.614515
-2.832257 1.905958 -3.025211
-1.165452 3.819417 -2.496441
-3.851735 2.384059 -2.181726
-3.179369 4.392986 -0.642767
-1.339859 3.334985 -2.863833
-1.987486 2.733076 -3.101953
-2.711569 4.574487 -0.883547
-3.940803 1.510398 2.215692
-3.902759 3.281278 -1.522996
-0.615621 4.366408 -1.707414
-3.117630 3.771848 -1.921970
-2.779149 0.962061 2.993801
-0.936697 4.624468 1.360923
-3.095490 3.529030 -2.181301
-3.059612 4.215224 -1.331588
-3.640791 2.796654 2.219499
-3.150317 4.201919 1.241000
-4.252206 1.908114 1.782071
-2.017370 1.689647 3.292573
-1.582801 2.327348 -3.263206
-3.228179 4.003726 1.501666
-2.553490 4.747293 -0.323021
-1.401570 2.636207 3.182914
-3.731892 2.022110 2.398496
-4.028244 3.060738 -1.540509
-3.390200 4.286863 -0.462231
-3.238610 4.411661 0.314929
-1.014012 3.638413 2.625579
-4.569444 2.642240 -0.561132
-4.029910 3.077538 1.521777
-3.071006 2.806273 2.662456
-2.903433 2.347930 -2.914214
-1.917954 2.143759 -3.266259
-4.475526 1.551911 -1.397615
-1.083124 2.933195 3.051107
-2.491225 2.945316 -2.879894
-4.512595 2.552771 0.918824
-2.447429 4.530418 1.281789
-2.021491 4.271906 1.940038
-3.026829 4.548428 -0.179436
-1.114523 4.309629 1.948605
-4.170120 3.538912 0.059001
-4.419100 3.048814 0.479914
-3.761247 2.270487 2.313334
-2.961862 2.407437 2.868323
-2.423485 4.424612 -1.515595
-1.613951 3.932235 -2.400996
-3.422857 1.221512 2.663025
-2.569162 3.881018 -2.179845
-4.396979 2.196157 -1.444245
-4.442901 3.068673 0.174193
-2.767158 3.546354 2.381636
-4.200061 3.225080 -0.974817
-2.447668 3.261122 -2.727886
-2.288138 2.371238 3.143689
-3.708390 3.898166 0.893949
-1.974168 3.326819 2.820017
-3.594459 1.832862 2.546374
-3.717121 3.562096 -1.477615
-2.046605 4.642706 1.274054
-4.535979 2.806108 -0.398278
-3.777270 2.887766 2.020402
-4.056950 2.830502 -1.684644
-3.282609 1.216188 -2.761177
-1.778451 3.691760 -2.595820
-0.907643 4.497826 1.602897
-2.531394 2.710194 -2.963035
-1.551520 4.334991 1.936873
-2.360607 2.887838 2.949973
-4.113376 1.187740 -1.961159
-3.061076 3.107651 2.511955
-2.398461 3.592122 2.517342
-4.226528 3.060903 -1.142925
-2.673510 3.683055 -2.316079
-3.482152 2.817477 -2.355774
-4.655842 2.426090 0.406631
-0.721020 4.872247 0.186033
-3.184235 3.268148 -2.321325
-0.543508 0.111306 -3.685196
-0.402543 0.231971 -3.706034
-1.174713 1.289088 3.618528
0.179612 0.792945 -3.692963
-0.242989 1.069384 -3.721308
-0.709619 1.863182 -3.553001
-1.481063 0.469483 -3.573148
-0.053760 0.757518 -3.723038
-0.592820 2.453314 3.316695
-0.977893 2.630935 -3.173067
-1.525239 0.663859 3.568771
-1.714851 0.578578 -3.501050
-1.418513 2.042675 -3.355216
-0.900017 1.650047 -3.592851
-1.520665 1.247895 -3.533839
-1.030556 1.745755 3.546688
-1.191742 0.327404 -3.634360
-1.096354 2.074693 -3.423376
-0.495924 1.628211 3.630682
-0.884776 0.987299 3.700987
0.015136 0.780498 3.715621
0.191036 0.257236 -3.660563
-1.863336 1.385586 3.383545
-0.668750 1.143419 3.708515
-0.270287 0.824399 3.736365
-1.962182 0.679840 -3.401690
0.471221 0.230210 3.599808
-1.505449 1.022719 -3.563985
-1.412665 1.692168 3.473226
-0.017737 1.153144 -3.695895
-0.631361 2.466203 -3.307608
-0.298933 1.272726 -3.699478
-0.889388 1.313030 3.663646
0.239129 0.536560 3.678117
3.371905 4.016648 -0.400458
2.264947 3.396661 2.739497
1.485999 3.910510 2.574155
1.558307 2.206822 3.553807
0.732860 4.996053 -0.280817
1.992273 4.424412 -1.662306
2.435084 4.194012 -1.723657
1.062592 2.935223 -3.342546
-0.433562 3.499085 2.706410
-0.214043 3.947181 -2.376450
2.380436 4.373328 -1.434683
0.362781 3.888596 2.621428
-0.285543 3.212206 -2.980682
-0.112911 3.902423 2.468571
0.295320 4.083443 2.395948
-0.057392 4.791729 -0.851236
2.468511 3.262164 2.729148
2.658190 4.548628 0.145218
0.866739 4.533313 1.825375
1.321456 4.923864 0.650032
2.132475 4.740897 0.574971
-0.085904 4.792776 0.814764
2.738111 3.851219 1.953587
2.186381 4.746483 -0.390272
0.133786 4.301770 -2.062309
3.375892 4.023199 0.323068
3.114432 4.252337 0.183286
2.028320 2.018602 3.475026
2.229932 3.778265 2.414969
2.202423 4.121440 2.016510
0.515770 2.694354 -3.439891
0.013338 3.630008 2.772318
1.152767 2.656654 -3.461185
3.240127 3.934937 1.116148
2.303250 4.673651 -0.575627
2.649036 4.552798 -0.162536
2.144493 4.644899 0.978475
2.785485 3.927451 -1.799217
1.602635 4.092006 -2.340096
1.966255 1.576421 -3.561342
0.154077 1.267243 -3.671513
1.629641 4.198562 2.196100
0.295264 1.033713 3.688670
-0.532242 3.812478 -2.358402
0.740909 4.693641 1.497934
1.511049 4.847751 -0.874370
2.203965 2.088770 -3.395032
1.880410 4.645359 1.248858
1.139148 4.957901 -0.552455
2.960054 4.108447 -1.241618
0.838332 3.204400 -3.200135
2.746979 3.608633 -2.230908
0.723765 0.420565 3.639729
0.361699 4.865767 -0.892266
0.131582 1.753921 -3.634875
0.114968 2.326077 3.507961
3.205635 3.428408 -1.962736
3.248324 3.571942 1.735084
0.027487 2.596127 3.394526
0.255319 4.335872 2.051499
1.998686 4.830948 0.134314
2.534860 3.725923 -2.273144
-0.405259 3.125755 2.987171
0.448551 3.939422 -2.584905
1.841497 4.879647 0.000861
-0.112642 4.186093 2.125991
1.014881 3.679317 2.855891
-0.125216 4.669436 -1.200553
1.652519 2.964305 -3.239652
2.768311 4.193136 -1.348934
0.759836 0.765774 -3.704428
0.404884 2.605869 3.462315
1.205200 4.184551 2.317871
-0.171848 4.536330 -1.494717
2.098947 4.470929 1.488670
0.386772 4.929518 0.598538
1.541885 3.528702 -2.902565
-0.352965 2.704521 3.231143
2.822610 3.139399 2.581189
1.634099 2.140126 -3.555157
2.032146 2.991767 3.108192
0.152804 1.452537 -3.666676
1.390796 2.282982 3.561551
1.728179 4.212168 -2.140691
0.288823 4.004716 -2.483900
0.880342 4.036510 2.515644
2.928788 3.798484 1.826446
1.119615 3.828187 2.715551
1.134402 2.071134 3.643154
1.266052 1.696326 -3.693919
1.395515 3.152225 -3.187618
2.123472 4.784877 -0.214333
0.234818 3.787699 -2.691607
1.011786 0.587892 -3.674551
1.848689 3.180185 3.061084
-0.275339 3.372797 -2.873667
-0.252549 4.800309 0.515282
1.416340 1.225491 3.699117
-0.121089 4.036166 2.314187
3.039564 4.206308 0.798219
2.161534 2.249666 3.368780
1.897880 4.813642 0.599322
0.903188 3.996398 -2.558791
1.136963 4.802153 1.196375
2.835269 4.368838 -0.708562
2.443434 3.519344 -2.536990
3.336149 3.694879 1.415292
1.963745 2.476141 3.365473
1.176853 2.620077 3.473617
2.215789 3.105460 2.965518
1.509650 4.424881 -1.901085
1.192566 1.516443 -3.717493
0.937417 4.993167 0.336422
0.431980 2.514278 -3.499712
1.651550 2.533460 3.431102
3.024508 4.276061 0.536395
2.550638 2.727475 -3.003923
0.476472 4.901932 0.798407
1.697360 1.602811 -3.631175
-0.067241 2.926137 -3.220198
2.948425 3.428584 2.233614
-0.006638 3.369269 2.968923
1.017804 3.350853 3.103347
0.932789 2.469980 3.541336
-0.013586 4.602696 1.449084
1.998271 4.746675 0.782477
0.741975 1.491528 -3.731271
1.478610 2.550203 -3.459927
1.681971 4.575232 -1.546341
1.895302 4.173970 2.119013
2.710703 4.060933 1.670718
2.337577 4.523554 -1.109511
-1.575885 -0.151861 -3.579174
-0.841700 -0.928839 -3.721549
-0.576024 -1.489510 3.642312
0.347216 -0.286213 -3.598702
-0.403973 -1.247911 -3.684827
0.047929 -0.650004 -3.682150
-0.688320 -0.731642 -3.738040
-0.608493 -0.545800 3.738773
-0.482400 -0.722510 -3.737038
-1.123307 -0.034727 3.654283
-0.378375 -1.246437 3.683534
-0.182965 -0.257724 3.696012
-0.474169 -0.146920 3.704818
-0.992806 -1.554368 3.606186
-0.929518 -0.212754 3.701398
-0.646667 -0.074344 3.696606
-0.905363 -0.972358 3.713333
2.675668 1.275329 -3.573656
5.568492 0.714386 0.953913
5.515618 0.527153 1.165573
5.389469 1.736872 -0.740790
3.647820 3.761717 -0.268379
5.123925 2.049359 1.177181
2.614326 0.843359 -3.659973
5.661050 0.570180 0.542388
4.609545 2.777981 -1.219493
4.751787 0.184905 -2.479729
4.847153 1.683749 2.026509
3.790025 1.239958 -3.162192
2.772883 2.417742 3.065055
3.076278 2.718021 -2.743929
4.598061 -0.125850 -2.594563
3.188443 1.805349 3.256404
3.718141 1.064004 -3.241882
2.712960 2.381089 -3.103541
3.233783 3.019958 2.383919
4.211154 1.337032 -2.849102
5.668903 0.141006 0.411344
5.346062 -0.016978 -1.529812
5.567881 1.428238 -0.060450
3.996418 1.773365 2.838660
5.405798 0.689031 1.438834
4.107835 2.536546 -2.228164
1.156715 0.491972 3.651575
4.401914 2.174713 -2.237814
4.636263 0.958297 -2.562487
2.806564 1.410765 3.510150
3.697613 3.618320 -0.914178
5.168542 0.648571 -1.914810
4.784583 2.279372 -1.618474
5.143477 0.430769 -1.967948
4.941055 0.085382 -2.235676
4.892886 0.499571 2.323731
2.446664 2.014983 -3.354468
3.482663 0.443190 -3.417364
5.527380 1.454979 0.490011
2.656238 2.150135 3.249658
1.936357 0.466049 3.739776
4.270669 2.851902 1.677483
2.845619 2.148743 -3.204135
4.563045 1.179886 -2.582775
4.306097 1.290697 2.786260
4.663001 2.182924 1.907254
5.053326 -0.143759 2.026097
4.252996 -0.182722 -2.892107
4.696902 2.893748 0.678951
3.849588 1.962125 2.844655
5.206353 2.234038 -0.476322
3.339354 0.766428 -3.461589
4.763317 2.764696 -0.843656
4.340776 0.450322 -2.886859
3.899924 2.945318 1.981656
5.355546 1.454062 -1.198885
4.848477 0.995229 2.312305
4.516213 3.071439 -0.714353
3.852319 3.515090 0.960237
5.070999 1.620669 1.708573
2.195118 0.156865 -3.722522
3.722422 1.068214 3.238766
1.753393 0.624875 3.729220
5.092686 2.317302 0.802819
5.095089 2.080114 -1.211117
2.296115 0.396683 -3.724950
2.458881 1.814051 3.440329
3.401997 2.931218 2.382952
5.634573 -0.236441 0.243369
4.965040 0.024859 2.192977
5.323079 1.683537 1.065625
5.676993 0.198585 -0.373527
1.382747 0.072195 3.677006
4.338966 3.087780 -1.139058
3.578913 2.459707 2.696511
4.451235 1.703871 -2.486529
5.472533 0.314200 1.287397
4.328512 2.624781 1.894896
1.976693 1.528961 3.575945
4.754542 1.666881 -2.161973
4.259488 3.044309 -1.377558
4.014934 3.558971 -0.093706
2.821726 1.795466 -3.375680
3.849743 1.508801 3.044987
1.432585 0.150513 -3.691339
4.066144 2.849457 -1.930737
1.384817 0.776786 3.679049
4.342540 0.059013 -2.861057
5.668176 0.940067 0.058813
4.303088 3.261832 0.715837
5.114979 2.371835 -0.544073
5.613854 0.450721 -0.812016
3.135453 1.649701 3.336774
1.567862 0.374671 -3.718577
5.454387 1.527515 -0.775642
3.002265 0.650890 -3.586138
4.516588 0.725892 2.716969
4.987907 -0.622420 1.929612
3.040915 1.979717 3.230342
4.935469 0.242063 2.261888
2.198029 -0.122168 3.691043
4.189044 0.119305 -2.988990
5.291911 2.108557 0.317411
5.297182 1.043448 1.580994
1.952956 -0.006682 -3.713984
4.504418 3.175324 0.107366
3.728575 3.134747 1.890454
4.444094 1.090731 2.720368
3.952170 0.044179 3.143216
3.973614 0.446023 3.153636
4.661495 2.738604 1.180109
2.580604 1.671575 -3.474661
5.511768 -0.548147 0.656599
5.373906 1.075203 1.393662
5.146715 0.160227 1.943626
5.338869 1.943456 -0.558352
4.222563 3.413757 -0.016860
4.138098 0.491163 -3.041977
4.799280 0.077942 2.411937
2.068845 1.669558 -3.528225
4.109718 3.480508 0.308483
4.363673 2.460578 -2.028701
5.626096 0.959900 0.541321
5.475515 1.179637 1.045883
5.406869 1.542069 -0.948205
4.691484 2.991450 0.016070
4.116889 1.982677 2.636065
4.020267 0.279435 -3.119601
4.524745 2.066339 2.181605
0.140340 -1.662069 -3.715771
0.601905 -2.618489 -3.553813
0.757681 -4.794936 -1.668036
0.364149 -2.341669 3.630668
0.219537 -0.735392 -3.658136
1.500793 -3.735765 2.795682
0.206856 -5.167318 0.351725
-0.045914 -5.073947 0.767755
1.810770 -3.815822 2.595343
-0.765482 -4.395545 1.927621
1.414163 -2.844166 -3.354013
0.147528 -0.871997 3.675927
1.100950 -2.004633 -3.652569
-0.521156 -5.050529 0.040253
-0.274702 -4.300076 -2.298207
1.597453 -5.035430 0.043366
1.318386 -1.995621 3.612130
0.816919 -4.754506 1.737211
-0.204597 -2.551306 -3.503530
0.615403 -0.571326 3.632262
0.478232 -2.985415 3.412996
-1.055352 -4.801666 0.581916
1.096581 -2.663250 -3.491496
1.246405 -3.117481 3.269565
0.313585 -3.563576 -3.083552
1.754646 -4.556862 -1.683081
-0.199558 -5.121655 0.216326
-0.086554 -4.910859 1.302192
0.632907 -2.357354 -3.627918
-0.986794 -4.390247 1.769783
0.425988 -3.300835 -3.252481
2.225016 -4.094709 2.023610
0.400282 -1.988078 3.700289
-0.403723 -3.935485 2.646167
2.005619 -4.750669 0.952298
0.929471 -1.296647 -3.713294
0.963511 -1.596957 3.710034
-0.410077 -3.190984 3.182365
1.364858 -2.055214 -3.592086
-0.577073 -4.915821 0.912670
1.176226 -2.847656 -3.407653
-0.728576 -2.272162 -3.432467
-0.793715 -3.337811 2.956585
0.793738 -3.049762 -3.371979
0.435384 -1.117674 -3.723853
0.070808 -1.715769 3.704714
-0.255072 -4.249401 2.365928
-0.441715 -2.258120 -3.526241
-0.770848 -2.639784 -3.307600
-0.120366 -1.742787 3.674872
1.611946 -3.610861 -2.852710
-0.980209 -4.867839 0.348626
0.748322 -5.013752 -1.130449
0.139869 -3.772316 -2.913023
1.526323 -3.475878 -2.980314
-0.325339 -5.093732 -0.236103
1.179399 -4.445045 2.147408
0.755719 -2.290387 3.637702
1.790336 -4.840976 0.948795
0.080938 -4.472246 -2.169444
1.093781 -2.250449 3.608222
-0.310954 -2.757118 3.408429
0.577173 -1.271103 -3.734878
0.921385 -2.816449 3.459883
1.595416 -4.541504 1.815958
-0.787672 -4.488183 -1.762278
1.456394 -3.150572 3.197934
0.425953 -4.792870 1.687734
0.639559 -4.916603 -1.413894
1.693940 -2.600072 -3.359249
1.247671 -3.772787 2.842862
1.278631 -4.028454 -2.604989
2.021672 -4.852055 -0.424881
0.065111 -3.137545 3.310755
2.263753 -4.250641 1.764587
-0.779578 -3.030517 3.136867
1.107341 -4.743945 -1.681248
0.189196 -2.571983 3.555052
-0.060959 -1.171002 3.684677
1.260495 -3.148837 -3.250300
1.263759 -4.788257 -1.524062
1.963005 -3.634161 -2.672439
0.183282 -2.543993 -3.563236
1.324881 -4.652954 1.763603
-0.749155 -3.358524 -2.962743
0.910078 -5.111544 -0.685686
0.608525 -5.189739 0.202826
-0.903853 -4.257878 -2.033073
-0.901208 -3.604714 -2.715482
-0.481870 -4.038091 -2.516734
-0.749434 -3.768113 2.655354
-0.251090 -5.046090 -0.720425
0.603578 -4.862493 1.542166
1.616502 -3.175027 -3.133033
0.505569 -4.515435 2.151785
-0.274106 -4.761501 -1.563815
2.342237 -4.376074 1.454671
-0.473916 -4.452981 -2.008822
0.735848 -3.039951 3.380854
0.356613 -1.062329 3.715867
2.185526 -4.571025 1.220079
1.705858 -4.605602 1.626884
1.278731 -5.112895 0.176944
0.160196 -2.973111 3.400437
1.851992 -4.287142 2.044740
-0.131315 -5.140484 -0.031388
-1.010445 -1.966078 3.529293
-4.855218 0.788943 1.336956
-2.396353 -1.042750 -3.714581
-5.543206 -0.334956 -0.801705
-3.317572 -2.772698 3.137935
-3.212111 -0.896897 3.522952
-5.276588 0.409133 0.766097
-5.403997 -2.242320 1.164878
-4.658716 -2.110762 2.475282
-2.151571 -1.995212 3.656084
-4.639373 -2.444758 2.350427
-5.263729 -2.596261 -1.202154
-5.431479 -2.705502 -0.098625
-0.966493 -3.594405 2.700654
-4.814561 -0.424562 -2.329597
-2.744576 -4.368199 -1.880482
-2.713645 -2.596585 -3.404309
-5.673340 -1.538846 -0.625104
-1.647254 -2.150800 -3.605781
-4.276910 -1.451870 2.957769
-2.920323 -0.961193 3.615436
-1.929058 -1.934412 -3.670939
-1.605033 -2.434617 3.515982
-5.515281 -1.532450 -1.237402
-3.225691 -4.102044 2.047283
-2.546482 -4.459733 1.790989
-4.020641 -4.104619 -1.263068
-4.513721 1.054423 -1.575757
-4.017874 -4.370965 0.011714
-2.898985 -2.263506 3.477700
-3.316533 -2.999993 3.015450
-2.336565 -2.064927 3.628203
-5.427939 -0.765415 1.422996
-1.769585 -0.581094 -3.677463
-4.713478 -0.953033 2.559208
-5.516206 -1.996258 1.010815
-1.061399 -2.925797 -3.194664
-1.679544 -1.936161 -3.657303
-4.027053 -2.020844 -3.039640
-1.621617 -4.019463 2.453715
-3.470105 -4.465781 -1.142467
-3.487034 -2.341815 3.243700
-4.090505 -0.726185 3.060912
-2.450196 -4.870778 0.688020
-3.268893 -1.863776 3.459008
-5.721757 -1.105476 0.345153
-5.339054 -2.649619 0.893397
-2.129202 -0.226006 3.602486
-3.603405 -0.379389 -3.271832
-5.511519 -1.189885 1.285524
-1.641280 -3.134314 3.194277
-3.576488 -3.266791 -2.705781
-1.125615 -3.673854 -2.685900
-3.015385 -0.234056 -3.461096
-5.583474 -1.729929 -0.941025
-3.701533 0.453314 2.878001
-5.614395 -1.336520 0.952591
-5.440728 -0.690970 -1.365156
-4.904748 0.411115 -1.696872
-5.594715 -2.142957 0.463526
-3.022903 -2.000525 -3.512120
-4.189271 -3.921504 -1.381058
-5.247317 -0.192975 1.542711
-1.964333 0.096135 3.499684
-4.129563 -3.520796 2.041478
-4.484333 0.757852 1.972868
-3.652708 -2.902102 -2.904005
-1.639339 -1.651053 -3.697873
-4.290168 -2.824610 2.484607
-5.449211 -1.348093 1.439296
-4.239852 -3.242383 2.210872
-3.179678 -2.381602 3.354225
-1.063265 -2.192503 3.488487
-4.802985 -0.030170 2.169559
-3.022460 -3.861947 2.444093
-4.579594 -1.119091 -2.705641
-5.106184 -2.136743 -1.870943
-1.628146 -0.689793 -3.683241
-3.014115 -4.817494 0.181965
-4.744524 -3.325844 -1.424110
-4.646273 -1.864705 -2.563200
-2.895474 -1.103744 -3.629197
-4.447827 -1.438945 -2.819008
-3.985725 -3.861945 1.753596
-1.775801 -4.525766 -1.739254
-2.209674 -0.334696 -3.627086
-3.319763 -0.079471 3.307312
-2.103011 -0.666126 3.696933
-1.962229 -1.532172 3.726928
-5.147676 -1.741064 -1.951400
-2.811149 -4.482247 -1.643777
-1.662210 -1.369630 -3.721870
-5.135304 -0.084772 1.691305
-1.762838 -4.736401 1.258119
-5.241741 -1.123950 1.861730
-1.970232 -3.021895 3.278437
-1.070931 -2.637598 -3.335040
-4.460659 -1.947715 -2.721130
-1.997438 -4.081413 2.411048
-1.258301 -2.679878 3.363559
-5.716280 -0.811870 -0.071161
-5.510612 -1.817523 1.142700
-2.100746 -1.768133 3.698548
-3.473996 -4.295660 -1.538963
-4.019136 -3.171300 -2.471959
-1.153038 -4.703199 -1.074562
-1.273876 -4.179994 -2.171035
-2.540384 -1.485128 3.691319
-5.214870 -2.960248 0.793074
-2.442664 -3.243169 3.115657
-1.988353 -3.378500 -3.055916
-1.566952 -1.976382 3.637536
-3.995715 0.534131 2.630135
-4.555101 -0.601128 -2.659141
-4.840604 0.914444 -1.162007
-3.343387 -2.773162 -3.126794
-2.995609 -4.715099 0.892216
-3.774190 -3.449860 2.424103
-2.413792 0.332393 -3.376243
-4.795142 -3.684310 0.333117
-2.673725 -4.803297 -0.842546
-5.498181 -2.377652 0.642201
-5.183241 -2.545492 -1.449512
-3.841011 1.038691 2.341847
-5.628282 -1.651702 0.797206
-4.309580 -0.614589 2.877821
-4.954878 1.069504 0.033378
-2.581507 -1.327111 -3.692989
-4.571633 -2.658803 -2.304064
-2.240005 -2.711894 -3.422164
-1.406840 -4.853815 0.669797
-3.953464 0.343783 -2.777996
-3.264140 -1.150335 3.518954
-5.460170 0.084137 0.552111
-5.342155 -1.572294 1.640750
-2.961760 -1.794476 -3.568561
-2.506783 -3.041200 -3.228351
-2.242310 -3.459314 2.987380
-5.477417 -0.883750 -1.333232
-5.636742 -0.410265 -0.314673
-4.631045 0.154477 -2.273184
-1.895764 -1.528026 -3.726070
-4.440876 -3.489010 -1.699954
-4.943329 -2.532133 -1.899036
-1.557076 -2.885266 3.320586
-5.128505 0.554636 -1.019649
-4.430274 -3.787785 -1.223828
-5.354888 -0.044380 1.158308
-4.568809 -3.809238 -0.833384
-3.469989 -4.612675 0.575335
-4.034505 -0.486883 3.050492
-4.060530 -1.635786 3.093358
-2.304578 -1.104793 3.725658
-2.334181 0.079568 -3.490110
-1.700556 -4.860981 0.811439
-4.836842 -0.882137 -2.412841
-4.674025 -3.662520 -0.938282
-3.460992 -1.548900 -3.427150
-4.996316 -2.555606 1.797029
-3.193336 0.827139 2.891705
-3.346241 0.186029 -3.192291
-4.209813 -2.392917 2.780637
-4.604604 -3.150155 -1.866801
-5.378964 -2.766177 0.428629
-4.607204 -2.158476 -2.512281
-2.562592 -4.786906 -0.982093
-2.131586 -3.794945 2.711403
-2.801394 -3.601778 2.771780
-3.334776 -0.422889 3.400804
-2.535564 -4.923422 0.047679
-4.804918 -1.308099 -2.471906
-1.131356 -4.064758 2.270320
-4.578690 -3.261846 1.782124
-3.933533 -1.305053 3.200047
-2.189130 -4.017352 2.477785
-5.640879 -1.356668 -0.842828
-2.299531 -0.876470 3.711843
-3.534478 -2.114771 -3.291712
-2.114739 -4.402666 1.964621
-1.395543 -2.966608 -3.252766
-3.749867 -3.663309 2.228349
-3.417918 -3.634456 -2.481467
-4.787217 0.425040 -1.871574
-5.195547 -0.895736 -1.914855
-4.703001 -3.695742 -0.749197
-5.678970 -0.596901 0.241484
-2.762124 0.581930 3.185988
-2.904120 -4.811241 -0.537744
-4.085766 -1.521564 -3.089654
-3.159281 -0.167039 3.395406
-2.822932 -1.921800 -3.580588
-1.348251 -4.902575 -0.138826
-4.617345 -3.332148 -1.638160
-3.193086 -3.660859 -2.572323
-4.808201 -1.337393 2.466925
-1.447679 -1.051436 3.695080
-4.268212 -4.041344 -0.945545
-2.730904 0.806781 -3.055418
-4.515684 -1.314999 2.765492
-4.245925 -1.909870 2.910077
-1.833616 -3.193639 -3.173992
-5.246862 -3.054923 -0.290238
-2.116379 -2.416461 3.542290
-2.939735 -1.534928 -3.606405
-3.028252 -0.527592 3.527960
-4.255518 -3.644998 1.740359
-3.219903 -2.629000 -3.243431
-4.977590 0.650429 -1.269535
-2.941653 -1.612407 3.598290
-3.661188 -2.705137 3.004615
-4.155331 -3.787561 1.661254
-2.063886 -0.504620 -3.669953
-4.641661 -1.393574 2.641476
-5.118319 0.188231 1.507021
-4.651811 -0.190953 -2.426834
-3.799862 -1.481680 -3.267939
-2.748401 -1.581611 3.646580
-5.693657 -1.583017 0.459439
-3.540906 -0.025542 -3.190564
-5.153373 -0.632985 -1.921927
-3.692776 -2.889246 2.888227
-4.950974 -2.030394 2.150267
-4.818434 -3.530533 0.844812
-4.968742 -3.148262 -1.209303
-1.957366 -4.784364 -1.139238
-5.261171 -2.925511 -0.669847
-3.671481 -4.113332 1.683544
-3.507514 0.313894 3.058344
-2.257762 -4.865062 -0.807181
-3.388011 -4.681243 0.309436
3.399321 -2.832464 2.795047
3.298793 -4.223505 0.958179
2.842420 -0.780165 3.585967
3.621444 -3.882408 1.402511
2.716884 -3.329727 -2.721900
2.863707 -4.126966 1.632536
2.568182 -0.392798 -3.617825
1.615002 -0.795959 -3.733161
3.554287 -4.221655 -0.308316
2.438763 -3.955987 -2.111200
4.552634 -3.186909 -1.142641
4.876777 -1.012228 2.113184
3.090752 -0.971954 -3.507081
5.216671 -1.269109 1.465792
5.108349 -2.629701 -0.353387
4.383942 -3.624327 0.221803
2.471411 -4.327822 -1.425028
4.407229 -1.565948 2.598557
3.058152 -2.751226 3.015623
2.214330 -1.375498 3.690124
3.227031 -1.768367 -3.352260
1.786603 -2.295926 -3.484542
2.382694 -3.786898 -2.349215
2.074195 -2.693843 3.289758
4.466300 -1.745978 -2.486272
3.172336 -3.422472 2.430253
2.668550 -4.573107 0.020814
3.367657 -2.345939 -3.085563
3.499604 -1.026572 -3.326203
3.133808 -3.676589 2.164124
3.888172 -3.587026 -1.603951
4.820776 -3.122650 -0.195263
4.320946 -1.359612 2.722718
4.342966 -1.892852 2.562551
4.303867 -2.874004 1.981670
2.557146 -0.585031 -3.643910
2.848621 -1.153574 3.581069
2.449889 -3.989346 2.059109
4.851035 -1.184386 -2.137405
5.504215 -1.230023 -0.347604
3.135704 -4.108021 -1.459041
3.474044 -2.341048 3.031099
5.038572 -0.940258 1.856542
4.861242 -3.011878 -0.513074
5.420124 -1.354074 0.806251
4.783336 -0.889982 2.244253
4.147426 -3.209908 -1.809639
3.093240 -4.144000 1.418284
3.338036 -0.778064 3.401703
4.866641 -2.909753 -0.802112
3.317158 -3.583184 -2.158923
3.964835 -2.582943 2.560850
5.237009 -2.387938 0.121532
3.973668 -3.461398 1.690178
4.936620 -0.708687 2.011485
4.486839 -0.842113 -2.591538
1.910763 -1.301803 3.720278
1.926830 -0.699684 -3.730027
4.724334 -3.257449 0.075557
3.325406 -2.989659 2.724690
2.958711 -3.965316 -1.859503
4.828228 -2.801649 -1.137058
3.243255 -4.214512 -1.068424
5.284221 -1.971008 0.850266
2.956990 -3.060183 2.850206
3.835552 -3.719064 -1.439909
2.289093 -1.018821 3.705887
3.870617 -3.059145 -2.272608
4.906832 -1.744565 1.906106
1.607039 -0.689248 3.727154
3.751245 -2.555893 2.743874
4.865695 -2.485123 -1.464240
3.954687 -1.439435 -3.009669
3.785032 -3.217719 -2.194347
1.952812 -2.550873 3.370179
5.446883 -1.115206 -0.772824
2.473992 -1.498827 3.634136
3.636629 -1.580045 3.189270
2.964662 -3.367357 -2.589884
3.862367 -2.887205 2.428747
4.275618 -3.619312 0.791149
2.839454 -2.304888 3.319633
1.967638 -2.849081 3.209652
2.380319 -3.730184 2.416894
3.204508 -3.378843 -2.455903
4.249047 -3.547142 -1.067332
4.031485 -1.661887 -2.906398
5.215315 -1.986205 -1.080710
3.232918 -4.138628 1.289540
5.323726 -1.322143 -1.168736
2.255079 -0.362635 -3.666465
1.499149 -2.006026 -3.572116
3.099890 -2.407990 3.180234
4.778920 -2.719841 1.374084
3.893842 -3.903121 -0.879662
3.384687 -4.104928 -1.190479
5.032695 -1.572224 1.755515
5.531002 -0.865787 0.041733
5.242404 -1.052304 1.438220
1.007083 -0.484837 3.628592
4.504093 -2.910536 1.654750
2.910347 -3.581660 2.396718
2.582233 -3.182326 2.884956
1.191318 -0.854336 -3.690552
4.054976 -3.844532 0.643798
0.923998 -0.206854 -3.563826
4.802099 -3.121360 0.395638
2.553691 -3.675886 2.430563
3.919381 -1.126902 -3.070136
3.806970 -3.747045 1.425746
3.750185 -3.599823 1.750423
4.929644 -2.255725 -1.550572
5.350781 -1.804751 0.754781
4.545029 -3.428585 -0.449209
2.639129 -0.865074 -3.642087
5.305790 -1.138598 -1.264864
4.898660 -2.849357 0.824607
2.690123 -1.630008 -3.563880
4.569466 -1.114015 2.498301
1.452713 -0.843336 3.723374
4.560216 -1.518219 2.446755
4.231005 -3.723112 0.527254
3.548240 -3.227246 -2.378963
3.831658 -3.437474 -1.891183
3.919832 -1.368305 3.045278
3.004757 -2.429014 -3.208075
4.232762 -3.331758 1.515471
1.929948 -1.219924 -3.726780
5.485632 -0.971660 -0.585611
1.523260 -2.028568 3.567142
1.551866 -0.369136 -3.688806
4.562849 -2.378256 2.057488
4.030992 -0.925208 2.995640
3.592358 -3.680710 -1.794469
4.860285 -3.067098 0.192163
