-4.411911 -2.353799 -0.256520
-4.743673 -1.282561 0.980196
-3.082353 -2.680493 -0.129429
-3.176889 -2.501144 -0.791093
-4.922878 -1.733827 -0.147335
-4.616549 -2.133775 0.376642
-3.692821 -1.806263 -1.464464
-4.691041 -1.705021 -0.844189
-4.885722 -1.760362 0.309261
-3.785012 -2.051255 1.282631
-4.901493 -1.048689 0.756854
-3.827113 -1.577537 1.532441
-3.781123 -2.308990 1.028812
-4.328571 -1.859176 -1.134024
-4.603933 -1.593666 1.032592
-4.030073 -1.582990 1.458959
-3.916533 -2.505033 -0.632366
-3.376543 -1.513381 -1.610613
-2.956355 -2.466282 -0.760899
-3.491716 -1.781050 1.503165
-3.413644 -2.460110 0.891493
-3.055536 -2.577840 0.570920
-2.809577 -1.093373 1.878503
-3.676989 -0.063948 2.050666
-2.927312 -1.365581 1.730300
-5.079703 -0.881981 -0.338184
-3.423841 0.781712 -1.892327
-4.914873 0.368336 -1.012425
-4.511473 1.172776 -0.921344
-3.435925 -1.072307 -1.886055
-3.856796 1.851485 0.080162
-5.216877 -0.273507 -0.296207
-4.440401 0.212088 1.625968
-3.575034 -1.306534 1.719613
-4.029104 1.582034 0.849591
-3.923438 -0.558341 1.923178
-4.765192 1.083867 0.548592
-4.030284 0.333065 -1.861094
-4.379464 1.455119 -0.615550
-2.900272 0.354370 -2.058506
-3.589359 0.087242 -2.061581
-3.126838 0.930925 -1.838277
-5.154383 -0.016512 0.590570
-3.532766 1.561890 1.205446
-5.003133 0.835377 0.073665
-4.780901 0.847000 0.879182
-4.157134 1.323567 -1.137939
-3.018186 0.773206 1.919254
-3.824226 1.853288 -0.215815
-3.108916 -1.150044 1.873532
-3.416900 -0.046294 2.104170
-4.442233 0.616929 -1.479578
-3.832773 -0.359124 1.990934
-4.192677 0.575210 1.688615
-4.841817 1.086331 -0.189630
-4.951503 -0.208736 -1.070752
-3.869316 0.920181 -1.682704
-3.293509 -0.847225 -1.999319
-3.376016 0.129047 -2.094445
-4.122612 0.535948 -1.747111
-3.474036 0.406660 -2.024523
-3.246783 -0.317428 -2.116495
-4.184863 1.697345 0.041739
-4.622623 0.812578 -1.158656
-4.353533 0.896064 -1.384170
-3.394665 0.723021 1.924319
-5.124653 0.234140 -0.586523
-3.874266 1.284781 -1.384654
-5.171767 0.149998 0.456453
-4.549554 1.428453 0.061766
-4.221173 1.666736 -0.185051
-3.552949 0.178956 2.057462
-3.296101 1.216405 -1.628705
-4.801733 1.088461 -0.409458
-4.234488 1.514427 0.729408
-5.009371 0.725563 -0.429170
-4.960406 -0.577232 0.963314
-4.015821 1.743838 -0.402730
-4.863805 1.060557 0.148606
-4.573358 -0.715494 -1.438016
-4.828903 0.340896 1.163827
-4.313126 1.227314 1.103506
-4.996805 -0.431694 -0.947640
-2.999266 0.096825 -2.111570
-3.879912 -0.177751 1.984956
-2.080251 0.239758 2.341398
-1.109442 -0.359039 2.265207
-2.370939 -0.776338 -2.189634
-2.368910 0.737959 2.162629
-1.892233 -0.378842 -2.355472
-1.233920 0.316242 2.287112
-2.005680 0.409438 -2.322065
-2.354360 0.300625 -2.280278
-1.563842 0.164347 2.360081
-1.430033 -0.034134 -2.354724
-1.660601 -0.102743 -2.376838
-2.068232 -0.977767 -2.175767
-1.171846 -0.185481 -2.298792
-1.655002 -0.622670 2.309117
-2.189828 -0.373554 2.322352
-1.706921 0.146232 -2.370173
-2.927832 0.866879 -1.865132
-2.265989 -0.608514 -2.263013
-2.742921 -1.142523 -1.885004
-1.970028 -0.626180 2.303144
-1.163570 -0.127288 2.299076
-2.063644 0.088564 -2.357843
-2.292223 0.536429 2.245592
-2.743156 -1.208379 1.845456
-1.224285 0.353773 -2.278333
-2.287131 0.855263 -2.136987
-0.783559 -2.699744 1.829555
-1.523336 -2.922417 1.532263
-1.473092 -0.822535 2.296438
-0.539193 -3.339927 0.923856
-0.123350 -3.305911 -0.685968
-0.899684 -2.874669 -1.678376
-2.278440 -1.321929 -1.981153
-1.597069 -1.781790 2.216895
-0.570475 -1.432319 2.334154
-1.418003 -2.639774 1.831481
-1.316580 -2.519681 1.941597
-1.341754 -1.658989 -2.302637
-0.203029 -3.437834 0.149913
-0.367027 -1.072557 2.300388
-0.832675 -0.239155 -2.178347
-1.571469 -2.245067 2.044985
-2.779905 -1.790360 1.418856
-1.525466 -1.536827 2.287020
-0.647822 -0.248976 -2.163369
-2.370278 -2.034120 1.725782
-1.922086 -1.275743 -2.177917
-2.193903 -1.932523 1.898408
-0.842667 -1.054219 2.372987
-0.978765 -2.608585 -1.909903
-0.821746 -0.753888 2.335502
-1.223758 -1.610754 2.328061
-0.664697 -2.882917 1.643935
-0.252113 -3.304224 0.823528
-0.449538 -2.322126 2.027886
-0.357748 -2.948883 -1.481635
-0.585510 -0.703551 2.298730
-1.549461 -2.848041 -1.603255
-2.327688 -1.786261 -1.858448
-0.803552 -1.427809 -2.362342
-0.814572 -3.209865 -1.247251
-0.453511 -2.581985 1.860038
-0.504294 -3.062737 -1.392239
-1.857702 -2.716739 -1.592003
-0.268848 -2.222235 -2.027167
-0.358257 -0.890180 2.281585
-1.886679 -2.671068 1.618479
-0.546946 -2.228983 -2.099049
-2.378450 -2.323396 1.543508
-0.603358 -2.858715 -1.656256
-2.446048 -1.728247 1.784250
-0.458411 -0.086470 2.047401
-2.190612 1.089339 2.166106
-0.614364 1.984578 -2.168450
-0.846738 3.509354 0.476878
-2.028074 2.761760 1.605674
-1.791568 1.400460 2.300045
-0.838373 1.228113 -2.350472
-1.513782 2.046596 2.206117
-1.521468 1.097427 -2.357212
-3.052118 1.485014 1.482828
-2.722683 2.074227 -1.620927
-0.841184 2.001793 -2.212354
-2.204683 2.569710 1.679024
-2.538168 2.457410 1.529405
-1.095497 1.356722 -2.372410
-1.755669 1.621990 2.279359
-1.232750 2.392471 2.063250
-2.952587 1.236614 1.622352
-1.530114 1.911977 -2.250539
-0.928414 3.516393 -0.497845
-1.156931 3.371165 -0.987363
-3.006968 2.097263 -1.283295
-1.947767 1.525189 -2.240670
-2.366975 1.949628 1.943380
-2.181573 1.430250 -2.161752
-1.632265 0.848394 -2.315000
-0.727126 0.617357 2.254534
-0.615934 1.723492 -2.245498
-1.027270 2.097306 2.199231
-2.142138 1.027582 -2.183191
-1.220708 0.867447 2.355733
-2.568411 1.176240 1.955052
-1.194524 1.856305 2.289462
-1.120973 3.582454 -0.101042
-0.950415 0.824111 2.334558
-1.454022 2.737283 1.806027
-1.626553 1.006212 2.334967
-1.309275 2.864855 -1.704144
-1.032956 2.406123 -2.047684
-1.915640 2.604067 1.793006
-0.872357 3.549918 -0.238659
-1.178387 1.501136 2.361438
-1.053560 2.735133 -1.817196
-2.284547 2.473952 -1.704712
-2.923585 1.936498 -1.483218
-1.968457 0.859258 -2.229558
-1.914942 1.067067 -2.269394
-1.081164 0.878934 -2.353770
-1.959146 -2.994766 -1.355050
-2.816590 -2.718789 0.736099
-1.418637 -3.071909 -1.415224
-2.104189 -3.292673 -1.036321
-1.347900 -3.635339 -0.813259
-2.459965 -2.970100 -1.037561
-2.798769 -2.940940 0.544937
-2.600775 -3.221231 -0.542850
-1.338932 -3.774116 -0.482989
-1.713271 -3.516285 0.953691
-2.207894 -3.045383 -1.189615
-1.211977 -3.514444 0.982985
-1.604699 -3.807063 0.306500
-1.264940 -3.750690 0.540283
-1.912240 -2.875241 1.438422
-2.981913 -2.761960 0.014738
-0.782119 -3.373938 0.984576
-1.986508 -3.721899 0.269070
-2.666701 -2.943793 0.801032
-1.860230 -3.228333 -1.222058
-2.666710 -3.238122 0.312300
0.331301 -1.742437 -2.275194
0.532557 -0.736638 -2.355953
0.850393 -1.542571 2.284153
1.796761 -2.040037 -1.652636
0.148966 -0.570650 2.318084
0.517326 -1.925914 2.208884
0.396835 -1.013702 2.379757
0.156276 -3.030897 -1.292427
2.070841 -1.821143 1.509191
0.494847 -2.409281 1.949614
0.653989 -2.216632 -2.057528
1.165636 -1.336697 2.235212
0.236907 -1.839809 2.238214
-0.173338 -0.031914 2.074406
0.611444 -2.822732 -1.571140
1.679412 -0.984657 2.006566
-0.041065 -1.789733 -2.217637
1.304663 -1.661512 -2.114436
1.353848 -2.364507 -1.738376
-0.346934 -0.422572 2.171273
1.267683 -1.562875 2.155856
1.946260 -2.098354 1.473898
0.349620 -3.385312 0.442838
0.260722 -2.669218 -1.736242
-0.057054 -2.034825 -2.116504
0.869801 -2.709373 1.637886
0.422120 -2.804838 -1.604839
1.824957 -1.621935 1.818491
1.778201 -2.131429 1.610244
1.678416 -0.900949 -2.002832
0.633781 -3.172314 1.046496
2.018880 -1.831085 -1.559808
1.327900 -0.966661 -2.190632
0.801079 -1.790784 2.225272
-0.111907 -0.752560 2.305276
-0.114168 -0.482958 2.253949
1.211558 -1.113353 2.236777
1.466305 -1.303910 2.112795
0.241347 -3.141062 1.120549
0.561535 -0.930998 -2.371728
-1.435627 3.642111 0.398633
-3.349427 2.755558 -0.325291
-3.404731 2.106330 0.642805
-2.472471 3.463275 -0.694240
-2.029362 3.543104 0.777673
-2.624718 3.344158 0.767644
-2.544691 2.774223 -1.356578
-1.995767 3.732229 0.142820
-2.155394 3.716966 -0.007953
-2.951252 3.091515 0.749383
-1.595449 3.719307 -0.131433
-1.633398 3.491055 0.859516
-3.487435 2.427664 -0.139680
-1.225322 3.542962 0.492035
-1.332474 3.656749 -0.125418
-3.278303 2.186714 0.881102
-2.132219 3.596753 -0.629607
-1.758665 3.606522 0.659795
-2.291927 3.405627 0.911576
-2.695159 2.881636 -1.202299
-0.406936 1.077221 -2.297701
1.948711 2.531685 1.010003
-0.280356 0.363430 -2.129760
0.733942 3.022289 1.572246
1.525012 1.840569 -1.881370
0.236023 1.752772 -2.340972
-0.511439 2.353143 -2.041622
1.319911 2.821092 -1.447664
0.257151 1.152588 -2.371339
0.758878 1.860695 -2.241418
1.898468 2.428815 -1.197471
1.194422 1.294598 2.142916
-0.505169 1.854140 -2.224476
0.426750 0.726913 -2.286654
-0.357735 2.723051 1.859404
0.456031 1.239000 2.359688
-0.485171 3.594425 0.350686
-0.591409 2.545448 1.903727
-0.189119 2.463184 -2.063895
1.170626 1.303159 -2.154372
0.501164 3.099257 -1.555259
-0.151287 2.355498 2.125319
-0.077691 2.073452 -2.248557
-0.168579 3.032150 1.631199
1.849544 2.412945 1.279183
-0.699421 3.531225 -0.288106
0.536279 0.882478 -2.306906
1.341922 2.281061 -1.833730
-0.421161 2.524160 -1.975388
0.519022 0.880823 2.309336
0.990412 1.536093 -2.220744
0.856536 2.712876 -1.807576
0.178669 2.945081 1.748384
0.123371 3.094041 -1.597709
1.651142 2.222660 1.625833
0.474548 1.723731 -2.326037
1.079307 2.381621 -1.926999
0.878661 1.572678 2.255778
1.504614 -3.205477 -0.963073
2.343509 -2.475430 0.891268
0.695428 -3.433625 0.623303
0.818107 -3.119545 1.146614
1.459532 -3.352101 0.752778
1.750060 -2.701722 -1.299035
1.768909 -3.393969 -0.294066
0.975177 -3.225892 -1.044111
2.259431 -2.722819 0.816557
1.633108 -2.468886 1.467914
0.877392 -3.244381 1.009830
2.510914 -2.715413 0.011655
2.228704 -2.600273 -0.961729
1.076393 0.478450 -2.363289
0.318433 0.068872 -2.281300
0.681365 0.736511 -2.302397
0.877383 0.396797 -2.370664
0.915616 0.006574 -2.370081
0.589448 0.329042 2.344707
1.408250 0.499987 -2.323767
1.267733 1.075941 -2.199655
1.386858 -0.179113 -2.312058
0.336951 -0.241478 2.245535
0.986052 -0.165303 2.349653
1.196875 0.328623 2.367404
0.086900 0.077353 2.201417
0.752719 -0.131638 2.343736
-0.214253 0.084291 2.053970
0.188632 3.938776 -0.081403
1.557191 3.219863 1.037683
0.432305 3.975479 0.160857
1.811827 2.993093 -0.940200
1.000203 3.929270 0.207481
-0.228876 3.715380 0.409626
0.581758 3.818041 -0.743109
1.875616 3.286514 -0.488770
0.405175 3.687169 0.944759
1.374716 3.799610 -0.064413
1.233145 3.147002 -1.311714
0.488191 3.987667 -0.023314
0.779906 3.924361 0.433190
1.198555 3.671422 -0.782260
1.772912 3.492453 -0.216276
2.032988 2.786302 0.732985
1.359308 3.588552 -0.781983
0.097248 3.473058 -1.105610
1.567580 3.609471 0.443926
0.013169 3.582546 0.929928
1.446621 3.724789 0.323042
1.219754 3.065950 1.366130
2.778266 0.785847 -2.320139
4.519034 1.161745 0.864787
3.932165 0.979081 1.757959
2.003423 0.754122 -2.306665
4.345206 1.608200 -0.729866
2.311904 2.171638 -1.550705
1.762269 1.488374 1.986721
1.929912 -0.234012 -2.242823
2.270425 -0.894748 2.007561
2.413978 1.629380 -2.020005
4.010088 0.787050 1.746287
3.002359 1.347997 2.098191
2.024726 1.690225 -1.935481
4.637907 1.089170 -0.592178
3.588735 1.295693 1.872746
2.541309 1.817098 -1.888157
2.341968 0.369448 -2.377663
4.296936 1.359001 -1.126045
2.936153 1.833645 1.812996
3.077758 -0.417875 -2.155066
3.067548 -0.167050 2.233839
2.676175 -0.480915 2.210397
2.126107 -0.444148 2.212754
2.532411 1.118993 -2.257891
3.537527 1.847771 -1.515235
4.053400 0.422107 1.755726
2.434807 -0.777812 2.084196
1.948421 1.918341 1.738381
2.950782 0.890630 2.267435
2.640501 -0.488013 -2.211054
2.175906 2.011869 1.702674
2.790118 1.629910 -1.990665
2.682155 1.469642 2.098297
3.762359 0.838928 -1.927839
3.272014 -0.331488 2.119092
1.907633 0.436153 2.317076
4.339569 1.195609 -1.185133
3.512294 0.558740 2.120200
2.114324 0.524344 -2.351601
3.917224 0.664540 -1.848783
2.105789 0.502443 2.351701
3.206305 1.458069 1.976691
2.800387 0.701558 2.330387
3.113059 1.762213 1.812884
2.557748 0.398124 -2.377289
4.011289 1.442077 1.439443
2.296836 1.767615 1.921439
2.374352 -0.408925 -2.247303
2.007908 -0.479091 -2.179025
4.686290 1.165674 0.143768
4.112554 1.477440 -1.291520
3.494312 1.660206 -1.704991
2.537297 -0.914687 -2.000664
3.865108 1.651344 -1.419818
2.105106 -0.005756 2.324886
3.906323 1.298410 -1.635949
4.673710 -1.599497 -1.129333
4.149351 -0.343721 -1.909630
2.406664 -1.562195 -1.665083
4.582111 0.759626 -1.025145
5.099667 -1.449774 0.402625
2.908076 -1.712201 1.734807
2.972945 -2.392292 0.982453
4.728962 -1.364478 -1.250521
4.900017 0.762646 -0.284222
2.741187 -1.914111 -1.534169
4.279022 -1.951103 1.174677
5.285228 -0.929991 -0.356747
4.161242 -1.645139 1.547472
5.195149 -1.102328 -0.565263
4.564802 -0.487324 1.654873
3.984094 -1.409457 -1.779902
4.095158 -2.462051 -0.105747
4.628682 -1.175788 1.461940
4.245899 0.460152 -1.589555
4.864213 -1.594865 -0.835475
3.352665 -2.643932 0.098121
3.070231 -0.607552 -2.120457
3.145395 -0.574016 2.125779
4.333207 -2.265343 0.515739
2.520247 -2.365666 0.792950
3.294725 -0.682919 -2.120831
4.388971 -0.379612 1.777342
4.117027 -1.959134 -1.292792
4.783415 0.575472 0.950300
4.682978 -1.548766 1.164157
3.490616 -2.303020 -1.134320
3.912980 -0.324002 -2.004803
3.496183 -1.982202 1.524347
4.651344 -1.941950 -0.695882
5.211149 0.241440 -0.102671
4.669518 -2.002825 0.505536
4.196332 -2.292023 0.675437
2.757641 -1.073821 2.000765
3.550998 -0.106289 -2.061786
4.241675 -2.307237 -0.558751
5.057641 0.174586 -0.832832
3.021467 -2.543298 -0.632351
3.303371 -1.234931 -2.003543
3.882237 -2.540272 0.160400
4.157898 0.239709 1.755724
2.555838 -2.040143 -1.331263
4.454696 0.040632 1.644917
3.481763 -0.819345 2.091701
2.233616 -1.563180 1.567305
3.756189 -2.218212 -1.171014
3.232821 -2.634068 -0.258937
5.001189 -1.640101 -0.362951
5.197679 0.270282 0.137618
3.634286 -2.418248 -0.875593
5.244781 -0.215546 0.603987
3.364960 -1.161956 2.024791
4.282318 -2.152736 0.869432
3.417427 -0.311159 -2.108999
5.135961 -0.713069 -0.921582
4.356953 -1.327925 -1.613334
3.587585 -2.612372 0.168945
4.815111 -0.662867 -1.409877
3.358121 -2.583585 0.510593
3.399653 -1.506418 -1.878675
3.832347 -2.191396 1.172685
4.531078 -1.661855 1.236665
4.155662 -0.626038 -1.912043
3.557647 -1.168159 2.000417
5.251053 -1.158370 0.167900
2.758931 -1.550370 1.803088
2.722854 -2.572310 0.263751
3.447790 -2.520458 0.696807
4.893184 0.071803 -1.183702
2.380031 -1.799301 -1.475984
3.855764 -1.673106 -1.675788
4.369281 0.435206 1.519379
4.848293 -0.918616 -1.320517
2.888591 -2.271565 1.162844
5.347036 -0.379351 0.123709
3.737540 -2.484979 -0.643767
3.215229 -2.223457 -1.277849
2.428725 -1.276719 1.822278
4.310140 -0.029061 -1.764434
4.323793 0.582111 -1.451737
3.311494 -2.603709 -0.432821
2.560731 2.442425 -1.303776
2.685749 2.801720 0.933706
2.948016 2.810067 0.915326
3.418902 2.848015 -0.604721
2.051314 2.526733 -1.009358
2.184711 2.872092 0.555746
3.956218 2.214404 -0.910844
3.277607 2.649033 1.026882
3.507263 2.393134 -1.161765
2.301713 2.924760 -0.530559
2.413330 2.963040 0.511880
3.800800 2.755382 0.049062
4.265759 2.108995 0.417688
3.848297 2.174278 -1.063618
4.003344 2.120153 0.927879
3.526194 2.145601 -1.322168
4.439596 1.698265 0.198374
3.198432 2.868247 0.729992
-3.398032 -1.825986 -1.750039
-4.290605 -1.676294 -1.576869
-4.310528 -2.727064 0.037620
-5.101387 -1.420426 0.806100
-4.706204 -2.388099 -0.396265
-4.244774 -2.652691 0.602152
-3.986500 -2.598408 -0.950749
-4.697333 -2.221027 -0.777114
-3.966434 -1.954067 1.589024
-4.941710 -1.815907 -0.840713
-4.685928 -1.782982 1.216329
-5.164834 -1.295627 -0.714434
-3.355489 -2.614318 -1.092628
-4.233158 -2.343201 1.134384
-5.047843 -1.564737 -0.835003
-4.661584 -2.351013 0.608561
-3.104968 -2.402220 1.316195
-5.185936 -1.516302 0.521888
-4.774523 -1.488456 1.263801
-3.965059 -1.933493 -1.601216
-3.316064 -2.853741 -0.612896
-4.376363 -2.665372 -0.286761
-4.458325 0.501943 1.921835
-5.148660 0.902463 0.827696
-5.415448 -0.873223 -0.284041
-3.802478 1.828263 1.249973
-4.564687 -0.531452 -1.912321
-4.981996 1.121342 0.911545
-3.780268 2.197829 0.020765
-3.551700 0.882993 -2.162023
-3.970707 0.379246 -2.215774
-4.980832 1.411073 0.140919
-3.609735 0.111258 -2.367492
-5.393696 0.343776 0.693946
-3.036196 0.063077 2.422184
-5.278184 0.384821 0.976452
-3.156471 -1.385944 2.088740
-3.058939 -0.523609 -2.401084
-4.398262 0.088249 -2.052352
-4.136302 -0.959724 2.049068
-4.485318 0.231495 1.973509
-5.511203 -0.541835 -0.078856
-4.125533 1.687915 -1.243438
-5.504929 0.002978 0.419810
-4.288095 1.985623 -0.114848
-4.716291 1.575700 0.632129
-4.262428 -0.900001 -2.004761
-5.376818 -0.881453 -0.494867
-3.983597 0.893366 2.021923
-3.515699 0.954437 2.133815
-3.961788 1.636849 1.426483
-3.398854 -0.633555 2.364467
-4.709065 1.649700 0.403924
-4.008933 0.276042 2.222476
-3.917316 2.045919 0.697465
-4.497753 -1.063877 1.774103
-4.153708 1.989462 -0.542601
-4.301913 -1.126941 -1.879037
-4.886630 0.798205 1.374603
-4.397835 1.767941 0.788580
-4.386414 1.611579 -1.106152
-4.884197 1.280944 -0.870842
-5.349190 0.810400 -0.111350
-4.192047 2.038304 0.052061
-4.839550 1.310463 0.910848
-3.037066 -0.284610 -2.426542
-4.479022 1.844654 0.328646
-5.003070 -0.985454 1.277495
-5.117820 -0.903305 1.147705
-4.116323 -1.180274 1.956870
-4.768850 1.050738 1.324823
-4.459852 1.656110 0.934446
-5.391053 0.514805 0.546392
-3.804953 -0.173704 2.331482
-3.726680 -0.531880 -2.320807
-3.519146 -0.332898 2.390283
-5.333169 -0.142375 -0.994419
-4.986111 -0.727640 -1.436927
-3.933279 2.144469 0.140728
-3.164249 -0.846141 2.326973
-3.099000 1.186027 -2.038012
-4.007913 0.810050 -2.051997
-3.067092 -0.944313 -2.295012
-5.522555 -0.422085 0.182553
-3.308221 -0.182780 -2.423853
-4.680413 -0.898638 -1.698873
-3.979927 -0.090160 -2.271961
-3.656116 -1.237695 -2.101825
-3.141993 -1.737787 -1.834119
-1.725063 -0.014673 -2.719182
-1.696776 0.335346 -2.690152
-2.704777 0.646195 2.457046
-2.710923 -1.272432 -2.247155
-2.378499 -0.344581 -2.636783
-2.303737 0.206459 -2.654915
-1.335642 0.018571 -2.683151
-2.103964 0.351514 2.668687
-2.061882 -0.189845 2.701662
-1.880561 -0.754533 -2.627399
-1.761424 -0.330821 -2.706329
-3.028122 1.250001 -2.028638
-2.424474 0.008171 -2.640496
-2.637240 -0.077834 -2.579678
-1.971240 -2.789696 1.955726
-0.817452 -2.342746 -2.458466
-0.777631 -1.909659 2.615872
-1.368488 -3.460083 1.441103
-0.406347 -2.843424 -2.084754
-2.522725 -2.616258 -1.713960
-0.244827 -1.843723 2.539406
-2.453280 -2.391143 1.934200
-1.677683 -1.443589 -2.612915
-1.381510 -3.345593 1.604109
-1.840795 -2.999954 1.830984
-0.299510 -3.799844 0.367252
-1.620528 -1.098445 -2.638618
-1.112934 -1.011407 -2.710264
-2.860445 -2.165345 1.690142
-0.579649 -3.605138 1.186996
-1.241875 -1.771867 -2.642387
-2.180526 -2.665759 -1.934414
-0.272810 -3.495479 -1.263126
-2.618025 -2.647106 1.594645
-2.771397 -2.739436 1.317140
-1.965225 -1.086681 2.527890
-0.369319 -0.836483 2.630216
-0.321215 -1.148208 -2.642083
-2.502752 -1.973800 2.102659
-2.568986 -1.752639 -2.124072
-0.453218 -0.560110 2.596188
-1.154252 -3.088644 1.937190
-0.324724 -3.228681 1.680652
-1.995957 -2.385384 -2.214912
-2.332771 -1.818176 -2.266008
-0.262043 -3.805616 -0.230919
-0.559207 -3.275261 1.696546
-0.354458 -2.346454 -2.383960
-0.533785 -2.810343 2.140345
-2.483531 -2.970036 1.386644
-0.948296 -2.482612 -2.392376
-2.083432 -1.540147 2.454965
-0.904225 -1.530444 2.697712
-2.344780 -2.640939 -1.840874
-1.740563 -3.313334 -1.511366
-0.137310 -3.282809 1.524857
-2.916651 -1.792460 -1.797199
-1.242855 -1.590999 -2.675811
-3.086634 1.621835 -1.926017
-2.356493 1.106721 2.465243
-2.468130 2.909013 -1.708822
-3.238735 1.714828 1.740705
-0.889306 1.669642 -2.660816
-2.090534 2.906893 -1.932284
-1.254296 0.803449 2.689658
-1.724731 1.088534 2.668539
-2.233402 3.242588 1.485833
-0.964277 3.910034 -0.165036
-1.175963 0.935022 -2.706203
-1.239934 2.835878 2.177645
-1.385760 1.347765 2.710723
-2.659394 1.364714 2.297140
-1.883084 1.848922 2.556250
-1.134531 3.686699 1.113648
-1.467952 0.753598 2.669768
-2.089944 1.897987 -2.479577
-1.305708 2.135844 2.554508
-1.111804 3.510034 1.442699
-3.418732 2.284507 -1.167883
-1.421019 2.822052 -2.178052
-2.951385 1.411884 -2.080594
-2.718816 1.162430 2.263716
-2.254457 2.811715 1.932178
-1.790447 2.793722 -2.131516
-2.978849 1.287280 2.065974
-0.701677 1.691526 -2.627372
-1.897560 3.463466 1.353883
-2.729741 1.689144 -2.204578
-2.974077 2.153079 1.842634
-3.228100 2.416088 -1.366788
-2.585429 2.094321 2.173044
-0.918704 2.012017 -2.581383
-2.831823 2.313927 1.883108
-0.822361 3.098339 -1.915010
-0.934205 2.591435 2.324432
-2.019717 2.533533 -2.232412
-2.452048 1.337534 -2.417058
-2.239022 1.352168 -2.514217
-0.807754 3.012823 1.992979
-1.020685 1.521544 2.694927
-1.420048 2.343646 2.461990
-1.756876 3.298151 1.650816
-1.305412 1.109637 2.716658
-1.596624 1.306666 2.690724
-2.204243 2.316403 2.276080
-2.750612 2.096274 2.058508
-0.839896 3.571486 1.290864
-1.534253 -4.082694 -0.002656
-1.060426 -3.896003 0.756877
-2.146268 -3.693458 -0.902577
-2.810478 -3.076564 0.948632
-1.810822 -3.805359 0.917163
-1.486871 -3.480500 1.398019
-1.311521 -4.042964 -0.394939
-3.028174 -3.082235 0.482528
-3.079748 -3.068141 0.298287
-2.741392 -3.278597 -0.824634
-2.662298 -3.407686 0.761888
0.297225 -3.653528 0.771957
0.069217 -2.303216 -2.389832
1.245558 -2.831166 1.871781
0.704876 -2.819352 2.041183
-0.048723 -2.323833 2.359429
0.665391 -3.067128 -1.802608
-0.079761 -2.616312 -2.169294
1.640413 -2.343029 -2.045454
2.236001 -2.441227 -1.445267
-0.384514 0.042384 2.365067
-0.043688 -0.749744 2.666827
0.252145 -2.739452 -2.124456
1.848503 -1.803422 2.175279
0.762405 -1.925532 -2.548881
0.093847 -3.499359 1.136706
0.915960 -2.568372 2.195462
0.665834 -2.318150 2.390313
0.672760 -2.962290 1.912572
0.862565 -1.896584 2.542514
0.424780 -2.190072 -2.468244
1.495774 -2.692518 -1.869156
1.177583 -2.624516 2.075635
0.370937 -2.374433 -2.374148
0.611089 -3.261374 1.566137
0.993868 -2.099792 2.437119
1.949437 -2.484948 -1.713049
0.448037 -0.660719 2.691959
1.365691 -3.087188 -1.518992
-0.191461 -0.766419 -2.639760
0.694691 -3.446280 -1.248098
0.247620 -3.254898 -1.581765
0.556685 -2.178387 2.468834
0.466558 -3.559552 -1.040866
0.122628 -2.069841 2.505107
1.194063 -1.455915 -2.569575
-0.133919 -0.258530 -2.547510
0.192973 -2.078161 -2.508527
0.436971 -3.766039 -0.079538
1.675032 -0.882331 2.397533
1.260869 -2.958788 1.733752
0.542415 -2.486922 2.303543
-3.174728 2.655438 1.261138
-3.156331 2.824007 1.187889
-2.585301 3.740639 0.583571
-2.289553 3.369766 1.338641
-1.562831 3.917331 0.410807
-2.091454 3.969519 0.011084
-1.599772 3.961530 -0.151976
-2.815456 3.396707 0.992621
-3.022123 3.549896 -0.336409
-1.963987 3.503043 -1.266654
-2.453379 3.262093 1.375369
-2.185372 3.777919 0.799918
-1.826879 3.984110 -0.020449
-1.806477 3.892675 0.584488
-3.526597 2.999918 0.103619
-2.255412 3.911884 -0.333727
-3.224423 3.249265 -0.634088
-1.986553 3.782522 -0.846554
-2.681930 3.085885 1.398595
0.666769 1.686712 -2.648422
-0.182997 3.725750 1.242335
0.132153 0.806073 -2.668844
0.586673 2.694591 2.314071
0.121222 1.619117 -2.704363
-0.372526 2.434246 -2.428345
0.040207 2.265053 -2.551587
-0.619404 3.878105 -0.548539
2.045982 2.926716 1.136412
0.908052 2.469778 -2.353703
-0.169302 0.747670 -2.636418
1.750119 2.914177 -1.536244
0.058167 2.053616 2.620132
1.479180 2.459029 -2.093583
1.446370 1.468547 2.392347
0.468873 1.034200 -2.686069
1.571838 3.089792 -1.519309
-0.285318 3.918116 0.710114
0.351794 1.183065 2.709192
0.746078 3.444839 -1.607328
1.750400 2.451073 -1.900418
0.225643 2.541984 2.434358
1.478803 2.377605 2.135708
1.152634 1.591718 2.518697
0.334176 1.859094 -2.662401
0.193324 3.621812 -1.465163
0.289987 2.889793 -2.224787
1.225335 3.202070 -1.661112
1.439205 2.546962 2.069005
1.150888 1.520805 -2.525734
-0.537210 3.955246 -0.152213
2.009294 -3.267688 -0.948090
0.821338 -3.814773 0.128705
2.431158 -3.080236 -0.610837
1.809278 -3.583704 0.539431
1.565959 -3.736143 -0.273746
1.958038 -2.949314 -1.326059
1.026650 -3.692407 0.716556
1.318439 -3.783160 0.319706
2.355341 -2.534969 1.247613
0.881931 -3.707979 -0.658856
2.475523 -2.763530 0.942108
1.919172 -3.436814 -0.760745
1.232351 -0.126877 -2.686896
1.495953 0.667094 2.632036
0.956682 0.116120 -2.718146
1.530287 0.023226 2.657179
1.000708 -0.325112 -2.666063
1.655865 -0.631181 -2.495915
0.197734 -0.080191 2.588136
0.108203 -0.143841 -2.551218
0.022441 -0.020996 2.534629
1.336171 0.197445 2.696679
1.135205 0.140697 -2.714655
1.045170 -0.323419 2.665707
2.100182 3.494744 -0.170681
1.371998 3.970882 -0.577284
2.157655 3.131849 0.761773
-0.070122 3.979069 -0.677592
1.133103 3.586817 -1.331634
1.251118 4.009205 0.614120
1.728709 3.386600 1.118720
2.126379 3.168874 -0.784070
0.831567 4.126626 -0.580325
1.433359 3.710907 1.014762
0.546134 4.185666 0.413399
1.268908 3.717270 -1.122340
0.650287 4.054956 -0.802312
0.629465 4.211674 -0.272772
0.553413 4.221203 0.192676
0.191546 3.852988 1.069981
1.602077 3.831415 -0.606236
1.464273 4.024146 -0.047515
1.793890 3.813303 -0.014690
4.840591 0.940983 -1.160363
2.979570 -0.392596 2.555722
3.635578 0.325965 2.446339
2.628118 0.071413 2.697375
3.120756 2.456205 1.611831
3.762170 0.156897 2.371460
3.376433 -0.281294 -2.471733
4.139802 0.673685 -2.107773
2.077603 0.971594 -2.627024
4.223618 1.398520 1.785548
2.058958 2.133770 2.034965
2.381339 -0.360620 -2.618852
1.831350 0.218576 -2.644915
1.896216 1.857383 2.210439
4.131483 1.145928 1.990514
2.767398 -0.889214 -2.388975
2.317530 1.663934 2.389672
2.845173 2.321610 -1.853731
2.913286 1.552883 2.405227
2.830212 2.451285 -1.710368
2.260552 0.988454 2.642454
2.155874 -1.367762 2.071042
2.131167 -0.100002 -2.660133
4.768352 0.973605 1.284038
2.063797 -0.322761 -2.601842
2.433329 -0.163121 2.666953
4.408466 1.858694 -1.157651
2.316326 -0.904875 2.398478
2.713111 0.055676 -2.688532
4.762624 1.476606 0.903516
2.370147 -0.444009 2.593794
2.266450 -0.941552 -2.375327
3.160380 0.164192 2.616711
4.135272 0.480101 -2.130172
4.323449 1.779032 1.377320
3.381894 1.448834 -2.316021
2.389198 1.253255 -2.572373
3.068561 -0.238560 2.576951
4.104551 1.233333 -1.977138
2.303926 1.568380 -2.438180
2.094235 -1.089468 2.267145
2.211246 2.488412 -1.691244
2.349227 1.143578 2.606202
3.455415 1.846884 2.050570
2.988053 2.056215 2.065678
1.808775 1.277434 2.483830
4.934397 1.226936 0.693580
2.583819 1.614155 2.415576
3.149367 1.791486 2.211018
2.644556 1.121049 2.607172
3.408233 0.127351 -2.532924
3.734082 0.541277 2.390385
4.281916 1.840181 -1.369385
3.649142 0.833489 -2.395946
1.993763 0.206539 2.676842
4.146673 1.691474 1.663701
3.769545 -1.665755 -2.076607
3.922717 -0.336338 -2.323093
3.240344 -2.365278 -1.586306
5.051556 0.119528 -1.475040
5.473333 0.341247 0.354267
5.098158 -1.939229 0.637271
3.624362 -0.502799 -2.399312
2.747424 -2.855019 0.490636
2.987163 -1.972743 -1.936987
3.621217 -1.800475 2.030951
3.377563 -1.230479 -2.321633
4.080125 -0.963212 -2.234447
5.424201 -1.395440 -0.570694
5.300375 0.075140 1.122963
2.768175 -1.132489 -2.308870
3.059952 -0.873966 2.400546
2.681674 -2.629464 1.083931
5.004631 0.215092 1.487620
5.015446 0.970615 -0.700019
3.493523 -0.790752 -2.402400
5.659265 -0.494248 0.000766
4.774667 0.414574 1.625945
2.820498 -2.789271 -0.779750
4.568302 -1.547833 -1.750457
2.449866 -2.101314 -1.677929
3.183059 -1.170736 2.343427
3.535881 -2.106825 -1.818640
5.257226 0.814332 -0.095050
3.995432 -2.717631 0.709575
4.416549 -1.000059 -2.066870
4.995863 -1.459989 1.381016
4.718777 -0.452495 1.919809
3.820931 -0.366571 2.353348
3.057609 -2.878765 0.575255
3.588402 -1.305074 -2.273969
4.097201 0.138375 -2.173054
4.630199 -0.884155 -1.953357
4.539720 -0.860831 2.019310
4.595059 -0.344212 2.003154
5.202452 0.628845 0.830478
4.010344 -1.996096 -1.768719
5.504147 -1.081378 0.646620
5.140501 -0.519887 -1.501581
4.880196 -0.275523 1.766993
3.841715 -2.718972 0.842666
2.754440 -2.906953 -0.048753
3.729683 -2.009573 1.857189
4.977336 -2.209877 -0.055820
5.605484 -0.493438 0.508559
4.751079 -1.893066 1.308802
3.932447 -2.616025 1.015949
4.262484 -1.243652 2.079020
4.860868 -1.193740 -1.671852
5.238067 0.364392 1.042324
5.150217 0.141769 1.333057
4.114803 -2.687672 -0.660724
5.454195 -1.428444 0.366418
4.289079 -2.709208 -0.055999
4.768783 -2.283023 -0.661237
4.075555 -0.102455 2.240395
3.627487 -2.338246 1.566976
4.226085 -1.996561 1.656090
5.187485 -1.739709 0.767911
4.383712 -2.517031 0.772670
2.529016 -2.384904 1.398579
5.429384 -1.100471 0.855119
3.210930 -1.860300 -2.030518
4.617001 -0.025799 1.933285
2.828087 2.766818 1.357590
3.202990 3.285415 0.045595
3.167612 2.745131 -1.328439
2.951125 3.302750 0.279366
3.228962 3.112372 -0.774324
4.301885 2.592453 0.144576
3.892714 2.823723 0.696216
3.671095 2.854603 -0.912784
3.414687 2.757422 -1.219570
3.668523 2.493185 -1.323490
2.862788 3.283881 -0.410667
2.968345 2.993792 1.070911
4.046892 2.660581 -0.746834
2.946039 3.323601 0.014343
2.363413 3.151694 -0.680817
4.300891 2.597863 -0.105191
4.405408 2.456887 -0.029517
-5.372246 -1.848989 -0.349121
-4.956227 -2.314291 0.784545
-4.301129 -2.921330 0.550380
-3.692145 -2.956458 0.945449
-4.293674 -2.961058 -0.406095
-4.651150 -2.149042 1.366032
-5.365188 -1.926096 -0.135515
-5.395499 -1.855154 0.140146
-4.217608 -3.028542 -0.174576
-3.599249 -2.578729 -1.499066
-3.350854 -3.191164 0.138489
-3.694374 -3.175572 -0.055268
-4.580750 -2.823028 0.287548
-3.405653 -2.268921 -1.773698
-3.870416 -2.521109 -1.496984
-4.097141 -2.352047 -1.565411
-5.476897 -1.601223 -0.199656
-4.864675 -1.797730 1.394758
-4.467278 -2.844992 -0.508348
-3.489413 -2.409831 1.664651
-5.175960 -2.267632 0.033938
-5.166321 -2.260918 -0.227493
-4.804531 -1.814061 -1.446573
-3.522444 -2.120354 -1.864308
-3.581869 -2.983390 -0.917398
-4.135629 -2.590458 -1.308142
-5.051616 -2.050287 -0.956546
-4.597033 2.081385 -0.588869
-5.345821 0.905688 -1.186648
-4.984723 1.704287 0.761744
-4.061887 2.197905 1.056617
-3.797388 0.744072 -2.497010
-3.580989 -0.366472 -2.686363
-5.841278 -0.029866 0.184455
-5.826376 -0.278392 0.329472
-3.417975 -1.878529 -2.091418
-5.374919 -0.533268 1.489623
-4.021663 2.436181 0.140451
-3.294006 -1.537750 2.345678
-5.404091 -0.383766 -1.476872
-5.176415 -1.436347 -1.246257
-5.513470 -0.915483 -1.061714
-5.582433 0.673105 0.853617
-3.606583 0.972180 -2.450251
-3.599545 -0.087613 2.692001
-3.943070 0.142354 -2.591848
-4.604635 -0.201859 -2.293315
-3.520050 1.257283 2.316360
-3.852117 1.776856 -1.806236
-5.487750 -0.753428 -1.214406
-5.180350 0.988185 -1.392817
-5.269954 -0.525601 -1.639696
-4.279467 1.893312 -1.410157
-4.929155 -1.479493 -1.548677
-5.441269 0.606831 1.228502
-3.302313 -1.819449 2.152404
-5.126812 1.500941 0.858762
-5.039980 -0.573973 1.894174
-3.967842 -0.229212 -2.597780
-4.391239 2.070490 -0.981434
-3.393721 0.214917 2.698271
-4.836968 0.281180 2.082800
-3.555314 -1.653680 -2.236611
-3.794916 1.048589 2.367844
-4.066923 1.145653 -2.218512
-3.652092 -0.113659 -2.682379
-5.032389 0.444430 -1.860615
-3.257327 -0.354919 2.723841
-4.470434 1.518807 -1.700087
-4.992713 1.210085 1.459421
-5.729146 -0.241812 -0.797061
-4.556974 -1.064324 2.133132
-4.124846 1.448382 1.984283
-4.647992 -0.292551 2.260280
-4.039373 2.314790 -0.773437
-4.927401 -0.171892 -2.048283
-3.872038 -0.693084 2.570191
-4.207751 1.741343 1.657046
-4.076675 0.419275 2.498926
-3.722530 -1.167580 2.461944
-3.690536 -1.664015 2.198489
-4.376183 0.826580 2.226174
-3.684873 -0.687097 -2.619403
-4.141722 -0.645008 2.484943
-5.318393 0.185046 -1.587144
-3.312875 -1.234350 -2.500113
-4.029418 2.312910 0.791053
-5.453030 -1.129727 -1.017787
-4.284365 -0.433768 -2.455536
-5.051277 0.057083 -1.921593
-5.181485 0.074037 -1.778764
-4.939709 0.623209 -1.888825
-3.402195 -0.118806 2.720664
-3.667884 -0.490851 2.656356
-4.685740 1.883114 0.957960
-4.248786 -0.233628 2.487737
-5.664736 -1.130010 0.006063
-4.327692 0.312547 -2.409648
-3.196006 -0.931244 -2.618090
-4.454517 2.230934 -0.249329
-3.643150 0.239516 -2.657194
-4.741684 -0.320262 -2.191672
-4.117287 1.604706 1.852367
-3.543004 -1.830198 2.109016
-5.313634 1.324407 0.706366
-4.678408 2.098156 0.154659
-5.453522 0.056871 1.404312
-3.733365 1.933875 1.672370
-4.247373 1.102273 2.157541
-5.540997 0.983100 0.575080
-3.577654 0.746170 -2.546270
-4.854842 1.495851 -1.332358
-5.796887 0.178306 -0.429670
-5.679483 0.041479 -0.932468
-4.041430 2.421649 -0.241118
-5.574653 -1.191482 -0.571091
-3.480899 1.125156 -2.397465
-1.175658 0.337608 2.974415
-1.664716 -0.000740 3.057458
-0.512005 0.043919 -2.785258
-2.979917 -1.384999 2.480560
-2.857166 -1.684203 -2.356006
-2.223605 -0.846718 -2.922604
-2.020214 -0.769919 2.966111
-2.949758 0.885796 -2.662989
-2.225613 -1.082922 2.848121
-2.388234 -0.206885 2.994282
-2.323607 0.897018 2.854672
-2.417147 0.072065 2.989020
-2.810047 0.413345 2.840696
-1.656713 0.501641 -3.005911
-1.463974 0.185465 3.034328
-1.535564 0.096092 -3.046676
-2.099816 -0.513782 -3.008511
-2.566241 -0.640376 -2.898180
-2.092507 -0.216687 -3.039394
-2.946350 0.236870 2.811465
-2.151053 0.717348 2.935959
-1.739369 0.126981 -3.054147
-2.252639 -1.393783 -2.768913
-0.375665 -1.538928 -2.981937
-1.042532 -2.695879 2.661905
-0.702391 -2.911875 -2.514770
-1.319550 -3.509813 1.962282
-2.014975 -3.387843 1.851222
-1.579313 -2.820752 -2.514706
-0.072719 -3.157385 2.165348
-2.287058 -1.316960 2.757314
-1.902070 -1.730877 -2.862492
-0.258911 -4.009930 0.950236
-1.776063 -1.569605 -2.926213
-0.434082 -3.711921 1.647085
-0.414196 -1.426614 3.000346
-0.885495 -3.606534 -1.873605
-0.253587 -4.097750 -0.626202
-0.888889 -3.777524 -1.629353
-2.580773 -1.750564 2.537971
-0.855545 -3.270894 -2.239453
-1.475556 -3.337064 2.118526
-2.161012 -3.325856 -1.835273
-0.612997 -0.281604 2.901072
-1.511601 -2.047718 -2.885844
-0.043466 -3.784040 1.332415
-0.229316 -3.820273 1.376380
-0.622216 -4.209339 0.346398
-0.432861 -4.082970 -0.837447
-1.610195 -2.019671 2.873719
-2.099185 -1.943774 -2.740413
-1.541479 -0.882421 2.989831
-3.124309 -2.307019 1.858959
-1.658809 -3.754629 1.516338
-0.448835 -2.545619 2.693353
-3.043826 -1.880789 -2.137380
-0.738867 -1.374256 3.045878
-0.677082 -2.644298 -2.675952
-2.777940 -2.970114 -1.705189
-2.259941 -2.676472 2.340136
-1.360257 -3.198540 2.273397
-2.037097 -1.885144 2.780612
-0.587696 -0.814337 -3.013338
-1.565897 -1.833953 2.930455
-1.526825 -1.473026 -2.994747
-1.138358 -2.941352 -2.502333
-0.478095 -0.353052 -2.902961
-1.255289 -2.654129 -2.670611
-0.886247 -3.953001 -1.309567
-0.605161 -2.019715 2.922724
-0.602760 -0.943753 3.028448
-3.118995 -2.465183 1.760628
-2.805919 -2.628528 1.976347
-2.967268 -2.764396 1.696032
-2.352431 -2.514686 -2.384044
-0.592461 -4.214941 -0.254461
-2.336514 -1.912770 2.638500
-2.667783 -1.926645 -2.433897
-0.672007 -3.807982 -1.554195
-0.464389 -3.484974 -1.959099
-1.180775 -3.241377 2.259090
-1.240321 -3.641006 1.809409
-1.535673 -2.567513 -2.671683
-1.918003 -2.479394 2.606074
-1.658121 -3.863875 1.314393
-1.900593 -3.498628 -1.776024
-0.031597 -3.659099 1.544746
-0.246256 -3.344692 2.048445
-0.595781 -4.052594 1.011690
-1.892092 -1.194521 2.916595
-1.166259 -3.975544 -1.247503
-0.416061 -2.108708 -2.866026
-2.962760 -2.959914 -1.496698
-1.728626 -3.382103 -1.992687
-0.469942 -3.883407 1.361954
-1.091609 1.837469 -2.991803
-3.321675 2.852200 1.483834
-2.582951 1.205747 2.735446
-2.540786 2.255040 -2.548869
-3.456213 2.601786 -1.541898
-1.330179 4.194832 0.646777
-1.559800 2.680862 2.658572
-3.460990 1.907928 1.952190
-3.295184 1.670801 -2.192267
-1.442847 0.978184 -3.042700
-0.819224 1.935183 -2.945929
-0.933558 0.476550 -2.958681
-1.035573 4.160360 -0.778666
-0.988216 2.316437 -2.842780
-1.458661 2.849444 -2.569563
-0.774644 4.011198 -1.142564
-1.667772 1.757733 2.975121
-2.015867 2.981888 -2.358798
-2.415890 3.293751 1.885640
-1.180491 2.826255 -2.595854
-2.139690 3.317660 -2.011040
-3.324956 2.712762 -1.620943
-1.654369 1.640567 -2.996478
-0.957392 1.489076 -3.036296
-1.349714 1.402990 -3.050543
-0.692888 0.447299 -2.918655
-1.009505 4.061868 1.081051
-1.660320 1.898368 -2.946730
-0.926431 3.922285 1.380543
-0.899637 1.109526 3.042530
-1.093733 0.904062 3.042758
-1.420632 2.849435 2.572943
-1.543718 3.917418 1.379558
-1.449094 3.772324 -1.650084
-1.776143 2.195739 2.840037
-2.453156 1.774869 -2.738356
-2.444292 3.554185 -1.526865
-2.973562 2.948421 -1.795482
-0.588168 0.820221 -2.970860
-3.097602 2.724034 1.871548
-2.660600 1.879756 -2.609624
-2.617639 3.343127 -1.679399
-2.282111 1.875725 -2.787337
-3.178350 2.519793 1.941601
-0.948469 1.436363 3.039985
-1.785718 3.727882 1.635723
-0.619556 1.440723 2.993039
-1.883940 3.770311 -1.528843
-3.685887 2.735567 0.949904
-1.139207 0.996901 -3.051970
-3.064139 1.759087 -2.371857
-0.903574 0.886975 3.027674
-2.086009 1.030170 -2.927075
-1.614257 2.546802 -2.721119
-1.875318 3.951879 -1.176792
-3.436104 2.798114 -1.371438
-2.127169 3.176408 2.154965
-1.507098 1.613183 3.018389
-0.997356 1.621215 3.024172
-2.713944 2.517926 2.320753
-1.922588 3.989460 1.054547
-1.105880 4.258625 -0.189474
-1.076658 2.750287 2.638484
-1.249628 4.212147 -0.571982
-1.950411 1.327603 -2.966963
-1.059847 3.729917 1.723973
-0.693758 1.211630 -3.015881
-3.918938 2.514734 -0.566854
-3.978404 2.472989 -0.321376
-0.604714 1.119350 2.997978
-1.292430 1.000456 3.051994
-3.533627 2.439213 -1.565635
-2.018671 3.653294 -1.650568
-1.441051 3.792577 1.619317
-0.877936 -4.233546 0.330784
-1.589989 -4.304032 0.255309
-3.026443 -3.519925 0.473897
-2.101919 -4.064905 0.764767
-1.409921 -4.299600 0.340810
-2.606380 -3.593562 1.095712
-1.032435 -4.152458 0.760846
-2.214538 -4.072705 -0.622004
-2.409763 -3.932988 -0.740356
-3.231803 -3.171857 -0.582936
-2.344265 -4.109115 0.146466
-2.778538 -3.552682 -0.935066
-1.606464 -4.067473 -1.007117
-0.960838 -4.251273 -0.342540
-1.660381 -4.156300 -0.802945
-3.101207 -3.292636 0.735485
-1.881859 -3.907000 -1.189574
-2.473255 -4.005575 0.394426
-1.265023 -4.050918 -1.045873
-1.177601 -4.291752 -0.308374
-1.533374 -4.322247 -0.063644
-1.911326 -4.210127 -0.489379
-2.712145 -3.802078 -0.545887
-1.122766 -4.225449 -0.586429
-3.089321 -3.352019 -0.666124
-2.224935 -3.663599 1.327500
0.862540 -1.476059 2.994484
0.546921 -2.154941 2.848819
0.503402 -2.200946 -2.832411
0.472091 -0.778404 -3.047323
0.068346 -2.987734 2.342680
0.598225 -2.423007 -2.726269
0.095821 -3.401062 1.931549
1.753796 -1.717498 -2.661722
1.553707 -1.687480 -2.761410
2.037026 -2.887771 1.816710
1.134103 -1.290976 2.960905
-0.088939 -2.490501 -2.653500
0.128082 -4.016096 0.690037
0.935807 -1.928841 2.881109
1.544487 -3.196597 -1.854002
-0.108024 -0.927904 3.014985
1.470228 -3.058199 -2.043858
0.386300 -2.335345 2.775731
0.161673 -2.430656 2.719007
1.145716 -2.549072 2.560118
-0.304336 -0.007416 2.790045
0.963172 -3.898059 -0.960006
2.090082 -1.338965 2.534928
1.392611 -1.996075 2.735058
2.080829 -2.789451 -1.872810
1.053061 -3.939928 0.756320
1.833479 -2.538614 2.255706
1.892028 -3.070417 -1.745913
0.428591 -3.896546 -1.115989
1.544002 -3.413645 -1.567923
1.043401 -3.883958 0.951407
2.013547 -1.847351 -2.474604
0.249768 -1.015468 3.056090
1.135213 -2.548638 -2.563404
-0.035405 -1.782439 2.938173
2.095402 -2.458092 2.122005
1.413008 -1.338338 2.873146
0.393059 -1.741122 -2.980325
0.068670 -3.674023 -1.534330
1.055732 -1.531013 2.949776
0.016723 -1.169875 -3.033296
1.805238 -1.165034 -2.716265
-0.237826 -0.922090 -2.989933
0.083382 -2.219330 2.808798
1.857542 -3.076774 1.767512
0.633523 -3.417216 -1.921906
0.259755 -3.761456 1.406323
0.568747 -2.645931 2.603902
0.915238 -2.154503 -2.806002
1.144101 -2.207639 2.732297
0.557163 -3.811443 -1.303656
2.167078 -2.465949 -2.057342
0.444647 -4.107000 -0.028094
1.944328 -2.355174 2.296039
1.429272 -1.681251 2.811528
1.226851 -2.100009 -2.752051
1.187598 -1.136613 -2.955846
0.396037 -3.819674 1.295488
1.216871 -1.122097 2.948305
1.791530 -1.396900 2.703351
0.391447 -0.476488 -3.006247
2.041325 -2.201592 2.311083
0.911793 -0.834690 -3.009569
0.736656 -4.086433 0.124506
-2.396110 4.143733 -0.217136
-2.409656 3.980373 -0.827604
-2.033770 4.212114 0.142441
-3.516273 3.386215 0.390357
-2.596774 3.605148 1.318596
-3.838459 2.827592 -0.376341
-3.576914 3.211463 -0.615173
-2.038140 4.051368 -0.826636
-3.322722 3.541074 -0.570395
-2.212718 4.064330 -0.732515
-2.276219 3.840896 1.153542
-2.381965 3.753493 -1.238104
-2.848510 3.950748 0.341348
-2.404973 4.089585 -0.509603
-2.862056 3.501673 -1.257746
-2.048174 4.030496 0.872939
-3.872801 2.635326 0.510492
-3.118814 3.550170 -0.925281
-2.971450 3.751746 0.753548
-2.602454 4.034563 0.471780
-2.483417 3.957165 0.828121
-3.717248 2.790878 0.814197
-2.634878 3.855830 0.919376
-0.079786 3.917787 -1.616099
-0.207834 2.082518 2.943294
-0.168946 3.916210 1.602907
0.268198 0.888482 -3.025970
0.060778 2.446651 2.847427
0.830336 3.804083 1.671677
1.426111 3.376985 -1.889666
1.675703 2.700218 -2.277803
1.146403 2.947916 -2.402771
-0.635325 3.794677 -1.630698
-0.383192 0.731795 2.951396
1.666632 3.523375 -1.510986
0.025176 1.306776 3.056958
-0.248101 2.714360 2.698539
-0.601803 3.448435 2.073145
0.364979 3.136457 2.461616
-0.623384 3.311319 2.196961
1.438419 3.101506 2.142709
-0.285017 3.892902 -1.612322
1.190831 3.146008 2.236866
-0.736262 3.947579 1.308269
-0.525945 4.303463 -0.233782
-0.516986 1.499153 -2.979508
1.100387 2.631955 2.604673
0.181618 4.135724 1.222001
1.024668 3.454418 2.025753
-0.221321 2.237883 -2.897420
-0.632104 4.281494 0.167321
1.091125 1.344505 2.914706
-0.404433 4.052478 -1.279009
1.910351 2.497788 -2.221574
-0.251685 4.282579 -0.692220
-0.201714 4.050683 -1.353951
0.208584 3.032377 2.542533
-0.617291 4.226374 -0.611163
0.837623 3.461980 -2.088097
-0.661215 4.277145 -0.081883
-0.312294 2.418315 -2.820894
-0.052335 1.075287 3.041979
0.175971 3.463824 -2.193591
0.574614 0.921733 3.004045
-0.071809 4.337439 0.517513
0.523677 0.748426 -2.981994
0.549698 2.398466 2.840880
1.823296 2.306355 2.375491
1.206144 1.486307 2.871213
-0.421685 4.312144 0.367453
1.733576 2.346890 -2.419234
-0.262644 3.716393 -1.868804
0.315871 2.305932 2.896117
0.644633 3.437725 -2.165053
1.787319 3.349828 1.623509
-0.380213 1.208200 -3.009545
1.313712 2.817986 2.412163
0.497029 2.079571 2.947615
0.022898 1.779454 -3.023787
0.403137 3.824239 -1.756426
0.419141 1.402023 3.048125
0.977894 2.490590 -2.710687
1.651710 2.585166 2.358501
0.372671 2.356424 -2.874969
0.923564 3.905494 1.465856
0.112908 3.830031 1.764451
1.944367 3.335772 -1.468469
0.581694 1.639048 -3.014980
0.004648 2.152825 2.943338
0.528342 3.594523 2.025173
1.452165 1.836711 2.726961
-0.164118 3.614300 2.010640
0.617647 1.394782 -3.024826
1.794760 3.281905 -1.697414
-0.242065 4.225362 0.906389
0.931833 2.578279 2.685131
2.575457 -3.384025 -0.355330
2.232189 -3.703358 0.150630
2.544015 -3.402001 0.410859
1.434441 -3.774642 1.016977
1.404994 -4.028186 -0.218185
2.287359 -3.602328 0.489470
2.082726 -3.756392 0.406226
2.394217 -3.192977 1.085227
2.418636 -3.551230 0.253003
2.092563 -3.616055 0.801588
1.767412 -3.915956 0.333730
1.562770 -3.650812 -1.166911
2.488003 -3.093197 -1.077033
1.944285 -3.779423 -0.591737
1.763519 -3.705219 -0.957923
1.554669 1.220415 -2.832102
0.668324 -0.371114 2.987300
0.490630 -0.279184 2.979978
1.393501 0.915046 -2.949814
1.065397 -0.029170 -3.049196
1.372128 0.575024 3.013308
0.162759 0.208088 -2.948536
1.669047 0.174711 -2.981417
1.686960 -0.113564 2.959459
1.208394 1.105805 -2.918180
1.427302 -0.565651 -2.925305
1.592526 0.559904 2.978220
0.271024 0.424199 -2.969004
0.642326 -0.168768 -3.017064
0.703507 0.341881 -3.044677
1.570268 0.752466 2.953987
1.130731 0.202944 3.056322
1.121360 -0.421424 2.990113
1.262535 0.305330 -3.045649
0.608281 4.458602 0.234665
1.618779 3.703847 -1.297857
0.148597 4.370810 0.471860
1.460492 4.132357 0.778211
1.164712 4.195653 0.891013
2.135095 3.498631 0.944984
2.324397 3.583927 0.255631
1.653007 3.842654 1.098885
1.158074 4.371274 0.329732
2.285952 3.570792 -0.479459
1.600843 4.209368 0.239527
0.570085 4.433954 -0.399557
0.264241 4.443329 0.096101
0.300700 4.351274 0.645184
1.716631 4.033675 -0.669136
2.208949 3.743046 0.142803
1.334745 4.043196 1.059959
0.838208 4.267021 0.885111
1.825010 3.991102 0.581659
1.819148 3.659928 1.164278
1.551800 3.856431 -1.169828
0.562160 4.416529 0.482504
0.939128 4.444267 -0.007809
1.585353 3.979011 -0.953707
2.163290 2.716668 -1.944724
2.791426 2.498574 -2.172506
3.651505 -0.208684 2.752706
4.308627 0.234107 -2.424998
4.002100 2.401754 1.680358
4.397997 1.979440 1.724100
4.256356 2.216355 1.639176
4.152802 0.348347 2.540604
4.453999 2.412308 1.082256
2.752909 2.968040 1.589655
3.367101 0.677100 -2.902449
2.454790 -0.173700 3.011073
4.165024 0.279121 -2.530784
3.009417 1.858256 -2.614686
2.924162 2.797022 1.803326
1.707917 1.804481 2.600510
4.915930 0.702428 1.777716
4.564026 0.382112 2.209834
4.610822 2.182580 1.184195
4.983096 1.953897 0.655057
2.378963 -0.516738 -2.927520
2.152209 1.506246 2.826354
2.557653 0.343712 -3.057889
3.755898 -0.032570 -2.736484
1.887806 1.184385 2.896427
2.930438 1.745632 2.690981
4.427598 2.216508 1.427400
2.484735 2.323425 2.356112
4.116517 1.554892 2.275228
4.372522 0.789841 2.341429
1.655032 0.858212 2.915242
4.227382 0.534435 -2.483673
2.121140 -0.854877 2.784554
3.281467 2.163719 -2.335599
3.148153 2.792035 -1.735626
5.010566 1.508727 -1.224721
3.832084 2.518593 1.683809
4.755572 2.367228 0.228143
2.743324 -0.175146 -2.996242
1.974160 0.493949 -3.020694
4.804316 1.613827 1.504848
2.474747 -1.068485 -2.699997
2.304748 0.114144 -3.045840
3.338757 1.140064 2.824539
2.104120 -0.976852 -2.725500
3.166646 1.985558 -2.498065
5.291490 1.494163 0.117602
3.030900 -0.644354 -2.826951
4.630356 1.977925 -1.420184
2.713427 1.604654 2.787754
2.436512 -0.599913 2.901776
2.310552 -1.568913 -2.362329
2.221829 2.158934 2.473246
2.347015 2.819776 -1.832567
2.723742 1.446513 -2.851503
5.107495 1.260807 1.223189
2.161081 2.214721 -2.425547
2.048583 1.339486 2.875254
3.345195 0.462086 -2.923920
3.667930 -0.001011 2.781243
4.087876 1.593928 -2.275416
1.815579 -0.029355 -2.967139
3.276954 -0.298684 2.868207
1.724424 0.286763 2.972166
1.895894 -0.757477 2.790232
4.896242 2.114300 0.573217
2.055441 1.160815 -2.930286
3.935917 1.523452 -2.412544
2.514999 1.960932 -2.613806
3.571992 -0.072111 -2.811104
2.840156 2.177946 2.438285
3.308717 0.892002 -2.889734
2.898065 2.543894 2.107171
4.151578 0.630205 2.528303
2.420986 1.575788 2.812831
4.421526 2.348989 1.247000
3.458754 1.256953 2.748874
4.420638 1.368655 2.115450
2.760537 1.700507 -2.738366
4.737763 1.121102 1.885620
3.818637 2.611823 -1.569455
2.578313 -1.170098 2.640203
2.402683 2.672895 -2.015957
3.132498 1.515066 -2.754260
3.354252 2.402987 2.100787
4.358826 0.898417 -2.330697
3.371074 -0.697902 2.726551
4.246044 -1.736746 -2.229848
4.540160 -2.837081 -0.634268
5.622308 0.682528 -0.547355
3.040912 -3.212752 -0.458429
2.763443 -3.132405 -0.674996
4.798928 -1.214213 2.129965
2.714143 -3.032769 0.957975
3.546491 -2.346073 2.014011
4.070112 -0.946508 2.568125
2.882758 -1.365715 -2.579701
4.828520 -0.491790 -2.218395
3.894068 -3.110866 0.581782
5.575650 -0.428492 1.400998
4.713298 -2.810314 0.202413
4.292324 -2.257304 -1.827569
2.700238 -2.999200 -1.034745
2.650863 -1.758724 2.371395
4.108160 -3.097520 -0.275889
4.052082 -0.132916 2.579599
4.342228 -2.842420 0.926299
4.980734 -2.256206 -1.184793
5.040810 -2.237755 1.119428
5.344261 -1.423180 -1.480662
5.139946 0.835567 -1.408993
5.683777 -1.420455 -0.802863
5.606050 0.803555 0.266501
5.820194 -0.029093 0.721376
3.180476 -3.215879 0.475292
3.626430 -0.516846 -2.706744
5.463509 -1.422653 -1.293922
3.067274 -3.082351 -0.950828
4.562214 -2.371277 -1.511220
5.800851 -1.363620 0.393248
3.500621 -3.229381 0.283788
4.287571 -1.813937 2.166192
3.314989 -2.542513 -1.842580
4.067279 -2.651530 1.498318
5.704094 0.638756 -0.068530
5.242658 0.917353 -1.163229
3.639211 -2.602404 1.728461
2.561824 -2.301778 1.968417
3.581189 -3.073488 -0.921890
4.062437 -2.791003 1.280454
5.486231 -1.092720 1.434443
5.460656 -0.272948 1.560894
5.726247 -1.029324 0.992005
2.922856 -3.019361 -1.074972
5.091279 0.368169 1.794305
4.352900 -2.987778 -0.371996
4.701274 -2.181478 -1.599755
3.344175 -1.536388 -2.538278
4.382002 -2.803251 -0.973665
5.953333 -0.727997 -0.112359
5.366824 -1.026051 -1.629256
4.603781 0.351166 -2.197523
2.784837 -2.914151 1.251755
5.879509 -1.173537 -0.165769
5.340706 -0.624701 -1.734691
2.973392 -1.176266 -2.644419
5.501349 0.897631 -0.547644
2.864859 -2.623051 1.714455
4.380708 -2.236834 1.792927
5.454367 -2.091574 -0.249987
4.965387 -2.594506 0.411614
4.022433 -1.221368 -2.522772
3.436779 -3.178441 0.620154
5.756638 0.296917 -0.646777
3.891816 -2.311620 -1.959881
5.865324 -1.163054 0.340691
5.235445 -0.538882 1.858291
3.889915 -2.430819 1.844663
2.937641 -1.773603 2.415560
5.052633 -2.477041 0.575912
2.977642 -2.609730 -1.750491
3.199427 -2.072069 2.254296
5.257446 -1.352845 1.635300
2.883270 -2.724755 -1.585759
5.820436 -0.683458 0.857826
4.345300 -0.779706 -2.483863
4.818950 -2.497164 1.025191
4.956536 -1.692004 -1.768245
2.652497 -2.649509 1.621230
5.425919 -1.656124 1.168681
3.130149 -2.686221 1.670897
3.092094 -1.618965 -2.502759
2.776297 -1.394403 2.553605
5.277972 -1.622495 1.438611
4.399547 -2.503319 1.478428
3.922796 3.252609 0.004870
4.558336 2.520250 -0.572584
4.059500 3.144470 -0.245646
2.551417 3.549258 -0.163977
3.002081 3.521495 -0.403439
4.147551 2.934300 0.717838
2.788613 3.481304 -0.610819
3.909783 3.045773 -0.865352
4.166314 2.954289 -0.634728
2.547249 3.429996 -0.721796
3.880144 3.262241 0.242239
3.555696 3.102330 1.106140
2.924086 3.394339 0.842428
2.550203 3.423165 0.741629
3.493099 3.211333 -0.966301
3.439430 2.981292 1.334805
2.412255 3.500287 0.382723
3.642982 3.320183 0.546220
3.221056 3.510123 0.269625
3.545260 3.319353 -0.676321
2.875860 3.130108 -1.303366
4.388893 2.765615 0.539353
-3.737766 -3.406891 0.164050
-5.346252 -2.397484 0.354391
-4.510670 -3.148524 0.261299
-3.993959 -3.341070 -0.311164
-4.625963 -2.106945 1.764844
-4.884063 -2.844525 0.540879
-5.180182 -2.155276 1.159588
-4.131383 -2.766729 1.494269
-5.530409 -2.014914 -0.520268
-5.651968 -1.858619 -0.140977
-4.579449 -3.025553 -0.644502
-5.209796 -2.604788 0.174071
-4.436955 -2.485571 1.608591
-3.921069 -3.026682 1.236226
-4.775769 -2.919569 -0.569957
-4.252882 -3.264358 -0.266110
-4.726825 -2.497077 1.367433
-4.636277 -2.800659 1.059481
-5.539014 -1.971980 0.562287
-4.561156 -3.113909 -0.314305
-4.391412 -2.875371 1.182339
-4.437078 -2.979804 0.954148
-3.685449 -2.578512 1.816804
-5.494135 -2.207617 -0.097276
-4.037026 -3.296806 0.496025
-4.187656 -3.302536 -0.077535
-4.397469 -3.026075 -0.899360
-3.913978 -3.374812 0.168794
-5.478415 -2.170455 0.400857
-3.711524 -3.274906 0.807608
-3.904669 -2.492787 1.839942
-3.795334 -3.271890 -0.778954
-4.284029 -3.164863 0.671044
-3.312120 -0.175259 3.033328
-3.334146 -1.997965 2.396787
-3.477675 -0.013059 -3.015429
-5.274822 -1.147926 1.886124
-4.608431 -1.945538 -1.936774
-4.257690 -0.661470 2.768052
-5.554251 1.059364 1.358247
-3.793419 1.226519 2.628622
-5.345628 1.921224 0.088065
-5.476405 -1.500648 -1.345659
-5.268102 1.448726 1.439898
-5.552810 1.589181 0.547034
-5.253963 -0.554906 2.118916
-4.489093 2.141750 1.462626
-3.991953 1.056507 2.652629
-4.176453 1.624299 -2.235202
-5.656295 1.359886 -0.724277
-5.672940 -0.583721 1.579934
-5.605745 -1.682731 0.809072
-3.683389 -0.686015 2.935992
-4.922495 1.986411 1.201814
-4.544100 1.116580 2.369455
-3.798964 -1.485529 2.638987
-4.418118 -2.098329 1.925875
-3.770422 -1.231937 2.760468
-4.732037 -0.408921 2.559491
-4.943275 1.004495 -2.140657
-3.321066 -1.596622 -2.660769
-5.536025 0.594920 1.683071
-4.805665 2.364792 -0.316616
-5.782349 -1.173734 -1.026474
-5.906903 -1.100494 0.720616
-3.700533 -1.981259 -2.347473
-4.754693 1.972916 1.442379
-4.264429 2.508168 -0.948502
-4.042153 1.846802 -2.104393
-3.751568 -2.264165 2.080105
-5.711616 -1.523070 0.763257
-5.429881 -1.559659 1.365473
-4.694808 2.416459 -0.448865
-4.752908 1.293718 -2.120492
-6.009744 -0.488060 -0.856990
-5.483351 1.715883 0.422813
-5.844021 1.118815 -0.447497
-3.547147 1.521242 -2.508155
-3.946119 0.892456 -2.735110
-5.670839 1.424084 0.503577
-5.217221 -1.803706 -1.432610
-4.405726 0.761208 2.599715
-3.410785 -2.237889 -2.180894
-6.057365 -0.379965 -0.720900
-4.534427 1.594840 2.051901
-5.403412 0.944671 -1.679437
-4.920583 -1.903297 1.694461
-4.241410 -2.124536 2.008848
-5.354386 1.041873 1.679913
-4.190800 1.780506 2.095123
-4.880194 2.314369 0.304393
-5.504250 -0.723382 1.785490
-5.036333 -1.393570 -1.994071
-5.507012 0.499606 -1.761714
-5.000488 -1.703990 1.799676
-4.727898 -0.383964 -2.564591
-3.873313 -0.211548 -2.942738
-4.576388 2.502574 -0.337674
-5.873760 0.809617 -0.848773
-5.144380 2.113998 -0.182586
-4.948385 -1.315266 2.120563
-6.142787 0.104291 -0.080440
-6.139976 -0.245869 -0.269526
-5.971881 0.003386 -1.025638
-5.707398 -0.733966 1.470721
-3.312418 -2.000965 -2.396361
-4.307750 1.058750 2.525209
-6.114711 -0.615237 -0.104839
-5.025210 2.222078 -0.063229
-5.367084 -0.970685 -1.864328
-5.585731 -0.362104 -1.755586
-5.688397 0.972903 -1.171393
-4.692313 0.491976 2.519756
-3.650841 1.226094 -2.661634
-3.535394 -2.060112 2.319636
-5.655439 0.611476 1.488396
-3.701807 0.050826 2.976411
-4.202448 0.834115 -2.665630
-5.799460 0.885199 0.987736
-3.852314 -0.470373 2.930467
-6.057671 0.579632 0.236120
-4.503608 0.682988 -2.575080
-4.456017 -1.106330 -2.551084
-4.239719 0.330667 -2.784132
-4.575079 2.032085 -1.544022
-4.255586 1.871702 -1.971550
-4.214926 2.263330 1.499467
-4.587403 -0.688210 -2.602021
-4.708463 -0.178424 -2.587883
-5.881745 -0.345779 -1.240136
-6.091446 -0.207113 -0.608802
-5.629930 1.537481 0.305493
-3.885652 -1.108377 -2.776672
-5.737160 -0.781979 -1.395888
-5.118958 0.083860 -2.273819
-4.127029 0.229779 2.842084
-5.098185 1.290582 -1.803980
-4.827896 -1.706091 -1.963095
-4.493417 2.422136 -0.876736
-3.739883 0.554015 -2.892503
-4.999716 0.433782 -2.313968
-3.731254 0.906535 2.786224
-5.900774 -0.508858 1.157079
-5.396975 -1.442624 -1.527822
-3.315045 -1.081775 -2.883742
-5.792334 -1.467413 0.554447
-5.247997 1.582488 -1.310097
-4.138221 -1.495640 -2.521299
-4.573723 -1.613631 -2.222922
-5.435283 0.130069 1.943886
-3.556910 -0.450470 2.991560
-5.717896 -1.640866 0.458696
-2.402867 -0.938512 -3.223662
-2.018577 -0.303552 -3.382427
-2.127998 -0.463802 3.357295
-3.160140 -0.064964 -3.105093
-2.152164 0.713975 -3.289475
-3.253612 1.085586 2.839784
-2.444571 0.619821 -3.263630
-2.009157 0.137410 3.386254
-2.733624 0.313441 -3.240781
-2.061447 -0.209945 3.384547
-1.064561 0.269448 -3.308686
-2.543579 1.022663 3.130476
-3.277316 0.892804 2.897893
-3.007125 -0.172740 -3.166877
-3.038270 -1.296189 -2.904004
-2.276401 -0.003432 -3.362384
-1.405409 0.158179 -3.372871
-3.299666 0.681078 -2.947586
-1.631275 -0.181724 -3.394732
-2.632791 -0.984749 3.157049
-2.788196 -0.292319 3.237142
-3.080252 0.525832 3.084602
-1.874391 -0.863159 3.301990
-3.033710 -0.146527 3.157243
-2.343056 -0.521623 3.320122
-1.896634 -0.447091 3.375567
-3.078752 -1.744167 2.649527
-2.457566 -1.085944 3.168469
-2.796563 -2.890568 2.305071
-2.053745 -1.299606 -3.219501
-0.507399 -4.068213 1.748399
-0.361665 -4.486399 0.564396
-2.147509 -2.919802 2.677229
-1.434626 -3.411364 2.529777
-3.267454 -3.659004 0.402054
-2.639446 -2.021967 -2.840085
-1.733847 -2.656139 2.969357
-0.392745 -1.440584 -3.341778
-2.871768 -1.902877 -2.723788
-2.396914 -3.951276 1.371398
-3.183600 -3.304025 1.472563
-1.767085 -3.424056 -2.433367
-2.142820 -3.096730 2.556304
-3.341273 -3.422190 -0.964605
-0.693803 -4.361372 -1.191174
-1.574936 -4.241271 1.367648
-1.497014 -3.061073 2.787832
-2.108950 -2.532290 2.906675
-2.621133 -3.557894 -1.791034
-2.534263 -2.406820 -2.759961
-3.345654 -2.464373 -2.066656
-0.371064 -3.878055 1.993037
-0.494237 -2.574859 -3.068430
-1.800282 -2.328286 3.092816
-2.567258 -3.273777 -2.156114
-0.189128 -3.154870 -2.662617
-1.349211 -0.639353 3.333435
-1.423671 -0.998691 3.363747
-2.959174 -2.481575 -2.432413
-3.134093 -3.672220 0.831951
-2.431852 -2.190308 2.899777
-2.134576 -1.690499 3.153290
-0.165147 -4.298347 1.116799
-1.341837 -4.019886 1.844587
-2.415877 -1.978566 -2.972317
-0.383001 -3.336182 -2.570483
-3.412930 -3.547981 -0.084829
-0.917401 -3.362647 2.613597
-0.916922 -0.967225 -3.392429
-2.761636 -2.328928 2.652620
-0.985164 -4.278574 1.418226
-0.085816 -4.339647 -0.924800
-1.194476 -4.476117 -0.836552
-1.325178 -4.361136 1.168712
-0.852943 -0.711213 3.364417
-0.893568 -0.650302 -3.356338
-1.599328 -2.484591 3.078892
-3.088633 -2.950015 1.988224
-0.616067 -4.554534 0.327766
-2.862821 -3.325220 -1.843348
-0.670562 -0.208564 3.242246
-0.055484 -4.333186 0.917385
-0.891735 -2.196413 -3.246327
-1.514060 -4.384713 -1.022008
-0.527616 -0.574260 3.315145
-0.263149 -2.488549 -3.061949
-1.291034 -4.553417 0.363588
-1.666962 -3.604373 2.287549
-0.365617 -0.314486 -3.230351
-0.904877 -3.171685 2.761047
-1.198792 -1.699162 -3.353391
-1.795884 -3.558515 -2.292395
-0.292653 -1.478180 3.319981
-0.603798 -2.480559 3.123984
-2.370414 -3.065753 -2.462647
-0.226042 -4.497188 -0.254675
-3.197696 -3.626686 -0.797784
-1.230093 -3.744809 2.226194
-3.163342 -2.369405 2.310561
-2.055182 -3.910316 -1.722311
-3.204279 -3.554740 0.976057
-0.674964 -4.493930 -0.741308
-2.895595 -3.490943 1.592761
-1.796571 3.280467 -2.629752
-3.565809 3.370725 -1.154336
-1.939106 3.994462 -1.804671
-2.684006 1.264851 3.064023
-0.818465 4.225525 1.513262
-2.938276 3.888354 -1.176810
-1.858252 4.543938 -0.044870
-3.291267 2.753975 -2.199831
-1.040440 2.488247 3.144426
-3.501157 1.584120 2.484883
-1.485460 3.798688 2.182791
-0.554832 0.271782 3.202413
-1.673514 1.056794 -3.365140
-4.139756 2.844227 -0.549968
-3.530764 2.960934 1.761322
-1.288530 4.288904 1.432395
-1.607575 3.668702 2.310801
-1.796327 4.533968 0.380437
-3.355741 2.022758 -2.509099
-2.267039 4.303307 -0.924384
-1.479814 4.517979 0.721757
-1.026998 4.557302 0.544890
-2.111364 1.000016 -3.272254
-3.981354 2.489911 -1.496729
-1.874438 3.498530 2.422039
-1.542194 4.256855 -1.464540
-2.799273 3.559288 -1.871487
-0.819049 1.611721 3.352857
-0.967506 0.972095 -3.383137
-2.807139 2.725064 -2.589844
-1.912209 2.416385 -3.099149
-0.921150 3.416750 -2.567045
-3.001217 2.124793 -2.741031
-2.173611 3.360795 -2.447969
-1.643299 4.484735 -0.790917
-4.103145 2.828740 -0.752351
-1.409164 1.295715 -3.393071
-2.716893 2.524198 -2.748988
-1.198960 2.481196 -3.151911
-2.449327 3.945705 -1.588559
-4.085323 2.521166 -1.253876
-4.119603 2.967252 0.044050
-1.789635 2.869456 -2.908560
-3.240150 3.659281 1.194776
-3.225809 2.135127 2.576781
-0.833099 2.396331 -3.162390
-1.834509 2.207044 3.189105
-1.727839 2.723030 -2.998828
-0.879722 2.757656 3.007208
-1.390359 4.030296 1.884988
-0.788229 0.771959 -3.345473
-3.837998 2.360416 -1.824682
-2.461636 3.223754 2.434559
-1.624422 0.955907 3.365527
-2.189899 3.764414 -2.014663
-0.579891 0.972230 -3.332611
-2.230128 1.638386 -3.214915
-2.173033 3.536129 2.281977
-0.804242 1.163919 3.375257
-0.879620 3.854648 2.106240
-3.107700 3.745384 -1.231875
-1.366107 4.283156 -1.438468
-3.138456 2.513812 -2.477344
-1.766864 3.204082 2.694533
-1.263805 4.075219 -1.823924
-2.122691 3.124257 -2.655414
-1.447598 2.786467 3.001232
-1.930143 1.063798 -3.320122
-1.440895 4.443490 1.013961
-1.024993 1.866238 -3.330126
-1.331588 1.832729 -3.339639
-2.181435 4.237814 -1.195512
-0.966632 0.438171 3.303028
-1.217417 2.056641 3.291948
-1.851042 4.149513 1.577527
-1.140850 3.778773 -2.222052
-1.253213 3.284558 -2.690576
-2.639068 3.831355 1.622095
-4.070425 2.476681 1.331396
-2.519880 2.524496 -2.847895
-1.010996 4.483220 0.884167
-1.997997 4.315376 -1.129238
-2.702197 1.530952 -3.038482
-1.984875 -4.496472 -0.051138
-1.854356 -4.522163 0.122521
-1.482867 -4.560307 -0.158971
-2.790530 -4.130240 0.034783
-2.384937 -4.359389 0.057892
0.808939 -2.007388 3.236069
0.212764 -4.293610 -0.993437
0.558852 -1.383766 3.379644
0.391536 -1.416880 -3.379855
1.353614 -3.398565 -2.263818
0.192041 -3.774297 2.020038
0.784411 -4.389490 0.493711
1.815918 -4.006004 0.897279
0.814402 -2.930811 2.800370
0.467472 -2.456275 -3.093667
0.046815 -3.969390 -1.701971
1.701122 -3.125764 2.355937
2.250604 -3.436194 1.559835
1.699017 -3.732151 -1.633298
1.139199 -2.321518 3.064620
-0.177306 -1.874591 3.246737
2.291684 -2.642402 -2.332741
-0.208545 -0.792509 3.335173
0.178044 -0.556633 -3.356988
0.558249 -1.316930 -3.385657
1.920129 -1.247224 3.035219
1.606426 -1.930174 3.054162
2.611655 -3.202572 1.424334
1.373114 -1.921032 -3.138785
2.480626 -3.489287 -1.128202
1.481115 -1.162514 3.221842
1.792061 -3.645121 1.696231
1.033037 -4.122548 1.305499
1.509510 -4.215620 -0.542214
0.533887 -4.442453 -0.127446
0.366970 -3.496095 2.358585
0.263645 -3.354659 2.493562
1.782947 -3.089480 -2.341045
0.512516 -4.313447 0.938497
1.125987 -2.638922 -2.915765
1.340246 -4.314941 -0.037187
2.030530 -3.351244 -1.896668
2.138541 -2.485828 -2.544060
1.493009 -3.308867 2.292077
1.384231 -3.789501 1.753424
0.367336 -4.334153 -0.869698
2.504793 -2.942551 -1.882263
1.778279 -2.325719 2.833603
0.248181 -1.604215 -3.350616
2.367764 -3.585712 1.117720
2.349732 -3.184017 1.788228
1.214350 -4.302006 -0.553515
0.468901 -3.899902 1.849015
2.296417 -3.488697 -1.417015
2.333027 -2.300418 2.501519
0.319926 -3.228128 2.607300
0.214552 -2.877338 2.859489
0.327491 -3.555626 -2.294250
0.067399 -3.095072 2.693671
0.076500 -0.167327 -3.268035
0.043065 -0.362767 -3.311050
1.074032 -4.350752 -0.441868
1.847917 -2.701490 2.594370
0.917863 -0.743874 3.346756
2.355192 -3.512650 1.290022
1.050530 -3.800858 1.885972
1.042606 -2.088361 -3.172526
1.288894 -4.112254 1.174174
1.612368 -2.577054 2.784429
0.601964 -4.403271 0.507975
1.527774 -2.099763 -3.030373
-0.278243 -0.955844 -3.330186
0.476508 -4.425840 -0.375123
0.084573 -0.223627 3.283468
0.028253 -3.379659 -2.445763
-0.015489 -1.802917 -3.288728
0.145050 -4.132055 1.406981
0.817751 -3.678431 2.112880
0.664747 -3.969337 -1.718427
1.969395 -1.647243 2.956451
0.492693 -3.732537 -2.083712
-3.145836 4.083154 -0.116436
-3.129853 3.891363 0.890054
-2.804893 4.215759 0.475193
-3.570552 3.724314 0.234879
-3.328199 3.957095 -0.043511
-2.946642 4.110667 0.614030
-3.436999 3.751434 0.636625
-2.917620 4.215389 -0.010781
-3.834506 3.307714 0.536977
-3.425919 3.680671 -0.820988
-2.401536 4.374731 0.348745
-3.711045 3.489284 -0.527144
-3.194291 3.943494 -0.655977
-3.621576 3.593441 0.542822
-2.959302 4.015093 0.855097
-3.913681 3.268017 0.255859
0.606436 0.920929 3.345534
0.107792 4.707331 0.392019
1.642849 2.680075 -2.745562
0.467417 4.716009 -0.053557
0.210220 3.573984 -2.554167
1.203832 2.225658 3.109329
2.038093 3.998262 -0.955761
1.796282 3.633889 1.890753
0.102259 2.936792 -2.996037
0.503729 2.215895 -3.264571
0.509454 4.657776 -0.605087
0.477729 0.724680 -3.330442
-0.068015 4.523193 -1.146436
-0.020468 4.044707 -2.039646
1.070542 4.413693 1.106052
1.094029 2.228777 -3.143185
1.812022 3.468923 -2.062997
-0.501777 3.924121 2.096501
2.241709 3.114159 -2.010644
1.583656 3.877523 -1.744708
1.129803 3.811177 -2.112889
1.998432 3.610476 1.726169
0.205874 1.214225 3.397698
-0.480001 3.093943 2.835656
2.254156 3.392525 -1.708841
-0.216932 3.171860 2.833252
1.097599 4.328267 -1.301080
-0.611245 3.215173 -2.722786
1.901478 3.875986 -1.430236
0.242565 4.675443 0.603165
2.025713 2.976682 -2.316695
-0.114348 3.952421 2.147095
-0.052128 3.469484 2.634300
-0.266691 4.464614 -1.247022
1.552114 2.336895 2.933879
0.184199 4.584611 -0.984641
-0.441526 3.145498 -2.811437
0.860744 2.464639 -3.127585
1.378036 3.627395 -2.190670
-0.590053 3.031204 -2.847002
2.025287 3.911931 1.189375
-0.353179 4.460503 1.224589
0.754125 1.251060 -3.346662
1.904439 2.934133 2.437887
0.239493 0.760442 -3.350933
-0.461598 2.826412 -2.989343
1.753013 1.983091 -2.931684
0.875148 1.056872 3.312560
-0.571136 4.644298 0.210337
1.850741 2.256276 2.800450
-0.617614 4.470016 1.048281
0.849330 3.316179 -2.672237
-0.130826 4.712828 -0.186820
0.445470 1.152828 3.383297
1.247727 3.567014 2.318053
0.505136 0.993488 -3.365566
-0.789036 4.511220 -0.736645
0.436264 3.469897 2.627922
1.596987 3.220135 2.433637
-0.068451 4.324418 -1.594962
0.439524 4.680813 0.506303
0.019150 3.638109 2.492947
0.262726 4.148996 1.898652
0.185250 0.552252 3.309656
-0.457695 1.527693 -3.337683
0.629450 3.898520 -2.178057
0.054365 1.102032 -3.390692
0.702445 1.040689 -3.343844
-0.184420 0.936099 -3.359499
-0.365833 0.871808 3.327717
0.713557 4.187355 1.758085
1.576335 3.617803 2.078564
1.540805 2.017154 3.029920
-0.193488 2.487811 -3.177388
0.585042 4.554061 0.993455
2.386361 3.870817 -0.384003
0.642109 3.318138 -2.715881
1.720017 2.264485 -2.872687
1.141763 4.000613 -1.861496
2.004984 3.599752 -1.733294
1.302330 3.079473 2.682300
1.947391 2.727938 -2.531877
0.852872 4.465878 1.117161
0.261098 4.725457 -0.152598
0.109120 4.523849 1.165917
-0.009225 4.657394 0.680187
-0.334206 3.632351 -2.453013
2.129449 -3.823654 -0.952190
1.964393 -4.124210 -0.020812
2.428234 -3.776812 -0.583906
2.536655 -3.744798 -0.381735
2.474097 -3.687626 0.732096
2.340765 -3.682022 -0.959979
2.654479 -3.573284 0.614638
2.792344 -3.513956 0.325896
2.492957 -3.812704 0.146026
2.801753 -3.536559 0.010117
2.083584 -4.005499 0.525589
1.944893 -4.013934 -0.715675
2.326534 -3.919710 -0.245298
0.477511 0.370716 3.358820
1.610508 -0.394983 3.285360
1.410616 0.129454 3.371715
1.089880 -0.315559 -3.356821
1.194368 1.003125 3.300159
1.736739 -0.533554 3.229692
1.460984 1.054055 3.259330
1.120016 0.573978 -3.377984
0.979969 -0.366687 3.350128
1.544751 0.940188 -3.273266
1.120866 0.329052 3.395162
0.800106 0.940538 -3.316426
1.305394 0.858063 -3.322561
0.656441 4.698240 0.244171
2.112489 4.159908 0.221219
1.919325 4.164351 -0.761791
1.640977 4.468234 -0.141462
1.441416 4.457561 -0.665164
1.908000 4.271921 -0.447121
1.108028 4.653769 0.114397
1.946492 4.185675 0.654453
1.238936 4.538072 -0.625298
0.973303 4.657544 0.338673
1.404971 4.393065 0.880500
5.610761 1.607668 0.156302
4.007247 1.681652 -2.722085
3.574436 3.066496 1.739395
3.441408 0.598887 3.243475
2.961722 1.421104 3.192695
4.328388 2.694469 -1.620056
3.859614 0.484149 -3.090777
3.645569 3.071143 -1.683753
3.324690 3.008726 -1.958096
5.197168 1.637182 -1.547968
1.871369 1.421867 -3.181889
1.769588 0.495526 -3.329434
4.263789 2.364230 2.070941
4.552491 1.556427 2.392481
2.941639 -0.239071 -3.308054
1.877256 -0.222062 3.298925
4.540063 1.183735 -2.553554
2.453633 0.947107 -3.350875
5.352392 1.291980 -1.507741
2.882863 -1.257632 2.952469
4.284673 2.198100 -2.201609
5.209172 1.263149 -1.771197
3.095326 -0.931909 -3.072773
2.369029 -0.117631 3.363754
4.498711 1.897679 2.241019
2.787498 0.838043 -3.350589
5.414978 1.374520 1.321718
2.412422 3.151679 1.956542
2.576375 2.895351 2.274277
5.534863 1.647071 0.632350
2.066523 2.155888 2.868806
2.683962 -0.002040 -3.371155
3.532353 3.291521 1.361967
5.410005 1.790718 -0.876414
2.153248 2.537335 -2.604151
4.440665 1.551114 -2.488942
5.033964 2.202606 1.231199
2.876075 2.634182 2.501085
4.671371 0.555429 -2.565156
5.086684 1.182806 1.983825
2.533169 3.497047 -1.334955
4.352832 0.409942 2.815639
4.123316 0.658429 2.944288
4.776196 2.833570 -0.271540
2.195817 -0.442166 -3.291663
3.889291 3.107895 -1.411304
1.935296 0.090803 3.349492
3.098496 2.484753 2.582484
2.686573 3.208914 -1.857559
4.411146 1.786630 -2.387557
2.582504 -1.172829 -3.026141
2.287751 1.384129 -3.241699
2.239709 2.828646 2.340540
2.593410 3.126306 -1.987061
2.063056 -0.622302 3.228795
5.240268 2.285900 -0.306648
2.509515 -0.238830 3.344238
2.338189 3.030489 2.115793
2.093742 2.295456 -2.780720
3.929501 2.274913 2.395721
3.277581 1.063551 3.223590
3.176300 -0.596132 3.176925
4.665277 1.511694 -2.310936
4.915013 2.455562 1.061397
3.330228 -0.273534 -3.219449
5.048759 0.847021 2.136953
3.960889 1.691024 2.743642
4.837543 0.600050 -2.407252
3.146064 0.350103 3.327374
2.652694 2.174225 -2.875270
5.101636 2.228163 1.032925
2.570617 3.483970 1.362301
2.977051 1.918829 -2.980688
3.592549 2.212861 -2.618614
3.799815 0.409979 3.119209
2.547405 1.870501 3.049964
5.105154 2.432558 -0.497383
2.997815 -0.191996 3.307534
4.067690 1.207839 2.869632
4.141201 2.163476 -2.340726
2.316931 1.778880 3.092182
1.911011 0.624271 3.347876
3.143348 -0.538049 -3.201376
2.552428 1.265689 -3.278562
2.466618 -0.244013 -3.343811
5.458012 1.347678 -1.242100
2.057106 0.826538 3.346699
3.449199 1.249477 3.128119
4.053740 0.428062 2.996071
3.005093 2.199298 2.811985
2.759637 2.276039 2.798987
2.601402 -0.613229 3.250702
2.755806 3.631099 0.915611
3.841904 -0.363477 -3.012559
3.790260 2.989616 1.703216
5.041564 2.569055 -0.000193
2.752548 -0.473457 -3.279227
5.106684 2.405006 0.593363
2.367996 0.476315 -3.397449
2.574775 0.988742 3.341032
2.281068 3.109765 -2.008216
4.505521 2.945932 0.833787
3.216796 -0.316057 3.239694
3.911125 1.932683 2.641868
3.818898 1.421942 -2.928320
3.430917 1.400514 -3.087609
2.566653 0.535390 3.393942
3.781326 1.863233 -2.748573
2.236601 -1.309283 -2.948107
2.186133 2.653898 2.506254
3.275608 3.417558 1.262595
1.799453 1.110784 -3.254731
4.992900 -2.513021 -1.469719
4.263485 -1.465963 2.697572
4.834798 -2.350070 1.820904
6.038899 -1.413695 0.736119
6.048383 -1.577064 -0.412770
5.790933 1.109913 0.085068
6.209307 -0.670607 -0.572575
3.001669 -2.698653 2.110054
5.760822 -2.189044 0.209938
2.812128 -3.508401 0.387130
6.183883 -1.082385 -0.432180
5.818615 0.499381 1.218330
6.256830 -0.601371 0.240770
5.353102 -2.256376 1.309441
3.127523 -2.098770 -2.597126
3.988659 -2.099581 2.484552
5.779185 -1.463416 1.357803
2.942225 -3.471823 0.676865
4.547914 -2.810647 1.503157
6.108099 0.177415 0.674002
3.173609 -2.542861 -2.270324
6.153725 -0.248101 -0.776781
3.468769 -1.773926 2.759665
5.813296 -1.636541 -1.145602
5.785032 -1.180693 1.505391
4.636533 -1.154774 -2.618293
5.968326 0.793006 0.009903
5.747985 -2.221394 -0.006339
5.057467 -1.118782 2.352924
4.855122 -0.453944 2.566627
4.311864 -1.421662 -2.693695
4.269298 -0.577275 2.855350
5.648128 -0.129962 -1.796713
4.566408 -2.607652 -1.760200
5.464974 -0.764053 -2.043603
5.914329 -0.932629 1.361405
4.219648 -2.594147 1.990685
3.443281 -3.335055 1.131855
4.067607 -1.569214 -2.727415
5.610576 -1.030949 -1.817425
5.659969 -1.856233 -1.242512
5.783460 -0.058487 -1.579091
5.546351 -2.486444 0.068457
3.584655 -2.248994 2.476103
4.604187 -0.913984 -2.681861
3.645737 -3.176805 -1.420572
2.752399 -3.290473 -1.162277
3.739034 -0.744710 -2.988344
4.527689 -3.148318 -0.807942
4.480541 -2.009939 2.336021
2.941893 -1.973211 2.655886
4.461715 -1.610228 2.556098
4.316974 -0.812746 -2.823097
5.436603 -1.420619 1.885047
3.728266 -3.099099 1.532559
4.598818 -2.918970 -1.270774
4.005167 -3.058572 -1.483895
5.907905 -1.299048 1.205252
5.693655 -0.263307 1.758530
3.401662 -3.077617 -1.636914
4.040942 -1.838322 -2.616636
5.741118 -2.158138 0.495596
2.443583 -1.938906 2.572791
4.076314 -1.373881 -2.791969
3.208584 -1.635498 2.828625
4.267497 -2.025058 -2.429058
5.636989 -2.135464 0.912116
5.170228 -2.807754 0.491849
3.760129 -2.874139 1.850604
3.833686 -1.817199 -2.682575
4.998649 -1.681187 2.181829
2.619282 -2.738682 -1.989369
4.628408 -2.180668 2.127742
5.445475 0.544132 1.784781
5.274283 0.175125 2.136851
5.765662 -2.170335 -0.285587
4.586867 -3.224442 0.299513
3.885658 -3.449122 0.489511
6.248819 -0.354766 -0.291256
4.821005 -2.983937 -0.800251
5.904191 -1.631223 -0.919719
4.949068 -2.725603 1.192130
5.731171 -1.970507 -0.935064
3.830350 -1.638594 2.762434
2.576487 -2.283447 -2.390563
6.106269 0.454588 -0.018293
5.880577 0.735861 0.787679
3.220819 -2.258563 -2.495098
4.812304 0.320939 -2.453445
4.864747 0.010983 -2.505357
5.753004 -1.018263 -1.617605
5.408717 -0.315619 2.107369
3.936059 -3.290937 -1.035277
2.889938 -3.116115 -1.548448
6.135852 -1.405142 -0.049931
4.776126 -1.208235 2.524291
3.125690 -2.809080 -2.000000
4.603086 -1.354809 2.579804
4.423797 -2.542185 -1.930981
6.261049 -0.631875 -0.163113
6.022162 0.333861 -0.835894
3.855544 -2.331237 2.360788
5.783461 0.793181 0.989371
5.288364 -2.034938 1.644626
2.868281 -1.897596 -2.687014
4.609015 0.101099 -2.635278
5.312076 -1.237505 2.093730
3.317360 -2.928634 1.855016
5.233589 -2.728408 -0.590053
3.282377 3.653805 0.697840
3.098974 3.630666 -0.857253
3.271614 3.749191 0.245099
3.370904 3.485493 1.058435
4.020824 3.455338 0.274942
3.876233 3.385577 -0.830245
2.633465 3.778548 0.347774
3.470052 3.557014 0.833361
3.037592 3.794583 0.114875
-5.314267 -2.852503 0.112734
-4.396825 -3.058784 -1.374221
-5.280267 -2.664865 0.887702
-3.914804 -2.951178 1.743330
-3.788071 -3.514779 0.822795
-5.503920 -2.322463 0.946449
-4.316648 -2.699080 -1.835022
-5.030051 -2.692775 -1.254519
-3.830746 -2.807465 -1.910015
-4.620899 -2.797879 1.542607
-4.025950 -3.127138 -1.485903
-4.530945 -3.226507 -0.947083
-5.291789 -2.446110 -1.187137
-4.108644 -3.453839 -0.790489
-4.356418 -3.462947 0.411128
-4.692614 -3.328910 0.215927
-4.875787 -3.155878 -0.551026
-5.572079 -2.537690 -0.067457
-4.441740 -2.858080 1.602709
-5.513280 -2.601779 -0.244466
-4.255913 -3.448153 -0.649940
-4.738994 -3.090681 -0.979975
-5.068956 -3.014808 0.524365
-4.057956 -2.734682 -1.911569
-4.150443 -3.278038 1.176081
-5.148957 -2.521878 1.307453
-5.797170 -2.135009 -0.154600
-4.777434 -3.105477 0.891654
-4.116710 -3.091827 1.494247
-4.269124 -2.846537 1.714603
-5.158954 -2.384276 -1.436776
-3.754433 -3.181965 1.496963
-4.938655 -3.075449 0.669945
-3.977234 -2.757746 1.916938
-4.644243 -3.294074 0.572449
-5.059667 1.088175 -2.425905
-4.468545 -0.002453 3.054132
-5.208909 -2.129845 1.684361
-5.605865 1.310146 1.692940
-6.391076 -0.064923 -0.660142
-6.026131 -0.750284 1.526170
-5.442832 2.012571 -1.058330
-6.302444 -0.713689 0.828645
-4.569596 -0.470371 2.992388
-4.371305 1.641948 -2.534195
-4.864530 -0.973541 2.724698
-5.822004 1.651662 0.796403
-5.005823 -1.465847 2.418087
-6.028947 -0.956273 1.421030
-4.522405 -0.878165 -2.941872
-5.987527 -1.638259 0.825799
-4.898814 1.518506 -2.289560
-5.788687 1.027516 -1.631495
-6.128046 1.294018 -0.193044
-6.391422 -0.393335 -0.612870
-4.274434 2.406700 1.828819
-5.024855 2.354351 1.141692
-5.195488 1.416002 2.103476
-3.638871 -0.598983 -3.270599
-5.548208 -2.091086 -1.205346
-6.182361 -1.394851 0.440256
-4.996507 -1.378200 -2.471209
-4.513027 2.622021 1.261071
-4.116552 -0.317222 3.185230
-5.261181 2.245643 -0.935432
-5.213462 -2.080842 -1.735077
-5.251237 2.355237 0.618476
-3.625475 -1.230345 3.119895
-4.481342 2.159360 2.005135
-6.350514 0.119187 0.798817
-4.322391 -1.190790 2.935887
-5.541978 -0.836393 2.191461
-5.391948 -0.056487 2.446442
-3.893238 1.698523 2.681611
-6.191238 -0.827412 1.113682
-5.664923 0.786520 1.952868
-5.266986 -0.853127 2.457397
-4.127841 1.157473 -2.909990
-5.845489 -1.238921 1.585723
-3.771773 -2.741733 1.996341
-4.359940 -1.579285 2.749659
-4.345900 -2.030581 -2.468508
-5.427819 0.907578 2.174407
-5.905683 0.614279 -1.678432
-4.102505 2.003714 -2.367503
-3.480738 -1.420390 3.067693
-3.791936 -1.569264 2.946589
-4.184235 2.055755 2.282727
-5.717410 -1.532927 -1.570291
-5.964864 1.365796 0.885006
-5.234569 -0.242284 -2.583459
-5.791255 1.278572 1.413609
-5.915284 -0.603811 1.766239
-5.341524 2.347594 0.162767
-6.268452 -1.225014 -0.234794
-4.192649 1.511284 2.699706
-6.133320 1.257217 0.331219
-4.540890 -0.416871 -3.011566
-3.956987 -1.391568 2.984511
-6.221218 1.094023 -0.029499
-5.499383 -0.874979 -2.225396
-6.329593 0.775383 0.032997
-5.548513 -0.389508 -2.278720
-5.636714 -1.771589 1.469058
-5.223636 -0.965966 -2.459707
-5.880518 0.351512 -1.812423
-4.543822 0.331516 -2.985638
-5.189380 -1.502741 -2.240475
-3.758648 -2.351442 2.424925
-5.776179 -2.013700 -0.766001
-5.326998 -1.631827 -2.015259
-4.209361 -2.371907 -2.237165
-3.836031 -2.295870 -2.452970
-6.191681 -0.944939 -1.030726
-6.209129 0.671781 -0.969793
-5.557044 0.190726 2.258917
-6.104660 -1.153973 -1.100319
-6.083223 -1.582648 0.534985
-4.757005 -0.062712 -2.911353
-5.023290 0.939666 2.523546
-6.172334 -0.423159 -1.322066
-5.430511 1.658768 1.604986
-3.500823 -0.050894 3.320302
-3.762019 -0.162713 -3.280492
-4.856126 -1.676738 2.405810
-5.297464 -1.172349 -2.313016
-4.333708 -1.892979 2.573816
-5.372027 -2.241336 1.292685
-3.541665 -1.106852 -3.172744
-6.002410 1.165582 1.063481
-6.391888 0.012791 0.642342
-5.163431 -1.855533 2.010340
-5.435604 0.803465 -2.213470
-5.887348 -1.311487 -1.455835
-3.681209 -0.949416 3.194801
-5.930500 0.964396 1.423558
-6.003498 -0.327956 -1.672368
-6.346457 -0.115862 -0.855226
-6.147326 0.147327 1.377218
-4.604528 -2.063010 -2.294713
-5.688696 -1.594743 1.561602
-4.824697 2.567878 -0.957711
-5.775059 -1.039346 -1.814598
-5.282931 0.108248 -2.532774
-4.983678 -2.259420 1.788272
-6.355845 0.573790 -0.400468
-4.928946 -0.501637 2.785206
-6.160614 -1.218921 -0.858520
-5.134197 1.367231 -2.196709
-5.427724 -1.835881 -1.719068
-4.029546 -0.965512 3.108666
-4.794684 2.128551 1.790568
-6.140868 -0.779710 -1.269248
-6.251038 0.161067 1.117422
-4.974411 1.264730 2.396738
-6.380863 0.132472 -0.658513
-5.492221 -0.605490 2.304235
-6.444268 -0.384071 0.176034
-5.417025 -1.874708 1.694541
-4.825883 0.778175 2.721427
-4.729372 -0.573622 2.895679
-4.258204 0.396844 -3.095699
-5.775576 1.653756 -0.935985
-4.584112 2.745406 -0.830220
-4.410782 -1.270321 -2.867863
-4.362542 -2.122575 2.386655
-5.478216 0.314132 -2.320473
-4.507823 0.153634 -3.025252
-4.854936 2.640662 -0.642808
-3.663053 0.980751 -3.101994
-5.616370 -0.241927 2.215651
-4.778737 -1.438262 -2.593690
-4.793197 2.019523 -1.922011
-4.454716 -0.790264 2.993760
-3.258196 -1.403214 -3.159199
-2.422851 0.028765 3.682437
-1.426193 0.063477 -3.721682
-1.936819 0.741984 -3.649685
-1.709531 0.296478 3.722510
-3.413842 0.765003 -3.259365
-2.311661 0.536654 -3.653099
-3.479189 0.831556 3.207948
-2.237219 -0.925713 3.608669
-2.784774 -1.059848 -3.459196
-2.831582 -0.331490 -3.577299
-2.725683 0.791071 3.515922
-1.609055 -0.382331 -3.722278
-1.127019 0.319683 3.663926
-2.217825 -1.155158 -3.548179
-2.191583 -0.496195 -3.690910
-1.765581 0.046575 -3.738503
-2.997745 1.170167 -3.313967
-3.444158 1.271067 3.071366
-3.136597 -1.828630 -3.000265
-1.909819 -0.682288 -3.685201
-1.768853 -0.561624 -3.706039
-2.541023 0.495494 3.618524
-1.186698 -0.000649 -3.692968
-1.609299 0.275790 -3.721313
-3.503253 1.186651 -3.074073
-2.891549 -0.129736 3.568766
-2.481211 -0.669181 -3.621661
-3.081161 -0.215016 -3.501054
-2.266327 0.856453 -3.592856
-2.886975 0.454301 -3.533844
-2.396867 0.952161 3.546684
-2.558052 -0.466190 -3.634364
-2.474700 -0.981591 3.556205
-3.573654 1.400155 -2.936706
-2.251087 0.193705 3.700983
-1.351174 -0.013096 3.715616
-2.368447 -1.307220 -3.475193
-2.980473 -1.015412 3.408745
-3.354132 -1.893979 2.850672
-3.229646 0.591992 3.383541
-2.524253 -1.201313 3.481524
-2.164248 -4.727600 0.166356
-1.111596 -3.467736 -2.961720
-2.080817 -2.862983 3.153057
-2.745347 -4.019434 1.675933
-2.669016 -4.024358 -1.745455
-1.317906 -4.312750 2.025669
-1.226294 -0.779925 3.708510
-0.982350 -2.588542 -3.468047
-3.338347 -3.771283 1.300224
-2.421487 -2.902276 2.988852
-0.485634 -3.160481 3.141338
-1.933856 -2.388005 3.407753
-0.196990 -4.285192 -1.951024
-2.420431 -3.069698 2.886944
-1.530707 -2.961426 -3.244375
-1.322387 -4.065865 2.362595
-3.284409 -3.646468 1.603966
-1.842992 -4.352945 -1.790427
-0.979813 -4.919304 -0.262396
-0.827832 -1.098945 3.736361
-0.864287 -2.729276 3.406367
-2.001229 -2.315209 -3.412800
-1.631082 -2.713299 3.349750
-3.011122 -3.624093 -1.968379
-1.726068 -3.160698 -3.085612
-0.793401 -2.465867 -3.510861
-1.652397 -4.782073 0.776827
-2.500450 -4.151426 1.689793
-1.879188 -1.969424 3.541823
-0.507762 -0.417212 -3.630753
-3.353676 -2.348485 2.634901
-3.363222 -3.857764 -1.057243
-1.888049 -2.191087 3.483236
-2.393155 -3.322775 -2.719710
-0.909744 -1.775567 -3.693211
-0.209858 -4.766613 0.782805
-2.794326 -4.436383 0.312351
-1.601412 -4.692004 -1.144569
-0.366918 -3.686683 -2.718016
-0.575281 -0.770200 -3.695899
-0.390348 -2.649068 -3.394513
-2.287242 -1.767929 3.450666
-3.024146 -1.975047 -3.022316
-1.893083 -1.464676 -3.612821
-2.792118 -3.302142 -2.487327
-1.492305 -4.121391 2.260389
-0.856478 -0.650618 -3.699482
-0.086907 -4.364557 -1.768379
-3.057674 -2.569775 -2.775981
-2.640038 -1.711398 3.303470
-3.131410 -2.636016 2.684183
0.031876 -4.207783 1.968601
-0.431663 -1.831091 -3.645390
-1.668859 -4.361622 1.850845
-1.818621 -1.975070 -3.555640
-0.318416 -1.386785 3.678113
-0.928865 -3.807816 2.669385
-0.818684 -3.713207 -2.755337
-1.619353 -1.990490 -3.594168
-2.608474 -1.854546 -3.293539
-3.605858 -3.352223 1.529369
-1.119505 -4.431973 1.855885
-2.453908 -1.811355 3.374434
-1.693041 -2.318464 3.490382
-0.030539 -3.984668 2.300781
-0.657800 -4.667442 -1.337791
-2.246696 -1.538682 -3.496521
-2.908739 -2.337826 -2.982245
-0.708511 -2.577920 3.462769
-2.395841 -3.836780 2.220572
-0.320324 -4.632042 -1.308666
0.073154 -4.624268 1.050183
-0.906081 -4.537457 1.663958
-1.755453 -2.772352 -3.294910
-0.553532 -3.314433 3.049230
-0.520001 -2.787883 -3.351196
-0.725685 -4.688492 1.296171
-1.207616 -4.523163 1.676216
-3.180474 -3.981186 -1.134153
-0.096298 -3.892065 -2.433440
-3.319061 -4.071440 -0.375707
-3.556412 -3.662107 -1.077289
-3.485226 -3.178391 1.919181
-3.371855 -4.032059 0.339795
-1.439137 -4.781908 0.922924
-2.440796 -2.709300 -3.082344
-1.678628 -1.190306 -3.671542
-1.537441 -1.423836 3.688640
-2.352257 -4.149258 1.816859
-1.673937 -3.407289 2.926442
-1.596968 -4.852669 0.405071
-0.519612 -4.373380 1.909154
-1.183215 -3.951308 2.511513
0.051020 -4.750293 -0.516292
-3.306435 -2.994408 -2.291364
-1.108940 -2.036983 3.639700
-2.361917 -4.383547 1.353473
-0.172191 -2.411838 -3.443908
-0.360974 -4.563617 -1.493330
-0.265976 -2.941161 -3.228846
-3.504638 -3.814844 0.804441
-1.360038 -4.681745 1.276772
-0.299572 -4.780732 -0.799519
-1.281556 -4.087942 -2.341309
0.090121 -4.767221 -0.254151
-1.755167 -3.892218 2.460789
-1.072870 -1.691774 -3.704458
-0.642740 -3.577335 2.859471
-0.805512 -3.954934 -2.511738
-3.493162 -3.942969 -0.125912
-0.905230 -3.430030 2.993261
-2.965772 -4.023245 1.397961
-0.575826 -4.816091 0.822201
-3.267498 -2.072590 -2.812592
-0.481222 -3.899641 2.530263
-1.679901 -1.005011 -3.666705
-0.441909 -0.174566 3.561522
-0.277392 -4.576280 1.426962
-1.326196 -2.214008 -3.578620
-1.926941 -4.249266 1.922707
-0.139611 -3.562596 -2.769120
-0.698304 -0.386414 3.643124
-0.811805 1.633645 -3.693949
-2.916637 2.784358 2.930843
-2.650302 3.014358 -2.940816
-1.843039 3.725018 -2.691636
-1.066072 0.525211 -3.674581
-2.353196 3.310116 -2.873697
-3.398496 2.127840 -2.890565
-3.449945 3.180979 -2.253353
-2.330406 4.737628 0.515252
-0.909904 2.576166 -3.467014
-0.661517 1.162810 3.699088
-3.641585 2.509995 2.526386
-2.198946 3.973485 2.314157
-4.435182 2.939500 -0.769050
-3.598575 2.565157 -2.538295
-4.512793 2.961211 -0.096397
-1.174669 3.933717 -2.558821
-0.940895 4.739472 1.196345
-3.785331 2.828247 2.175373
-3.647479 2.104820 2.691878
-2.577464 3.016190 2.974234
-3.129456 3.800094 -1.892436
-1.290067 4.927875 -0.362595
-2.170328 4.432394 -1.631158
-0.901004 2.557396 3.473587
-3.038567 3.947017 1.771424
-3.246358 4.344212 0.022760
-0.885291 1.453761 -3.717523
-1.140440 4.930487 0.336392
-1.645878 2.451597 -3.499742
-3.439735 3.226021 2.223352
-4.196923 3.452346 0.173494
-3.400774 4.220094 -0.334326
-4.361856 2.901756 -1.090060
-3.345320 2.057711 2.951179
-1.601385 4.839251 0.798377
-3.967146 3.561264 -0.920950
-3.006250 1.744235 3.236827
-2.145098 2.863456 -3.220227
-1.033382 1.943463 3.662309
-3.510138 4.051952 -0.778563
-3.859598 3.847341 -0.009359
-2.084496 3.306588 2.968893
-1.060054 3.288172 3.103317
-1.145069 2.407298 3.541306
-2.948979 4.494336 -0.397069
-2.091443 4.540015 1.449054
-1.163556 2.890147 -3.339168
-1.080715 4.892875 -0.616309
-1.718072 4.001810 2.432327
-1.335883 1.428847 -3.731301
-2.601637 1.864399 -3.409105
-2.590391 1.544372 -3.460047
-3.155985 4.398057 -0.139019
-2.529703 4.383553 -1.468025
-2.205341 3.816289 2.487552
-1.301368 4.824926 0.940866
-2.494508 1.820530 3.458929
-2.179997 1.695408 -3.579158
-2.240433 4.792416 0.262279
-1.714346 4.912362 0.000072
-2.667650 1.931975 3.367580
-1.613725 3.180814 -3.150743
-0.836558 2.124918 3.605998
-2.465827 1.348097 -3.520527
-0.958091 0.347490 -3.631226
-1.800651 3.971771 -2.448014
-3.060314 4.413440 0.532740
-1.266328 4.888197 -0.654519
-2.679603 3.588795 2.481137
-4.162073 3.125115 -1.264845
-3.761930 3.497099 -1.495040
-3.536772 2.690455 2.525463
-4.165124 3.310797 -0.913657
-2.988254 3.293203 -2.544720
-2.562690 4.686543 0.223367
-4.138135 2.583986 -1.877319
-1.326458 2.200624 -3.603574
-1.476164 4.905260 -0.485185
-2.539768 4.619487 -0.757336
-1.445813 0.918430 -3.721533
-2.655659 1.402080 3.444361
-0.488530 0.632938 3.624386
-3.448195 1.616913 -2.969195
-1.151437 3.873059 2.621548
-2.574731 4.457326 -1.249048
-2.863365 2.025184 -3.253973
-2.395205 3.414765 2.776540
-3.489925 3.387999 2.009122
-0.763827 2.245581 -3.564709
-3.781467 3.646607 -1.194895
-2.829643 4.578098 0.016596
-2.628946 4.545608 -0.909704
-1.854866 4.581970 1.476028
-2.569265 4.690394 -0.072581
-2.638540 3.313688 2.740458
-3.063994 4.455273 0.010368
-2.083348 3.911397 -2.431053
-2.557841 3.720387 -2.419584
-3.984112 3.713087 -0.127429
-3.755312 3.507493 1.490345
-1.546173 4.318624 2.046744
-0.556183 1.197265 -3.682133
-1.841617 4.813028 0.763024
-2.828307 1.671402 -3.340235
-2.317972 2.977211 3.102777
-3.080039 1.369053 3.235677
-4.294111 3.171977 -0.788153
-4.169721 2.848683 -1.593442
-3.524094 2.279054 2.736542
-0.580863 0.273900 3.566583
-0.947438 3.297150 -3.089713
-2.919276 3.151646 2.699398
-1.292432 1.115626 -3.738024
-1.220273 4.144983 2.313395
-1.368402 4.332572 -2.046836
0.214351 -2.686774 3.356384
0.432081 -0.545672 3.706059
0.699121 -2.175670 3.553289
-0.106742 -0.310345 3.631311
0.066205 -4.057138 -2.194807
1.019737 -4.591565 1.021778
0.521324 -1.775925 3.666395
1.391610 -2.886899 3.102067
0.538497 -0.454796 -3.690188
0.086989 -2.922234 -3.220884
1.110343 -3.435453 -2.789610
1.183682 -2.149784 -3.487113
1.972030 -1.698708 -3.330997
1.832167 -1.553901 -3.418050
2.551622 -4.098423 0.232889
1.394678 -1.620016 3.559846
2.323505 -4.177356 0.703901
-0.319627 -0.637040 -3.646884
0.361090 -0.882672 3.736155
1.198375 -1.344108 -3.641963
0.530281 -4.785000 -0.039329
1.694115 -4.376072 -1.111686
1.419478 -3.264656 2.834502
2.205359 -3.816975 -1.749807
1.897290 -2.686610 3.010325
2.142588 -3.798632 1.840018
1.957427 -2.469318 -3.089276
2.095697 -3.629548 -2.109162
0.546527 -2.006446 3.612028
2.776448 -3.893032 0.497792
2.532638 -2.263210 2.822398
2.485027 -3.182213 -2.255543
1.247097 -2.516425 3.333755
1.749405 -2.295081 -3.257759
-0.011988 -3.444181 2.841234
1.549412 -1.485508 3.532282
-0.012378 -3.420032 -2.861374
1.416448 -2.824133 -3.130491
1.499481 -4.110767 -1.843127
2.366168 -2.267719 2.938863
1.601244 -2.491103 3.234660
1.269844 -1.883319 3.540359
1.685223 -2.823808 -3.030359
0.420724 -3.567997 2.762970
0.700701 -4.271734 1.871295
0.868338 -4.116505 2.085689
1.052285 -0.637535 -3.659986
1.426969 -2.407670 3.329401
0.936602 -2.467460 3.418238
0.089734 -4.179164 -2.020635
1.962977 -3.878031 1.880374
-0.016119 -1.711859 3.656788
0.436184 -4.742191 0.578941
2.799004 -3.700309 -1.095358
2.526137 -2.412738 -2.758199
1.679356 -4.115326 1.715127
1.970808 -4.262939 1.088159
0.622486 -2.388938 3.484101
2.676219 -3.255097 1.984329
1.754635 -4.017262 -1.826368
2.186185 -4.136298 -1.122463
0.910745 -1.854242 3.616200
0.633078 -1.324029 -3.722536
0.394011 -4.783890 0.162735
0.048231 -2.027440 -3.592033
1.816261 -4.456985 0.599869
0.734075 -1.084211 -3.724964
1.245323 -4.570159 -0.930208
2.393574 -3.915388 -1.338809
2.312189 -4.137760 0.886088
-0.315743 -0.159339 -3.561608
0.811539 -2.771342 -3.293521
0.368559 -4.157988 -2.076303
-0.133597 2.051485 -3.658104
0.947617 4.107546 -2.377808
0.982901 4.978165 -0.058914
-0.205607 1.914880 3.675958
-0.800073 4.886321 0.649793
1.204393 3.872610 2.536339
-0.225699 4.199517 -2.367993
1.494095 4.676373 1.005475
1.094758 4.944353 0.228660
0.262268 2.215551 3.632293
1.313793 4.791103 -0.823889
0.777424 4.875424 1.019122
-0.546898 4.089410 2.424140
1.482626 2.614035 3.254116
1.285799 3.607476 -2.744818
0.370268 3.529151 -3.018060
0.047147 0.798800 3.700320
0.932424 3.963698 2.540860
-0.454394 4.429988 2.000821
0.576337 1.490230 -3.713262
-0.053826 2.570890 -3.521828
0.707535 2.001874 3.638187
0.610376 1.189921 3.710066
1.444679 3.013636 3.082643
1.427415 4.848719 -0.038503
1.163368 3.759649 -2.660573
2.272455 4.407430 -0.234510
0.900365 4.517138 -1.812032
-0.398885 1.971843 3.642025
0.601270 2.336243 -3.575016
1.127478 4.817832 0.942598
0.307463 3.902065 -2.711506
0.899119 1.955537 -3.612450
0.778682 2.750687 -3.403972
2.100771 4.267766 -1.261358
0.577323 2.444630 3.545636
-0.844525 4.922608 -0.274883
0.082250 1.669203 -3.723821
1.878361 4.650810 -0.089821
-0.282327 1.071108 3.704746
1.114667 4.231643 -2.158261
-0.473500 1.044091 3.674903
2.092119 3.870257 1.949817
1.804908 4.623124 -0.662022
-0.502663 1.854384 -3.643427
0.927998 2.020987 3.594458
-0.341672 5.028569 -0.244899
1.092981 4.472742 1.800540
1.856946 4.640844 0.383811
0.224038 1.515774 -3.734846
2.441390 4.131652 0.966259
-0.674175 4.861127 0.909145
1.726285 4.667102 0.631883
-0.536522 4.826428 1.131783
1.953543 4.232999 1.531014
1.740701 2.027487 -3.316855
1.746827 2.672266 3.109252
-0.829003 4.714138 1.249305
1.811596 2.488856 3.149003
0.216247 3.623871 2.953707
1.853534 3.036537 -2.864788
2.031858 3.255543 -2.603031
0.320931 4.173213 2.424866
-0.789425 4.422323 -1.878068
0.972349 4.910352 -0.714749
-0.500117 3.778699 2.749241
-0.534486 4.605180 1.667871
-0.445626 3.983724 2.565402
-0.414093 1.615875 3.684709
0.924881 3.669355 -2.816225
1.478093 4.823060 0.224275
0.906552 4.960224 0.503920
0.633702 3.955081 2.621795
-0.169853 0.242884 -3.563204
1.863126 3.470268 -2.550743
0.240471 3.381524 3.126331
-0.216395 1.024543 -3.708469
2.331503 3.658949 1.961618
0.347492 5.046872 -0.374326
2.426668 3.942321 -1.423204
1.047064 4.811761 -1.039233
0.484703 4.877582 1.139900
0.237913 4.440096 2.076357
2.268296 4.190298 1.166896
-0.488120 4.721737 -1.437712
-0.390546 4.613898 -1.704021
1.188317 1.690308 3.577658
1.045721 3.831540 2.635631
-0.396779 2.370324 -3.549183
0.635789 5.039760 -0.037820
1.120337 3.243487 -3.066681
0.003478 1.724549 3.715899
-0.529757 4.935272 0.719316
0.317101 5.001680 0.696052
2.472328 4.227902 0.492950
0.726500 5.017784 0.263342
-0.237283 1.509991 -3.714552
0.084109 4.679770 -1.662424
0.083014 3.397206 -3.116099
0.512691 4.761446 1.445962
0.007500 0.557529 3.656112
-0.117244 4.524011 1.926621
1.218655 2.214101 3.476335
0.091352 4.513010 1.963152
1.084906 -0.092166 -3.726041
1.260820 0.627888 -3.706436
0.676092 0.331067 3.725687
0.681138 0.559390 3.711871
1.532991 0.384423 3.695108
0.040935 -0.099068 -3.606376
0.916784 0.931239 -3.669924
0.232269 -0.145751 3.646608
0.270977 0.210732 -3.671961
1.496478 0.854992 -3.648358
1.493880 0.914805 3.637702
1.730936 -0.868089 3.500784
1.154862 1.039593 -3.643490
0.773414 0.071606 -3.731531
1.022431 -0.554377 -3.660086
0.804198 0.354918 -3.733136
4.297083 2.035133 -2.792453
4.292107 -0.271427 3.189295
2.687102 2.250562 3.224650
3.334143 3.744777 -1.349323
2.739367 2.141935 -3.281321
4.260873 2.239465 -2.684907
4.073596 1.691605 -3.098350
3.494931 -0.996270 3.319658
2.623115 -1.540464 3.209677
4.755353 1.742289 2.604079
5.559999 1.398237 -1.801286
3.355422 3.963187 0.511042
5.628838 2.294461 0.409076
5.214067 1.351569 2.317787
5.218954 1.894269 1.996628
3.383165 1.442024 3.459105
4.913182 2.242233 -2.099279
4.824040 2.084405 -2.324717
2.910556 0.945982 -3.666440
2.154627 -0.697408 -3.572091
3.394875 3.987667 -0.107234
3.744537 1.191358 -3.410641
2.927846 1.559395 3.513561
4.970229 2.863675 -1.187771
3.285171 1.461081 -3.478222
5.383748 1.402180 2.074284
2.348077 0.706686 3.723604
3.007211 2.223181 3.200719
1.935111 -0.542903 3.590190
4.835776 2.570963 1.855953
1.662560 0.823780 3.628617
2.969404 1.267475 3.593315
4.563112 1.367567 2.918686
3.562419 2.485268 2.876683
1.846795 0.454281 -3.690526
2.696993 1.251775 -3.626293
5.082012 2.098307 -2.015867
3.910399 3.596510 1.202080
5.393914 1.956185 1.671423
1.627697 1.528214 -3.460802
4.574859 0.181715 -3.070111
2.154272 1.305690 3.609504
6.018197 1.412313 -0.391411
3.886476 3.769015 -0.609856
4.281459 3.230846 -1.564160
1.825209 1.277190 -3.574881
4.160344 1.909674 -2.947321
3.294607 0.443543 -3.642061
3.640409 2.147706 3.067339
3.268646 2.630011 2.865520
4.062936 3.396443 -1.491949
2.734483 3.751011 1.575587
2.688513 0.543063 -3.728263
2.675928 4.084742 -0.381363
3.656564 2.897362 2.478777
3.918928 1.883081 3.088139
3.345600 -0.321390 -3.563855
2.108190 0.465281 3.723399
2.959044 3.634855 -1.753505
4.575309 -0.059688 3.045303
2.554531 1.679027 -3.502267
5.883670 1.738484 0.557075
4.783399 3.265290 0.394076
5.132517 2.105521 1.941668
2.285288 -1.309946 -3.336894
2.585425 0.088693 -3.726755
4.644397 3.356639 -0.498313
4.646245 3.007795 -1.483698
4.639679 2.264401 -2.365909
3.393498 3.875306 -0.902314
2.178738 -0.719951 3.567167
2.207343 0.939481 -3.688780
4.038208 3.377376 1.555697
1.997246 -1.030167 3.438163
2.725980 3.557052 -1.939260
3.526155 3.213068 2.178995
2.880840 3.974659 0.902914
2.553998 3.126189 2.527174
2.037190 1.566174 -3.520159
4.686470 0.383409 2.995665
3.718825 3.655929 1.257789
4.122835 2.340022 2.702682
3.788244 3.805236 0.630515
4.524310 2.077450 2.600568
3.971738 1.380340 -3.262782
4.424880 0.836283 3.140210
4.292377 2.781174 2.185401
6.023689 1.449560 0.187116
4.404356 2.252946 -2.572388
4.863497 3.180515 -0.508095
2.106977 0.831985 3.695869
2.436868 2.950934 2.707911
2.605542 3.370631 2.228537
4.741765 1.127850 -2.855005
3.710925 2.104671 -3.063722
2.811494 2.752654 -2.860770
3.946243 2.241789 -2.870922
4.962586 1.675851 2.441203
4.709688 2.759631 -1.779138
3.301337 4.005080 0.231849
1.800369 1.576992 3.480685
2.739878 -1.076337 -3.436061
2.676528 -0.886305 -3.514773
2.340245 3.192747 -2.452619
2.166871 2.341166 -3.166762
5.010951 3.090024 0.155324
3.317006 3.796960 1.223100
4.952649 2.469570 -1.818905
5.117108 2.855542 -0.829818
3.545472 2.219964 -3.060087
5.568813 1.085558 -1.932394
2.186684 2.953644 -2.692756
4.515480 2.458550 2.313841
3.046815 3.967095 -0.835631
5.315301 2.712610 0.529918
5.552849 2.351474 -0.650024
3.927097 0.847442 -3.401667
3.939307 3.660887 0.969623
2.477988 1.047203 3.678283
2.701608 -1.742718 -3.074747
2.329702 2.443788 3.111010
3.740365 3.431939 -1.717000
3.600203 2.776456 2.621770
4.263181 3.436237 1.138620
3.048016 3.542520 1.889439
5.685780 1.942857 1.015170
3.262988 1.157755 3.564245
3.610909 0.755789 -3.533551
5.140610 1.372678 -2.394028
2.784178 2.439117 -3.098089
2.382942 -0.975813 -3.488386
4.721344 1.729592 -2.640399
3.183561 3.899482 -0.998660
4.224632 3.661588 0.052794
3.113256 0.147182 -3.673421
5.491290 2.496070 0.455535
3.660765 3.688670 -1.228878
3.801339 3.203327 2.033186
2.524997 3.666137 1.767873
2.298045 1.931298 -3.395818
3.906162 3.429446 -1.583386
3.645679 1.444205 3.376465
3.824653 0.150444 3.470159
5.178591 1.014348 -2.472776
2.549745 2.395720 -3.143039
2.490463 1.275502 -3.628787
2.088130 2.011615 -3.341821
2.787660 -1.297802 3.329572
5.272414 -2.248317 -2.004940
4.602298 -2.991629 1.786737
5.375453 -2.664199 1.406698
5.257747 -3.068371 0.758641
4.696586 -3.498740 0.402792
4.927496 -0.762471 2.869530
6.322282 -0.492880 -1.266227
3.224570 -2.361416 -2.792573
3.533494 -2.228778 -2.859227
5.615010 -1.982350 -1.829975
6.302833 -1.177163 -1.137892
5.807090 0.053250 2.048625
3.818611 -3.767088 -0.549095
3.141836 -3.544693 -1.427466
3.269041 -1.981076 3.008550
4.989933 -2.180431 -2.307623
5.468239 -0.684274 -2.476834
4.135355 -1.832251 2.939548
5.947983 -1.860928 1.409913
5.681211 -1.020207 2.216513
3.097068 -3.831515 -0.460123
5.907575 0.144750 -1.885394
5.350396 0.360409 2.428347
4.671343 -2.202113 -2.504849
6.299170 0.158929 1.132777
3.050364 -2.724591 -2.509797
4.722148 -3.013843 -1.654778
5.493072 -1.102109 2.390085
6.173709 -0.197378 1.548038
6.014508 -2.044697 1.046678
5.320184 -2.427662 1.780648
4.919324 -3.304192 -0.760650
5.895518 -2.365718 0.814793
6.451313 -1.394924 -0.163311
3.559231 -1.585538 -3.152917
5.331544 -3.117148 -0.140113
6.246774 -0.372095 1.429478
6.112522 1.168692 0.021763
3.965297 -3.292651 1.720682
5.036956 -3.185669 0.901215
5.944849 -0.349715 -1.941207
5.656170 -2.223100 1.545766
4.276906 -2.907413 2.095278
2.753108 -2.150620 2.881769
2.894611 -2.858247 -2.369176
4.707856 -2.615981 2.146025
3.194699 -3.722533 -0.968056
4.998872 -1.047196 -2.787176
4.280540 -1.070588 3.126053
5.569800 -2.180557 1.715931
6.113938 -1.088570 -1.590355
5.468133 -0.874391 2.457089
3.159249 -3.791832 0.696527
6.494978 -1.231263 -0.046881
3.537993 -1.197686 -3.260242
5.834667 -2.581794 -0.376022
6.171149 -1.608107 1.156257
6.068178 0.680296 -1.291199
5.828227 -2.298167 -1.123824
4.761751 -0.971417 2.937021
3.857388 -3.472487 1.442027
4.347933 -3.572580 -0.787442
6.190313 -0.962559 1.486412
2.641047 -2.259159 -2.796496
5.484852 0.080904 -2.392277
5.114106 -3.004087 1.208903
5.180070 -3.235065 0.090388
3.629658 -2.136586 2.900567
6.549219 -0.384483 -0.359332
6.175626 -0.368703 -1.570657
4.624156 -3.285459 -1.262594
3.770781 -1.944594 2.977080
5.335664 -2.920252 0.992724
4.063675 -3.470106 -1.338291
3.919428 -1.575509 -3.097312
6.457901 -0.314752 -0.838712
4.194992 -0.731471 -3.194091
5.342483 -2.548784 1.612619
3.424014 -3.857942 -0.120107
4.188780 -3.707774 -0.329025
4.100125 -0.980937 3.195309
6.550314 -0.221657 0.224903
5.293304 -0.022935 -2.581765
4.606309 -0.695388 3.041529
4.076102 -3.638777 0.864336
4.854453 -2.072577 -2.475978
4.595399 -1.161766 -2.983543
3.159548 -3.414029 -1.677273
2.998866 -2.593600 2.614978
5.189600 -0.851883 -2.687619
5.835468 -0.931676 -2.052438
3.297938 -3.682340 1.090370
4.040553 -3.063141 -2.015735
5.464391 -2.869403 0.816991
5.894846 1.017150 -1.303283
2.682683 -1.906271 -2.994842
5.425450 -3.017851 -0.348104
3.397694 -3.308096 -1.841300
5.414779 -2.909120 -0.836019
5.500940 -2.348725 1.635883
3.278184 -1.602802 3.164077
3.449160 -3.654222 -1.149630
3.215806 -3.354134 1.777803
3.619003 -3.518967 1.430565
5.375056 -2.992584 -0.682394
5.058176 -2.705047 -1.750568
5.568934 -1.256843 -2.271452
5.718975 0.788958 1.804490
3.489909 -3.362198 1.745301
4.355992 -3.608937 0.615459
5.544957 -2.267474 -1.662617
5.322165 -0.208786 2.587731
6.336192 0.503282 -0.683307
4.286802 -1.701680 2.944170
6.469257 0.257523 0.255658
4.226953 -3.546686 1.016793
4.808375 -1.528252 2.769504
5.377159 -1.724975 2.261315
4.611920 -2.354056 2.430773
5.736619 -2.295468 1.319348
5.958030 -1.482930 1.674070
6.434281 -1.234484 0.624978
4.897856 -3.165286 1.185086
5.351491 -3.076068 0.383176
5.871502 0.346004 1.854168
5.325793 -0.760402 2.592737
3.499412 -3.142873 2.058833
5.946200 0.103052 1.843917
5.607534 0.535332 -2.097544
3.222508 -3.170308 2.041613
4.924941 -3.328376 0.651450
3.976993 -3.777290 0.151118
5.554920 -0.397456 -2.397833
5.962183 -2.415241 0.344420
5.823732 -0.815444 2.086943
3.044521 -3.858140 -0.135294
5.822560 -2.622502 -0.187122
4.166253 -2.013848 2.841652
6.209071 -0.774218 -1.492794
4.625428 -1.724716 -2.789466
2.960449 -3.845422 0.255300
5.040098 -1.779987 -2.512713
