    0.0191058308
    0.0164165807
    0.0155447336
    0.0133647090
    0.0154353164
    0.0182576216
    0.0161706461
    0.0186815783
    0.0179146944
    0.0113158433
    0.0212553928
    0.0103538455
    0.0061789547
    0.0200612562
    0.0206131463
    0.0126739485
    0.0138004012
    0.0052425789
    0.0156693115
    0.0108837388
    0.0140594493
    0.0213684956
    0.0146201684
    0.0134766550
    0.0175375491
   -0.0077130328
    0.0083252273
   -0.0022059904
    0.0073329213
    0.0038700036
   -0.0060918145
    0.0225107731
   -0.0130137252
   -0.0064902900
    0.0106297031
   -0.0019030344
   -0.0024235318
   -0.0074277661
   -0.0024687994
    0.0021688162
   -0.0023637977
   -0.0056218184
   -0.0040797292
    0.0031422518
   -0.0019844832
    0.0177943933
   -0.0118172880
    0.0022056079
   -0.0061325158
    0.0076188335
   -0.0131369736
   -0.0051962716
   -0.0059315038
   -0.0067578416
   -0.0013696705
    0.0131222502
   -0.0053375872
   -0.0002946099
    0.0128468138
   -0.0042524293
   -0.0058208692
    0.0005199483
   -0.0141702992
   -0.0004669819
    0.0065725831
   -0.0072791707
    0.0080337101
   -0.0033589002
    0.0007664139
    0.0069475980
    0.0055837034
   -0.0037083058
   -0.0086260359
   -0.0144877797
   -0.0060029307
   -0.0058684586
   -0.0050715364
   -0.0087423877
    0.0023383764
    0.0218250893
   -0.0008429632
    0.0033488406
   -0.0322825659
   -0.0372048669
   -0.0328787195
   -0.0193270510
   -0.0375117691
   -0.0275069769
   -0.0360253131
   -0.0111812623
   -0.0360526310
   -0.0147462774
   -0.0139194304
   -0.0251353744
   -0.0117415340
   -0.0281837015
   -0.0272346081
   -0.0206813282
   -0.0304594998
   -0.0120724884
   -0.0188728398
   -0.0333170328
   -0.0203450526
   -0.0290862022
   -0.0283172097
   -0.0315877174
   -0.0241863676
   -0.0120860965
   -0.0269388428
   -0.0163465696
   -0.0255724048
   -0.0304653168
   -0.0196187314
   -0.0240239826
   -0.0259613417
   -0.0140424401
   -0.0259142912
   -0.0090688043
   -0.0056288757
    0.0048636320
    0.0195415469
    0.0120564612
    0.0006182254
    0.0207948093
    0.0229589703
    0.0162502445
   -0.0029161610
   -0.0085377628
   -0.0031794913
    0.0001919491
   -0.0030112492
    0.0109474488
   -0.0076711950
   -0.0008506949
   -0.0067282908
   -0.0009149694
    0.0020361482
    0.0062126386
   -0.0136850777
   -0.0007483351
   -0.0054888059
   -0.0140618479
   -0.0049369070
    0.0031241481
   -0.0038258170
    0.0189399991
   -0.0062178685
    0.0020088392
   -0.0082140740
   -0.0087527656
   -0.0013699849
    0.0064796329
    0.0114949403
    0.0034465102
   -0.0128478729
    0.0072276444
   -0.0026109995
    0.0045658748
   -0.0064247924
   -0.0062140193
    0.0012251052
   -0.0172486173
    0.0010302820
   -0.0104953356
   -0.0021926858
   -0.0121037585
   -0.0047825079
   -0.0092225094
   -0.0027924246
   -0.0136708851
    0.0013725845
    0.0008054361
    0.0031674613
   -0.0133643529
   -0.0054659533
   -0.0000757201
    0.0048656548
   -0.0104832004
   -0.0125158635
   -0.0105800882
   -0.0039574854
    0.0035430352
   -0.0065576126
   -0.0025312478
   -0.0029453890
   -0.0054770417
    0.0019965333
    0.0037999911
   -0.0070561923
   -0.0016157016
    0.0024144852
   -0.0041873606
   -0.0015837230
    0.0030287661
    0.0069618902
    0.0033165296
   -0.0035716319
   -0.0054413720
   -0.0071975368
   -0.0033529317
    0.0002602929
   -0.0038051839
   -0.0013598702
    0.0029991396
   -0.0058619036
   -0.0017020311
    0.0053607093
   -0.0006497232
   -0.0042406414
   -0.0033797187
    0.0013577016
    0.0045029108
    0.0042138586
    0.0187087226
    0.0123801148
    0.0156076727
    0.0040076114
    0.0191828500
    0.0218141777
    0.0124136960
    0.0191152743
    0.0143194439
    0.0164890065
    0.0133400409
    0.0137022183
    0.0190753618
    0.0135461219
   -0.0093266019
   -0.0200275271
   -0.0132667455
   -0.0379248125
   -0.0220730393
   -0.0362347353
   -0.0389947826
   -0.0375849043
   -0.0232715417
   -0.0232580961
   -0.0173512698
   -0.0277076255
   -0.0215026466
   -0.0296544984
   -0.0409515789
   -0.0347737525
   -0.0216492590
   -0.0345550362
   -0.0203982293
   -0.0280132779
   -0.0229589880
   -0.0221462345
   -0.0295969873
   -0.0341649599
   -0.0386970187
   -0.0282948100
   -0.0256931995
   -0.0308422383
   -0.0238589216
   -0.0405193431
   -0.0207575714
   -0.0008879669
    0.0096387604
   -0.0102259549
   -0.0104120329
   -0.0008809349
   -0.0051431361
    0.0059392923
    0.0001969215
    0.0018974308
   -0.0046463817
   -0.0040373904
    0.0066535505
   -0.0058320755
   -0.0030332623
   -0.0049369221
   -0.0168712958
    0.0060969342
    0.0057347034
   -0.0058814251
   -0.0068272196
   -0.0025368596
   -0.0094156519
   -0.0015099474
   -0.0034801500
   -0.0009421473
   -0.0029474476
   -0.0058197288
   -0.0057411395
   -0.0050455606
    0.0020042567
   -0.0085161463
   -0.0017631454
    0.0068490055
    0.0087640020
    0.0003383256
   -0.0081481567
    0.0054691449
    0.0083081197
   -0.0111711238
   -0.0054092727
   -0.0001431818
    0.0023227962
    0.0003630283
   -0.0080480604
    0.0126666221
   -0.0042097856
   -0.0049580100
   -0.0063015795
    0.0065836195
   -0.0096810327
    0.0038799436
   -0.0122695394
   -0.0141033913
    0.0085946441
   -0.0064286019
    0.0045951715
   -0.0062760762
   -0.0038442232
   -0.0118779531
    0.0076182382
    0.0043036198
    0.0079507581
   -0.0232838877
    0.0103828176
    0.0054969956
    0.0078736511
    0.0062036753
    0.0071851873
    0.0082482983
    0.0066390550
    0.0081703723
   -0.0007724799
   -0.0026903322
    0.0074982776
    0.0070611775
    0.0075133465
    0.0075347681
    0.0076307012
    0.0071010720
    0.0082513179
    0.0078809642
    0.0126951256
    0.0071481395
    0.0077612820
    0.0029200381
   -0.0180148405
    0.0082657182
    0.0069637881
    0.0023450307
    0.0079118727
   -0.0241709536
    0.0103648211
   -0.0065685527
    0.0072106093
    0.0079955814
    0.0083167206
    0.0093826076
    0.0053954511
   -0.0141055751
    0.0132950436
    0.0054048810
    0.0087666697
   -0.0131048355
    0.0116748643
    0.0080703214
   -0.0003999322
    0.0074480710
    0.0059001470
    0.0079956813
    0.0091069306
    0.0118557618
    0.0080538729
    0.0013480172
    0.0030640800
    0.0073290156
    0.0076861510
    0.0078410110
    0.0082055847
    0.0077306899
    0.0033960176
    0.0138178323
    0.0093429888
    0.0040711321
    0.0142750673
    0.0260021825
    0.0184064056
    0.0186349809
    0.0145476403
    0.0099115812
    0.0209654687
    0.0110927021
    0.0205704974
    0.0086865284
    0.0124114937
    0.0068230586
    0.0155556949
    0.0125629668
    0.0072055202
    0.0234972549
    0.0177296366
    0.0143247278
    0.0127246519
    0.0096473348
    0.0051291095
    0.0199496948
    0.0212746317
    0.0063072211
    0.0074841304
    0.0106664924
    0.0097335125
    0.0097947035
    0.0106934613
    0.0050885574
    0.0091504022
    0.0078698398
    0.0030858750
    0.0097112947
    0.0102654633
    0.0105214757
    0.0091076447
    0.0129506308
    0.0216968671
    0.0189636196
    0.0174709113
    0.0122493451
    0.0193506301
    0.0114275101
    0.0203073475
    0.0131658007
    0.0171024662
    0.0167153391
    0.0119127060
    0.0219909122
    0.0095071950
    0.0084935974
    0.0087373760
    0.0094448511
    0.0066280950
    0.0076573704
    0.0098027828
    0.0022624209
    0.0001841597
    0.0099671706
    0.0063678739
    0.0055113529
    0.0091022610
    0.0050613670
    0.0149553942
    0.0146424597
    0.0144490011
    0.0143884338
    0.0164150755
    0.0151229508
    0.0075524239
    0.0091176264
    0.0129285983
    0.0165886921
    0.0135574367
    0.0107605758
    0.0126348464
   -0.0026844537
    0.0071679545
   -0.0077839625
   -0.0020615280
   -0.0075757685
   -0.0049622519
   -0.0046995377
   -0.0118783384
   -0.0043740246
    0.0022541876
    0.0128646623
   -0.0026977743
    0.0046798626
   -0.0103021891
   -0.0020988805
    0.0137061064
   -0.0101346158
    0.0041255595
    0.0032370932
    0.0047903475
   -0.0041568323
    0.0172920081
    0.0053868632
    0.0058305691
    0.0000604293
    0.0102861777
   -0.0033215689
    0.0063617807
   -0.0046106815
   -0.0098652351
   -0.0104381771
    0.0070422881
   -0.0013329700
   -0.0093954959
   -0.0043388515
   -0.0048539790
   -0.0003727874
    0.0099343497
   -0.0029004138
   -0.0055136351
   -0.0133943588
    0.0031084696
    0.0107501515
    0.0062227064
   -0.0056286454
   -0.0060895388
    0.0158384281
    0.0085432822
    0.0104782620
   -0.0050711401
    0.0164252511
   -0.0187296860
   -0.0134041589
   -0.0250185985
   -0.0248026344
   -0.0169762083
   -0.0205568670
   -0.0133191728
   -0.0277050405
   -0.0087982186
   -0.0095684668
   -0.0083430300
   -0.0183026543
   -0.0177893783
   -0.0078824769
   -0.0159644667
   -0.0205878044
   -0.0083956612
   -0.0108196722
   -0.0157351788
   -0.0156669046
   -0.0153537736
   -0.0196268963
   -0.0128350640
   -0.0219994732
   -0.0234210582
   -0.0224237285
   -0.0264676366
   -0.0148156420
   -0.0182271279
   -0.0181622600
   -0.0227205814
   -0.0153039379
   -0.0116391274
   -0.0238612740
   -0.0174563633
   -0.0205840387
   -0.0281233084
   -0.0245622820
   -0.0154483023
   -0.0028481395
   -0.0005758685
   -0.0076961884
   -0.0055124849
    0.0025435235
   -0.0050114843
   -0.0117444972
   -0.0015197700
   -0.0067301687
   -0.0013738554
   -0.0057726481
   -0.0056037281
    0.0037976655
   -0.0135266251
   -0.0046869214
   -0.0141585012
   -0.0018912886
    0.0170954741
    0.0076269515
   -0.0058456832
    0.0104380341
    0.0053898022
    0.0107880914
    0.0042015493
   -0.0063805129
   -0.0001785105
    0.0009303116
   -0.0029570703
   -0.0128965454
   -0.0088201574
    0.0075551952
    0.0021900959
   -0.0094085132
   -0.0057012805
   -0.0055282645
    0.0000366054
    0.0066850659
   -0.0050054456
    0.0126999098
    0.0155553346
   -0.0019773467
    0.0039979093
    0.0156663385
   -0.0010496386
   -0.0039913007
   -0.0104680777
    0.0037131204
    0.0013327303
   -0.0051326321
   -0.0086692313
   -0.0011126097
    0.0033447833
   -0.0154907717
   -0.0029188892
    0.0043210997
   -0.0052861227
    0.0153142178
   -0.0039102464
   -0.0048058465
   -0.0068629782
    0.0058515231
    0.0004148177
    0.0031553422
   -0.0060247554
   -0.0000216536
    0.0019735994
   -0.0112174648
    0.0149025114
   -0.0029561955
   -0.0049687648
    0.0003358826
   -0.0043550444
   -0.0007169010
   -0.0039867079
    0.0024617203
   -0.0041873370
   -0.0048901773
    0.0033036680
   -0.0007516098
   -0.0036520819
   -0.0051126826
   -0.0075812401
    0.0153456480
    0.0147574392
    0.0132785981
    0.0076468713
    0.0140924726
    0.0067247956
    0.0097299119
    0.0133025441
    0.0156450440
    0.0081736027
    0.0087456669
    0.0073174945
    0.0135480481
    0.0053310780
    0.0045468760
    0.0068085080
    0.0136305829
    0.0101630978
    0.0150239075
    0.0110665944
    0.0110262095
   -0.0225090531
   -0.0193296787
   -0.0123718760
   -0.0240219042
   -0.0210507813
   -0.0100568632
   -0.0121194240
   -0.0196923831
   -0.0256468594
   -0.0276965060
   -0.0099158629
   -0.0209175167
   -0.0180604796
   -0.0226659931
   -0.0208158714
   -0.0194798402
   -0.0274746336
   -0.0209790942
   -0.0290746292
   -0.0254831559
   -0.0151475131
   -0.0196366854
   -0.0191417453
   -0.0217756930
   -0.0181252923
   -0.0224498584
   -0.0264752919
   -0.0249985740
   -0.0174538311
   -0.0217753229
   -0.0265745849
   -0.0179341169
   -0.0212646349
   -0.0194535908
   -0.0298156530
   -0.0208753622
   -0.0271344064
   -0.0147661938
   -0.0196273031
   -0.0268121196
   -0.0181272469
   -0.0218106209
   -0.0195267801
   -0.0170686760
   -0.0193396424
   -0.0228058304
   -0.0110395479
   -0.0220874973
    0.0043431559
   -0.0019328033
    0.0031030318
    0.0030034303
    0.0003570020
   -0.0118841928
   -0.0059514361
   -0.0054959541
   -0.0130294968
   -0.0150358028
    0.0020840699
    0.0093392391
    0.0004104246
    0.0143637107
   -0.0098690470
    0.0026302814
   -0.0087102719
   -0.0156472388
   -0.0033080277
   -0.0079102300
   -0.0047141876
   -0.0043445708
   -0.0059916357
   -0.0068925484
   -0.0040690854
   -0.0078179896
    0.0035856206
    0.0026530768
   -0.0046874492
   -0.0134438178
   -0.0053903617
   -0.0118188383
   -0.0066923092
    0.0010956752
   -0.0100048001
    0.0058559903
    0.0069760829
    0.0134964030
   -0.0066559981
    0.0111114181
   -0.0009336805
   -0.0118766840
   -0.0052418195
   -0.0000359454
   -0.0041880680
    0.0010805160
    0.0030146100
   -0.0119109775
   -0.0054376214
   -0.0002656288
    0.0093226683
   -0.0077138437
   -0.0016758510
   -0.0012283185
   -0.0047493602
    0.0052753763
    0.0075757019
    0.0061382669
    0.0069547749
    0.0018001219
   -0.0030322387
   -0.0079163978
    0.0070939205
   -0.0121952418
    0.0061892811
    0.0063295189
   -0.0099946525
    0.0093093385
    0.0070454866
    0.0050295533
   -0.0014908584
    0.0061866165
    0.0069545539
    0.0065171588
    0.0030776397
   -0.0097160347
    0.0066431165
    0.0074050523
    0.0089938021
    0.0070899410
    0.0076702184
   -0.0135425996
   -0.0018303019
    0.0063259460
    0.0067114713
    0.0124454287
    0.0088702346
    0.0050989539
    0.0058426157
    0.0065635242
    0.0076928499
    0.0094708432
    0.0054969252
    0.0120836912
   -0.0117938831
    0.0060093343
    0.0063181659
    0.0077718519
    0.0066885843
    0.0069493244
   -0.0201580644
    0.0062606229
   -0.0060588241
    0.0050387245
   -0.0022943298
    0.0002531441
    0.0044390017
    0.0071409257
    0.0068428857
   -0.0001079345
    0.0069341747
    0.0090822632
    0.0068312959
    0.0117277184
    0.0043733235
    0.0084696680
    0.0065135370
    0.0074928491
    0.0007386886
    0.0087563202
    0.0059225218
    0.0051172752
    0.0069360885
    0.0070472362
    0.0106964469
   -0.0113850148
    0.0004548459
    0.0080623443
    0.0064829973
    0.0016590589
   -0.0041344434
    0.0066194762
    0.0054822160
    0.0059696753
    0.0074226860
    0.0058395999
   -0.0150850922
    0.0041929982
   -0.0072902423
    0.0085374438
    0.0124436229
    0.0149073050
    0.0106921696
    0.0151644972
    0.0117583137
    0.0056481653
    0.0185830117
    0.0075968003
    0.0086470151
    0.0150260355
    0.0070735316
    0.0098610114
    0.0099241138
    0.0070769033
    0.0077188490
    0.0082405020
   -0.0074366067
    0.0058902826
    0.0070552368
    0.0077250571
    0.0077236986
    0.0059823915
    0.0037442059
    0.0070957414
    0.0078235776
    0.0077069403
    0.0118702254
    0.0136727534
    0.0140766514
    0.0158135304
    0.0119528931
    0.0115876382
    0.0115955663
    0.0150418800
    0.0167697836
    0.0154442575
    0.0064633317
    0.0070008448
    0.0053719662
    0.0070625433
    0.0044353132
   -0.0050822209
    0.0076741023
    0.0059733007
   -0.0053198081
    0.0082035630
    0.0083126064
    0.0072911752
   -0.0031247969
    0.0074156970
    0.0075744298
    0.0110085215
    0.0061676317
    0.0102582979
    0.0115377968
    0.0050475459
    0.0105857324
    0.0116067673
    0.0098294425
    0.0124023455
    0.0134827723
    0.0129389928
    0.0095752554
    0.0087761191
    0.0124465756
    0.0131302509
    0.0015447032
    0.0018242979
   -0.0020545472
    0.0107959742
   -0.0106706809
   -0.0007567021
    0.0032149176
   -0.0014227592
    0.0027419897
   -0.0003257090
    0.0075090404
   -0.0055514228
    0.0106226729
   -0.0029070198
   -0.0104272313
    0.0124084039
    0.0038295230
   -0.0082728813
    0.0090077034
    0.0073158825
    0.0010756119
    0.0055743794
    0.0027043612
    0.0135042760
    0.0014128246
    0.0026224515
   -0.0005662149
   -0.0059308745
   -0.0047508013
   -0.0047123184
   -0.0055007254
   -0.0037550101
    0.0040890110
   -0.0066511998
   -0.0004299726
    0.0034339199
   -0.0047019975
   -0.0021746477
    0.0063898229
   -0.0046705821
   -0.0050003999
   -0.0059625543
    0.0048080982
    0.0045710892
    0.0060172255
    0.0101709597
   -0.0094381538
    0.0014555722
   -0.0004450280
    0.0019218385
   -0.0005084422
   -0.0045429218
    0.0054645488
   -0.0071442964
    0.0045846131
   -0.0046765886
   -0.0043461364
    0.0119538857
    0.0103165974
   -0.0027872037
   -0.0036329182
   -0.0033189279
    0.0116419872
   -0.0043169089
   -0.0067622007
    0.0090478810
    0.0015534721
    0.0121173094
   -0.0032953727
    0.0008117649
   -0.0030673849
    0.0049279522
   -0.0027860727
    0.0039457244
    0.0033178584
   -0.0055750639
   -0.0003118356
   -0.0105426858
   -0.0085544881
   -0.0156228296
   -0.0098431784
   -0.0206396753
   -0.0204311010
   -0.0154327795
   -0.0127355048
   -0.0152029522
   -0.0162768267
   -0.0145132652
   -0.0113558579
   -0.0179482840
   -0.0193910114
   -0.0183893230
   -0.0129301525
   -0.0200438475
   -0.0170974200
   -0.0173991105
   -0.0177179566
   -0.0080450789
   -0.0200750882
   -0.0122697716
   -0.0135521404
   -0.0141185869
   -0.0153296681
   -0.0080270638
   -0.0126818186
   -0.0161022245
   -0.0077241087
   -0.0184222180
   -0.0097864988
   -0.0133030641
   -0.0087082352
   -0.0179950424
   -0.0122552625
   -0.0196296664
   -0.0125593353
   -0.0104347939
   -0.0164916887
   -0.0178301049
   -0.0104153170
   -0.0092949132
   -0.0096752539
   -0.0204831147
    0.0012179492
    0.0024204750
    0.0014578247
   -0.0063053420
   -0.0001102067
   -0.0032041221
   -0.0043862402
    0.0090581128
    0.0123845857
   -0.0092658387
    0.0134543807
    0.0122860694
   -0.0021926969
   -0.0015514699
   -0.0048111116
    0.0006484480
    0.0016165912
    0.0059215043
   -0.0082511882
   -0.0099483626
   -0.0069727821
    0.0000265853
    0.0065624625
   -0.0028271845
   -0.0018475470
   -0.0052009725
   -0.0055073854
   -0.0044269998
    0.0048216746
   -0.0042101036
    0.0111659319
    0.0020919034
    0.0084193937
   -0.0005407520
    0.0007345730
    0.0009294738
   -0.0024037668
    0.0051664326
   -0.0055636494
    0.0016674623
    0.0000913768
   -0.0090298385
    0.0135147657
   -0.0065345852
   -0.0037739954
    0.0133294307
   -0.0046196529
    0.0006010937
   -0.0027585835
   -0.0070886457
   -0.0032008188
   -0.0056267763
   -0.0088382399
   -0.0041780712
    0.0068925383
    0.0034923864
   -0.0102426000
    0.0124268982
    0.0112902801
   -0.0038447353
    0.0059255885
    0.0033991874
    0.0061082480
   -0.0131897446
   -0.0079821415
   -0.0009220646
    0.0011196064
   -0.0135721572
    0.0011422418
   -0.0103731994
   -0.0108993230
    0.0042357269
   -0.0019870518
   -0.0054328247
    0.0125829405
    0.0001522833
    0.0056652721
    0.0073035731
    0.0097053278
    0.0040436188
    0.0025872536
    0.0019622159
    0.0058071920
   -0.0003859607
    0.0035756026
    0.0128351279
    0.0006290684
   -0.0002669486
   -0.0047250920
    0.0035231944
   -0.0055049663
   -0.0010063749
   -0.0029676438
    0.0075441251
   -0.0020870593
    0.0082799505
   -0.0048922084
   -0.0066631238
    0.0083845870
   -0.0043560317
   -0.0007276807
   -0.0016275541
    0.0012348153
   -0.0037423735
   -0.0002799332
   -0.0031559013
    0.0029480331
    0.0021103586
   -0.0022557075
   -0.0017226174
   -0.0033711739
   -0.0037378621
   -0.0041361244
    0.0018078885
    0.0004886031
   -0.0035878201
   -0.0017136113
   -0.0047304211
   -0.0016686573
   -0.0020805184
    0.0014562216
    0.0005043140
    0.0113602096
    0.0117049957
    0.0055045580
    0.0095204513
    0.0070817428
    0.0044506348
    0.0109667749
    0.0101951836
    0.0113612914
    0.0115168795
    0.0095045049
    0.0125206595
    0.0095823829
    0.0074688069
    0.0039297213
    0.0048891181
    0.0121082837
    0.0115244737
    0.0070335747
    0.0123628147
    0.0084489857
    0.0050082685
    0.0023559078
    0.0069244193
    0.0102433336
    0.0080169875
   -0.0173860857
   -0.0192272812
   -0.0126729122
   -0.0153511146
   -0.0128598673
   -0.0212957117
   -0.0162247629
   -0.0229473811
   -0.0106787491
   -0.0142155110
   -0.0146089649
   -0.0197861424
   -0.0195574643
   -0.0166048114
   -0.0174205067
   -0.0211789744
   -0.0164068897
   -0.0201706397
   -0.0149493642
   -0.0180757590
   -0.0150600663
   -0.0150363714
   -0.0205388522
   -0.0153684583
   -0.0149732200
   -0.0144408668
   -0.0186126786
   -0.0165014924
   -0.0204024646
   -0.0189484983
   -0.0146975963
   -0.0143781375
   -0.0227575896
   -0.0203442613
   -0.0226188412
   -0.0228193460
   -0.0183378448
   -0.0193308279
   -0.0205227251
   -0.0186812567
   -0.0216963065
   -0.0175252126
   -0.0162609595
   -0.0222753593
   -0.0148305453
   -0.0139656347
   -0.0165639450
   -0.0096344679
   -0.0187511640
   -0.0135202485
   -0.0214567775
   -0.0140189646
   -0.0188167484
   -0.0171556070
   -0.0212056828
   -0.0187362508
   -0.0180890044
   -0.0157236153
   -0.0118178500
    0.0017723639
   -0.0045373790
    0.0081011869
    0.0100632986
    0.0046272427
    0.0034324992
    0.0053822444
   -0.0032460703
   -0.0058027991
   -0.0007584907
    0.0009316237
    0.0000855963
    0.0064227291
    0.0020253153
    0.0055537142
    0.0052611401
   -0.0102351751
   -0.0079366565
   -0.0048884489
   -0.0031733895
    0.0055536514
    0.0006080775
    0.0019393031
   -0.0075013832
    0.0087701845
    0.0045505374
   -0.0059469507
    0.0051525823
   -0.0062234442
    0.0110771201
   -0.0101877881
    0.0034368062
   -0.0108802197
   -0.0050228045
   -0.0112384563
   -0.0036309232
   -0.0089592703
   -0.0032402701
   -0.0056334486
   -0.0050870503
   -0.0023485349
   -0.0043931342
   -0.0080710772
   -0.0046658578
   -0.0113206347
   -0.0014682629
    0.0071231837
   -0.0034469552
    0.0026794824
   -0.0071139464
   -0.0083080194
    0.0138334543
    0.0097159637
   -0.0071445466
    0.0052402051
   -0.0016551186
   -0.0041386035
   -0.0027548784
    0.0043653842
    0.0024744226
    0.0019302278
   -0.0045406376
   -0.0038144664
   -0.0068256346
   -0.0004164303
   -0.0068201642
    0.0011153414
   -0.0122703891
   -0.0016309214
   -0.0122312639
    0.0047815804
   -0.0061400629
   -0.0138570554
   -0.0030425259
    0.0033855488
   -0.0054609969
   -0.0082001517
   -0.0033915244
   -0.0034487551
   -0.0105727603
   -0.0053368519
   -0.0108015346
    0.0067081389
   -0.0053540725
    0.0025765148
   -0.0081839555
   -0.0067160945
    0.0008990463
   -0.0036051610
    0.0000874281
   -0.0046409513
    0.0145229634
    0.0004487665
    0.0071151206
   -0.0043106401
    0.0064359303
    0.0061841579
    0.0046897515
    0.0080415772
   -0.0018105198
    0.0034153774
    0.0037203056
    0.0059770665
    0.0058996903
    0.0061683028
    0.0014027933
    0.0051947363
    0.0060585703
   -0.0045364026
   -0.0175222335
    0.0069855123
    0.0009336281
    0.0065592871
    0.0051222044
    0.0064608861
   -0.0104164767
    0.0088312611
    0.0050850914
    0.0109160834
    0.0087600774
    0.0058196665
    0.0050159125
   -0.0141767212
    0.0059060592
    0.0046119512
    0.0095554278
   -0.0083515542
    0.0061871699
    0.0027373411
    0.0069287115
    0.0039054788
    0.0025380983
    0.0066126799
    0.0035487947
    0.0044491743
    0.0054823703
    0.0067652667
   -0.0063647606
   -0.0053168899
    0.0051180400
   -0.0077895057
   -0.0115724094
    0.0072702129
    0.0060754957
    0.0060268798
   -0.0085905021
    0.0048967593
    0.0069059609
    0.0022924655
    0.0045265978
    0.0092064635
    0.0058338280
    0.0059600417
    0.0060941370
    0.0060923306
    0.0086455015
    0.0057425983
    0.0068711311
    0.0059561560
    0.0087550587
    0.0022219342
    0.0119670207
    0.0033925953
    0.0078162562
    0.0056481941
    0.0051194288
    0.0053172902
    0.0044990570
    0.0078422592
    0.0067994564
    0.0061038105
    0.0049637405
    0.0083300979
   -0.0033141608
    0.0051152530
    0.0046473052
    0.0030911707
    0.0070296818
    0.0100364867
    0.0079736794
    0.0062380888
    0.0048628204
    0.0039463218
    0.0010094720
   -0.0012955445
    0.0044052234
    0.0046089502
    0.0057452242
    0.0070802508
   -0.0057128186
    0.0055671125
    0.0021515172
    0.0061788820
    0.0081642749
    0.0019718015
    0.0030244234
    0.0054487646
    0.0056533958
   -0.0093855000
    0.0061562457
    0.0084149960
   -0.0010611092
    0.0032370282
    0.0050942188
    0.0044965610
    0.0046245909
    0.0038921256
    0.0063839288
    0.0039837238
    0.0035671383
    0.0062719653
    0.0048282328
    0.0059985228
    0.0061536592
   -0.0002704254
    0.0090107284
    0.0043698051
   -0.0086536504
    0.0062464847
    0.0057536687
    0.0034553000
   -0.0049572963
    0.0074752680
    0.0085701963
   -0.0070004829
   -0.0107787416
    0.0006737794
    0.0058894140
    0.0048344216
    0.0077705112
    0.0063846284
    0.0065922167
    0.0051676966
    0.0065142320
   -0.0014036940
    0.0076200652
    0.0113835308
    0.0131583819
    0.0110323446
    0.0100774375
    0.0102056185
    0.0051949115
    0.0122702044
    0.0108188957
    0.0123576391
    0.0129937621
    0.0064067405
    0.0151124999
    0.0057121065
    0.0077584369
    0.0027236994
    0.0046766904
    0.0055271092
    0.0032518364
    0.0019602963
    0.0050044782
   -0.0043870332
    0.0045130816
    0.0045959574
    0.0034856489
    0.0039431134
    0.0031368310
    0.0060660375
    0.0002909204
    0.0061191857
    0.0034048755
    0.0135371484
    0.0125591241
    0.0136333362
    0.0100245489
    0.0118622323
    0.0120535077
    0.0113132606
    0.0158650061
    0.0149319799
    0.0123484151
    0.0136857712
    0.0108081379
    0.0101676062
    0.0119720567
    0.0129896665
    0.0101501155
    0.0120115377
    0.0146272094
    0.0135736121
    0.0098881248
    0.0033853432
   -0.0023879297
    0.0049854939
    0.0011012396
    0.0003851179
   -0.0033242666
   -0.0032185965
    0.0063138323
    0.0053502820
    0.0062848525
    0.0047764130
    0.0054689721
    0.0061610421
    0.0065429563
    0.0057407176
    0.0028697634
    0.0064531387
    0.0051334959
    0.0042899566
    0.0036139894
    0.0058181112
    0.0060168624
    0.0063674205
    0.0062770230
    0.0089568447
    0.0082246125
    0.0058136162
    0.0083327411
    0.0093238313
   -0.0037347539
   -0.0042286015
    0.0022654368
    0.0001988534
    0.0049038166
   -0.0039053523
   -0.0063738478
   -0.0020877806
   -0.0025960261
    0.0069894427
   -0.0009280864
   -0.0040052729
    0.0025630810
   -0.0080294661
   -0.0032242903
   -0.0033485120
   -0.0057545702
   -0.0039292106
    0.0105510944
   -0.0007932265
   -0.0003095725
   -0.0057226069
   -0.0010281584
   -0.0039434859
   -0.0066792942
   -0.0024101434
    0.0099318170
   -0.0021679534
    0.0082642158
   -0.0001472509
    0.0030537822
    0.0064951911
    0.0025663698
   -0.0038872632
    0.0021860565
   -0.0039426319
    0.0008837599
   -0.0060730661
    0.0083244273
   -0.0049158805
   -0.0018544308
    0.0008482338
    0.0045697321
    0.0077970681
   -0.0003751032
    0.0072959027
   -0.0016511901
   -0.0072547391
   -0.0019569095
    0.0107545897
   -0.0001346376
   -0.0037785689
   -0.0019214945
    0.0063243938
   -0.0032694021
    0.0086743656
   -0.0021761866
   -0.0020840958
   -0.0043489358
    0.0017936398
    0.0103216978
   -0.0062516150
   -0.0019782360
   -0.0075015136
    0.0025519916
    0.0105910566
   -0.0004197207
   -0.0019832405
   -0.0053646181
    0.0087425237
   -0.0035327835
   -0.0054044834
    0.0060164108
   -0.0015795409
    0.0004255298
   -0.0043612507
    0.0076981270
    0.0020499962
    0.0029232451
   -0.0004223602
    0.0059366244
    0.0010293535
   -0.0074757639
    0.0103799930
   -0.0037917045
    0.0063092861
   -0.0013758386
    0.0052479837
    0.0048807083
   -0.0033284164
   -0.0029475817
   -0.0075940692
   -0.0049643563
   -0.0037114499
    0.0026940293
    0.0035261350
   -0.0026096858
   -0.0012256617
   -0.0043073639
   -0.0075478503
   -0.0005740771
    0.0057967584
    0.0059427201
   -0.0116016823
   -0.0055995082
   -0.0152128824
   -0.0113138177
   -0.0133267325
   -0.0059539587
   -0.0114417150
   -0.0081661579
   -0.0147470960
   -0.0089890607
   -0.0139611628
   -0.0126125552
   -0.0118017759
   -0.0093617732
   -0.0151560532
   -0.0107993759
   -0.0079161952
   -0.0131452373
   -0.0131381949
   -0.0107568125
   -0.0075833499
   -0.0088403762
   -0.0138040445
   -0.0144965084
   -0.0118371490
   -0.0075997180
   -0.0100461249
   -0.0139718536
   -0.0094389465
   -0.0140641065
   -0.0108039289
   -0.0101640796
   -0.0127224424
   -0.0145362000
   -0.0155361160
   -0.0109509686
   -0.0098499363
   -0.0123924427
   -0.0140172831
   -0.0102236359
   -0.0079067483
   -0.0071931032
   -0.0133878995
   -0.0110266143
   -0.0097180353
    0.0083421894
    0.0017391292
    0.0033234980
   -0.0046035793
   -0.0103913093
    0.0023407883
   -0.0026111774
    0.0004427795
    0.0092763485
    0.0094248517
   -0.0060677674
    0.0041908187
   -0.0018130825
   -0.0078389517
    0.0026506509
   -0.0059754565
   -0.0029758592
   -0.0057802320
   -0.0047961610
    0.0056203350
   -0.0102912472
    0.0034907475
    0.0022005574
   -0.0081993986
   -0.0010836309
    0.0106438082
    0.0018533094
    0.0010899538
    0.0080596340
    0.0008106546
    0.0055363473
    0.0002325957
    0.0028133170
    0.0049420745
   -0.0051141097
   -0.0010120327
    0.0033613215
    0.0035261732
    0.0075031962
    0.0076455078
    0.0024048955
   -0.0040369470
   -0.0064809532
    0.0097961421
   -0.0065272145
   -0.0104188656
   -0.0011308535
   -0.0024159801
   -0.0074151977
   -0.0069253642
   -0.0063407192
   -0.0002819569
    0.0071202370
    0.0006469383
    0.0022650812
   -0.0029076894
    0.0103177295
    0.0085286466
   -0.0004043113
    0.0005223293
    0.0090257173
    0.0097240610
    0.0027144467
   -0.0043553250
    0.0035831897
   -0.0019727155
    0.0079174069
   -0.0070020785
    0.0087335621
   -0.0053676466
    0.0102974503
    0.0082414909
    0.0046696514
    0.0019659587
   -0.0079488570
   -0.0081687824
   -0.0071572327
    0.0022758488
    0.0009991733
    0.0069643611
   -0.0092831897
   -0.0058042823
    0.0100061817
    0.0062774823
    0.0103004544
   -0.0099239432
   -0.0031185213
   -0.0108692161
   -0.0046502361
    0.0092018088
    0.0023532048
    0.0061699607
    0.0077694700
   -0.0040920269
   -0.0054624076
   -0.0068284722
   -0.0090466106
   -0.0005101823
    0.0071973132
   -0.0037330705
    0.0063710505
   -0.0008221162
    0.0089521446
   -0.0016254756
   -0.0042621569
   -0.0013456689
   -0.0079830345
   -0.0113962176
   -0.0048083835
    0.0071185816
   -0.0016929557
    0.0009607054
    0.0007428539
   -0.0001458956
   -0.0018932353
   -0.0022924172
   -0.0040749774
   -0.0008736719
   -0.0048823170
   -0.0013549879
    0.0006918529
   -0.0026421060
   -0.0049776168
    0.0002950453
   -0.0016779472
   -0.0016390902
   -0.0015399531
    0.0005218829
    0.0001908604
   -0.0047683235
   -0.0022515886
   -0.0043969061
   -0.0004704276
   -0.0001104012
   -0.0013490265
    0.0013710657
   -0.0022230226
    0.0022618963
    0.0082558795
    0.0064541613
    0.0094503904
    0.0077523945
    0.0078756870
    0.0080396130
    0.0064058387
    0.0070871319
    0.0095904400
   -0.0101461280
   -0.0146156968
   -0.0157616332
   -0.0125445126
   -0.0162780967
   -0.0178331322
   -0.0155859303
   -0.0141622313
   -0.0137263102
   -0.0112143283
   -0.0107850050
   -0.0118505541
   -0.0161051635
   -0.0179789146
   -0.0154259847
   -0.0136829667
   -0.0108496691
   -0.0163097205
   -0.0104833773
   -0.0166029639
   -0.0130556628
   -0.0099762988
   -0.0116366603
   -0.0137676437
   -0.0177204078
   -0.0179161905
   -0.0156160830
   -0.0150193760
   -0.0169830825
   -0.0136984652
   -0.0155603790
   -0.0172904376
   -0.0110617384
   -0.0128435320
   -0.0134838567
   -0.0177593129
   -0.0139439563
   -0.0143470853
   -0.0177476933
   -0.0178045045
   -0.0180485248
   -0.0094527262
   -0.0126647024
   -0.0085462754
   -0.0124293953
   -0.0094233440
   -0.0141539770
   -0.0110748362
   -0.0169246654
   -0.0140430979
   -0.0134962531
   -0.0108683836
   -0.0143537130
   -0.0160651957
   -0.0149719664
   -0.0127678009
   -0.0135474177
   -0.0157247012
   -0.0177333422
   -0.0138330057
   -0.0024378529
    0.0015136095
   -0.0079572564
   -0.0061596341
   -0.0116034030
   -0.0042055318
   -0.0011337141
   -0.0008609638
   -0.0035000608
    0.0022834440
   -0.0023888325
    0.0031655949
   -0.0018890355
   -0.0051760631
    0.0118826066
    0.0019415653
    0.0032990848
   -0.0036635945
    0.0001017984
   -0.0004244802
   -0.0029874956
    0.0047480838
   -0.0033800893
    0.0000586807
    0.0021778242
   -0.0033963267
    0.0007715493
    0.0128535352
   -0.0001822464
   -0.0065516495
    0.0076436057
   -0.0004993692
    0.0036805741
    0.0026728855
   -0.0001287139
    0.0013506688
    0.0070881864
    0.0058278401
   -0.0028069633
    0.0008664037
   -0.0046417330
    0.0036722121
    0.0005185256
   -0.0046351034
   -0.0059370799
   -0.0065374848
    0.0071416482
    0.0040846215
    0.0096555153
    0.0029835832
   -0.0075624501
   -0.0000467366
    0.0019525493
    0.0068577689
    0.0036496730
   -0.0053358781
   -0.0110418741
   -0.0047944259
   -0.0049758425
    0.0004882083
    0.0055855456
   -0.0088556936
   -0.0056728458
   -0.0066017218
   -0.0062374907
   -0.0013981178
    0.0058347105
    0.0110815665
    0.0029407057
    0.0013495299
   -0.0065920741
    0.0010025837
    0.0026741805
   -0.0054616869
    0.0129873330
   -0.0024959307
   -0.0103312067
   -0.0029023536
    0.0045964699
   -0.0004981093
    0.0020425750
   -0.0030751551
   -0.0029761124
   -0.0001865735
    0.0022236661
    0.0026136345
   -0.0023976200
    0.0075013933
   -0.0089340571
   -0.0035939466
   -0.0103100209
   -0.0106015915
   -0.0051909948
   -0.0082149724
   -0.0030765377
    0.0034076684
    0.0020786974
   -0.0081105637
   -0.0038611135
   -0.0111448898
   -0.0058502738
    0.0026330425
    0.0068941445
   -0.0002474244
    0.0000627207
    0.0003170506
    0.0047240249
    0.0033200312
   -0.0026343511
   -0.0021936543
    0.0046164279
    0.0032807918
   -0.0023089377
    0.0048877406
    0.0109371504
    0.0051878121
   -0.0065433993
    0.0036296008
    0.0068311185
    0.0016777990
   -0.0004557903
    0.0060156829
    0.0046341221
    0.0072501768
   -0.0044297701
    0.0032240492
    0.0048754606
    0.0067763066
    0.0014926046
    0.0046253281
    0.0059710985
   -0.0070027937
    0.0050503010
    0.0046853533
    0.0051053896
    0.0041508883
    0.0015059766
   -0.0067139246
    0.0051368076
    0.0056275193
    0.0063018150
   -0.0050930760
   -0.0015790243
   -0.0085400063
    0.0053395517
    0.0085427424
    0.0071511806
    0.0054782951
    0.0085201739
    0.0082304173
    0.0049098673
    0.0022148343
    0.0051557197
    0.0061902034
    0.0075919297
    0.0061367288
   -0.0083999182
    0.0028246837
    0.0051811233
    0.0068285531
    0.0023894722
   -0.0023351053
    0.0050373390
    0.0064635146
    0.0003037912
   -0.0075797415
    0.0009669680
    0.0051831181
    0.0059268818
    0.0044289227
   -0.0030183043
    0.0022489451
    0.0042853279
    0.0038954656
    0.0059391779
    0.0040552680
    0.0045634198
    0.0052933165
    0.0037662846
   -0.0088320780
   -0.0015350365
    0.0045576024
    0.0069158754
   -0.0019473062
    0.0051885255
    0.0047714890
    0.0036178027
    0.0058176431
    0.0051793575
   -0.0004142196
    0.0114210911
    0.0044819440
    0.0040746297
    0.0034292436
    0.0048748568
   -0.0065974879
    0.0072104966
    0.0019908829
    0.0044390023
    0.0017535710
    0.0026333369
    0.0056051838
    0.0053417881
    0.0093978329
   -0.0020282208
    0.0049402225
   -0.0037145693
    0.0051283668
    0.0081328113
    0.0031682151
    0.0033773048
    0.0053002792
    0.0015653127
   -0.0054967435
    0.0044214871
    0.0004345594
    0.0048761021
   -0.0005465823
    0.0038502814
    0.0027678461
    0.0030623783
    0.0014645081
    0.0046286275
    0.0051839497
    0.0076388564
    0.0046003218
    0.0088084471
    0.0003994788
    0.0071107944
    0.0055708022
    0.0067420738
   -0.0005439704
    0.0017653230
   -0.0054562766
    0.0041541574
    0.0023775547
    0.0044905997
    0.0077072741
    0.0044719896
    0.0052725952
    0.0046117111
    0.0038364124
    0.0051528073
    0.0047972500
    0.0049271411
    0.0104316653
   -0.0000122203
    0.0047594888
    0.0017371018
    0.0069649452
    0.0063946272
    0.0021327944
    0.0050534694
    0.0100535675
    0.0100552057
    0.0087321428
    0.0090155785
    0.0066590029
    0.0094515488
    0.0110598212
    0.0079433772
    0.0071692151
    0.0073399432
    0.0068445516
    0.0031595450
    0.0036849963
    0.0011056829
    0.0047644719
    0.0038915893
    0.0048980140
    0.0034393490
    0.0043083499
    0.0019947403
    0.0032591007
    0.0107092808
    0.0120587469
    0.0105797254
    0.0103182901
    0.0096893629
    0.0132730946
    0.0117893743
    0.0098722704
    0.0098374550
    0.0104435192
    0.0119340746
    0.0110998503
    0.0129009957
    0.0022053627
    0.0030669100
    0.0001360119
    0.0034196800
    0.0034863752
    0.0034331384
    0.0046404388
    0.0047947710
    0.0006785372
   -0.0006281896
    0.0023955139
   -0.0063950479
    0.0055656191
    0.0005001345
    0.0036610947
   -0.0023417470
    0.0076002364
   -0.0026066967
    0.0010436831
    0.0002768377
   -0.0063267074
    0.0087864704
   -0.0038213839
    0.0088634133
   -0.0005553634
    0.0089112784
   -0.0038483360
    0.0000762559
    0.0087123562
    0.0068653135
   -0.0042964449
    0.0062467318
   -0.0030937508
   -0.0020199847
   -0.0031048923
    0.0031461784
   -0.0030939216
   -0.0054635690
   -0.0037954830
    0.0057556047
    0.0054672361
   -0.0076813783
    0.0040548467
    0.0059104175
    0.0010743587
   -0.0020994691
   -0.0046996391
    0.0017840598
    0.0004324025
    0.0060819581
    0.0067165219
   -0.0025174631
    0.0090782656
    0.0028263784
   -0.0026232965
   -0.0057887543
   -0.0007065897
   -0.0017453632
    0.0032781225
   -0.0020309962
   -0.0016638738
   -0.0004719845
   -0.0033296594
   -0.0029312298
   -0.0044028171
    0.0070155844
   -0.0023464121
   -0.0057268112
   -0.0031658268
   -0.0032590277
   -0.0032460137
   -0.0056002153
    0.0084527352
   -0.0013607741
    0.0066244003
    0.0034943533
    0.0005507575
   -0.0030171184
    0.0085877758
    0.0078182872
    0.0084014548
    0.0044216467
    0.0037142175
   -0.0002162107
    0.0014085373
   -0.0053622303
    0.0051268778
   -0.0036169773
    0.0014669349
   -0.0038893052
    0.0068058648
    0.0037711101
    0.0080857356
    0.0031282089
    0.0028976196
    0.0061762833
    0.0039985106
   -0.0005309869
   -0.0059661413
    0.0042153009
   -0.0000209076
    0.0062055550
    0.0014693187
   -0.0080475138
   -0.0021826050
    0.0002167937
   -0.0020744289
   -0.0059692317
    0.0081596898
    0.0074550416
   -0.0034876202
   -0.0002631232
   -0.0033246506
   -0.0042221256
    0.0004087551
   -0.0041723700
   -0.0059046397
   -0.0009501015
    0.0043903844
   -0.0018581633
    0.0079106684
   -0.0013516723
    0.0071919115
    0.0085740473
    0.0003616675
   -0.0067394466
    0.0028235354
   -0.0036242860
   -0.0008539749
    0.0005818108
    0.0051050884
   -0.0011053753
    0.0077217004
   -0.0055080623
   -0.0053922280
   -0.0032587969
    0.0070435529
   -0.0013428372
   -0.0083549612
   -0.0033221360
    0.0017949156
   -0.0064605008
   -0.0073504222
   -0.0025117670
   -0.0058311805
    0.0026502851
    0.0012263013
    0.0038247294
    0.0012450909
    0.0055627973
   -0.0086826586
   -0.0112936766
   -0.0050548703
   -0.0087820132
   -0.0120658268
   -0.0118677415
   -0.0081353638
   -0.0079246697
   -0.0053625247
   -0.0054291913
   -0.0111644701
   -0.0096160748
   -0.0056927212
   -0.0100102849
   -0.0100506262
   -0.0118599985
   -0.0113323539
   -0.0118926545
   -0.0119653981
   -0.0102347889
   -0.0108361039
   -0.0116693776
   -0.0076542657
   -0.0060556808
   -0.0110894786
   -0.0101198756
   -0.0112043022
   -0.0052898159
   -0.0052460624
   -0.0062994620
   -0.0110849900
   -0.0107759296
   -0.0100070378
   -0.0057812604
   -0.0070231955
   -0.0097404962
   -0.0099447088
   -0.0106700911
   -0.0065048816
    0.0000182885
    0.0054967623
    0.0012864260
   -0.0006878518
    0.0010511945
   -0.0060350415
    0.0083463142
   -0.0010129204
    0.0050953325
    0.0032132480
   -0.0035815887
    0.0065837444
    0.0038393129
   -0.0065342008
   -0.0052920514
   -0.0067481471
   -0.0056786435
   -0.0012372557
   -0.0020236153
    0.0055269015
    0.0036123097
    0.0076135104
   -0.0031601952
    0.0011414576
   -0.0033302278
   -0.0053173850
    0.0050500342
    0.0007251962
    0.0057395356
    0.0019704839
    0.0024251370
   -0.0029508523
   -0.0052171331
   -0.0062930380
    0.0031011158
   -0.0023238422
   -0.0030782000
   -0.0023725604
   -0.0067662589
   -0.0061443392
    0.0066759825
   -0.0086924308
    0.0013401631
    0.0073947225
   -0.0034603499
    0.0057163923
    0.0037893433
   -0.0037482666
   -0.0040445062
    0.0026938953
   -0.0053473107
   -0.0025056992
    0.0050768023
    0.0049136010
   -0.0015212454
   -0.0062911802
   -0.0014335591
   -0.0048642430
   -0.0061115889
   -0.0007176909
   -0.0030124427
    0.0061811724
   -0.0029360836
   -0.0053416096
    0.0017037887
    0.0061783623
   -0.0066644311
   -0.0044734131
   -0.0032911737
   -0.0040315660
    0.0040325728
    0.0005336590
    0.0065815331
   -0.0014264019
    0.0073080650
    0.0017361065
    0.0036500364
    0.0033715606
   -0.0067473207
   -0.0013668283
   -0.0016492444
   -0.0000435509
    0.0055659986
    0.0033719610
    0.0016531284
   -0.0006142681
    0.0079915096
    0.0020036931
    0.0050534721
   -0.0014702090
   -0.0035892722
   -0.0052485537
   -0.0009575115
   -0.0036037951
   -0.0091383649
   -0.0035642198
    0.0060037869
   -0.0019768755
   -0.0022646623
    0.0069432687
   -0.0063456055
    0.0019239804
   -0.0039460026
   -0.0100670859
   -0.0043882788
   -0.0043553710
    0.0023321394
   -0.0024639361
    0.0005673443
    0.0023922511
    0.0057214506
   -0.0089017824
   -0.0071954001
    0.0044053654
    0.0027252807
    0.0049919816
   -0.0057711885
   -0.0041085219
   -0.0101964008
    0.0065805643
   -0.0021569615
    0.0045327471
   -0.0036632659
    0.0076953932
    0.0026902629
   -0.0036733943
   -0.0097323348
    0.0029398592
    0.0072662967
    0.0082702975
    0.0012839849
    0.0042663192
    0.0000409296
    0.0000073052
   -0.0038943299
    0.0034946139
   -0.0069945856
    0.0039721739
   -0.0034272657
   -0.0052682360
    0.0007943199
    0.0085746204
   -0.0045857902
   -0.0042839373
   -0.0011610977
    0.0047662688
   -0.0059168139
    0.0039244667
   -0.0046234261
    0.0000032088
   -0.0037102910
   -0.0004257531
    0.0069788023
    0.0078780658
    0.0046313962
   -0.0035678408
    0.0082076142
    0.0018998170
    0.0019288441
    0.0017638247
    0.0035746516
   -0.0024731703
    0.0076735433
   -0.0035203486
   -0.0049000046
    0.0004308730
   -0.0075526337
   -0.0076597702
   -0.0027251313
    0.0084651813
   -0.0012360512
   -0.0007504958
   -0.0040066636
    0.0086168561
    0.0063073653
    0.0049652846
    0.0041938343
   -0.0037786794
    0.0010520661
    0.0081722610
    0.0016010591
    0.0064838244
   -0.0044963705
   -0.0025591465
   -0.0007569328
   -0.0006200027
   -0.0009851057
   -0.0020985873
   -0.0015087511
   -0.0029030926
   -0.0003454879
   -0.0008682688
    0.0013188971
   -0.0005342401
    0.0009228848
   -0.0022699835
   -0.0031222174
   -0.0030991896
   -0.0001695575
   -0.0037352209
    0.0004072642
   -0.0024427150
   -0.0015499639
   -0.0017201381
    0.0000755333
    0.0000416253
   -0.0014063886
   -0.0084082277
   -0.0093580288
   -0.0087625203
   -0.0121050448
   -0.0113951383
   -0.0129226185
   -0.0114139155
   -0.0143236097
   -0.0139361762
   -0.0124231145
   -0.0118760853
   -0.0114086494
   -0.0113587274
   -0.0102415101
   -0.0099926398
   -0.0129373861
   -0.0104066571
   -0.0088543642
   -0.0077797635
   -0.0138562074
   -0.0113422672
   -0.0099335776
   -0.0102865654
   -0.0117754940
   -0.0133143531
   -0.0142305231
   -0.0143448878
   -0.0118034396
   -0.0111050362
   -0.0129392332
   -0.0114104648
   -0.0134403246
   -0.0101681688
   -0.0111155004
   -0.0124862793
   -0.0130721204
   -0.0070052235
   -0.0135910048
   -0.0139887674
   -0.0137677047
   -0.0105503766
   -0.0102762260
   -0.0083411869
   -0.0128810724
   -0.0124864933
   -0.0076814272
   -0.0090868914
   -0.0031347112
   -0.0013138110
   -0.0005386355
    0.0044091141
    0.0025283278
    0.0085241815
    0.0013281473
   -0.0050633442
   -0.0002462044
   -0.0044551868
   -0.0026095086
    0.0024979420
   -0.0055679151
   -0.0033276311
   -0.0003936440
   -0.0009660410
    0.0034925529
    0.0011084718
    0.0062208714
    0.0081396251
   -0.0063167724
   -0.0027789963
   -0.0027485098
   -0.0005637621
    0.0039537664
   -0.0071825218
   -0.0036331298
    0.0062415302
    0.0061936658
   -0.0021524841
   -0.0027044422
    0.0005888942
   -0.0026114188
    0.0073628647
   -0.0036585366
    0.0020245133
    0.0095103739
   -0.0040272958
    0.0070784754
   -0.0014990075
   -0.0088037732
   -0.0022361535
   -0.0097693480
    0.0046474324
    0.0094198864
   -0.0028743985
    0.0021373286
    0.0030026730
   -0.0049478522
    0.0040368187
    0.0019596448
   -0.0018754266
   -0.0030996368
   -0.0006768155
    0.0032709240
   -0.0007682435
   -0.0079574610
   -0.0051564217
   -0.0031210452
   -0.0062902635
   -0.0040069208
   -0.0024943267
    0.0005363956
   -0.0032879215
   -0.0009449778
    0.0064999820
   -0.0044055487
   -0.0035478991
    0.0049546536
    0.0065011799
   -0.0044650200
    0.0002339194
    0.0037528682
    0.0025821977
    0.0079341343
    0.0058229593
   -0.0058472222
   -0.0056937429
   -0.0016840809
   -0.0045640270
   -0.0069030899
   -0.0010678193
    0.0005818539
   -0.0015548064
    0.0090415788
   -0.0062760066
    0.0058165199
   -0.0068673188
    0.0063135057
    0.0004449001
   -0.0032805284
    0.0040079906
   -0.0015013576
   -0.0027693688
   -0.0036737512
   -0.0043835285
   -0.0028560854
    0.0018135875
   -0.0012708465
    0.0013027779
    0.0052991534
   -0.0059731991
   -0.0022747972
   -0.0024450190
   -0.0023630414
    0.0022982409
    0.0013915340
    0.0044804173
   -0.0020047794
   -0.0023777490
   -0.0036670877
   -0.0027063066
    0.0046693993
   -0.0034436324
    0.0083822484
    0.0019362892
    0.0065168639
   -0.0058990247
    0.0098987203
    0.0036549714
    0.0059452738
   -0.0038496272
   -0.0020029926
    0.0050675806
    0.0044094484
   -0.0083612852
    0.0005592535
   -0.0010830011
    0.0030700922
   -0.0037796598
   -0.0024679801
   -0.0004455720
    0.0011452244
    0.0013417030
    0.0078898056
   -0.0015613046
   -0.0031167856
   -0.0043772715
   -0.0033126437
    0.0047161374
    0.0059536791
    0.0032096862
    0.0056115463
    0.0081150873
   -0.0005774966
    0.0043379933
    0.0073884115
   -0.0012512193
    0.0037400651
    0.0079071122
    0.0023563384
    0.0022084476
   -0.0006387183
    0.0013740881
    0.0075268846
    0.0040084508
    0.0049436742
    0.0064268280
   -0.0001272594
    0.0041971312
    0.0025426561
    0.0033972211
    0.0029543101
    0.0029691027
    0.0028389709
    0.0046539893
   -0.0021428142
    0.0035918866
    0.0046624565
    0.0035029565
    0.0042807102
    0.0032341224
    0.0027839631
    0.0036483164
    0.0051933168
    0.0002736690
    0.0042789424
    0.0034646263
    0.0023070677
   -0.0027827529
    0.0035023691
   -0.0035734815
    0.0049816873
    0.0033314391
    0.0016376260
    0.0008148396
    0.0040209921
    0.0071443434
    0.0027919465
    0.0044430547
    0.0013663892
    0.0085769690
   -0.0068351618
    0.0034468845
    0.0044315567
    0.0041747483
    0.0067188504
    0.0033203531
   -0.0039781056
    0.0036433837
    0.0047855057
    0.0035836828
    0.0003641314
    0.0024889425
    0.0084248460
    0.0058383541
    0.0072418745
    0.0042498311
   -0.0014902900
    0.0032758697
    0.0011907550
   -0.0002419518
    0.0004583507
    0.0061542666
    0.0036004583
    0.0089893496
    0.0055862957
   -0.0031911736
    0.0010796284
   -0.0046053596
    0.0042336132
    0.0052810595
    0.0017080225
    0.0076856320
    0.0039578047
    0.0048722900
   -0.0024606541
    0.0037863587
   -0.0022180693
    0.0089729059
    0.0067631970
    0.0045267594
    0.0013877496
    0.0044451116
    0.0041622159
    0.0037884525
    0.0058107880
   -0.0077452960
    0.0042058150
    0.0048087388
    0.0015742788
    0.0013816286
    0.0041231255
    0.0026260348
    0.0049327411
   -0.0015539009
    0.0031072750
    0.0061069216
    0.0036672444
    0.0041889572
    0.0017850695
    0.0097143247
    0.0064722366
    0.0043821832
    0.0070394300
    0.0045381565
    0.0069932165
    0.0023920618
    0.0026105126
    0.0021964410
    0.0071873784
    0.0049942031
    0.0032943285
    0.0033747526
    0.0023692185
   -0.0040458865
   -0.0078633693
    0.0046018347
    0.0045395474
    0.0030358498
    0.0005015948
    0.0046574859
   -0.0046542947
    0.0038937514
   -0.0032705230
   -0.0070084425
    0.0040270387
    0.0064490261
    0.0032872139
    0.0076123978
   -0.0085103857
   -0.0037582851
    0.0018760477
    0.0030069501
    0.0022545676
    0.0039933976
    0.0016714003
    0.0039072273
    0.0039774325
    0.0038684476
   -0.0024450743
    0.0061874558
   -0.0001612799
    0.0035560134
    0.0044991731
    0.0044535567
    0.0046792030
    0.0043558009
    0.0026667310
    0.0031630312
    0.0026992128
    0.0029969626
   -0.0005318969
    0.0039397635
    0.0036715598
   -0.0026075638
    0.0044381975
   -0.0048049591
    0.0094727609
    0.0039025693
    0.0036460191
    0.0046837974
    0.0070878276
    0.0037485176
   -0.0015237829
   -0.0008355594
    0.0051893436
    0.0039860959
   -0.0018024559
    0.0035233183
    0.0023950612
    0.0086842061
    0.0011124037
   -0.0040216595
   -0.0022295738
    0.0021568342
   -0.0001570092
    0.0084115495
    0.0039200670
    0.0043829725
    0.0006025839
   -0.0009953585
   -0.0077816945
    0.0080614600
    0.0041399193
    0.0037894764
    0.0035105360
    0.0054172145
    0.0064909722
    0.0015862308
    0.0031268303
    0.0026290031
    0.0047154016
    0.0048039223
   -0.0005484107
    0.0062863564
   -0.0055138837
    0.0075632049
    0.0033208057
    0.0041405807
    0.0035920687
   -0.0052718864
    0.0010974730
    0.0052021317
    0.0049587486
    0.0025661155
   -0.0010615926
    0.0028172272
    0.0034007768
    0.0016875891
    0.0041117037
    0.0041694924
    0.0041494334
    0.0039429518
   -0.0004445405
    0.0016769263
    0.0002391837
    0.0060449657
    0.0046362699
   -0.0013790383
    0.0050484704
    0.0040451075
   -0.0001247069
   -0.0001628332
    0.0035298999
    0.0021877087
    0.0048604986
   -0.0020264441
    0.0038411203
    0.0039622172
    0.0026409795
   -0.0072856859
    0.0044918791
    0.0026333306
    0.0062518402
    0.0040340028
    0.0020692733
    0.0043453285
    0.0060296149
    0.0041716481
    0.0029260434
    0.0046502403
    0.0025333907
    0.0035862489
    0.0040499231
    0.0046447242
    0.0072994976
    0.0077454434
    0.0030572828
    0.0067159556
    0.0056494040
    0.0071348459
   -0.0006978177
    0.0004933155
    0.0032673693
    0.0044877132
    0.0049097461
