1.604706 -2.507452 1.363420
1.499957 -0.454913 2.757314
0.625509 -1.121664 2.179603
2.923223 -1.892903 2.134014
2.115242 -1.338344 2.807564
0.752633 -1.972878 1.576048
1.645902 -1.579525 2.690400
1.210062 -2.266253 1.759743
2.256141 -0.659877 2.840343
3.232190 -0.837988 2.304645
3.408385 -1.224222 1.989659
1.542068 -1.416640 2.731848
1.018213 -2.238725 1.449140
0.765249 -1.432770 2.231998
2.972692 -1.995714 1.945514
2.287794 -1.283962 2.797159
1.339109 -1.422093 2.658366
2.773643 -2.319079 1.496152
2.825549 -0.379272 2.555905
1.799215 -0.254788 2.751513
2.313646 -2.416943 1.770326
3.565710 -1.849771 0.941087
1.318443 -0.131750 2.613663
2.620075 1.473932 1.853436
3.155595 1.378401 1.608120
2.699217 1.955292 -0.294585
3.634732 0.667636 1.747184
0.956497 -2.374494 0.492360
3.802387 -0.704283 1.730979
3.482693 -1.207313 1.847007
2.943374 1.337319 1.822049
2.395165 -0.023526 2.649746
0.884079 -1.954757 -0.910692
3.150331 0.139579 2.342998
3.789115 -0.386158 1.819396
2.055262 0.804541 2.466690
3.503111 -1.646586 1.418331
1.930826 -2.521380 -0.278195
2.082911 1.525544 1.934695
1.609332 -0.112005 2.673503
1.957251 -2.594903 0.439015
3.512340 0.276086 2.044791
1.381911 -2.454888 0.902705
3.564607 -1.750332 1.159069
1.155575 -2.431723 0.687343
2.844489 -0.122535 2.522942
3.534044 0.892723 1.704554
3.793943 0.967810 1.243388
3.697160 -1.721778 0.907038
3.493886 1.501368 0.885768
3.701418 -0.571904 1.890467
1.634200 0.748413 2.472354
1.023152 -1.698671 -1.297148
3.622687 -1.465779 1.462003
2.486944 0.381067 2.559705
1.542163 -2.454492 -0.384834
2.831343 -2.328781 0.975049
1.880673 -2.558302 0.747102
3.519640 -0.888109 1.977351
1.457171 0.139920 2.621264
0.725797 -2.060393 1.200443
3.292718 0.723888 2.043573
2.699054 0.351654 2.505672
3.536784 0.076750 2.067871
3.257634 -2.203525 0.406548
3.795155 -1.126773 1.515018
0.958645 -2.382257 0.300974
1.091489 -0.259030 2.540172
0.750719 -0.375012 2.370852
3.400264 -0.740329 2.132183
1.643206 0.080664 2.661553
1.352518 -0.935433 -1.869479
1.354547 0.578865 2.482784
1.476517 -2.332093 -0.665695
2.513814 1.100541 2.219210
-0.565910 2.512219 -0.472511
2.509643 1.908029 -0.638375
-0.175648 2.751606 -0.342488
-0.210293 2.625702 -0.689491
1.401903 -0.077837 -2.014475
0.786942 2.970006 0.106025
1.632700 2.778332 0.110601
0.601092 2.969401 0.078865
2.349300 2.153743 -0.537688
0.812537 0.028537 2.465319
1.870103 2.546664 -0.520871
0.502562 2.948356 -0.122857
0.277711 0.277653 2.478554
0.550270 -0.456554 2.287834
0.497511 0.025027 2.459346
0.491902 2.904937 -0.369547
-0.572759 2.472110 0.884481
2.404353 2.178215 0.624186
1.053042 -0.053558 -2.105898
1.990073 2.435410 0.920354
1.846775 2.614270 -0.337778
0.061705 -0.000833 2.373097
1.088299 0.348638 2.490356
2.333066 2.174020 0.842704
0.023687 2.834866 -0.278035
4.312437 1.377647 -0.460394
3.418935 -2.185906 0.074123
4.064086 -0.879026 1.205844
3.744700 -2.121723 -0.592169
3.527911 1.685126 -1.183280
3.974939 -1.856014 0.313529
2.536878 -0.609254 -2.475321
3.805201 -1.873137 0.489576
2.616944 0.772036 -2.298031
3.656584 -0.408177 -2.382575
3.555032 -2.199750 -0.282454
4.153046 0.901548 -1.720433
2.992055 0.660245 -2.364192
3.972336 -1.996268 -0.642941
4.836560 -0.445887 -1.194234
4.361370 -1.569245 0.220445
4.372898 -1.164095 0.734942
4.737878 -1.166392 -0.721314
4.169949 -0.331245 -2.097210
4.129409 0.440147 1.181428
3.379205 1.191141 -1.955306
4.559093 -0.206055 0.881069
3.637985 -1.384079 -2.001858
2.278188 0.626530 -2.290164
2.017993 -0.266587 -2.363807
3.014708 0.877723 -2.252545
2.758516 -2.046850 -1.447204
3.986021 -1.595266 0.728028
4.766240 -0.439815 0.521186
4.918853 0.258896 -0.041294
3.547187 1.755949 -0.956773
2.861434 -1.458305 -2.124171
4.708437 -0.874941 -1.245277
4.457436 1.064764 0.251011
3.819765 -1.982678 0.225797
4.412664 -1.606600 -0.034680
4.325613 -1.388982 0.571504
4.267356 -1.571342 -1.235637
3.733637 -0.186634 -2.362493
3.511145 -2.080287 0.319838
4.523377 -0.606709 0.859583
4.377543 0.614206 0.855851
3.906102 1.293755 -1.540203
3.490988 0.880603 -2.149318
3.241665 1.849836 0.070165
2.077670 0.177778 -2.356157
4.349075 0.119822 1.084551
3.416696 -1.762571 -1.741249
2.351164 -1.672406 -1.849992
1.655337 -0.723050 -2.078165
2.589290 -2.270182 -0.755979
3.018094 -0.402551 -2.528704
4.261586 -1.419091 -1.458087
4.375564 -0.930560 0.894565
3.150324 1.143360 -2.052664
3.833723 1.477982 -1.325875
2.293475 1.008668 -2.077682
4.594530 0.967804 -0.891747
3.847350 -2.080026 -0.443823
3.928697 -1.985100 0.014332
3.008241 -1.995919 -1.531682
4.187634 -0.113678 -2.087820
2.657586 1.472936 -1.728515
2.282319 1.231539 -1.887259
4.187832 -0.539287 1.219191
3.285666 -1.864369 -1.661319
2.075561 -1.555007 -1.839931
3.646652 1.244354 -1.786070
3.496183 -1.112862 -2.229019
3.266414 1.826449 -0.975736
3.943352 1.178317 0.813652
3.247530 -1.118895 -2.293290
2.629541 0.282052 -2.477511
4.992476 -0.010837 -0.468567
4.947057 -0.331076 0.035757
3.197091 -1.681950 -1.897381
4.690439 -0.570489 0.621706
3.353536 1.356384 -1.798521
4.276011 -1.776273 -0.611566
3.406446 0.507230 -2.355342
3.835421 -1.313614 -1.944781
-1.220307 -2.565461 0.321770
-1.506844 -2.441444 0.460721
-1.134558 -0.098500 2.386582
-0.856773 0.547636 2.292655
-0.907377 -2.639313 -0.095040
-0.184174 0.502833 -2.125817
-0.438488 -0.142239 -2.285873
-1.098659 0.123029 2.365896
-0.956954 -2.598781 -0.342541
-0.575741 0.893510 2.149787
-1.716508 -2.344173 0.410989
0.644728 -2.344534 -0.040147
0.017878 -2.579192 0.415910
0.041076 0.224532 -2.158961
-0.370260 0.598346 2.285768
-1.452822 -2.430614 -0.448643
0.595917 -2.295173 0.661743
-0.537514 0.357344 2.375999
-0.375947 0.907163 -1.961147
-0.521377 0.002176 2.447975
-1.257932 -0.431893 -2.182857
-0.222780 -2.612326 0.502983
1.306419 1.044054 -2.322413
0.478951 1.505273 -2.353861
-0.405171 1.506290 -1.870162
2.006899 2.072934 -1.499793
0.386767 1.046019 -2.353824
0.330258 2.326077 -1.892708
0.215990 2.534293 -1.579625
-0.052285 1.660207 -2.109882
-0.434147 2.025364 -1.533385
1.657016 2.643666 -0.705426
-0.223017 1.081281 -2.064150
1.645337 2.457050 -1.454509
-0.143474 1.476081 -2.099659
1.312078 2.778158 -1.001224
0.555350 1.306754 -2.391127
1.801806 1.703854 -1.977116
0.830224 2.416242 -1.893247
1.970627 2.266763 -1.281707
1.199581 1.907900 2.450560
-0.321338 1.563529 2.374909
1.151164 2.842325 1.142918
1.227560 2.161241 2.292371
-0.120754 2.048921 2.299442
-0.505197 1.593549 2.219312
0.934731 0.904837 2.628847
0.439606 1.590899 2.652798
-0.166160 2.573799 1.700030
1.813800 2.421130 1.189779
-0.677940 1.275808 2.085900
0.699625 0.634242 2.575716
1.130506 2.764033 1.545770
0.614572 1.278156 2.696332
0.437303 2.155657 2.422753
-0.642659 2.162018 1.657099
-0.706834 2.253786 1.280101
0.450350 2.865268 1.462998
1.674724 2.292983 1.807729
0.263166 2.876520 1.272121
0.212097 1.971183 2.480790
1.121096 1.651048 2.569397
-0.073032 2.770355 1.233718
1.682521 2.533536 1.244381
0.022284 2.224784 2.251932
1.439383 1.997932 2.279075
1.272140 2.378463 2.079650
1.799433 1.710540 2.119892
-2.563486 2.719258 0.515712
-2.988158 2.568164 0.354255
-3.471034 1.820292 -1.163446
-3.497565 1.625857 1.287212
-3.343592 2.317480 -0.424684
-0.892581 2.567780 -0.746874
-0.773684 2.588447 0.439008
-0.741315 2.618211 -0.128044
-3.737959 1.946238 -0.195227
-3.448934 2.269529 0.087933
-3.625078 1.992969 -0.573345
-1.254727 2.748272 0.548354
-1.640475 0.152971 2.327195
-2.048259 2.875939 0.185952
-2.401298 2.761442 -0.565538
-3.401862 1.968261 1.045250
-1.481141 2.857633 -0.202573
-1.650691 2.884950 -0.046012
-1.175786 2.721346 -0.598568
-1.108594 2.769009 -0.194052
-2.201499 0.290435 2.326389
-3.047721 2.391113 -0.849509
-0.873650 -1.134847 -2.391645
0.490078 -0.596013 -2.097764
-0.419797 -0.657987 -2.422189
0.650419 -2.192833 -0.940311
-1.078142 -2.376426 -1.433015
-1.442231 -1.943426 -1.723568
-0.766994 -2.103449 -1.961417
-0.392240 -2.630387 -0.657421
-1.389906 -1.567003 -2.038591
-0.942991 -0.586434 -2.339957
0.261195 -2.160591 -1.681581
-0.463137 -1.615689 -2.314818
0.382502 -2.394569 -0.911299
0.931803 -1.005831 -1.688545
0.239923 -0.975362 -2.290471
-0.678945 -2.600533 -0.493589
-0.258590 -2.025319 -2.047596
-1.680299 -1.934853 -1.409164
0.628218 -2.043319 1.246307
-0.043564 -2.277750 1.801355
-1.478594 -1.672264 2.189081
-0.452931 -2.586921 0.735336
-1.374947 -1.128213 2.442684
-0.103075 -1.492882 2.469951
-1.433843 -2.256259 1.568565
-1.059713 -0.771095 2.574097
-1.128095 -2.482617 1.324560
-0.090113 -0.758213 2.558935
0.405300 -1.571511 2.151433
0.543266 -2.050093 1.480590
-2.022881 -2.489815 0.009058
-5.221939 -0.382010 0.958743
-4.701027 -1.822766 -1.069857
-5.210245 -0.360018 -1.179312
-5.326706 -0.511985 -0.897920
-4.510403 -1.280360 -1.774431
-5.232495 -0.560020 0.918812
-4.601930 -0.395923 -1.936205
-3.723892 -0.119689 2.182213
-4.110138 1.406976 1.119240
-4.404160 0.045207 1.842657
-3.584371 0.349820 2.116967
-5.140513 -1.544553 0.161510
-3.875302 -0.347491 -2.345153
-4.633589 -2.113520 0.374613
-3.450844 0.820361 1.933349
-2.290930 -2.461446 0.696040
-2.371391 -2.539652 0.549097
-3.845044 1.109173 -1.807565
-4.349097 -0.105566 -2.101380
-4.130872 0.841368 1.669180
-2.719567 -2.707602 0.101081
-4.613182 -0.372496 1.729946
-4.513749 0.948008 1.284345
-3.183359 -2.702402 -0.537337
-2.051450 -2.465719 -0.515187
-4.367629 -2.121576 -1.071292
-3.635222 -0.269091 -2.413258
-5.295038 -0.402137 0.795729
-2.288149 -0.295680 -2.338458
-5.347888 -0.990238 0.319087
-2.441777 0.172923 -2.324594
-4.690096 0.188297 -1.771060
-4.847058 0.350225 1.338310
-4.895586 -1.154052 1.235918
-5.122131 0.044754 1.070145
-4.274694 -2.420036 -0.292097
-5.021052 -0.831774 -1.408832
-5.323626 -0.684560 0.657849
-4.792090 -1.917386 0.498733
-4.991385 -1.745110 -0.477709
-3.017617 -2.721666 -0.423592
-5.432619 -0.671750 -0.383892
-2.994492 -0.100136 -2.461883
-4.814402 -1.804679 0.687250
-5.427260 -0.654143 0.243409
-4.097411 0.053417 2.016573
-5.140160 -0.617141 -1.280437
-3.968094 1.396560 1.239174
-2.464116 -2.620404 -0.530342
-3.389519 0.157925 -2.400990
-5.205135 -0.957382 -1.014444
-4.712056 -0.973745 1.532998
-3.354997 1.204449 -1.867966
-4.318522 -0.215197 1.934164
-3.193501 -0.181789 -2.469258
-5.021150 -1.553905 -0.820274
-3.901285 1.575275 -1.212561
-4.625717 -2.020763 0.652357
-3.214335 0.474098 -2.322259
-4.505314 -0.610581 1.798866
-4.579999 -2.215751 0.037692
-5.076278 -1.673682 -0.174088
-3.942276 1.309231 -1.559540
-5.038143 -0.716974 1.222163
-3.743247 0.338035 -2.276440
-5.396391 -0.939405 0.019835
-4.693307 -1.681971 -1.264278
-3.590889 0.626633 2.006119
-4.933063 -1.867405 -0.196783
-0.536738 1.376666 -1.978457
-2.063683 1.996327 -2.320752
-1.595764 1.763571 -2.443871
-1.028062 1.236799 -2.382060
-1.868973 2.694058 -1.560556
-2.649079 2.383708 -1.657985
-2.494888 2.682511 -0.945700
-1.511677 0.877650 -2.523214
-1.645787 2.738354 -1.431150
-2.462936 2.660862 -1.226073
-2.838072 2.112724 -1.798483
-0.519973 1.121170 -1.980992
-0.684436 0.881283 -2.118926
-2.733260 0.977868 -2.275563
-0.943990 2.548076 -1.280685
-2.871259 2.430687 -1.098093
-0.719997 1.357406 -2.163605
-2.878662 2.199120 -1.642274
-1.324938 1.858567 -2.341432
-0.980962 2.322905 -1.780136
-1.335363 2.503207 -1.780049
-2.275421 2.702120 -1.338791
-1.492245 2.795833 0.796363
-2.516469 2.723713 1.105310
-2.769003 1.082028 2.292720
-2.283364 2.677440 1.499775
-2.956573 1.755255 2.034482
-2.334433 2.800613 0.761456
-0.965874 2.081701 1.880541
-2.967560 2.490609 0.821041
-0.776538 1.628316 1.981218
-2.212897 2.775592 1.257751
-2.385472 1.569019 2.409361
-1.522862 2.791108 1.050339
-2.751941 2.577218 1.252485
-1.650627 1.522559 2.463039
-2.117890 2.549006 1.787617
-1.215403 1.681874 2.278084
-1.252795 1.184340 2.382382
-2.034874 2.849504 0.819544
-1.743159 2.786198 1.276049
-3.374204 1.867383 1.333780
-2.062927 0.685441 2.444569
-2.758141 1.642073 2.224465
-2.049176 1.714726 2.428367
-2.563264 1.076191 2.393945
-1.583151 0.790960 2.442624
-2.488274 2.256948 1.996531
-3.605763 -2.269513 -1.936984
-3.406119 -2.645986 -1.141941
-2.669920 -2.624843 -1.240212
-3.753189 -2.540038 -0.939149
-2.176479 -2.191241 -1.781244
-2.035804 -1.907135 -1.959815
-2.000591 -2.267905 -1.334796
-2.291626 -2.506881 -1.046343
-1.754086 -1.878170 -1.585198
-2.387094 -2.515029 -1.312212
-2.304152 -2.059263 -2.046554
-3.655359 -2.447804 -1.601689
-2.992231 -2.513282 -1.720320
-3.129315 -1.013596 -2.646625
-2.822500 -2.674965 -0.905123
-1.929114 -1.106367 -2.211727
-5.121126 1.288920 0.486589
-4.452846 1.633487 -0.979200
-5.034734 1.350530 -0.867159
-4.340436 1.328479 1.057048
-4.749816 1.293779 0.890317
-5.387354 1.033977 -0.648295
-5.450739 -0.537103 -0.461748
-5.657705 0.107949 -0.306817
-5.244428 1.347921 -0.264421
-5.451855 0.413211 -0.975595
-5.590960 0.668044 -0.429509
-4.842577 1.282606 -1.169029
-3.863224 1.908159 -0.060175
-4.687073 1.516569 -1.003847
-5.082591 1.184534 0.681913
-4.212979 -1.649107 1.934297
-3.993498 -1.727836 2.055588
-2.830628 -2.254316 1.834851
-3.434985 -1.935622 2.148634
-4.257646 -2.283622 0.874092
-4.439612 -1.909811 1.417617
-2.352659 -2.124229 1.706425
-2.445643 -1.882679 2.000737
-2.127043 -0.968615 2.085527
-4.146583 -2.368806 0.685285
-4.061474 -2.384983 1.126767
-3.083993 -2.671199 0.856512
-3.247628 -1.037055 2.457296
-2.265857 -0.883578 2.182214
-2.033747 -1.806595 1.698120
-3.553749 -1.431638 2.358600
2.091589 -1.452816 3.026286
2.919281 -2.346753 1.983857
0.865372 -1.901196 2.390744
2.292454 -2.761462 1.351838
2.085419 -2.735489 1.660092
2.513292 -2.381635 2.257468
3.143726 -1.903853 2.315195
0.996312 -1.017603 2.849545
1.512246 -2.725316 1.437378
2.166323 -2.678532 1.828105
2.636672 -2.653302 1.477524
1.587440 -1.962503 2.735627
0.715740 -2.232513 1.726200
1.875468 -2.563607 2.109124
1.825272 -1.944878 2.787550
3.299008 -1.602089 2.376380
3.018454 -0.890460 2.806160
1.457438 -2.402425 2.245431
0.711211 -1.275439 2.595132
1.081473 -1.476188 2.793242
2.526693 -0.485368 2.994300
2.261683 -1.821086 2.844206
2.462216 -2.228721 2.468238
2.215480 -0.700233 3.095258
0.789854 -0.860199 2.715762
3.419070 0.243143 2.561333
2.727245 1.789000 1.982726
1.520911 -2.371900 -1.284812
3.902248 0.932718 1.822435
3.161360 -2.646559 0.151023
2.350391 -2.653975 -0.821010
1.112005 -2.775903 0.714450
2.599058 2.143917 1.502047
1.544252 -2.904989 0.199372
2.665577 0.913671 2.687343
2.980264 0.792030 2.625290
4.009556 -1.597154 1.437078
3.268269 2.159659 0.260839
4.160830 -1.134970 1.609480
3.898927 -0.709672 2.150963
0.753991 -2.507907 1.173204
2.205081 -2.859472 0.915587
3.849069 0.691132 2.040447
2.715544 2.318651 0.933182
2.558037 -2.842568 -0.051008
3.360725 1.578110 1.795969
4.181157 -0.129566 1.871039
2.013812 -2.453545 -1.227734
4.385046 -0.270706 1.527713
2.154785 0.216661 2.997272
1.327742 -2.858172 0.114886
1.869293 -2.536963 -1.099015
1.376254 0.289565 2.930439
3.907248 0.359787 2.116670
2.155000 -0.070001 3.028260
2.345773 -2.903596 0.485813
1.591242 -0.339548 3.013863
3.652059 -1.680808 1.854982
2.983186 1.942715 1.608307
1.150255 -1.489043 -1.948234
2.513244 0.234618 2.942091
3.803214 1.594056 1.141611
2.955869 1.313705 2.329522
3.561384 -2.015686 1.570954
2.794755 0.165307 2.876556
2.113438 0.999786 2.746762
3.864855 1.343963 1.454212
4.199187 -1.452920 1.218429
3.206870 -2.527954 1.011651
2.328703 -2.863439 -0.184628
2.535539 1.860286 1.973882
1.816983 1.237554 2.614240
2.091288 0.650525 2.893835
3.421042 2.031791 0.730719
3.379195 -0.299424 2.631968
3.366808 -2.538684 0.338316
3.423104 -2.458315 0.771859
3.010160 2.108677 1.246481
2.126761 2.472183 1.500675
1.002469 3.263400 -0.253815
-0.745700 1.180791 2.388677
0.373598 0.041492 2.800672
-0.000580 0.756087 -2.468931
-0.206262 3.038272 0.936262
-0.470648 2.975129 -0.450654
-0.513526 3.029755 0.214428
0.778228 0.431759 -2.557694
1.192081 3.181916 -0.509559
2.064218 2.283849 1.785830
-0.080593 0.555798 2.763781
2.354945 2.731703 0.396899
0.239060 0.377753 2.829545
1.788336 3.051217 -0.233296
-0.224115 3.148492 0.313595
1.552468 3.167266 0.326183
0.635985 -0.196270 2.758738
1.108151 3.148152 0.989140
2.570149 2.557983 0.060457
0.744647 -0.306067 -2.410588
2.242272 2.761312 -0.384461
1.184800 3.202098 0.744021
0.474964 0.545647 -2.554686
2.474529 2.545308 0.795562
0.175984 3.182340 0.807308
2.211320 2.606529 1.173433
1.440294 3.199917 -0.043908
1.822214 2.812422 -0.936312
1.066862 0.000083 -2.471984
-0.381905 3.085014 -0.020169
0.518748 3.304530 0.268662
0.405657 0.461362 2.857864
1.702527 3.102837 0.431710
4.865221 -1.232753 0.507463
4.135713 -2.258115 -0.226094
2.022922 0.762658 -2.487198
2.968104 1.623155 -2.036050
4.399563 1.673581 -0.077271
2.877759 -2.140925 -1.866702
3.633918 1.907057 -1.387619
4.560800 -1.749464 -1.209098
3.882195 1.486092 -1.862378
3.888255 -1.484431 -2.206424
3.323180 -0.849017 -2.713325
4.070985 1.692996 -1.384948
4.552570 1.534140 -0.063981
3.259955 2.184365 -0.781848
4.555599 -0.025846 1.331503
4.676521 -1.449292 0.618417
4.158264 -1.220803 -2.204278
3.422191 2.169042 -0.184222
5.120046 0.735560 -0.512898
2.531381 -0.619651 -2.785552
4.572300 0.505531 -2.011373
5.086935 -0.188928 0.589064
2.551179 1.922063 -1.581120
2.902952 0.623622 -2.708645
4.912843 -1.492158 -0.645923
4.576045 -1.839253 0.120312
4.872600 1.194952 -0.429380
2.778253 -0.810693 -2.765697
3.940571 1.969809 -0.077161
3.887099 -2.378917 -0.713016
3.009264 1.279744 -2.350359
3.515244 2.058048 -1.090325
4.989989 -1.091741 -1.201011
4.734670 1.375711 -0.412691
4.407125 0.672675 1.262163
3.345558 -2.559454 -0.151835
3.905061 -2.380388 -0.205043
4.723764 -1.292956 -1.542589
2.441732 0.896543 -2.549902
3.849404 2.036050 -0.522450
3.620590 -1.814390 -2.063291
5.223375 0.016193 0.171993
5.083806 -1.047066 0.120224
4.202722 -2.224371 -0.448131
5.001550 0.913101 -0.006358
3.005666 -1.220613 -2.614651
4.229435 1.785676 -0.835596
4.225000 -0.454334 -2.420218
4.447084 -2.015310 -0.730642
5.246902 -0.346905 0.085549
4.690736 -1.770110 -0.088264
2.802892 -2.032840 -2.000358
4.588862 1.266338 0.506548
4.255414 -1.555996 -1.876839
3.344102 -1.592454 -2.345617
5.203312 -0.138554 0.276100
4.303308 -1.530600 1.021095
5.096100 -0.431419 -1.371228
5.201704 -0.888173 -0.434215
3.492640 -2.251292 -1.545877
4.575287 -0.322627 -2.147784
5.304307 -0.184743 -0.450941
-1.553367 -0.190774 2.614427
0.090643 -0.252301 -2.555546
-0.320944 0.827247 -2.381200
-0.870365 -2.874314 0.882500
0.149815 -2.909708 -0.144382
-0.300282 -2.978612 -0.258907
0.129988 0.006617 -2.528872
-1.671574 -0.644240 2.541502
-1.425712 -2.762317 -0.648323
-0.736800 0.965362 2.491239
0.445834 -2.734826 0.744950
0.012817 -2.870075 -0.571795
-1.699483 -0.392240 2.551780
-0.232296 0.170682 -2.574279
-1.067721 -0.410426 2.755076
0.104810 -2.923828 0.287998
-0.728751 -0.151195 2.797260
-1.376424 -2.866309 -0.228112
-0.136020 -2.928160 -0.440078
-1.210985 -2.778103 0.975270
1.665263 2.846641 -1.204957
1.193586 1.843467 -2.496253
0.383359 2.324195 -2.235680
2.300558 1.948205 -1.656534
-0.055259 1.734921 -2.370063
0.442239 0.699992 -2.550514
1.151903 1.546174 -2.585696
1.316715 3.025054 -1.037204
1.980096 2.670793 -1.081087
0.238985 1.737630 -2.490462
2.029950 1.616484 -2.139476
1.095765 3.070047 -1.063980
-0.279672 1.544493 -2.287254
0.397231 1.437310 -2.595468
1.753541 2.525767 -1.738057
0.998707 1.772404 -2.553234
0.230749 2.973806 -1.218933
1.066714 2.539219 -2.082853
-0.250266 2.725934 -1.262806
1.690244 1.960472 -2.249929
0.221521 2.140532 -2.306901
0.239608 1.343169 -2.564591
-0.083211 2.037928 2.623148
0.879857 2.923869 1.927702
1.080332 2.696970 2.195940
0.004974 2.498586 2.344280
1.299200 3.039482 1.203711
1.026822 2.523963 2.397435
0.056753 1.273700 2.852673
1.397536 2.220834 2.480722
1.072165 3.103235 1.264157
0.854014 3.064823 1.610347
1.606676 2.097277 2.429840
1.636977 1.642773 2.596478
-0.439518 2.715132 1.676101
1.325243 2.763221 1.969853
1.850742 2.294018 2.058014
-0.756946 1.768993 2.254347
-0.639154 1.459179 2.453550
0.944835 2.230883 2.636893
0.823044 1.715300 2.868987
-3.505093 1.938781 -1.633205
-1.143872 0.886033 2.584800
-2.711924 3.026155 0.561446
-3.235231 2.822142 -0.387433
-3.590951 1.879983 1.560358
-3.537778 2.638673 -0.155072
-2.021951 3.175273 -0.546252
-0.950208 3.037910 0.454086
-1.684184 3.184161 -0.504237
-1.484867 -0.364913 -2.565257
-3.378611 2.652941 0.670307
-2.135206 3.128240 0.673791
-3.883400 2.287904 0.297575
-2.954341 0.821826 2.448408
-2.962514 2.943552 -0.511888
-2.479907 -0.063706 2.565100
-3.589157 2.575873 -0.341635
-2.124644 -0.509223 2.488731
-0.079113 -2.828190 -0.931031
-1.140965 -1.176305 -2.556584
-0.000442 -2.533630 -1.756566
-1.319675 -2.128717 -2.033044
-1.263330 -2.681599 -1.062663
-0.563023 -2.859930 -1.002091
0.417768 -0.825345 -2.465144
-0.398736 -0.662077 -2.665602
0.661547 -2.176557 -1.722600
-1.335746 -1.505606 -2.395016
0.510798 -2.244072 -1.798414
-1.261955 -0.721188 -2.504678
0.513453 -2.517647 -1.292611
0.352746 -2.481828 -1.591607
-0.450791 -1.723875 -2.529409
-1.086183 -2.762075 -0.993240
0.311127 -1.474901 2.567433
0.385703 -1.122360 2.604282
-0.531214 -1.780374 2.686368
-0.176647 -1.097262 2.832323
-1.842026 -2.008084 1.953657
-1.207358 -2.271420 2.196784
-1.759766 -2.347520 1.536324
-0.302467 -2.797362 1.297225
-1.062351 -1.877483 2.570167
0.411022 -2.025705 2.177626
-0.775099 -2.583425 1.925052
-0.730994 -2.274040 2.330489
-0.832448 -2.773862 1.444796
-1.537382 -1.475852 2.549242
-0.669285 -0.418727 2.816126
-0.884327 -0.750046 2.856638
-1.755818 -1.447088 2.407832
-4.426328 -2.699149 0.306449
-4.497960 -0.198139 2.222512
-5.735620 -0.812957 -0.542737
-4.278111 -2.811556 -0.129001
-5.073751 -0.142795 -1.945973
-4.739294 0.827679 1.705521
-2.965967 -3.039346 0.382336
-3.391419 -3.055522 -0.360978
-4.388297 0.338835 2.185426
-4.306641 1.705966 1.177515
-3.734495 -2.953479 -0.630423
-4.507894 -2.210296 -1.506586
-5.453757 -1.541659 -0.750963
-3.907161 1.025226 2.091694
-1.856678 -0.858548 -2.472275
-5.132023 -1.492865 -1.497044
-3.787881 -2.993748 -0.066007
-5.581358 -0.349776 -1.189532
-4.174873 0.279243 2.310932
-2.915109 0.163626 -2.760995
-4.377590 1.187940 1.725712
-4.587036 0.902231 1.785697
-3.814836 0.601659 2.338233
-3.704729 0.147431 2.500940
-3.373682 -3.049256 0.237426
-5.500405 -0.154718 -1.340762
-5.758022 -0.577646 0.384761
-4.348229 -2.762917 0.156320
-4.389647 -0.352653 2.290666
-5.208920 -2.061679 0.071978
-5.411889 -1.780801 -0.055602
-5.052866 -1.769528 -1.352439
-2.439005 -2.871773 0.732862
-1.994261 -2.734510 0.665601
-3.962138 -2.921133 0.223726
-4.747707 -2.445856 -0.664231
-5.108844 0.480046 1.516189
-5.270261 -1.706547 0.820252
-3.924355 -0.367635 2.490201
-2.338963 -2.950466 -0.486401
-4.119014 -2.834918 -0.587343
-5.507496 -1.602708 -0.244312
-4.114110 2.055435 0.601625
-3.367168 1.114173 -2.364274
-2.689616 -3.017072 0.354324
-3.701104 -0.287334 2.550676
-3.646313 -2.846933 -1.062434
-3.704803 1.169281 2.061480
-5.095488 -0.502394 -1.930704
-1.739933 -2.687714 -0.524792
-3.280708 0.417417 2.499418
-5.447238 -0.265684 1.254499
-4.822565 0.041861 1.958158
-3.650008 0.338801 -2.665519
-3.466500 0.656277 2.394063
-4.812594 1.077401 1.434236
-5.067775 -0.718902 1.734625
-4.198797 0.053954 2.349442
-4.292334 0.681757 -2.302317
-4.721006 -0.952049 -2.194521
-4.893085 -2.081994 0.996214
-5.597179 -1.215173 -0.721979
-2.251657 2.906722 -1.532620
-1.620740 0.914523 -2.787805
-2.188977 2.778348 -1.838647
-1.815330 1.086051 -2.809864
-1.310980 2.028420 -2.530052
-1.784253 0.774593 -2.773099
-3.221374 1.766057 -2.025639
-2.071448 3.022439 -1.242754
-1.608472 3.033303 -1.240017
-2.025427 1.379344 -2.784397
-1.678112 2.083664 -2.567247
-1.018398 1.422495 -2.625195
-0.493900 1.404058 -2.278033
-2.548938 2.022867 -2.430355
-2.692281 2.501825 -1.926713
-0.904958 1.661566 -2.513492
-1.161663 1.763403 -2.597332
-0.572920 2.438287 -1.624691
-2.925074 2.324067 -1.915436
-1.631545 2.830615 -1.813303
-0.902909 0.919779 -2.573382
-2.061256 1.952232 -2.617802
-2.822793 1.884186 -2.341818
-0.478855 1.766869 -2.144734
-2.571919 2.209083 -2.296902
-1.915607 2.534147 -2.221587
-2.594470 1.328105 -2.629601
-1.280968 1.523633 2.617282
-1.023465 2.056784 2.289447
-2.514977 1.828706 2.548424
-3.092067 2.673559 1.114749
-1.674586 1.161901 2.746397
-1.738899 2.065655 2.532622
-2.228057 2.453345 2.241444
-1.879998 0.794233 2.724534
-2.615830 2.526535 2.016770
-0.915559 2.416370 1.901939
-2.121979 2.071265 2.528460
-0.992007 1.379329 2.508109
-1.265989 2.720402 1.769218
-1.616758 1.926281 2.581881
-2.933123 1.820754 2.343277
-3.289879 -2.743528 -1.764568
-2.062984 -2.540810 -1.573433
-4.193092 -1.747677 -2.328476
-2.058412 -0.849058 -2.601300
-1.771167 -1.705222 -2.216604
-2.611431 -2.218416 -2.394831
-2.747649 -1.499602 -2.799819
-3.801503 -2.180601 -2.296463
-2.055317 -1.358682 -2.570547
-3.889741 -2.477707 -1.885912
-3.423039 -2.635673 -1.925135
-2.313232 -2.282161 -2.202710
-2.252098 -2.662673 -1.532400
-3.489796 -1.353156 -2.807048
-3.795141 -1.942174 -2.476187
-5.780779 -0.257065 0.309117
-4.758451 1.637737 0.892716
-5.872131 -0.128999 -0.108896
-4.895780 1.781409 -0.859789
-5.571813 0.637470 -1.178900
-5.399399 1.530473 -0.312878
-5.881612 0.436791 0.077565
-5.289494 1.186509 0.874187
-5.276383 1.520389 0.445148
-5.656249 1.172912 -0.005548
-5.283073 0.825527 -1.459504
-5.546759 1.300089 -0.524959
-5.386672 1.548551 -0.074936
-4.794947 1.638214 -1.204727
-2.679588 -1.142068 2.626139
-2.893291 -2.506150 1.928699
-4.011022 -0.853582 2.505406
-2.744401 -1.426363 2.598073
-4.563614 -1.250680 2.088641
-2.938804 -1.854453 2.478967
-3.432161 -2.027004 2.379387
-3.252167 -0.450737 2.618721
-2.128679 -1.405824 2.330514
-3.530510 -1.810073 2.482771
-3.043699 -0.466640 2.619406
-3.975384 -2.680077 1.250083
-2.274622 -0.875890 2.466379
-4.368132 -0.903908 2.286726
1.296088 -2.845137 1.777852
3.224644 -2.063925 2.492610
1.180929 -2.472843 2.422030
0.598417 -1.993242 2.440962
1.818755 -1.188012 3.331470
1.482784 -2.747171 2.162109
1.269538 -1.364783 3.184067
1.928094 -1.451590 3.280740
2.494625 -0.737366 3.289551
1.679938 -2.511524 2.579884
1.816674 -2.968590 1.710324
3.133023 -1.176346 2.992873
1.148816 -0.972192 3.195899
0.968327 -2.541445 2.143473
2.513084 -2.826669 1.947828
2.761836 -1.008636 3.203614
3.251441 -1.898751 2.602850
2.593668 -2.735235 2.101730
3.250705 -1.126031 2.936028
4.478206 0.897249 1.631631
3.064889 -2.942930 -0.511184
3.284167 -2.970028 0.249696
2.805830 1.063270 2.963446
2.243751 1.286992 2.968113
3.015506 0.309852 3.139073
2.245720 0.178916 3.339712
2.839421 0.232539 3.212686
3.403236 -2.728226 1.292347
4.216675 0.534560 2.231226
3.173594 2.560592 0.697590
3.612857 -2.569555 1.351045
3.407142 -2.902833 0.483386
2.704817 -3.068753 -0.494678
1.953799 -0.180566 3.379923
1.295173 -3.198117 0.085250
3.695403 2.036054 1.429749
1.167602 -3.094495 1.012360
3.433233 1.973302 1.855554
1.559491 -1.501607 -2.430199
2.422845 -3.186612 -0.250067
2.570240 0.209974 3.285590
3.095024 -0.121775 3.155563
4.484265 -1.493639 1.462640
3.008683 1.010337 2.914531
4.451623 -0.032367 2.070263
1.959550 1.653402 2.741260
0.949059 -3.068289 -0.169954
4.631521 -0.341333 1.786114
3.100367 -3.024001 0.722931
3.259459 -0.396571 3.079268
1.990009 -0.514264 3.365484
1.391100 -3.087092 1.226097
1.215286 -0.466863 3.280596
2.178506 -0.335936 3.369204
3.898122 0.733324 2.478219
2.742709 2.515827 1.442392
1.420437 -3.182045 -0.226352
2.911985 -3.120950 0.405432
3.285926 0.821482 2.868535
3.971396 -0.916393 2.507170
3.043016 -3.014060 0.909025
0.543370 -0.604630 3.010884
1.390782 -0.491880 3.316425
0.842569 -3.069443 0.417404
2.535369 -3.050934 1.316592
0.808324 -2.863800 1.351204
1.362569 0.056207 3.311027
4.272779 -1.118343 2.094946
3.717661 -1.125957 2.645796
1.311246 0.643604 3.186426
3.890194 -2.001529 1.873064
0.785103 -1.023094 3.033468
0.926297 -0.591666 3.180098
0.792476 -3.040363 0.072840
2.583413 -0.517679 3.298484
3.781245 -2.626801 0.768812
1.668486 -2.403127 -1.803522
3.753814 -2.250784 1.724181
4.087912 1.793644 1.180200
1.533724 -3.248655 0.241859
3.929806 0.951347 2.337673
3.591194 1.571678 2.180844
1.284332 -2.321500 -1.800572
4.726942 -0.472561 1.576441
3.542364 -0.446641 2.922162
2.167314 1.056116 3.093704
3.759942 -2.530921 1.175534
3.741591 -0.091867 2.796454
4.228237 0.806723 2.085361
3.492014 -2.851794 0.112082
2.943066 -2.996237 1.129447
1.754659 1.262294 2.991323
4.065088 -0.377322 2.524166
1.693108 -2.976396 -0.979492
2.056776 0.769826 3.214333
4.135842 -0.027760 2.451444
0.052306 3.312721 -1.090288
2.273613 3.164418 0.654497
0.169894 0.340202 -2.848283
1.727118 1.004574 -2.693917
2.484619 2.600748 1.611643
-0.322966 3.474749 0.313286
-0.135839 3.287063 1.346328
0.149140 0.652084 3.166992
-0.235066 0.909285 -2.742576
1.795116 3.046260 -1.302001
2.438085 2.805141 -1.035511
0.822139 3.522458 1.028908
2.075730 2.706493 1.882699
1.120669 -0.495349 -2.671695
0.379338 0.990441 3.174005
0.899300 0.325922 3.197549
0.090371 0.622953 -2.843827
0.531884 0.353123 3.202603
-0.639179 2.920753 1.629023
1.988400 3.345388 -0.168190
1.354673 3.352865 -0.986148
0.957931 3.620644 0.506822
-0.342772 3.338983 -0.708826
-0.528722 0.825506 2.952273
0.442512 3.634756 -0.056585
-0.384492 1.218998 2.951053
0.356263 3.507803 -0.710447
0.199827 3.528369 -0.551672
0.913328 0.783505 -2.889828
-0.331639 3.336880 1.040932
0.952507 -0.381067 -2.733142
1.233062 0.886328 3.153692
2.349212 3.083877 0.797555
0.072708 0.201094 3.127127
0.600467 -0.291450 -2.771925
0.531474 3.405002 1.350784
0.100371 1.017952 -2.815660
-0.345073 3.458495 -0.113469
1.412426 -0.098345 -2.736562
-0.335447 3.437156 0.619306
-0.138053 3.460729 -0.512102
2.349004 3.164649 0.211122
0.802823 0.650467 3.213659
2.712234 2.883866 0.338699
4.673721 -2.175800 -0.957433
4.891795 -0.270721 -2.260842
3.023368 2.521653 -0.759076
2.225900 0.971696 -2.808396
3.389894 1.175917 -2.730816
2.301100 -1.825792 -2.532812
5.191773 -0.800005 -1.732977
3.432292 1.658558 -2.355648
5.179459 -1.576658 0.070582
4.966253 -1.776724 -1.178105
3.919022 -2.707399 -0.201181
3.962377 0.932411 -2.661770
3.857459 1.794677 -2.023412
5.337678 -0.499512 -1.562011
1.905053 -1.641927 -2.523040
4.358624 -2.438201 0.048997
5.579849 0.202069 -0.356360
4.956023 -1.507766 -1.601699
4.740953 1.562796 -1.379468
4.812040 -1.002382 1.333331
4.011570 -2.571877 -1.129536
5.209888 0.887765 0.513001
4.295703 2.106752 -0.854222
4.903791 0.571203 1.251572
5.439555 0.757030 -0.372340
3.570828 -1.297807 -2.818121
4.377552 1.275200 -2.170890
4.079229 -2.479765 0.466848
2.961831 1.679921 -2.413059
4.550336 -2.060959 -1.495889
4.342328 -2.480736 -0.684207
2.862083 0.910617 -2.921940
3.651197 1.831674 -2.089161
5.306313 -1.394171 -0.746898
1.822265 0.655954 -2.797518
5.020724 -0.390756 1.265828
5.184370 -1.560336 -0.926006
3.143656 -2.259590 -2.183776
2.859435 -2.222806 -2.246143
3.310472 -2.528320 -1.765468
4.700422 -2.195441 -0.074046
3.908344 -2.494017 -1.464341
4.871671 1.349396 0.643569
2.899288 1.340159 -2.685372
5.083704 1.053681 -1.442749
4.625812 -0.921642 -2.384860
4.625288 1.810628 0.228970
4.322186 1.774992 -1.652814
5.201297 0.296595 -1.768240
3.353688 -1.659324 -2.672871
4.493081 -1.942729 0.918683
3.634745 -0.853206 -2.958754
2.930042 0.608267 -3.033240
5.569451 0.195374 -0.161559
4.615987 1.678274 0.563731
3.082975 2.437446 -1.154862
5.046042 -0.173428 1.245258
3.007189 1.540600 -2.532472
4.844832 -1.729148 0.689216
5.022775 -1.185783 0.950223
5.293219 1.034366 -0.055405
3.178181 2.007723 -2.019104
5.448879 0.684991 -0.124860
5.146461 1.233300 0.124973
2.499755 -2.248884 -2.177752
4.531366 -2.347528 -0.686981
2.612550 -2.774168 -1.272672
5.190131 -1.389580 0.403405
4.990275 -1.889365 -0.087218
2.978400 0.312474 -3.104131
5.351320 0.345771 -1.444036
4.794272 -1.936682 0.441982
4.954333 1.475313 0.202553
3.595773 2.389252 0.146733
4.185456 1.231680 -2.351624
4.263153 2.026532 0.386644
4.638427 1.888461 -0.186015
3.382409 2.490314 -0.637971
5.354783 -1.338796 -0.379937
5.121935 0.801790 -1.618602
4.023013 2.180973 -1.156201
3.268343 2.508868 -0.187140
2.421387 -2.565494 -1.694234
4.518283 1.592508 0.850335
4.520025 -2.372906 -0.437319
-0.518746 -0.106862 -2.967609
0.036192 -0.643021 -2.895400
0.503661 -2.622427 1.764644
-1.786262 -2.667488 1.571924
0.116230 0.185358 -2.860543
-1.490212 -0.834970 -2.775955
0.152947 -3.114023 1.036773
-1.364205 -0.673698 -2.839676
-0.002339 -0.530706 3.086883
0.158271 -3.201842 -0.539665
-1.610432 -3.102284 -0.508800
0.368392 -2.888133 1.418952
-0.553991 0.631071 -2.830715
0.182542 -2.924366 1.462917
-0.662100 -3.298638 -0.475580
-0.797116 -3.315454 -0.322491
0.873984 -2.812689 -0.899599
-0.210358 -3.313432 0.432935
-1.129621 0.013486 3.076368
-1.195651 -3.229437 -0.485910
-0.362387 0.838798 -2.750108
-0.832631 -3.181324 1.056958
-1.382603 -3.041887 -0.971491
-0.699839 0.749905 2.959788
-0.327010 -0.478349 3.132415
-1.625239 -0.989237 2.867149
0.275565 -3.191387 0.607973
0.363287 -0.348260 -2.832063
-0.175839 0.081570 -2.926801
-1.114967 -0.577119 -2.908210
-0.066238 0.542855 -2.816424
-0.601412 -3.287671 0.711974
-0.190902 -0.047846 3.114985
-0.180604 -3.319034 -0.167924
-1.924656 -1.016863 2.725038
-1.566569 -2.913492 -1.126053
-1.246263 -2.967968 1.400930
0.380260 -2.763192 1.631283
-0.183924 -3.156687 1.098227
-0.887213 0.579344 3.000732
-1.479687 -3.176347 0.524480
-1.480235 -0.298614 3.003132
-0.754402 -3.079637 -1.160965
-1.015933 -3.115710 -1.000161
1.869325 2.500501 -2.081383
2.130509 2.431061 -1.900542
2.273534 2.372029 -1.782623
0.876657 1.649193 -2.842942
0.689204 2.070123 -2.707010
1.291665 2.750969 -2.153005
0.628724 1.042639 -2.878869
1.068929 1.718168 -2.810560
1.763884 2.328169 -2.298449
0.916212 3.288881 -1.280727
0.949640 1.987288 -2.737750
1.963096 2.242530 -2.219376
0.617561 2.363529 -2.544890
-0.364311 2.538116 -1.975155
1.100397 3.183590 -1.537597
0.224239 2.457019 -2.396115
1.416179 1.078957 -2.795179
0.813917 2.347160 -2.563449
0.136835 2.694034 -2.150638
1.648821 2.605870 -2.133005
0.479414 1.510204 -2.846242
0.971398 1.403269 -2.874348
1.985234 1.481772 -2.510002
2.125877 1.857494 -2.299205
0.694465 1.342502 -2.884406
0.475214 1.692181 -2.811125
1.903770 2.814756 -1.644367
1.449147 2.920097 -1.865860
0.624314 3.014973 -1.895846
-0.713817 2.325667 2.337596
0.956540 2.945642 2.316579
0.318083 3.312057 1.601070
0.803218 1.416723 3.162375
0.212218 3.034266 2.171132
-0.028806 2.644990 2.537656
0.408891 1.541537 3.147131
-0.443000 2.180179 2.654682
0.115604 3.218909 1.760890
1.079443 1.786718 3.058278
1.222367 1.638762 3.054158
-0.076321 3.163829 1.749975
0.712731 2.344199 2.878963
0.724598 3.035702 2.233425
-1.239435 0.426207 2.981602
-1.927151 0.307313 3.035618
-0.820576 3.207763 1.008764
-2.386265 3.509632 -0.321668
-4.157341 2.514046 0.120584
-2.478179 0.979288 -2.973900
-3.453979 1.863861 2.209450
-1.355619 3.533598 -0.017159
-3.346339 2.426615 -1.874318
-1.529732 0.465194 3.026837
-1.632650 3.559520 0.178057
-1.946666 0.495939 3.041925
-0.984733 3.445460 0.135958
-3.510151 1.412874 2.388913
-3.142729 1.372550 -2.651541
-2.121988 0.331238 -3.058487
-1.633238 0.840458 3.018609
-3.820594 2.841566 0.193338
-3.086763 3.158407 0.893223
-1.874699 -0.078235 -3.018545
-3.221730 0.912968 2.687637
-0.792522 3.374705 -0.271393
-2.521850 3.371285 -0.875635
-1.189888 0.625625 2.970296
-3.952282 2.665665 0.526601
-2.486571 0.230185 2.962456
-2.001873 3.332517 1.162904
-1.743871 -0.640328 -2.848787
-1.775182 0.782214 -3.063699
-4.064090 2.350465 1.017521
-3.188447 2.134990 -2.237119
-3.018766 3.051994 1.225842
-2.173522 3.395900 0.956444
-2.808764 3.415320 0.104662
-2.487143 3.449334 -0.592387
-1.293901 3.291933 1.139951
-2.355297 0.632714 2.998608
-3.624390 1.878621 2.066220
-2.901354 1.123923 2.790266
-3.894051 2.786175 -0.074635
-3.812825 2.100703 1.708661
-2.663857 3.446926 0.280553
0.664416 -1.520774 -2.516518
0.044415 -2.015800 -2.579200
-0.337491 -0.849414 -2.922790
-0.479458 -1.445789 -2.873498
0.436902 -2.431506 -2.057950
-0.708439 -2.810190 -1.852795
-0.745107 -1.042556 -2.910889
0.517374 -1.039139 -2.687102
-0.309719 -2.628915 -2.126378
-0.578329 -2.600453 -2.166477
-0.110862 -1.737588 -2.750445
-0.363620 -2.907192 -1.689966
0.772791 -1.957432 -2.221980
-1.629374 -2.263441 -2.042998
0.109101 -1.699122 -2.712363
0.081393 -1.019077 -2.856218
-0.674890 -2.108253 -2.585717
-0.327225 -3.043295 -1.306265
0.324157 -1.134636 -2.768988
-0.883086 -2.453670 -2.271559
-1.042819 -2.070456 -2.530448
-0.554747 -2.903584 1.841652
-0.672628 -3.029444 1.465720
-1.630997 -1.607014 2.738231
0.300836 -1.793870 2.730297
-1.185547 -2.876090 1.694514
-1.461443 -1.177390 2.930811
-1.072852 -1.327612 3.035719
-0.951908 -2.956933 1.621291
-0.445728 -2.693748 2.203137
-0.434426 -1.274896 3.092520
-1.056849 -0.955316 3.077105
0.047972 -1.120715 3.018933
0.200218 -2.015381 2.654559
-1.788096 -1.217595 2.745809
-1.205223 -1.549794 2.944365
-0.145041 -2.421385 2.461323
-0.907685 -2.525194 2.388746
-0.105923 -2.887121 1.734983
-1.572407 -1.928775 2.614815
0.440895 -1.571606 2.748245
-1.195432 -1.161708 3.029222
0.064804 -2.169240 2.606441
-0.139137 -2.267337 2.599028
-1.311124 -2.703560 1.970836
-0.014494 -2.599643 2.205630
0.416971 -1.317665 2.833456
-4.721511 -2.946264 0.097438
-3.904577 1.730354 1.977197
-4.174556 1.579932 1.999936
-4.272835 2.363901 0.620224
-5.851349 0.338272 1.016122
-4.652865 -2.232982 -1.950947
-3.457119 0.387050 2.844700
-2.451203 -0.792817 -3.060495
-2.981087 -0.806986 -3.124564
-3.188508 0.751184 2.748833
-3.422677 -3.311625 0.656757
-4.621901 2.134811 0.777073
-4.999363 -2.635134 0.652295
-3.884610 2.099210 -1.729292
-4.803574 1.561553 1.549015
-5.137478 -0.403825 2.174946
-5.744604 -1.179992 1.186451
-2.052577 -0.845497 2.739896
-4.058030 1.369767 2.228729
-1.820322 -0.717533 -2.860454
-1.812544 -3.120637 0.274392
-3.224109 -0.388691 2.958365
-6.051862 -0.944448 0.405307
-5.736557 -0.373875 1.436996
-3.497386 1.018893 2.599945
-3.395920 -3.176624 -1.266929
-4.776349 -0.210089 2.449941
-5.738843 -1.876535 -0.346510
-4.866470 -1.362329 2.184474
-5.405614 0.462119 -1.919644
-1.699315 -0.835716 -2.783501
-5.512404 -2.234264 -0.075547
-5.568669 -0.246200 -1.888711
-5.292861 -1.431823 1.737709
-5.537234 -0.725883 -1.899517
-5.130702 0.881647 -2.007493
-5.696306 -1.563103 0.966426
-5.133721 0.613207 -2.155009
-2.259701 -3.147898 -1.063181
-3.766271 -0.196314 -3.078101
-1.855753 -2.961803 0.949145
-1.810436 -2.662448 -1.663502
-4.133331 -1.157243 -2.863920
-3.470606 0.542415 -2.996014
-4.351191 -0.301440 2.688585
-4.860125 1.338471 -1.922711
-4.555100 1.036001 2.193440
-4.670769 -2.500122 1.419816
-5.440367 0.727722 -1.724664
-2.318784 -2.885906 1.455287
-4.464910 -2.640047 1.417007
-4.108852 -0.793479 2.754743
-2.498193 -3.270301 -0.855722
-5.257460 -1.715806 1.586699
-4.051400 0.816175 -2.752560
-3.561579 0.722848 -2.919487
-5.006300 -1.834813 -1.977515
-3.301620 -0.620180 2.943385
-5.076588 -2.226701 1.297994
-2.674671 -0.773735 2.905451
-5.435901 -1.493778 -1.706471
-5.784406 -1.386639 0.930443
-5.237196 0.511051 1.897547
-5.349156 -1.751885 -1.626827
-5.298963 -2.328526 -0.890981
-2.251794 -3.293854 -0.387722
-3.336383 -3.377631 -0.575275
-5.262170 0.531584 -2.058260
-4.028044 -3.277450 -0.133986
-5.065254 -1.174935 -2.290663
-4.650127 -2.682131 1.150441
-2.118229 -2.989710 1.138722
-5.264179 0.970428 -1.787380
-5.546677 0.780149 1.321156
-5.830307 -1.701398 0.160764
-4.654593 -1.135479 -2.612830
-5.945644 0.082113 -1.102389
-5.486918 -1.962112 0.934225
-4.282293 -0.547784 -2.910728
-5.078449 1.606577 1.134848
-4.297740 -3.145197 -0.517242
-5.084133 -1.932457 -1.810141
-4.772703 -2.767951 0.771734
-5.572714 -1.759592 -1.218359
-4.075669 -3.254002 0.115051
-5.282614 -1.299009 -2.017650
-4.288420 0.196145 2.660370
-6.099585 -0.719188 0.324727
-3.706302 -3.328908 0.347634
-5.678647 -1.679558 -1.064728
-3.629498 -0.487268 -3.108138
-4.293609 -3.174300 -0.248818
-4.291412 0.719160 2.498349
-4.355380 2.406227 0.187363
-5.266671 -2.515327 -0.065917
-5.054721 0.292998 -2.350152
-5.676678 -0.925215 -1.634083
-3.149997 -3.283113 -1.017816
-3.226387 0.083987 -3.122381
-2.830144 -0.293444 2.949532
-4.583976 0.281206 2.492406
-1.741564 -3.025940 -0.781009
-5.945914 -0.099714 0.967061
-5.988956 -1.285380 0.235071
-1.988829 -2.645671 1.619070
-2.876614 0.660956 -2.973562
-4.385664 2.375974 -0.512068
-5.804523 -1.458588 -0.991853
-4.608240 2.275650 0.192051
-4.843596 0.706338 2.168515
-4.239889 2.020553 -1.631450
-5.076568 -1.274382 2.043689
-5.359916 -2.154760 0.904910
-2.667591 -0.056419 -3.113574
-5.966094 -1.216933 0.505288
-3.244637 0.457357 2.844744
-1.694512 -2.841263 -1.232306
-4.433162 1.788645 -1.807519
-3.647710 -3.198274 -1.111129
-2.631638 -0.300685 -3.123420
-5.367713 -1.765267 1.389358
-2.857788 -3.143800 1.161729
-4.667589 1.362805 -2.070534
-4.641684 1.836125 -1.551150
-4.550958 2.008175 -1.362025
-4.512144 1.246219 -2.276715
-2.236735 3.099142 -1.723481
-1.345392 3.063731 -1.794871
-1.054167 1.993204 -2.737595
-0.622688 1.543903 -2.661103
-2.784797 2.773798 -1.925994
-3.043162 2.454597 -2.085290
-1.951694 2.912717 -2.136864
-1.767905 3.060106 -1.908285
-2.830218 2.576921 -2.147310
-1.417625 1.844294 -2.902505
-1.155162 2.821704 -2.105132
-2.477743 2.103664 -2.708678
-1.516620 2.184638 -2.768890
-1.889274 3.179161 -1.639012
-2.243312 2.293102 -2.672085
-1.938373 1.086738 -3.045537
-1.774148 2.232440 -2.762997
-2.080528 1.690687 -2.964492
-1.010982 2.280618 -2.558091
-1.907987 1.285961 -3.044384
-2.082258 2.087974 -2.818357
-2.726381 1.536051 2.815701
-1.767817 2.418842 2.600507
-2.600137 2.233936 2.599282
-1.960294 2.263560 2.707153
-3.085735 1.891185 2.517182
-1.931365 2.945847 2.077144
-2.035065 2.755550 2.309098
-2.625384 1.865065 2.765553
-1.638078 2.778488 2.259320
-3.059920 2.877388 1.531300
-1.015811 2.627840 2.155396
-1.698668 1.628800 2.942085
-1.452553 3.206386 1.398331
-3.286500 2.299363 2.085584
-1.500335 2.148337 2.722828
-1.482455 2.825504 2.161805
-2.190772 2.352806 2.632754
-1.932519 2.497038 2.549649
-3.375373 2.006743 2.209579
-1.649204 1.428428 2.969900
-0.824357 1.849872 2.573725
-2.434962 -2.846765 -1.925394
-2.739939 -1.562319 -3.033196
-1.728991 -2.460593 -1.868314
-4.325872 -1.651545 -2.593575
-2.601967 -1.286155 -3.062426
-3.435697 -2.653417 -2.320079
-4.065354 -2.444599 -2.230469
-3.559213 -2.764935 -2.125679
-2.598730 -2.652381 -2.297822
-1.978767 -2.485240 -2.125014
-4.057971 -1.537612 -2.807704
-3.341898 -2.450074 -2.554490
-3.294040 -1.282166 -3.097967
-1.663831 -1.666266 -2.485803
-3.250853 -0.921708 -3.117458
-1.941020 -2.574641 -1.960255
-3.978045 -2.827050 -1.689476
-3.876985 -1.590599 -2.880173
-3.319986 -3.009609 -1.746829
-3.809384 -1.762035 -2.848239
-1.649883 -2.138292 -2.161472
-2.352460 -2.585523 -2.271043
-3.839342 -1.122032 -2.977803
-3.896682 -2.673579 -2.062440
-3.641338 -3.005291 -1.559656
-2.856245 -0.947509 -3.118144
-2.732108 -1.860804 -2.928243
-3.007600 -1.274435 -3.111790
-5.255471 1.267520 -1.583023
-6.137062 0.418703 -0.048209
-5.351041 1.911904 -0.202818
-5.790948 0.581455 -1.308779
-5.646614 1.373892 -0.958388
-4.819888 2.185250 0.249474
-6.130861 0.490808 -0.269890
-4.744720 2.164416 -0.783352
-5.796348 0.946016 -1.114896
-6.045884 0.311783 0.482590
-6.094426 0.640249 -0.427752
-6.143560 0.145359 -0.061382
-5.379032 1.838736 -0.574802
-5.278472 1.776062 0.623905
-4.821359 1.878739 -1.298881
-5.590993 1.348198 0.757678
-5.991292 0.946444 0.216170
-4.214206 -1.578583 2.585268
-4.270187 -2.035365 2.329164
-3.253113 -2.774013 2.003380
-3.381731 -2.471575 2.343798
-3.464397 -3.020596 1.476871
-3.226573 -3.064048 1.400709
-3.714962 -2.451083 2.284015
-4.005101 -2.895278 1.397034
-2.260320 -2.658727 1.803506
-2.534511 -2.862159 1.652156
-2.658462 -1.240200 2.860134
-2.241529 -1.695147 2.593032
-3.496917 -2.661826 2.117581
-3.972636 -1.649562 2.680259
-3.413169 -1.861411 2.744617
-3.898403 -1.953025 2.578362
-2.090029 -2.359433 2.048727
-4.537436 -2.326856 1.808277
-2.401395 -2.512137 2.104162
-4.648922 -2.015585 1.994176
-2.711982 -2.731979 1.974833
-3.343386 -2.859567 1.859134
-3.705450 -1.400658 2.835425
-3.190553 -1.681437 2.827361
-3.825521 -2.146169 2.490623
-2.321317 -1.258682 2.742279
2.618127 -1.400758 3.448981
1.534943 -1.760596 3.387824
1.355290 -2.448006 2.905817
2.816299 -2.466537 2.782926
2.368834 -2.949202 2.338662
2.954597 -2.143616 2.981830
1.642230 -2.515961 2.920590
0.984893 -1.979229 3.090401
2.574896 -2.409968 2.941788
1.180585 -2.532321 2.747015
2.582511 -2.599004 2.752030
1.840722 -1.276088 3.562309
1.837554 -2.612771 2.849967
2.070174 -2.084220 3.270154
1.174256 -2.373941 2.897900
2.247380 -2.475474 2.966083
1.461741 -1.960255 3.279578
1.890026 -3.565686 0.910795
4.291727 1.877568 1.615421
1.749351 -3.399752 -0.861429
1.857651 -2.265739 -2.392423
4.496168 1.807841 1.302558
4.256361 0.206006 2.780535
2.287867 -3.582465 0.672816
3.265802 -1.823506 3.012061
2.057184 -2.728900 -1.969600
3.619260 2.480739 1.538974
3.212513 -3.084532 1.640871
2.708208 1.546300 3.125556
2.387987 -3.388737 -0.825469
2.986030 -3.037696 1.911362
4.755364 -0.927256 2.102724
4.723583 0.091466 2.259862
1.204573 -3.361589 -0.739997
4.133185 -2.435432 1.687290
1.569884 -3.321474 -1.015702
3.198088 2.942991 0.236328
3.460764 0.990113 3.115397
4.264561 0.888176 2.549920
3.770830 2.594875 0.891976
0.576608 -1.309786 3.233237
2.617733 2.005120 2.804139
4.472683 1.062303 2.204014
3.381542 -2.349036 2.548208
3.353671 2.859019 -0.022997
2.208530 -3.519161 1.090815
3.490278 1.515727 2.805528
2.243713 1.661040 3.138381
4.064135 1.532588 2.324985
0.916568 -3.423413 -0.148900
0.935336 -3.118685 -1.135577
2.733475 -0.789480 3.578512
1.377090 -1.366868 -2.828415
4.216537 -2.647539 1.035835
0.852004 -3.431701 0.148674
1.637966 -2.812430 -1.855163
4.471056 -1.250512 2.352326
1.520690 -2.955370 -1.650452
3.926141 -2.672546 1.594150
1.233911 -2.861863 2.334841
4.526973 1.632447 1.539595
1.387757 -1.302155 3.493495
2.211946 1.156705 3.418706
4.496563 -1.585603 2.107903
3.931020 -1.171828 2.912274
3.404953 -2.680194 2.157383
3.831803 -3.040060 0.539267
4.090392 -2.839156 0.637458
4.002813 2.393277 1.041995
4.279033 1.520038 2.082992
1.069647 -1.081684 -2.848711
3.510420 -3.236376 0.413547
1.134348 -2.270323 -2.265361
0.557107 -1.627316 3.083833
0.936441 -0.794981 3.514365
1.826247 -2.570528 -2.131412
3.647314 1.528158 2.691840
4.917935 -0.171526 1.975300
1.009051 -3.275627 -0.832204
1.301595 -2.129984 -2.415824
3.654048 2.698488 0.701457
1.493726 -3.580852 0.529397
4.111522 -1.437983 2.642249
3.086398 -3.392959 -0.108575
2.954962 -0.466289 3.558219
2.017638 1.409319 3.304681
1.233469 -0.098734 3.642011
3.933540 2.327243 1.388509
1.806633 -3.588332 -0.104138
2.809185 1.789110 2.926099
3.143343 2.446776 2.061301
4.505253 -1.995445 1.684933
2.162910 -3.360626 1.599677
3.543034 0.369757 3.264930
3.694387 -0.807877 3.177308
1.498120 -3.463932 -0.585653
2.407485 -0.311082 3.687725
2.960331 2.256253 2.421237
2.765840 -3.396444 -0.567835
0.863390 -2.579241 2.512607
4.074228 -1.159510 2.800892
2.194351 -3.556176 -0.275940
2.291521 -2.907705 -1.730975
2.409950 2.133628 2.732065
4.270610 -2.090155 1.951656
2.469879 -0.064971 3.676439
0.878410 -0.057587 3.543430
3.876816 2.192418 1.745461
1.806097 3.075598 -1.881830
1.506234 1.904991 3.185210
2.451742 2.997857 1.792881
1.738979 3.708902 -0.711131
2.115750 2.169302 2.810939
-0.025688 1.896346 -2.900601
3.135323 2.942675 -0.105759
0.072620 3.416861 -1.632179
-0.352749 1.273255 3.319115
-0.645241 2.069359 2.911055
0.523257 1.472609 -3.123528
0.221352 1.600383 3.368999
0.141071 3.452125 1.910633
0.022521 3.639618 1.507400
1.229248 3.624966 1.596848
0.701375 0.878278 -3.231748
2.087274 3.518989 1.180704
1.375164 3.820857 -0.662972
2.286741 3.080284 1.838082
2.555081 3.318184 -0.656671
2.527538 3.134174 -1.159810
0.162132 0.538179 3.514151
-0.210213 2.773397 -2.290942
0.459783 -0.246593 3.442832
-0.200404 3.838522 0.631162
0.216501 3.141523 -2.042778
1.727579 3.738972 0.922794
1.982916 3.281557 1.788130
0.569554 -0.044006 -3.181442
2.008061 3.110630 2.023751
-0.374512 2.023923 -2.737304
2.205505 2.552462 2.486194
0.783438 -0.435568 -3.083394
-0.772034 1.783605 2.983984
1.468228 3.735492 1.195053
1.292312 3.933405 -0.038564
0.470602 0.554059 3.548740
0.285442 0.735467 -3.216317
1.238473 3.519607 -1.484952
0.055367 -0.017181 3.439877
0.896301 0.995436 -3.213667
1.184248 3.858015 0.964885
-0.208226 3.415456 1.823298
3.127321 2.924241 -0.284212
1.629924 3.662104 -0.965462
-0.594480 3.555261 -0.904623
3.113887 2.844302 -0.634761
2.850389 3.206219 -0.110818
2.596171 3.171634 1.289095
1.856891 3.625848 -0.844967
1.403796 3.885247 0.615793
2.845948 3.087262 0.991764
-0.238475 1.748214 -2.902803
2.318592 3.112178 -1.445808
-0.752510 1.601423 3.063778
-0.173433 3.599729 1.485224
1.960366 2.128107 2.911927
-0.501173 3.740277 0.631824
1.195710 0.747970 3.515149
1.406041 1.219614 3.420769
0.834108 3.988305 0.244770
0.695242 3.512844 1.897199
-0.133561 0.223997 3.433698
2.386919 3.488472 -0.392987
2.293922 2.317763 -2.297050
1.531408 0.870254 -3.126929
1.804783 3.580386 -1.024783
-0.539115 3.281428 1.833238
4.278172 -2.395676 -1.963991
5.725707 0.853879 -0.536148
4.395791 -2.819133 -0.458449
5.317362 -1.942982 -0.848622
3.199326 2.758107 -1.088516
3.124902 -1.453135 -3.169478
5.698297 0.880882 -0.080424
4.987738 -1.934989 -1.727140
2.100667 -1.156032 -3.193165
3.294514 -3.186925 -0.688008
4.007020 2.546613 0.271318
4.915871 1.787336 -1.494479
3.134354 2.548522 -1.713070
2.980413 1.620577 -2.857143
5.458736 -1.560771 0.402327
4.130681 -2.557019 -1.848070
4.232803 1.389147 -2.630533
5.043344 -1.370422 1.353427
4.761885 2.175924 -0.131963
4.485632 0.739925 -2.820112
1.764617 0.716972 -3.098652
5.403821 0.855183 -1.737387
5.802555 0.612355 -0.539507
1.848099 -1.543294 -2.937793
4.850726 1.962283 0.421390
5.880678 -0.080654 -0.842094
5.861419 0.359284 -0.506424
2.810926 0.790163 -3.293955
5.587979 -0.745960 -1.664469
3.230933 0.715511 -3.296721
5.740115 0.039180 -1.399754
2.653913 -2.944215 -1.681601
5.112866 1.652060 0.497015
2.934521 -2.366697 -2.536339
4.891011 1.796063 0.691867
4.323479 -1.096831 -2.928777
3.476763 2.433193 -1.831634
3.716600 -2.568130 -2.109752
5.137083 0.208847 1.572358
4.984955 -1.414459 -2.226654
3.774080 -2.849040 -1.578828
5.669294 -1.298300 0.017631
4.297882 -2.856852 -0.115518
4.997366 -0.139684 -2.590057
5.846104 0.167948 0.105485
5.849452 -0.533396 -0.927194
4.122318 2.582363 -0.379933
2.880140 -3.015612 -1.534377
1.634159 -0.194137 -3.192812
3.155292 1.282568 -3.061727
5.854285 0.371893 -0.224899
5.307664 -0.720994 1.323743
4.733419 2.038587 -1.321107
4.156953 -2.904147 0.050239
4.307034 -2.835466 -0.838488
3.851151 -2.438424 -2.211579
4.390028 -2.566374 0.717159
5.440630 -1.052489 0.962027
4.008432 1.474434 -2.693691
5.446675 -0.079118 1.197047
2.072800 -1.622530 -2.974989
3.650726 1.232152 -2.988935
4.780016 -2.130129 0.937662
3.830124 2.131910 -2.131076
3.474752 -1.471974 -3.105724
2.415141 -2.373543 -2.480104
5.293825 0.719927 1.181502
2.015515 0.144201 -3.314132
3.449530 2.796104 -0.405772
3.507853 0.104867 -3.374848
4.438107 -2.716557 -1.049095
5.277563 -1.853984 -1.243600
2.908365 0.529063 -3.370346
4.468781 -1.930846 -2.329165
4.093948 -2.895161 -1.067981
3.205439 0.541175 -3.348759
4.587334 2.227463 -1.097428
4.630309 -2.632968 0.004301
4.377042 -2.819175 -0.657962
4.025792 2.223484 -1.863349
3.223246 -1.051011 -3.310435
5.113719 -1.595167 -1.913293
2.451544 -2.644430 -2.158145
5.261840 -0.383431 1.452989
5.177609 -1.066500 1.360485
1.743125 -1.294997 -3.013014
5.727145 -0.773382 -1.283079
3.609396 -3.134740 -0.554499
5.278967 1.661780 -0.252805
2.386051 1.593475 -2.830836
5.863273 -0.706057 -0.244851
3.933856 0.118259 -3.248641
3.331473 2.802465 -0.707006
3.203095 0.005379 -3.432236
5.609957 -1.473986 -0.726437
4.665823 -1.853675 -2.220207
5.787138 -1.000375 -0.120084
4.252450 2.495021 -0.784668
3.721636 2.516138 -1.514191
5.472937 0.909945 -1.544661
3.627979 -2.463540 -2.286167
4.723932 0.881667 -2.577161
-1.567573 -0.526162 3.323679
0.561414 -3.498988 0.271257
-0.251229 -3.336567 1.570633
-0.653768 -1.097002 3.388527
-1.122433 -0.755466 3.406659
-1.406450 -2.614015 -2.246987
-0.676011 -0.680933 3.462105
-1.461482 -2.879105 2.098381
-0.489417 -0.508369 -3.305988
-0.396557 -1.066288 3.393579
-1.236943 -1.319787 3.255006
-1.053186 -3.617229 -0.421764
-1.112407 -3.295126 1.581117
-0.763287 -3.549028 -0.868615
-1.542055 -0.024139 3.328849
0.825422 -2.993488 -1.450117
-0.225256 -3.430258 1.354195
0.050193 -3.590492 0.650933
0.019112 -0.544677 -3.255241
0.449579 -1.754382 2.987432
-1.521711 -3.475574 0.788933
-1.697093 -1.636383 2.993212
-1.231579 -3.618426 0.288166
0.040794 -2.982148 2.079574
0.251711 -0.058198 -3.208173
-1.388424 -1.432379 3.179353
-1.011813 -0.102784 3.450284
-1.722718 -0.794592 3.239827
0.246711 -3.402440 1.203336
-0.929980 -3.123978 1.931124
-0.505065 -0.071318 -3.305892
-0.573306 -3.382667 1.504764
-0.913320 -3.465229 1.255249
-0.441086 0.184694 3.450954
-0.481710 0.245605 -3.269800
-0.815933 -3.667744 -0.230157
-0.204210 -3.658628 0.414303
0.686942 -2.695373 -1.973987
0.670450 -3.193948 -1.194857
0.882606 2.417036 -2.799791
1.216073 1.820661 -3.011329
1.108116 2.485401 -2.735397
1.589165 2.871993 -2.261219
0.287067 2.741767 -2.502883
0.723885 2.576226 -2.698685
0.924870 3.238322 -1.997013
0.563175 3.430282 2.027606
0.337967 2.992491 2.647657
0.929325 3.351694 2.140744
1.081672 2.314611 3.118986
-0.004947 1.950379 3.227388
0.149593 2.872370 2.726178
1.318744 2.499941 2.944412
1.077975 2.741007 2.843482
0.177777 1.960733 3.267637
0.851745 2.349401 3.139239
0.779795 2.599759 2.997295
-1.214612 0.279086 -3.348988
-2.864849 0.945243 -3.231291
-1.438963 0.470775 3.358881
-1.919183 -0.308843 -3.314702
-2.000828 3.590012 -1.454844
-1.898526 3.382075 -1.840301
-2.524926 1.492522 3.167995
-0.595052 1.004141 -3.139449
-1.324836 3.267750 1.907297
-3.243639 2.369849 -2.498299
-2.537733 3.344657 -1.766953
-2.368034 3.869660 -0.163778
-2.075616 3.750346 0.997585
-1.659714 1.173094 -3.346502
-0.397384 1.086895 -3.038260
-4.058085 2.271857 1.874290
-1.966309 1.139585 -3.356015
-2.670374 1.661590 -3.108607
-2.816156 3.544670 -1.211888
-1.852138 1.363497 3.275572
-3.849449 3.102211 0.902268
-3.273789 3.138212 1.605719
-1.596915 1.458974 -3.272652
-3.154601 1.831352 -2.864271
-2.379707 -0.253892 3.252717
-2.632718 3.622232 -1.145614
-0.592636 2.157542 -2.715385
-0.856382 1.719367 3.004447
-1.671990 3.567142 1.467861
-3.385272 1.624914 2.804139
-0.731782 3.590586 0.904299
-3.019602 1.675654 -2.988207
-1.569217 1.127465 3.316180
-3.130591 3.319031 -1.443798
-2.377000 3.297629 -1.893899
-3.165270 2.180458 2.636968
-2.082874 -0.292235 3.278361
-2.900503 3.686344 -0.632386
-3.269716 2.532965 -2.351771
-3.678647 2.833874 1.661871
-2.223891 1.251477 3.280936
-3.576755 3.269425 -1.000393
-1.424828 3.524194 -1.538295
-4.140173 2.409675 1.627093
-2.827708 1.801054 -3.006028
-0.979787 2.898452 2.246322
-1.094730 1.991374 2.951828
-1.641859 3.412591 -1.780365
-1.022757 3.193401 1.906734
-2.489354 1.164452 3.258100
-0.933519 2.171978 2.807699
-1.191367 1.417707 -3.227766
-4.256530 2.644704 1.082218
-0.950282 1.515021 3.106706
-3.034763 2.227060 -2.701508
-3.676785 3.375185 -0.150094
-2.224540 0.812264 3.349245
-1.688421 0.176852 3.363267
-1.855737 0.143738 -3.396232
-1.979192 3.287176 -1.977819
-3.409386 2.787829 -2.001928
-3.922232 3.202108 -0.156917
-0.723866 -3.018684 -1.971130
0.442394 -2.851222 -1.922655
-0.176730 -2.351490 -2.699692
-0.904875 -2.058249 -2.857682
0.212345 -1.572785 -2.985352
-1.259877 -2.751160 -2.155362
-1.226922 -2.514591 -2.432270
0.501639 -2.397572 -2.422241
-1.085162 -2.082340 -2.798997
0.676404 -2.582346 -2.108563
0.752647 -1.971464 -2.565546
-0.549866 -2.942734 2.271808
-1.757257 -2.191012 2.646930
-0.655025 -2.468541 2.807068
-0.729406 -2.220924 2.985085
-1.547551 -2.411989 2.597356
0.339823 -1.927584 2.937474
-0.471899 -2.333882 2.908558
-0.414095 -1.712768 3.227670
0.423557 -2.096797 2.797941
-1.573924 -2.677903 2.289202
-1.365170 -1.528029 3.160362
-1.179270 -1.398712 3.247283
-0.303618 -2.786402 2.458066
-4.557409 -2.694916 1.895856
-3.248463 -0.153636 3.291114
-2.563127 -3.714642 -0.349552
-4.292738 -3.427442 0.758558
-4.640273 1.565851 -2.428293
-5.071779 -2.252661 1.918487
-3.492860 -0.230948 -3.471950
-2.202284 -0.866629 3.144986
-4.638900 2.533816 0.771282
-4.936866 0.575292 -2.793767
-5.973863 -0.139367 1.687761
-6.229980 -1.668542 -0.094413
-4.457671 -1.030769 2.942078
-5.333573 2.024902 0.803292
-4.752586 2.363505 1.063278
-4.597785 2.682172 -0.113867
-5.317875 1.924654 -1.261661
-4.374591 0.687780 2.868012
-2.446813 -3.119727 1.787790
-4.024733 -3.595452 -0.599035
-3.937298 -3.587397 0.578364
-2.975249 -3.760305 0.040076
-3.192935 -3.756869 -0.310777
-5.243960 -0.345667 -2.729008
-4.856808 0.882689 2.524512
-5.658201 0.367783 2.005234
-4.964368 -2.790065 -1.570074
-5.452144 -2.284959 1.415734
-5.442451 -1.396213 2.128875
-4.055613 -2.818546 -2.245120
-4.878717 1.087962 2.401082
-4.227925 -3.321646 1.135598
-5.681580 -0.512808 2.097013
-5.184923 -0.755770 2.550497
-4.994976 -1.179712 2.597057
-4.989737 2.296987 -1.027894
-4.223940 2.628251 -1.244767
-6.283391 -0.621983 -1.236472
-4.340046 1.574985 2.398006
-5.797887 -1.069008 1.832872
-4.012311 -3.206019 -1.722754
-5.521354 -2.709103 -0.489591
-5.509529 0.254507 2.208112
-4.686436 -0.950780 2.845484
-2.353745 -0.265650 -3.416482
-6.287522 -1.139681 0.758343
-4.359742 -2.799215 -2.104107
-4.309127 2.494132 -1.476330
-5.999549 0.799829 1.219055
-4.331076 -3.483023 -0.644021
-3.765692 0.783300 3.029407
-6.071424 -0.630066 1.513704
-4.665267 1.211958 2.468662
-3.606218 -3.497840 -1.314734
-1.786041 -3.301766 -1.210385
-4.298316 1.098834 2.722118
-4.971565 -0.944076 2.673335
-4.779275 -3.282496 -0.539231
-3.807025 1.301173 -2.974214
-4.646361 -0.159807 -3.114367
-4.598037 2.307673 1.364827
-3.843302 0.492058 3.104144
-4.585483 1.427248 -2.570526
-3.641473 0.653112 -3.295301
-2.289999 -3.588979 0.627178
-5.783330 -1.278574 -1.961448
-5.193249 1.287138 -2.197545
-2.650164 -3.621469 0.774664
-5.561362 -0.275796 -2.431672
-5.338384 -0.793580 -2.612575
-2.966752 0.365618 3.219685
-5.189253 2.306409 0.025478
-4.880079 -2.954665 1.185448
-5.962044 -0.079458 -1.895386
-2.272774 -3.658858 -0.307033
-5.940347 -0.413291 1.753939
-3.468186 1.309043 -3.033583
-4.903843 2.252717 1.091513
-2.548526 -1.222914 3.146580
-5.146365 1.699865 1.652542
-2.642849 -0.774538 3.246940
-5.646006 -0.097251 2.127148
-3.997012 -3.405391 -1.320611
-5.952870 -2.017952 -0.892703
-2.844425 -1.341133 -3.346223
-1.900406 -1.710021 -2.985895
-6.206465 -0.294394 1.258318
-2.901036 -3.341177 -1.731730
-1.934629 -0.518608 -3.292663
-2.774045 -3.726067 -0.503546
-5.076416 0.701644 -2.643267
-4.385767 1.987240 -2.183551
-5.381182 1.907055 0.972339
-4.502258 -2.871545 1.713154
-2.187738 -3.333791 -1.488919
-5.516376 -2.186707 -1.632607
-3.147026 1.241324 -3.094630
-5.332656 -2.102927 1.774716
-2.745557 0.520428 -3.363164
-3.473819 -3.729931 -0.398896
-2.771556 -0.970787 -3.429035
-6.063257 -2.004534 0.076071
-5.479391 1.084633 -2.034590
-5.755040 0.239176 -2.121270
-1.830183 -3.520033 -0.238675
-4.308244 -0.456398 -3.271444
-6.426320 0.271429 0.050731
-5.230187 -2.726464 -1.282824
-4.952901 -1.767711 -2.572724
-2.341953 -3.018771 -2.088221
-4.393637 0.118209 -3.201233
-1.949804 -0.966394 -3.244843
-5.059041 1.394422 2.042942
-5.085197 1.201916 2.164774
-5.717500 0.716665 -1.965379
-4.539089 -2.549505 2.066514
-3.588007 -3.421396 1.305187
-3.930546 -1.524128 -3.182368
-4.172339 -3.235985 1.366281
-3.043411 -0.481242 3.299105
-4.175833 -3.134478 1.547862
-3.729286 1.398475 2.737062
-5.305799 -1.245488 2.325053
-2.096886 -3.285579 1.331365
-2.170637 -3.006728 1.834490
-3.860530 1.519706 -2.821380
-4.120017 -2.495220 -2.540115
-5.948188 -2.062715 0.613743
-4.692180 0.944047 2.599277
-5.982547 -1.445697 -1.521289
-5.031707 2.358551 -0.707521
-3.909808 -1.758491 -3.089563
-1.936193 -3.439762 -0.979220
-4.975360 1.133693 -2.498233
-2.221606 -3.550406 -0.910935
-6.026110 -0.928054 -1.717526
-5.951602 -0.699770 -1.903553
-3.094884 -1.245354 -3.382656
-5.990697 -1.748545 1.010728
-5.407173 -0.131709 2.378337
-3.690811 1.450030 -2.910030
-2.712867 -3.538344 -1.259734
-2.279355 -3.257736 -1.690977
-5.900571 -1.758399 1.212136
-4.339539 -0.647184 3.050769
-3.127221 -3.691373 0.604452
-4.559691 2.345955 -1.530271
-5.271717 1.383798 -2.032652
-2.495160 -0.444407 -3.445256
-5.200569 -0.968826 2.497556
-1.982300 -3.350858 -1.289623
-3.009792 -0.935026 -3.449526
-5.859959 -1.483520 -1.721893
-6.481537 -0.527184 -0.270699
-4.062421 -3.597493 0.308041
-5.195877 -1.895794 -2.285183
-4.063428 -1.160056 3.060516
-3.710883 1.130945 -3.087936
-5.682425 -1.605634 -1.914942
-5.847315 -0.116474 -2.071951
-5.678746 -2.464768 -0.768252
-6.117020 -0.493525 -1.641075
-4.676084 -2.288522 2.213097
-6.466677 -0.233763 -0.471752
-4.432940 2.572954 0.961566
-2.374137 -0.638595 3.213966
-3.981643 1.205251 2.782147
-5.767560 1.531421 0.791782
-2.077532 -2.819452 2.025403
-1.015830 2.909637 -2.329451
-1.959001 3.268227 -2.017028
-1.541498 1.662221 -3.222844
-1.466365 2.967593 -2.428625
-2.485106 2.915573 -2.370258
-2.047262 1.971799 -3.134035
-1.457429 2.557912 -2.808265
-1.104732 3.039659 -2.205170
-0.973618 1.898347 -3.018942
-2.146593 2.779709 -2.622711
-1.301973 2.290918 -2.946196
-0.809105 2.052198 -2.885316
-1.127600 2.046118 -3.016264
-2.618647 3.210575 1.905146
-2.978618 2.114533 2.783045
-2.343765 1.754344 3.133523
-2.171964 3.080351 2.278852
-2.149313 1.781429 3.153680
-2.255613 2.793423 2.582362
-2.494149 2.075028 2.993000
-2.574478 2.598982 2.661029
-1.955451 2.620201 2.757387
-1.969896 3.080380 2.299175
-1.423591 2.615179 2.694672
-2.970830 2.472865 2.568455
-2.784900 2.721562 2.462632
-1.282963 2.886871 2.395603
-3.231598 -2.432594 -2.894822
-3.050296 -2.915499 -2.430421
-3.068602 -2.495827 -2.854807
-3.253075 -1.683511 -3.263971
-4.060101 -2.452823 -2.603664
-2.084459 -2.677258 -2.398736
-3.760367 -2.658659 -2.565729
-3.766133 -2.082046 -2.995543
-2.387251 -1.811823 -3.130459
-2.224725 -2.612100 -2.553048
-3.739254 -2.452254 -2.762217
-3.150240 -2.119679 -3.095398
-2.697162 -3.042949 -2.196506
-2.591246 -2.174043 -3.016547
-3.033932 -1.874902 -3.207807
-2.580181 -2.830590 -2.461100
-3.424154 -1.909266 -3.163526
-3.288419 -2.713758 -2.644747
-3.430895 -2.336785 -2.934083
-2.625021 -2.556755 -2.754308
-2.415965 -2.450178 -2.780544
-5.838706 1.762031 -0.260654
-5.500265 2.085729 -0.401948
-6.342043 0.701613 -0.114311
-6.367079 0.537923 -0.270622
-6.126944 1.247458 -0.574591
-5.774323 1.725640 -0.763390
-6.057889 1.433327 0.039433
-6.105773 0.851832 -1.117267
-6.251150 1.028378 -0.279346
-6.185791 1.047761 -0.691968
-5.905772 1.469247 0.580376
-3.928987 -1.831786 2.901455
-3.338269 -1.700978 3.067873
-2.649347 -2.681995 2.401529
-3.446150 -2.767221 2.376894
-2.910854 -1.976426 2.952658
-4.049108 -2.437742 2.490985
-3.346350 -2.593263 2.562784
-3.777932 -1.446409 3.060045
-2.682204 -1.995025 2.902981
-4.307713 -2.064440 2.610156
-4.189754 -2.280353 2.538699
-2.956561 -2.377237 2.728586
-3.727760 -1.766913 2.985547
-3.928396 -2.618048 2.383054
-2.395108 -2.196431 2.702109
-3.961269 -2.236207 2.680558
4.810934 -0.470846 2.713753
1.358339 0.060422 4.002819
4.021200 2.888937 0.516598
1.772115 -3.719992 -0.980542
2.293683 -3.832666 -0.575247
1.434658 -2.817179 2.959738
1.103217 -3.840892 0.703786
3.062919 2.721655 2.346100
2.003162 -3.611697 1.890717
4.053384 -2.837845 1.960986
3.050346 0.748148 3.761087
3.715341 -0.155408 3.615833
2.561830 1.792951 3.413338
2.291829 1.877366 3.399041
4.614438 -1.117900 2.783818
0.671154 -2.818879 2.684724
2.117770 -1.300829 3.895927
2.669344 -1.334165 3.816113
2.829102 -1.665591 3.654231
3.425513 2.662301 2.193692
3.744922 2.763352 1.688432
1.263896 -2.108015 3.473967
4.300348 1.338812 2.776261
2.565538 1.640468 3.506565
2.608185 -3.444138 2.093163
1.098011 -3.844252 -0.017474
1.746845 -3.558734 1.989210
3.732662 3.054488 0.011232
4.259490 -1.188822 3.095689
1.098541 -0.656160 3.935860
4.933815 0.657812 2.395687
0.891309 -3.789971 -0.012204
2.088480 0.461339 3.995290
4.212300 2.614249 1.237321
4.136638 2.446673 1.769007
1.716539 -3.946726 0.492291
3.633625 -3.545559 0.592389
2.794703 -0.973940 3.883819
3.558465 1.499674 3.226210
3.009559 2.889317 2.110891
0.994897 -2.870013 -2.138450
2.079546 -0.037348 4.053491
3.632762 1.241532 3.323570
3.911032 -3.381284 0.678581
2.959041 -3.666574 1.355872
1.255844 -3.453713 -1.422675
2.580239 0.455100 3.944438
1.787046 -2.716022 3.098808
4.750381 -1.404663 2.494523
2.816372 -2.551338 3.111065
3.967817 -2.734771 2.210847
3.222995 -1.379350 3.638879
3.925860 -2.467035 2.560346
1.670629 -2.895883 2.916078
1.082228 -1.403647 3.759834
3.703123 -3.515903 0.142587
3.078003 3.086036 1.660154
3.154176 2.781660 2.200667
0.838865 -0.446236 3.884488
4.502255 2.140824 1.699184
3.984374 -1.866951 2.989024
5.136103 -1.694772 1.602631
2.429049 -2.942888 2.836288
1.118980 -3.581537 -1.088956
2.884886 -2.158868 3.376809
5.087705 -1.376216 1.990610
1.597497 -3.847085 1.152877
3.572917 -3.033665 2.169434
1.882161 -2.704218 -2.472940
0.636347 -2.493335 2.982589
2.045215 -2.794957 -2.388524
2.245285 -1.758225 3.715270
1.204755 -3.714392 -0.779442
1.237701 -1.200959 -3.217659
5.094899 -1.028393 2.172183
3.194768 2.960344 1.847542
3.950865 -0.134300 3.477782
3.230146 -0.286029 3.832988
1.324482 -3.773895 -0.656162
5.253967 -0.723209 1.995042
3.429967 2.896055 1.767845
0.980785 -3.720347 -0.565384
3.169064 -2.767313 2.769222
2.213928 -3.678825 1.712634
1.310044 -0.888639 3.943723
1.953708 1.601351 3.587867
2.387855 -2.342685 3.366414
2.520724 1.199099 3.733680
2.463002 -3.484137 -1.427522
3.209592 2.257292 2.824229
1.235532 -3.459610 2.043731
3.490031 -2.048584 3.194076
1.597089 -2.003399 3.587595
3.466870 -1.556834 3.464828
4.982481 0.100233 2.483610
2.162725 -3.362109 -1.693680
3.611452 0.689173 3.544900
0.984036 -1.961195 3.485365
1.572661 -0.273162 4.040826
1.925189 -1.587922 3.800108
0.916175 -3.653447 1.378044
4.912766 -2.203013 1.442298
4.338528 -3.030107 0.925259
2.603735 -3.111778 2.596885
5.210109 -0.571231 2.115643
1.411514 -0.505451 4.010237
1.200193 -2.945129 -2.127293
3.671947 -2.258625 2.937838
0.982210 -3.124282 -1.826243
4.466543 0.639620 2.949044
2.758169 -3.819158 0.922383
2.362960 0.353523 3.992920
2.853217 0.868847 3.782503
3.173649 -3.301649 2.045468
1.147543 -2.385071 -2.620866
0.652825 -0.607641 3.806883
1.250115 -3.552653 1.862685
2.315033 -0.474452 4.033285
2.282105 -2.816685 2.988952
0.456774 -1.073525 3.641397
2.521734 1.973585 3.296107
4.631932 0.035876 2.912774
2.820175 -3.624548 -0.953509
2.937988 1.023070 3.706638
1.533171 -3.409471 -1.584844
0.973373 -2.930096 2.703625
1.569123 -0.597254 4.021487
2.529109 -2.213543 3.429448
3.853679 -1.062276 3.425697
4.829587 1.047239 2.341444
2.195592 2.139581 3.213045
3.640794 -1.242601 3.493993
4.081033 0.695782 3.253503
3.391706 3.218564 0.011686
3.525295 -3.599146 0.059404
1.572485 -3.880432 0.977494
4.895331 1.763268 1.494041
2.721120 -2.443864 3.224546
5.092966 1.399992 1.537342
3.822295 2.948980 0.988681
3.079552 2.452158 2.682117
4.483867 -2.079339 2.343478
1.506527 -1.910373 -2.985579
3.551924 3.160558 0.272265
2.059013 -3.178821 2.602313
3.242543 -3.721901 0.134142
3.284646 -3.106130 2.284847
1.913763 -3.765080 -0.864683
2.703214 3.236009 1.875450
1.163750 4.053754 -1.179684
1.514639 4.052560 1.313343
1.432781 4.238454 0.538148
0.321003 0.330538 3.868486
2.917456 3.177996 1.689725
0.381288 1.872753 3.656417
0.756118 3.181102 -2.542360
-0.402125 3.660610 -1.681100
-0.498448 0.819626 3.694244
2.888442 3.486143 1.045879
1.587508 3.827526 1.805597
1.838598 2.043753 -3.094575
1.314195 2.743926 -2.839131
2.600300 3.780535 0.584653
-0.100361 4.243617 0.322831
0.335152 2.539495 3.329340
2.411294 3.894810 0.513047
2.177531 3.327956 2.229588
0.432560 0.670603 -3.573938
1.635241 3.601738 2.166848
2.803169 2.756143 -2.046233
-0.166081 2.869910 2.995838
0.999142 4.114805 1.375335
2.329622 2.134028 -2.832222
-0.003359 0.752197 -3.515028
1.224555 -0.082112 -3.483782
-0.207583 3.420758 2.431726
1.336737 2.915274 3.015713
2.374979 3.671824 -1.137596
0.438333 4.284203 0.698150
2.798142 3.033472 2.052218
0.829208 1.614162 -3.438923
1.742014 3.938979 1.454856
-0.096951 2.645041 3.181291
1.059689 1.512772 3.762540
-0.370573 3.935965 -1.139270
0.864993 2.066604 3.589070
1.599356 3.039185 2.835459
-0.732005 2.724101 2.879148
0.181442 2.081096 -3.236481
0.152760 3.943711 1.726278
0.468481 3.320266 2.704977
0.823444 3.629493 -2.022463
1.431724 1.106738 -3.473748
0.515721 1.214204 3.839915
0.706400 3.937140 1.829583
0.843210 2.576630 3.322864
0.244291 2.480013 -3.041253
1.068097 4.309191 0.335215
-0.002791 1.994479 -3.240628
2.203623 2.788654 -2.466864
1.696341 3.163948 2.679494
2.490521 3.009269 2.372806
1.913135 4.021844 1.014409
0.659180 3.716506 2.212056
1.483658 4.247176 0.221709
0.379767 4.165610 -0.903087
0.454853 2.615011 -2.980715
2.418361 2.659500 -2.439173
0.363495 0.097894 -3.536337
1.587274 3.010628 -2.552879
0.525461 3.141129 -2.575787
2.927180 2.931417 -1.720664
0.530239 0.162001 3.867810
2.766282 3.529284 1.186538
-0.569367 3.149356 2.576421
0.420941 1.949080 -3.318469
1.561025 4.096233 -0.821761
1.120860 4.193511 -0.758214
1.746812 2.581910 3.142473
2.781873 3.112077 -1.652994
2.222686 3.286504 -1.938516
3.007203 3.528544 0.249135
2.808745 3.670301 -0.032164
1.153544 4.289308 -0.172361
0.737464 3.337125 -2.383902
2.111361 2.147929 3.247261
-0.321932 2.239339 -3.044778
2.218562 3.451435 -1.710496
1.815880 4.126443 -0.329727
0.081609 1.895315 3.608291
1.086509 4.247456 -0.531527
1.554542 3.574159 -1.930322
0.722714 2.327427 -3.156864
1.665985 1.631797 -3.302050
0.216004 2.660594 -2.923284
1.020571 0.693273 3.880415
-0.166294 3.830982 -1.505674
2.470224 3.333234 1.976918
2.332006 3.832108 1.052760
1.669316 2.749350 -2.738785
0.247166 0.707549 3.867815
1.352001 3.473786 2.447550
1.640392 4.167218 -0.400364
0.380870 4.156777 1.245158
0.902443 2.969246 3.036161
-0.335376 3.273588 2.552548
1.716744 4.177398 0.449956
1.136888 -0.564741 -3.372406
0.219579 2.829605 3.115757
1.231704 4.131922 -0.924850
1.332495 2.919823 -2.700562
2.092132 3.749724 1.591426
1.753978 4.108871 -0.547553
1.746459 4.087177 0.970621
-0.440572 2.686498 3.040413
0.663317 4.292990 0.697016
0.738743 0.709428 -3.581681
2.780544 3.347493 -1.271027
2.975869 3.159597 -1.321346
1.659093 4.173181 0.637135
0.878934 4.321352 0.374905
0.968990 3.962150 -1.442545
-0.200057 4.043093 -0.976865
-0.095421 4.011124 -1.139667
0.356710 3.873500 1.919534
3.266099 3.304574 0.066248
-0.515109 3.997325 1.123661
0.792845 4.007740 -1.364674
1.437948 4.147888 1.045258
1.180253 3.913878 -1.492286
1.362638 3.981528 1.588800
0.305560 4.309393 0.007977
-0.209879 4.135158 -0.632699
-0.605669 3.441777 2.201591
0.801764 0.178127 3.871578
5.947348 -0.409143 -1.712392
3.333784 2.940360 -1.502349
4.978603 1.771637 -2.120689
5.677510 -1.769012 -1.320331
4.863420 -2.639430 -1.517550
4.009611 -1.859756 -3.080466
3.171389 0.321420 -3.707829
6.074071 -0.110342 -1.379040
5.581561 1.490395 0.595695
2.962713 -1.803718 -3.343210
5.707604 1.424207 0.320811
5.847413 0.972950 -1.408112
6.139177 0.439298 -0.074106
4.925064 2.115001 -1.706014
5.018341 -2.094061 -2.133245
4.524856 -2.348980 -2.362023
3.073294 -3.326046 -1.556055
5.154367 -1.391564 -2.544543
5.675390 1.158170 -1.646373
4.385840 2.793151 -0.379978
2.972211 -2.424623 -2.900985
4.744794 2.579303 -0.541597
4.498503 -1.122411 -3.185368
5.719857 0.173431 -2.132338
5.129267 -2.563365 0.254459
5.619483 -0.316468 1.486235
1.445430 -0.464525 -3.428059
6.074821 0.067906 0.511957
1.555247 -0.999369 -3.381240
5.714800 1.569948 -0.309678
4.937893 -2.662276 0.476672
4.726043 -0.813341 -3.128806
4.149810 -3.265049 -0.122308
4.987634 -0.377613 -2.999719
2.577427 0.495070 -3.676524
5.496427 1.763389 -1.114551
5.039048 -1.161850 -2.770526
6.028543 0.376153 -1.366813
3.403925 2.769918 -1.881767
2.962825 2.585195 -2.282004
3.253944 -2.980703 -2.216815
2.516962 -2.697232 -2.598869
4.199108 -1.815524 -3.019526
5.536307 -2.179568 -0.767043
3.202347 1.201902 -3.439739
5.058486 1.200732 -2.531614
5.060494 1.923540 0.974201
6.122867 -0.482962 0.312320
4.735841 -2.032863 -2.492372
5.356248 -2.427727 -0.413911
4.272724 0.121393 -3.437379
6.198019 -0.082463 -0.081298
3.872550 -2.956295 -2.004677
2.645183 1.574075 -3.249079
3.911626 -3.157799 -1.550799
5.605126 -1.995068 0.255920
6.094222 -0.985706 -0.826187
4.126983 -2.757471 -2.151358
4.703038 2.460613 0.485298
5.028589 2.154048 -1.439113
4.346456 1.589158 -2.835058
5.506497 1.659841 -1.326368
5.342674 -1.232751 -2.414152
3.899570 -3.355712 -0.728119
3.467927 -3.308624 -1.462175
5.235685 1.897198 0.700336
6.172497 -0.728072 -0.457852
5.193626 -1.847319 1.328122
2.444655 -1.154506 -3.589237
5.798384 -0.037836 1.195686
4.700790 -2.435353 -2.087447
6.119584 0.266952 0.240460
4.064159 -0.878747 -3.463810
3.003637 -0.871898 -3.687317
5.125224 2.147101 -1.224095
3.488131 0.695849 -3.582108
4.838803 -2.727541 -1.349279
4.381566 -2.903178 -1.656009
5.314915 1.915910 0.471288
5.163229 1.396472 -2.266527
2.945686 2.845099 -1.821317
4.022096 -3.294513 -0.879449
4.682215 0.847111 -3.030824
5.596219 1.154065 0.983928
5.963269 -1.306126 0.200763
5.590480 1.739294 -0.696415
5.882728 -1.620856 -0.152117
3.816192 2.698814 -1.814564
5.431767 -2.272465 0.122361
3.910180 2.990202 -0.389092
5.800625 -1.120377 -1.735799
5.859509 -1.520863 -1.113324
4.910045 0.699098 -2.915077
6.068485 -0.753230 0.389472
5.370616 -2.147655 -1.467309
4.962148 2.209300 0.615936
5.082485 -2.410510 -1.583435
1.728115 0.349189 -3.512193
4.731922 2.174134 1.047227
5.374231 2.007569 -0.733825
5.754981 -1.475978 -1.519519
3.145300 2.019438 -2.912975
5.800411 1.389409 -0.070350
5.520772 -1.591547 -1.900098
2.970894 1.535006 -3.280367
5.761366 0.509254 1.116502
2.323267 0.933097 -3.518487
5.176017 2.211025 -0.760146
5.799425 -1.740290 -0.872663
3.695132 2.566429 -2.123948
4.622944 1.442880 -2.752446
5.907049 0.576805 0.761768
5.773275 0.977570 0.770165
4.902615 -1.306730 -2.827100
3.184512 -0.079296 -3.744115
3.743255 -2.348018 -2.816748
3.324569 -1.451449 -3.479708
5.167313 -2.107588 1.078159
5.324939 0.054017 -2.676863
3.279113 -3.267015 -1.657677
2.714676 -2.719034 -2.596957
4.266086 -2.883482 -1.822954
4.632806 -2.975261 -0.980842
4.292693 -3.202802 -0.699787
2.392799 0.343780 -3.682794
0.062352 -1.924093 -3.221859
-1.046593 -3.020893 2.596923
-0.750145 -1.977185 -3.246871
-1.584395 -3.109405 2.320967
0.708725 -0.853167 -3.388768
-0.322158 0.370168 3.759999
-0.417878 -3.671717 1.683649
0.055088 -2.834912 -2.587950
0.516757 -2.933313 -2.335633
-1.016596 -1.159556 3.695206
-0.774347 -2.039231 3.386335
0.946973 -3.326641 -1.503461
0.392264 -3.129853 2.331866
0.027900 -2.324532 3.171963
0.485724 -3.547360 1.607188
-0.268092 -1.753287 -3.344511
0.211349 -2.924740 2.630778
-0.403539 -3.833869 -1.106986
-0.388432 -0.616174 -3.635741
-0.175680 -0.133953 -3.630846
-0.997202 -1.389001 -3.461642
0.062899 -1.686658 3.501674
-0.389877 -2.099949 3.356726
0.825367 -1.051816 -3.305704
-1.698226 -2.318559 3.014858
-0.970960 -0.730038 -3.604373
-0.860351 -4.009635 -0.192691
-0.751535 -3.555486 1.903838
-1.579857 -3.862954 0.521300
0.338961 -3.444509 1.890724
-0.524058 -2.447855 3.142959
-0.529987 -1.195635 -3.542732
-0.544958 -0.187268 -3.651966
-0.573596 -3.115218 -2.367087
0.002161 -2.151425 3.283828
0.539194 -2.687600 -2.569711
-0.689195 -0.916131 -3.598664
-0.548230 -0.795467 -3.619502
-1.320400 0.261651 3.705061
0.621569 -1.014201 -3.389651
0.033925 -0.234492 -3.606431
-0.388676 0.041947 -3.634775
-0.219926 -1.777861 3.502645
0.559520 -2.270771 -2.885603
0.683330 -3.570118 -1.222499
-1.384682 -3.886717 -0.530665
0.215216 0.230758 -3.535788
-0.605095 -2.383959 -3.013691
0.703413 -3.635867 -1.021683
0.405859 -3.288676 2.108696
-1.670926 -0.363578 3.655303
-0.843639 -2.475310 3.109768
-1.444218 -3.591186 1.608223
-0.386684 -3.086937 2.566727
-1.260588 -0.903024 -3.535124
-0.862386 -4.019821 0.116426
-0.521065 -3.389618 -2.009935
-0.310422 -1.479821 3.624706
0.011408 -2.515756 3.040370
-0.070477 0.403327 -3.556125
-1.205595 -2.493349 -2.866513
-1.207078 -3.583782 1.738830
-0.093002 -3.899224 0.962427
-0.115424 -1.532627 -3.414501
-0.379278 -2.577914 -2.868868
-1.337429 -0.700033 -3.547827
-1.254077 -1.215433 3.642743
-0.537315 -1.939598 -3.271264
-1.966189 -2.435692 2.807193
0.155889 -1.998178 3.338325
-0.202667 -2.721017 -2.736016
-0.641611 0.600774 3.717215
-1.030464 -0.040138 3.787520
-0.130551 -0.246939 3.802154
0.684412 -3.341837 -1.689739
-1.147824 -1.541063 -3.388656
-1.120585 -3.644639 -1.472692
-0.800380 -3.183472 2.446665
-1.759850 -1.249255 3.495282
-1.217115 -3.735399 -1.215729
-1.537280 -3.219353 -2.024391
0.045349 -0.770201 -3.574030
-0.663495 -2.624002 -2.835868
0.475648 -3.723573 1.161310
-0.160075 -3.370183 2.174782
-1.918901 -2.189553 3.006749
0.067110 -1.119522 3.680630
-1.303630 -1.435155 3.568062
0.050788 -3.664459 -1.414156
-0.689639 -4.012262 -0.279140
-1.668959 -1.967076 3.239594
-0.906049 -3.416843 2.112206
-0.814437 0.115982 3.795047
-0.570493 -1.692635 -3.381510
-1.521998 -1.492098 3.494290
-1.809390 3.240574 -2.575197
-1.575616 4.046329 1.179969
-3.212185 2.323046 2.957857
-3.764177 3.106951 -1.908812
-0.508648 0.985621 -3.476919
-2.805049 3.739250 -1.647535
-1.535725 1.864253 3.457211
-1.117688 0.163480 -3.668031
-3.673288 3.253874 1.755048
-1.202928 3.669057 -1.917492
-3.881079 3.651068 0.006384
-1.520012 0.760618 -3.733899
-1.775161 4.237343 0.320016
-2.280599 1.758453 -3.516118
-4.074456 2.532877 2.206976
-1.061029 1.777635 3.414696
-1.385241 3.217718 2.525393
-4.035495 3.526950 -0.350703
-2.236106 4.146108 0.782001
-1.015219 0.846986 -3.647581
-1.157701 2.121401 -3.322007
-2.779819 2.170313 -3.236603
-1.668103 1.250320 3.645933
-4.144859 3.358808 -0.794939
-4.494319 3.154197 -0.025735
-2.719217 2.613445 2.952517
-1.484536 4.173976 0.658429
-1.694775 2.595028 3.086941
-1.779790 1.714155 3.524930
-2.726164 3.846872 1.432678
-1.798277 2.197003 -3.355544
-1.715436 4.199731 -0.632685
-2.352793 3.308666 2.415951
-1.970604 0.735703 -3.747677
-3.790706 3.704914 -0.155395
-3.164424 3.690409 -1.484402
-1.233968 1.794379 -3.476333
-2.840061 3.123145 2.471176
-1.030607 3.819407 -1.562747
-0.817276 3.418145 2.102607
-1.936089 4.131783 0.924490
-3.129229 1.127386 3.442552
-0.988368 3.833700 1.475556
-1.239468 3.329485 -2.401307
-2.814718 1.002264 -3.595534
-2.875154 4.099272 0.245903
-2.349067 4.219218 -0.016304
-3.302371 1.238831 3.351204
-1.471279 1.431775 3.589621
-1.592812 -0.345654 -3.647602
-2.435372 3.278628 -2.464390
-1.901049 4.195054 -0.670895
-3.314324 2.895651 2.464760
-3.622975 2.600060 -2.561096
-3.197411 3.993400 0.206991
-3.619234 2.102878 2.867511
-1.961179 1.507481 -3.619950
-1.432944 3.922348 -1.497724
-2.110885 4.212117 -0.501561
-3.174488 3.926344 -0.773712
-2.080534 0.225286 -3.737909
-1.382115 4.222052 -0.144790
-3.209452 3.764183 -1.265424
-1.090792 1.312824 3.558191
-0.520249 2.302763 -3.020847
-1.814857 -0.335385 3.625952
-3.029926 2.721622 2.760164
-4.124646 2.694855 1.992746
-1.398548 1.552437 -3.581085
-4.416188 2.953463 -1.211272
-3.464364 3.884954 0.000220
-3.263667 3.852464 -0.926081
-1.200372 2.688008 2.956943
-3.203986 3.997250 -0.088957
-1.642806 -0.093786 -3.701186
-3.273261 2.620544 2.724082
-3.698715 3.762130 -0.006008
-2.718069 3.218253 -2.447430
-2.730635 0.146317 3.598978
-2.180894 3.625481 2.030367
-1.190904 0.504121 -3.698510
-0.821204 2.991996 -2.622610
-2.476338 4.119884 0.746647
-0.588602 1.237836 -3.463248
-1.582159 2.604006 -3.106089
-3.553997 2.458502 2.683022
-1.927153 0.422483 -3.754400
-1.854994 3.451840 2.297019
-2.003123 3.639429 -2.063213
-2.581557 3.963160 1.226396
-1.847326 0.608325 3.722413
-1.721233 0.431615 -3.753398
-1.186778 2.539927 -3.089658
-3.098126 4.005064 -0.492842
-2.654673 3.350531 -2.314942
-2.364156 3.856585 -1.610415
-2.362140 1.119398 3.637923
-1.982341 3.324072 2.446944
-1.617208 -0.092312 3.667174
-1.594229 3.385429 -2.398454
-3.048307 1.990723 3.202226
-5.255333 -2.486309 2.091898
-4.090627 -2.879292 2.482984
-2.110400 -2.457556 2.842481
-2.300533 -1.404975 -3.603347
-3.896166 -0.306547 3.552968
-3.054658 -4.059817 0.480348
-5.032749 -2.920684 -2.017249
-4.853391 -1.085573 -3.316994
-5.606289 -2.408940 -1.963345
-5.666461 -3.032735 -0.580037
-4.052303 -2.329567 2.934863
-4.771006 -2.538094 2.438922
-5.642794 1.446933 1.947458
-5.590457 -2.725714 -1.568794
-4.202771 -2.742662 2.565212
-6.082969 -2.224909 -1.351323
-5.379622 2.420402 0.894054
-4.240285 0.778107 3.271432
-4.468083 2.551828 -1.990572
-3.336766 1.203137 -3.484939
-4.025369 -1.848198 -3.402011
-4.847525 2.911757 0.301819
-4.106761 -2.014412 3.100309
-3.529812 -3.788160 1.342372
-5.466608 -1.532568 -2.739649
-3.668900 -3.069945 2.418514
-4.862575 -0.775957 -3.365997
-2.868355 -1.706564 3.385507
-3.059955 -3.210844 2.327978
-6.511587 -0.724602 1.367520
-1.955801 -2.020420 -3.254781
-3.116525 -0.332471 3.641169
-6.108703 -0.316942 2.108513
-6.124764 -1.716412 -1.816227
-4.707889 0.046642 3.248014
-5.502501 -3.102304 -0.919472
-4.483490 1.293686 -3.147148
-6.514323 0.021416 -1.551405
-3.744792 -3.809356 1.203482
-6.601433 -0.178700 1.174624
-4.877668 -0.084161 3.174342
-4.843230 0.542622 3.077737
-4.152702 -2.588703 2.714448
-6.622083 0.847447 -0.299010
-6.473588 1.220287 -0.253602
-4.223315 -1.910897 -3.309991
-6.031127 1.885142 -0.620683
-6.589807 -1.606062 0.345542
-5.784340 -2.894474 -0.672157
-6.541728 -0.440984 1.338701
-1.736206 -3.334888 -1.924961
-4.538079 -2.341735 -2.923973
-6.402892 1.044769 -1.110117
-5.905693 0.093069 -2.516916
-5.897947 0.626737 -2.360907
-5.885667 0.178659 2.325229
-3.325348 -3.544578 -2.053792
-4.444036 0.879075 -3.355229
-5.285125 -1.956849 2.477108
-5.088621 0.548027 2.927700
-5.439731 1.398126 2.215804
-5.854903 0.595448 2.229290
-6.226546 -0.511350 1.932866
-5.995288 1.696459 -1.236871
-6.177574 0.910006 1.582850
-5.011848 2.843146 -0.122997
-5.950679 1.997142 0.373391
-6.618411 -1.603806 -0.056112
-2.580096 -1.171867 3.517607
-4.759231 2.930047 -0.684026
-2.857764 -0.641654 -3.821129
-3.096830 -4.101516 0.064141
-4.949488 -1.858820 2.781986
-5.708395 -2.063563 1.961868
-3.299489 -0.173645 3.630612
-6.741518 0.146116 -0.723907
-4.883737 -3.540275 -0.927639
-4.905519 -0.486937 -3.365977
-3.442610 -1.345065 -3.690627
-6.417716 1.074216 0.818376
-4.757827 0.977876 2.967624
-6.239013 1.345403 0.971060
-5.674804 -2.867236 0.923332
-2.756767 -0.401837 -3.823558
-4.537889 -1.569752 3.132393
-4.369715 2.808895 -1.607009
-4.983378 -2.688515 2.138239
-6.035910 -0.188853 -2.395722
-4.026873 -3.927205 0.549940
-6.405644 0.085561 1.571588
-3.529047 -3.870814 -1.325117
-4.752404 1.630368 2.592408
-3.972881 -3.624833 1.508150
-4.840241 -0.801918 3.177472
-4.994543 2.130628 -2.131068
-4.259983 -0.163559 -3.645084
-3.806584 0.523035 -3.660202
-4.621576 -1.390544 -3.352754
-4.502782 2.060408 -2.570045
-2.679303 -2.088967 -3.392114
-3.670134 -0.726325 3.578398
-3.796118 -1.997164 -3.388719
-3.122282 -3.475613 -2.174896
-4.975870 -1.091099 3.048325
-5.667747 -0.671286 2.593591
-3.730287 -4.046679 -0.250443
-5.813634 -0.863450 -2.612508
-5.132300 -1.826484 2.672673
-3.405693 -2.753401 2.762113
-6.819535 -0.091048 -0.135415
-5.087088 -1.583887 2.819075
-4.105343 -3.422638 1.800737
-5.500448 -2.171742 -2.314929
-4.101955 -2.382553 -3.080676
-4.579785 2.924804 0.873112
-5.804444 0.853594 -2.364207
-6.357351 -1.427185 -1.575891
-5.774384 1.818416 -1.517345
-5.385110 0.058522 2.823663
-4.857537 -3.342884 1.313918
-6.693080 -1.279176 -0.508651
-3.304477 0.733976 3.469825
-6.192779 -0.186816 1.981588
-5.028205 1.919899 2.139487
-4.269409 0.435162 -3.556293
-4.703827 2.879179 -1.024498
-3.620297 -0.648007 -3.789946
-6.152626 1.645938 -0.848508
-2.699473 -4.084443 -0.059895
-5.774228 2.029467 -1.122066
-4.227162 -2.820519 -2.680198
-5.944275 1.338940 -1.812000
-3.668065 -0.021734 3.580441
-6.300224 -2.283488 -0.113674
-1.605185 -2.010823 -3.111083
-3.055684 -2.903594 -2.844920
-2.152159 -2.812893 -2.766294
-2.470963 -3.090380 -2.584019
-4.652517 -1.334586 3.158007
-3.153997 -3.616443 1.748570
-5.809734 -1.874022 1.978047
-3.368956 -2.615592 2.875424
-4.727665 2.464639 1.717356
-3.759753 -4.008269 0.416951
-5.778589 -0.032478 -2.676816
-4.169497 -0.354323 -3.679330
-6.487329 -1.813216 -0.687696
-5.010144 0.866455 -3.062226
-4.287734 1.693176 -2.982363
-6.561883 -0.342666 -1.488385
-3.485019 -0.423849 -3.817185
-6.197386 -1.157554 1.825535
-4.230080 -3.815545 0.785419
-5.673998 -0.035571 2.584835
-5.872766 -2.326535 -1.646225
-2.308017 -1.182841 3.466194
-3.494112 1.529028 -3.298049
-6.286393 0.422817 -1.872976
-4.039332 1.274676 3.125872
-3.738068 1.472008 -3.291159
-5.773269 -0.287480 2.505328
-6.042320 1.914684 -0.368388
-5.135417 -1.226365 -3.108757
-4.472280 2.027348 2.421848
-4.561775 -3.501714 -1.506511
-4.782975 1.265942 2.810095
-2.854853 -0.920687 3.592436
-4.925509 -3.618180 0.088215
-5.312726 -3.244546 0.770110
-3.146706 -3.713032 -1.764569
-2.556031 -2.441374 -3.163176
-5.016100 0.250894 -3.244613
-5.624171 2.249301 -0.952700
-5.457086 -0.643134 2.783435
-6.741324 -0.150600 0.680987
-4.667326 2.011903 2.319864
-6.068009 -1.243990 1.985914
-5.233319 -3.347201 0.608268
-2.487444 -3.479977 -2.079030
-6.390100 0.098086 -1.795915
-4.132780 0.633170 3.351516
-5.589690 1.667563 1.800463
-6.142807 1.493248 -1.200058
-4.840054 -1.384175 3.045531
-2.652590 -1.606458 -3.599368
-2.350155 -4.019950 0.188436
-6.614717 0.155738 -1.234861
-5.745199 -1.243458 2.384291
-3.099926 -0.805202 -3.812591
-5.005433 1.714089 -2.547053
-5.123691 2.316554 1.532258
-6.701648 -1.315905 0.095910
-2.441177 -2.016344 3.193854
-4.186296 -3.939888 -0.021965
-4.281999 -2.536991 -2.900186
-4.566540 0.994448 3.057111
-6.700331 -1.120337 -0.715846
-6.326679 -0.095586 1.755427
-5.985557 -0.338815 2.268117
-3.256111 -3.286513 2.230585
-4.876626 -2.923676 -2.159722
-4.445774 -2.645626 2.537292
-5.170301 -0.558908 -3.200433
-3.537448 -3.670092 -1.790923
-6.129967 0.652215 1.827526
-5.009459 -3.103861 1.575141
-1.878412 -3.877701 0.327560
-4.109477 0.157137 -3.658804
-5.207094 -2.312373 2.291496
-5.620203 -3.052525 0.503120
-6.141859 -1.632909 1.652097
-4.242837 -3.430642 -1.904215
-2.581297 -3.864606 -1.316077
-4.299244 1.354487 2.994611
-3.667351 -3.286342 -2.361366
-3.628197 -1.530714 -3.611279
-1.914175 -3.559288 -1.648599
-2.984036 0.871039 -3.626832
-3.575087 1.857689 -3.066999
-5.665980 -1.217313 -2.672386
-4.788162 -3.639263 0.520023
-6.214700 -0.020286 -2.124311
-3.477957 -1.743332 -3.553632
-3.732063 0.696291 -3.626848
-6.361991 -0.466466 -1.906873
-3.771708 -2.524988 -3.074713
-3.915764 -2.308299 -3.185529
-6.815636 -0.434289 0.218771
-4.754224 0.584050 -3.310504
-2.735978 -3.037655 -2.690831
-6.398129 0.730529 -1.455804
-6.109893 -2.092686 -1.470371
-2.495771 -3.890492 0.999646
-6.052596 1.089505 -1.857423
-5.309513 -3.338412 0.369961
-6.716297 -0.523847 -0.998973
-4.866564 -2.267238 2.586986
-6.297628 -1.992836 -1.122116
-4.270674 -0.732728 -3.628167
-3.891473 0.522256 3.445067
-4.798631 -3.515617 0.969773
-4.722767 -3.272813 -1.791495
-5.065703 -2.559390 -2.393854
-3.000515 -1.527079 -3.652374
-6.179604 -1.438238 1.714916
-6.559132 0.907208 -0.675171
-2.844738 -3.703526 -1.766598
-5.528003 0.369109 -2.837864
-4.609372 2.986925 -0.763854
-3.238271 -1.250259 3.532106
-6.646521 0.676691 0.403262
-5.751139 2.064811 0.901611
-3.382882 0.356018 -3.756697
-5.463284 0.568148 2.636939
-5.756614 -2.956839 0.299203
-2.101627 -2.644355 2.697120
-6.225788 -0.559984 -2.127137
-5.467029 1.064559 -2.607061
-3.395564 -4.075908 0.253163
-3.648334 -3.982538 0.669194
-5.882098 1.400282 1.654702
-4.367902 -3.304135 1.829059
-2.188257 -1.752756 -3.452575
-3.454892 0.219413 3.577365
-2.800713 -2.823120 -2.902522
-2.501470 -0.913222 -3.751131
-2.004967 -3.944020 -0.055196
-2.284034 -0.904211 3.513568
-2.785501 -3.663096 1.638649
-4.748485 2.665978 -1.530040
-3.807017 -1.459896 -3.602092
-5.622800 -2.219778 1.933989
-6.365029 -1.193247 -1.703081
-3.124188 -1.894005 3.314434
