-2.115043 -3.846899 0.152080
-3.331444 -2.672297 0.333351
-2.762479 -3.532348 -0.268454
-1.432921 -3.859043 -0.141363
-2.444309 -3.050463 -1.294532
-1.527457 -3.679693 -0.803027
-2.043389 -2.984813 -1.476398
-2.528659 -3.574160 -0.621542
-3.041609 -2.883570 -0.856123
-3.236290 -2.938912 0.297327
-0.801057 -3.588097 -0.189593
-2.701037 -2.746280 1.268573
-2.135579 -3.229805 1.270697
-3.151861 -3.113778 0.223148
-2.131691 -3.487540 1.016878
-2.954501 -2.772216 1.020658
-2.267101 -3.683583 -0.644300
-1.306923 -3.644832 -0.772833
-1.406104 -3.756390 0.558986
-1.003664 -2.286812 2.082783
-0.594517 -1.409840 2.232922
-1.135342 -2.591256 1.917029
-3.542622 -2.050387 -0.396407
-1.580885 -2.853431 1.698048
-1.690671 -0.189678 -2.134593
-0.904203 -3.001399 -1.535897
-1.704185 -2.263252 -2.127578
-1.005275 -3.168390 1.308415
-1.859768 -2.525216 1.905076
-2.249430 -1.688421 2.132747
-1.105100 -0.667626 -2.320452
-1.875790 -0.966387 -2.323890
-1.358496 -0.022795 -2.074143
-0.897074 -1.027258 2.311415
-0.259741 -3.233689 -0.681978
-0.141908 -0.864152 2.004667
-0.661389 -1.685762 2.214130
-1.682907 -1.115737 2.335173
-2.619515 -2.199832 -1.773238
-3.121926 -2.385276 -1.090015
-1.544904 -2.011515 -2.254256
-1.637182 -0.919632 -2.360647
-1.746809 -0.609143 -2.282444
-1.492645 -1.418979 -2.385308
-0.447751 -1.126267 2.184612
-0.491407 -3.237308 0.917081
-0.888881 -1.695375 2.269386
-2.269087 -2.702402 -1.635478
-0.805295 -0.622665 2.221375
-0.460896 -3.332513 0.636718
-2.381252 -2.715970 1.516481
-0.593185 -0.652078 2.167342
-0.614103 -2.147020 -2.085896
-2.976315 -1.864184 -1.626483
-1.215817 -0.955670 -2.379800
-3.421323 -1.889425 -0.968254
-1.119960 -2.052834 2.200687
-0.240137 -2.862636 1.305922
-0.625705 -2.798086 1.613814
-1.939722 -1.939165 -2.207810
-0.739214 -2.564414 -1.887852
-1.463238 -2.711764 1.833750
-1.662330 -2.476832 1.978680
-0.319960 -1.757140 2.062502
0.331992 -3.205342 0.075575
1.705213 -2.359707 -0.326933
0.942848 -3.007954 -0.024525
0.864293 -3.058640 -0.367628
0.738611 -2.976562 -0.998325
0.740091 -1.855714 -2.131432
0.337889 -2.193842 1.568576
0.666778 -2.342674 1.360747
0.588034 -1.708746 -2.240831
-0.586979 -0.769931 -2.340761
0.985652 -2.567122 0.946034
0.133787 -0.894184 1.890154
0.916122 -1.316046 1.664628
1.190055 -2.744850 0.398536
0.255790 -1.075152 -2.408639
0.874296 -1.303036 -2.210017
0.045566 -1.137707 -2.428802
0.266909 -3.196808 -0.704718
0.491195 -1.213145 -2.357642
0.845297 -2.788575 -1.277654
1.229355 -2.828943 -0.033481
0.003333 -0.910701 -2.422724
-0.506405 -1.598851 -2.325020
1.617807 -2.437291 -0.582834
0.814765 -2.149436 1.423386
0.349322 -2.325499 -2.003715
0.498741 -1.160087 1.834532
0.041772 -3.257704 -0.443043
-0.321914 -0.963281 -2.411482
0.039064 -2.997308 -1.305987
0.269955 -1.686610 -2.324187
0.107818 -2.475495 1.406440
1.044276 -2.331018 1.142183
0.707099 -1.561823 -2.238246
0.330622 -3.059191 0.580655
-3.030771 0.800524 -1.787811
-2.317367 0.827833 2.394442
-3.181327 -1.751548 1.615758
-1.083000 0.125773 2.333332
-3.460295 -0.257622 -1.761416
-3.636064 0.416942 1.996738
-2.745919 1.180347 -1.678991
-2.778924 -0.717483 2.436633
-3.614233 1.527361 -0.667571
-4.050470 0.029708 -1.202233
-1.752330 -0.368012 2.553892
-3.545786 -0.456711 2.117253
-2.599858 -1.575467 2.051218
-2.498435 -1.455375 2.161334
-3.800019 -1.448382 -0.867679
-2.539288 0.958073 2.303014
-2.523609 -0.594683 -2.082899
-2.434062 0.950181 -1.884614
-1.548882 -0.008250 2.520126
-2.014530 0.825152 -1.958610
-2.753324 -1.180760 2.264723
-2.707321 -0.472520 2.506758
-1.829677 0.815331 -1.943631
-3.854937 0.913037 1.514129
-3.552133 -0.969813 1.945520
-3.618897 0.752333 1.872922
-2.812934 0.787445 -1.875815
-0.893994 -0.439828 2.217690
-3.103941 -0.211436 -1.958179
-4.243287 0.780177 -0.456259
-3.375758 -0.868217 2.118146
-2.024522 0.010088 2.592724
-3.250697 0.559737 2.214992
-2.003601 0.310419 2.555240
-0.994688 0.279047 2.262093
-3.783128 -1.853510 0.250828
-2.405613 -0.546448 2.547799
-4.210639 0.376434 -0.857295
-3.740868 0.815983 -1.278173
-4.013355 -0.459615 -1.220071
-2.091116 0.810181 2.407889
-3.683247 1.367671 -0.820543
-1.767365 0.360756 2.518468
-3.509543 -0.721954 -1.638711
-3.935318 0.083831 -1.338226
-3.877572 1.414518 0.772769
-1.540112 0.174127 2.501323
-3.068534 -1.606761 1.838217
-2.419973 0.402173 -2.085348
-3.703022 -1.639880 1.194263
-1.204889 -0.377335 2.390115
-3.560306 -1.259090 1.763246
-3.627903 -0.663940 2.003987
-3.576586 0.024375 -1.678149
-3.892579 -1.673802 -0.249654
-1.430889 0.670536 2.345349
-1.007156 0.512921 2.208830
-3.127315 -0.241222 2.385843
-3.392857 -1.130063 1.981413
-2.393533 -1.052711 2.397383
-3.089725 -0.975964 2.232810
-3.349220 -0.130488 -1.834981
-0.546391 -0.393883 -2.373459
0.139014 0.010345 -2.630601
0.032176 -0.540672 -2.521760
0.564984 0.269639 -2.645798
0.130368 0.824895 -2.523927
0.132455 -0.557540 1.986294
-0.287286 0.438107 -2.514059
-0.521092 0.343167 -2.435141
-0.800568 -0.219963 -2.270365
0.028217 -0.238688 -2.588389
-0.481657 -0.059501 -2.456580
0.439774 -0.219635 2.082345
0.710067 -0.262971 2.061169
0.033928 -0.080870 2.061578
0.627525 1.319041 -2.321073
0.482095 0.414054 2.088050
-0.307976 -0.227825 -2.502947
-0.254460 -0.020015 -2.542782
0.579317 -0.208148 -2.627159
-0.354113 0.195639 -2.512489
0.005456 0.546500 -2.572327
-0.089370 -0.384876 -2.536224
-4.506551 -1.209700 0.013996
-4.751666 0.042179 0.989083
-3.868386 -0.372679 1.951160
-4.800275 -0.244545 0.918972
-4.322403 1.003104 0.288188
-4.245986 -1.041017 -0.620481
-4.584789 -1.011858 0.962017
-4.386796 -1.292148 -0.125771
-4.293413 -0.283679 1.689156
-4.423201 0.584113 -0.385225
-4.592171 0.636602 0.082795
-4.826854 0.168978 0.444109
-4.505495 -0.226387 1.470714
-3.698260 -0.946158 1.855502
-4.767933 -0.832877 0.431818
-4.316930 0.898782 0.943273
-4.679067 -0.997377 0.196604
-4.452721 -1.014710 1.218112
-4.613328 -0.141545 -0.481378
-4.450381 0.043232 -0.665793
-3.938636 -0.087493 1.917036
-3.952197 -1.226215 1.546099
-4.731573 0.434001 0.288585
-4.195898 -0.905735 -0.756882
-2.795507 2.885438 0.656695
-2.523563 2.697320 1.386284
-2.554179 2.216158 -1.415870
-2.608778 2.120559 1.866638
-3.105349 1.532370 1.763137
-2.037866 3.211106 -0.075498
-2.271520 3.094059 -0.364617
-2.667427 2.798527 1.092398
-2.694398 1.924789 -1.504830
-1.658981 1.124988 2.379288
-1.887954 2.258426 2.025915
-3.657274 1.777214 -0.274013
-2.569423 2.718399 -0.901800
-3.365797 2.385176 0.549990
-1.871101 3.175007 0.786232
-2.112880 3.189541 0.539683
-3.155883 2.638296 -0.059661
-2.178844 2.020148 2.100880
-2.357548 1.598930 -1.780657
-2.492207 1.998655 1.995621
-3.607047 2.035577 0.096681
-1.744079 3.227709 0.595829
-2.547137 3.052411 0.490079
-1.931347 1.923839 -1.776527
-2.424019 2.347715 1.805272
-1.886804 3.170803 -0.376201
-1.897570 2.335251 -1.554003
-2.309114 3.105652 0.694650
-2.337123 1.663959 2.189200
-3.699339 1.816111 0.114966
-3.160773 2.108728 1.398075
-3.020386 2.739325 -0.162771
-2.303941 2.553540 1.678637
-1.694216 3.254802 0.011297
-1.634345 2.689059 1.680897
-1.258700 1.734252 2.244730
-2.821283 2.199916 -1.248711
-3.379956 2.400840 0.046441
-1.894017 2.562825 -1.370062
-2.783623 2.050740 1.797105
-3.116433 2.695605 0.304615
-1.787414 3.018677 1.203437
-3.116487 2.189056 -0.962943
-0.883321 1.510321 2.270181
-0.885582 1.779924 2.218854
-1.247022 3.197041 -1.019524
0.440144 1.149529 2.201681
0.694890 0.958972 2.077700
-0.209879 1.331884 -2.406824
-0.121344 1.839451 2.248107
-0.333974 1.691890 -2.366635
-0.164617 0.855235 2.308476
-0.526623 1.739492 2.281227
-0.175216 1.597427 -2.376124
-1.629917 1.901247 -1.934448
-0.619993 3.310276 1.066608
-0.132885 2.784650 1.738490
-1.350043 2.221028 -1.956914
-1.689327 1.455757 -2.001545
-0.455613 2.327645 2.067316
-0.599858 1.849470 -2.317580
0.923458 2.520090 -1.547835
-1.052820 1.928310 2.130648
0.300374 2.712826 1.688965
0.307182 2.849524 1.557117
-0.473996 1.526539 -2.392398
-0.472299 2.499159 1.966423
-0.295871 3.111379 -1.471856
0.122484 1.757262 2.229403
-0.202283 0.080574 2.050145
-1.160534 0.778433 -2.237144
0.389914 1.442685 2.208734
-0.725640 0.992698 2.307669
-1.039631 1.522119 -2.298368
1.165501 2.335109 1.397362
0.728098 2.458193 -1.741964
-1.571863 3.093377 -0.868228
-0.991960 3.115516 1.256304
-1.563205 2.373195 -1.738353
0.440794 2.554238 1.757692
1.418853 2.416725 0.974907
0.063281 0.578090 2.216605
-1.361337 2.663659 -1.642888
-1.041298 2.238184 -2.076717
0.790053 2.706132 -1.482759
-0.272707 1.037628 -2.406435
0.229020 1.745735 -2.276514
-1.600823 0.665688 -1.996749
0.664564 1.179638 2.107821
-0.114707 2.576664 -1.970587
-1.035027 1.739180 -2.259571
-0.073828 1.124041 2.324592
-1.015030 3.479465 0.315590
1.437531 1.741538 1.420659
-0.718977 2.348224 -2.098990
3.773107 1.710424 -0.936194
3.816756 1.332718 -1.509561
1.686802 1.008911 -2.786659
0.849244 0.708789 -2.614901
1.595914 1.967609 1.093096
1.021299 1.548859 -2.327915
3.106415 1.216520 -2.371832
1.220695 0.617827 -2.784404
1.343332 1.459619 -2.513490
2.129163 -2.082533 -0.865756
2.621028 1.648335 -2.345678
0.989665 0.200573 -2.726055
4.058511 1.138694 -1.126717
1.149437 1.001815 -2.664793
1.628248 -1.918498 -1.435600
2.715352 2.202199 0.597138
4.020634 0.452257 -1.648879
2.239041 0.659190 -2.864139
2.843800 1.317080 -2.465101
3.581669 1.403121 -1.812154
3.879099 -0.621042 -1.565443
1.126283 -0.090803 -2.751883
1.138476 0.283435 -2.784662
4.124004 -0.125613 -1.357355
3.066175 0.732484 -2.573323
1.830419 -2.071476 -0.976846
1.048502 0.660866 -2.715683
1.378556 0.361835 -2.852767
0.651158 3.131159 -1.308867
0.796262 3.172506 -1.193347
1.225200 3.003619 0.832044
-0.300101 3.764727 0.496797
1.007668 3.126996 0.969420
-0.675371 3.619592 0.531662
1.014714 3.437024 0.548594
0.264572 3.516464 0.984290
0.827362 3.657118 -0.361153
1.537940 2.850209 0.338971
1.145996 3.194026 0.738446
1.460260 3.043572 -0.349734
1.083569 3.195911 -0.911650
-0.903199 3.568527 -0.364881
0.118417 3.662418 -0.887578
-0.586803 3.453939 0.897499
-0.154029 3.318332 -1.295777
0.206838 3.350576 1.174804
0.930866 3.630275 -0.072252
0.415035 3.306506 -1.261400
-0.065846 3.824457 0.408755
-0.568579 3.392296 -1.078064
0.905369 3.449257 -0.772782
0.847213 3.565932 -0.614619
4.222220 1.484009 1.445375
4.669428 1.110224 1.194379
3.496848 1.894743 1.437400
2.894045 2.085197 1.182701
0.909901 -0.928673 1.915773
4.159581 -1.909319 1.596389
2.714633 -1.015061 2.871746
3.878492 1.528016 1.805233
4.094228 -2.134933 1.179093
3.334771 -1.752701 -1.113786
4.210690 0.530926 2.374943
4.296666 -1.903529 1.377355
3.833943 1.909108 0.654216
2.139506 -0.681447 2.872794
3.630910 1.898366 1.284338
3.296643 -1.467850 2.591993
3.655021 -1.825647 2.159482
1.479156 -0.968915 2.474252
2.788606 -0.605272 2.976912
2.019156 -1.552464 2.449784
4.077205 -1.634096 -0.790377
2.623801 -2.103832 -0.826794
3.993635 1.747354 0.075450
1.028223 -1.441064 1.679644
2.555273 -0.571607 2.970995
3.889633 1.752280 -0.097919
4.517654 -1.772900 0.111330
3.673498 -0.785156 2.762780
1.637407 -0.849666 2.617756
3.499309 -2.409956 0.007135
2.202174 -1.341471 2.647898
3.629305 -2.045403 -0.653640
3.220070 1.925459 1.545546
2.946739 -2.229652 -0.647488
4.598272 -1.765781 0.672774
1.290088 -1.078043 2.272979
1.588301 -0.355678 2.681229
4.142733 1.060525 2.097309
4.704545 -0.264079 2.031973
3.264718 -2.034170 -0.844180
0.906509 -1.092216 1.806713
2.549145 2.130981 0.855139
2.212204 -2.132831 -0.677934
4.410959 0.418230 2.239934
2.376117 2.043538 1.215024
3.996923 -1.046933 2.503217
3.793293 -1.436357 -1.156328
3.353667 2.065519 0.921190
4.537525 0.465206 2.079845
3.736262 -0.210736 2.808250
4.168755 -0.930472 2.430115
4.843593 -0.114555 1.814102
3.148360 -2.224091 -0.614039
0.998261 -0.642371 2.145061
4.448339 1.446694 0.320868
4.348673 -1.099703 -0.938816
4.816778 0.446313 1.665653
3.800227 1.917439 0.440814
3.923065 -2.003687 1.726167
3.603556 1.997852 0.838630
1.617530 -1.711652 -2.160593
3.395751 -0.499259 -2.555293
1.323378 -1.642042 -1.992860
2.550399 -1.914898 -1.700318
2.743620 -1.679842 -2.196925
1.598250 -0.774245 -2.937700
3.313240 -0.924458 -2.485701
1.159589 -1.038537 -2.554770
3.043840 -1.481296 -2.241350
3.184515 -1.197190 -2.419920
3.219728 -1.557960 -1.794902
2.332344 -1.271765 -2.790295
2.928693 -1.796936 -1.506449
3.466233 -1.168225 -2.045303
1.741403 -1.408720 -2.619429
2.833225 -1.805084 -1.772318
2.916167 -1.349318 -2.506660
2.228087 -1.803337 -2.180426
2.091004 -0.303651 -3.106731
2.589710 2.863469 -1.194388
2.209854 1.832379 -2.342383
2.919348 2.346810 -1.818156
3.364309 2.338292 -0.220476
2.508714 2.612853 0.242383
1.685217 2.701632 -1.557734
2.469954 2.792455 -1.460000
3.078053 1.634686 -2.109406
3.295607 2.425663 -1.251345
3.485495 1.886461 -1.585142
3.715690 1.811467 -1.085598
3.399204 2.406418 -0.530797
2.619723 2.286416 0.531105
1.295485 2.350751 -1.747563
2.999810 2.639394 -1.312669
2.274839 2.976305 -0.638709
1.450990 2.584715 -1.582381
5.368073 -0.286522 -0.286986
5.275429 0.477920 0.997311
4.990140 -0.711296 1.463798
5.323305 0.073930 -0.366342
5.011631 0.644046 -0.525278
4.575225 0.773057 -0.817139
4.989233 -1.353321 0.500474
5.193784 -0.423026 -0.560983
4.836964 0.766802 -0.615841
4.866056 0.517672 -0.768404
5.365503 -0.733780 0.743189
4.978033 -0.987530 -0.505195
4.564065 0.003872 -1.121220
4.308498 0.581962 -1.056794
5.460811 -0.458972 0.104741
5.128430 -0.983873 -0.273202
4.788594 1.183632 -0.028217
4.538546 -1.271454 -0.634242
5.064642 0.729551 1.136621
4.985350 -0.947479 1.305455
4.377457 0.019440 -1.196356
2.408973 -2.860860 0.345711
1.608832 -2.535934 0.315512
1.567497 -2.092714 1.907548
1.735200 -2.689484 0.538732
2.041371 -2.463632 -0.206061
1.786985 -2.087082 2.082282
2.989016 -2.604213 -0.079550
2.575831 -2.932520 0.640512
2.680151 -1.770327 2.443455
2.855908 -2.915392 0.978313
1.256019 -1.942084 1.640736
2.674752 -2.892665 1.248035
3.049141 -2.583043 1.770739
3.600771 -2.164984 1.821250
2.173226 -2.883764 1.053160
3.531693 -2.641439 0.922399
1.842442 -2.768191 0.668247
2.304070 -2.646334 1.762970
2.447123 -2.200881 2.234561
2.974293 -2.814818 0.336698
2.561943 -2.608353 -0.163893
1.941018 -1.860929 2.283576
2.125269 -2.601234 1.760207
2.745234 1.753008 2.439459
1.152938 1.171356 1.799472
1.494503 0.002313 2.745392
2.542430 0.581804 3.187608
2.581264 0.064631 3.179252
1.786399 1.759452 1.961008
1.981928 1.815032 2.079879
3.502127 0.637180 2.908390
3.074824 1.591974 2.551015
1.666488 1.260781 2.590657
2.248238 0.135886 3.153897
2.210548 1.905981 2.036012
1.816175 1.095770 2.814564
2.299390 -0.453828 2.968331
1.938607 1.627952 2.399472
3.800561 1.063094 2.452012
2.995650 1.811188 2.254125
2.187512 1.373112 2.795183
1.205871 0.895850 2.299296
2.724616 -0.228028 3.095231
1.735985 0.532654 2.957365
2.589775 1.603272 2.645635
-2.661096 -3.905613 0.025686
-3.322858 -3.263180 -0.358942
-3.056772 -3.566648 -0.408199
-2.595342 -3.831240 0.590218
-2.337068 -3.776958 -0.962683
-3.047901 -3.399576 -0.789048
-3.292278 -2.994456 -0.852647
-2.973446 -3.690308 0.121642
-1.706057 -3.792867 -1.104562
-2.583726 -3.521750 1.122450
-2.190341 -4.078486 -0.156829
-3.458454 -3.083065 -0.157977
-1.666632 -4.032291 -0.624829
-3.074723 -3.354708 0.786811
-2.157713 -3.964246 0.667252
-2.966616 -1.658348 -2.156955
-2.302297 -0.639804 -2.496343
-2.202305 -2.040307 2.429528
-0.126313 -2.460526 2.074922
-1.282557 -1.649576 -2.703598
-0.602059 -3.137439 -1.800801
-0.232583 -2.119998 2.296204
-2.411562 -2.132142 -2.348282
-2.780484 -0.965261 -2.313570
0.086956 -1.303156 2.293637
-1.974367 -2.998163 1.942635
-2.628564 -2.070541 -2.260342
-0.939735 -2.968817 -2.063262
-0.912059 -0.797233 2.633585
-0.963573 -3.182580 1.828013
-1.662724 -1.772542 2.626295
-2.036902 -1.057947 -2.643308
-2.891756 -2.253823 1.966018
-0.103046 -3.590003 -0.517686
-0.776973 -2.536249 2.294567
-0.706029 -3.858795 -0.210176
-3.505618 -2.708085 0.699942
-0.384257 -2.929446 1.868851
-0.642877 -2.936968 -2.009302
-2.758871 -2.147639 -2.148592
-1.258094 -1.382274 -2.732071
0.131635 -3.081764 1.308904
-2.465157 -2.384005 2.170430
-0.787471 -2.737161 -2.207228
-0.372381 -1.135693 2.520962
-1.181709 -3.664026 1.167895
-1.727874 -3.226408 -1.815889
-1.797262 -1.436281 2.655168
-0.443011 -3.694241 0.669573
-0.769654 -3.837011 -0.496092
-1.400337 -2.010303 2.584361
-1.291675 -2.120100 -2.584965
-2.250433 -2.319694 -2.335671
-1.249497 -3.712006 -1.107889
-1.561359 -1.268386 -2.729063
-3.096048 -2.069017 -1.918231
-2.312609 -1.164797 -2.559184
-1.950452 -2.448225 -2.368900
-0.027038 -1.086844 2.357993
-1.375446 -3.007539 -2.069492
-0.462844 -3.775545 -0.333861
-1.293846 -1.177499 -2.737357
-3.777297 -2.430447 -0.143058
-2.620974 -1.021929 -2.411404
-1.053842 -0.341330 -2.575394
-1.265558 -0.827481 -2.708328
-1.183475 -0.186943 -2.528577
-0.772036 -3.549777 -1.303123
-2.155026 -2.977516 1.894223
-2.717333 -1.819857 -2.288446
-0.318646 -3.674960 -0.591267
-3.062328 -2.452404 -1.730044
-1.207183 -2.685653 -2.306477
-0.608988 -1.358207 -2.665810
1.159878 -2.833169 -1.547412
1.181384 -3.173628 -0.811728
0.282555 -1.637702 -2.657971
1.023525 -2.192770 -2.205805
0.670475 -2.934858 -1.759397
0.119214 -3.493142 -0.878336
1.229266 -3.207975 -0.067527
-0.053516 -3.088473 -1.740516
1.662743 -2.689286 -1.069932
1.111803 -1.695397 -2.364710
0.976924 -2.419022 -2.086942
0.400697 -1.771067 -2.603848
0.253772 -3.098607 1.169679
-0.397397 -2.351929 -2.374151
1.252262 -2.150191 -2.084755
-0.154985 -1.731987 -2.657254
-0.046361 -1.345661 -2.729219
1.664233 -2.393227 -1.487622
-0.650907 -1.036580 -2.669195
0.423516 -3.515262 0.008197
0.703977 -2.755493 -1.940984
1.056909 -2.726358 1.239252
0.076916 -2.149997 -2.503227
1.546782 -2.960379 -0.582033
0.774606 -3.113204 -1.442059
-0.592922 -0.068159 2.450527
-2.187118 -1.419158 2.611404
-3.883888 -2.088009 -0.507811
-3.947527 1.283250 1.696130
-3.022650 -1.935647 2.050721
-3.861196 -1.906903 -0.914320
-2.294789 0.052900 -2.490526
-4.042300 -1.101038 1.909879
-3.514812 0.008871 2.567717
-3.821289 1.654283 -0.978584
-3.940656 1.740162 1.062027
-1.396147 -0.596619 2.790671
-3.335345 1.249698 2.244915
-3.799880 -1.582799 1.814383
-3.953252 -1.675129 1.536878
-3.147080 -0.022374 2.747627
-1.551174 0.227824 2.849953
-3.379626 0.174173 2.626581
-4.036998 0.385772 -1.669882
-3.684607 -0.909493 2.322396
-3.750841 -0.688332 -1.904334
-3.474122 -1.060293 2.402416
-1.635073 0.504197 2.815925
-3.482161 -0.753989 2.504976
-4.214466 0.456679 -1.451012
-3.514626 -0.753869 -2.046271
-3.451563 0.624907 2.486537
-4.158916 -1.412000 -1.082957
-2.959177 0.823174 -2.197513
-3.093666 0.763993 2.610450
-3.665386 -1.905729 1.606382
-3.647851 1.540891 1.761405
-3.612123 -1.264337 -1.769094
-3.921867 -2.176541 0.420970
-3.200866 -0.693298 2.662365
-3.265287 -0.475840 2.674702
-2.086080 -0.466137 2.917449
-2.226102 0.854386 2.756394
-4.221398 1.419554 -0.626952
-3.455934 -1.477227 2.183816
-4.132699 1.452069 1.207335
-3.526635 -1.576632 -1.621136
-4.446323 -0.349464 -1.217697
-4.185512 0.732225 -1.365872
-3.639039 0.646443 2.360251
-2.330513 1.133762 2.624440
-2.903430 0.515041 2.753376
-4.110648 -0.190426 -1.662481
-4.098505 -0.728153 -1.577461
-3.986307 0.104227 -1.772121
-3.992238 -1.950462 1.033840
-2.721406 1.193723 2.529022
-3.727699 0.148633 -1.977776
-4.556794 -0.368264 -1.020197
-3.604657 0.883319 -1.844702
-4.408771 1.080300 1.134737
-3.293196 -0.223840 2.684981
-3.404833 1.578453 -1.489085
-4.175438 0.384267 1.960443
-1.826009 0.339081 -2.441078
-3.814914 -0.545682 2.327530
-2.661434 -0.242026 2.888276
-4.518228 -0.783870 -0.940508
-0.123929 -0.517914 -2.854897
0.274721 0.260683 2.437335
0.192529 -0.333484 2.396379
-0.429463 0.810904 -2.752965
-0.051560 -0.687850 -2.822201
-0.591616 -0.432779 -2.725080
0.638982 -0.995099 2.200587
-0.791567 0.250452 -2.690447
-0.578540 0.265086 -2.787605
0.639797 0.434462 2.421539
0.355070 0.022554 2.443269
-4.806332 -0.765473 1.321408
-4.571521 0.277078 1.654923
-4.453729 -0.032737 1.854126
-4.814195 -1.153153 0.899608
-4.865768 -1.139059 0.715366
-4.953774 -0.291221 -0.355776
-4.527412 -1.349514 -0.407555
-4.448318 -1.478604 1.178968
-4.068531 -1.118735 1.883506
-5.088792 0.070342 0.530017
-4.428601 0.727229 1.530068
-5.000488 -0.069225 -0.219734
-4.369392 0.623131 1.670519
-4.851299 -0.537980 1.344166
-3.765084 2.146483 -0.559384
-2.903872 1.428257 -1.906958
-3.931016 2.048098 0.456111
-3.653191 2.161567 1.218909
-2.802004 3.033077 -0.827752
-2.559130 1.569690 -2.050378
-2.702351 2.692773 -1.371108
-2.546013 1.664423 2.452628
-1.250537 2.078656 2.449513
-2.731447 2.355227 -1.634885
-3.363433 2.299248 1.543669
-3.201154 1.712344 -1.628451
-3.052315 3.045187 0.835603
-1.637872 3.104251 1.662062
-3.058756 1.565057 -1.780092
-1.956083 3.414391 1.032105
-1.464903 3.259145 1.404228
-1.918622 3.478548 0.838780
-2.600956 2.838040 1.697766
-1.787688 2.744673 2.055818
-2.839787 2.964040 1.327883
-2.319394 2.897887 -1.357637
-2.543058 3.289647 -0.526760
-2.456085 1.900808 2.413660
-2.373956 3.161873 1.375062
-2.127553 2.205771 2.375537
-3.512564 2.712359 0.495760
-3.514775 2.685738 -0.189444
-1.919309 3.277673 1.355447
-2.071708 3.040671 -1.269750
-3.244284 2.974919 -0.087049
-2.224037 3.166416 -1.028539
-1.978608 2.871521 1.908622
-2.195369 1.350452 -2.197330
-2.142903 1.813527 -2.113219
-1.299829 2.547807 2.187205
-3.936300 1.973533 0.625952
-2.381100 3.308593 1.057998
-3.779463 2.308760 -0.193558
-2.621125 3.221758 1.040679
-0.422897 2.980819 -2.103691
0.092079 1.284005 -2.714623
0.122784 2.557585 2.278750
-1.407574 3.590117 0.791630
-1.315490 0.903529 -2.566460
-0.329442 1.148985 2.683785
-0.207090 2.651682 -2.339215
0.497190 3.008333 -1.887482
1.239424 2.919422 1.344582
-0.263998 1.632019 -2.720902
-0.788486 3.037630 1.940554
0.874339 2.975663 1.623456
-0.599070 1.747840 2.622467
0.660683 3.001479 1.738450
-1.220684 2.912176 1.913343
-1.486892 1.548278 -2.492927
-0.233628 0.806020 2.650437
-1.140487 0.947507 -2.629992
-0.400916 0.726544 2.640431
-0.221385 2.009156 2.562255
-1.958614 2.726478 -1.645239
-0.276090 0.009657 2.401213
-0.559347 3.649451 -1.234380
-1.428673 2.411747 -2.236730
0.136911 1.571752 -2.683517
-0.401090 3.081725 1.943400
-1.920257 1.174554 -2.269931
1.109278 1.516993 2.227247
-0.408636 1.504157 -2.739458
0.231526 0.583547 2.541116
-0.902384 2.319287 -2.463440
0.404261 0.744867 2.529461
-0.489651 2.150093 -2.586682
1.516124 2.811756 1.101316
0.378194 2.354818 -2.388799
1.184666 1.664605 2.150907
1.220261 2.799217 -1.571339
-0.471691 1.938656 2.585036
0.949322 2.344070 -2.128678
0.124216 3.115402 1.847447
0.916512 1.353588 2.357252
-1.797149 2.624468 -1.872830
1.041980 2.974832 -1.554404
-0.815176 3.803156 0.675019
3.514893 1.386532 -2.438520
4.162976 -0.711573 -1.733950
3.437638 0.592557 -2.774305
3.770059 1.977099 -1.568717
4.252517 1.352226 -1.430440
2.098669 0.794553 -3.200504
2.054480 1.825252 -2.762890
2.708141 2.552558 0.708716
2.915381 0.456264 -3.063836
3.833897 1.272894 -2.192374
2.424562 2.628910 0.712438
4.479917 0.810161 -1.292740
3.683084 1.530792 -2.182489
3.882852 -0.141155 -2.380838
2.795946 1.372209 -2.864929
3.228855 1.562013 -2.542041
4.392066 0.608782 -1.628747
4.311879 0.167900 -1.836903
2.075904 2.599599 0.850781
0.852122 -0.734273 -2.829213
3.110158 1.434507 -2.688851
1.646610 1.745099 -2.803782
4.345130 -0.212664 -1.681600
3.421697 1.011707 -2.682641
1.363770 0.969727 -3.105028
3.861830 0.788965 -2.373754
0.721444 1.312683 -2.741826
0.508581 3.882595 0.768238
-0.240174 4.078075 -0.398389
1.010159 3.159699 1.306277
1.404280 3.116829 -1.039266
-0.496550 3.999532 -0.499492
-0.708134 3.908446 0.456791
-0.125471 4.123638 -0.076742
0.140913 4.080503 0.374685
1.391186 3.351132 0.688768
1.258354 3.493922 -0.780326
1.393234 3.464159 -0.561466
0.199728 3.886250 -0.968938
0.722911 3.239744 1.419896
-0.084334 3.589782 -1.377222
1.306437 3.064600 1.108897
0.074895 3.468818 -1.496341
4.998517 -1.542386 -0.245188
1.465360 -1.257454 2.771434
2.876948 -2.517431 -0.835990
5.098444 0.450184 1.885191
3.138725 -0.242524 3.323938
1.797856 -0.929352 3.062931
1.836090 -1.685352 2.718213
4.561269 -1.798015 1.957190
5.124748 -0.250872 2.011873
3.663081 -1.987398 -1.249997
2.746766 -1.909359 2.763809
4.428404 -2.035713 -0.564299
4.026692 -2.228389 1.985760
4.271468 -2.497978 0.785393
3.287306 -2.444940 -0.863729
3.980196 2.201810 0.892384
3.946456 -1.395282 -1.536108
3.846661 -2.657548 0.028761
4.584429 1.693194 -0.058775
2.847724 -0.763388 3.292966
1.736035 -1.478613 2.802791
4.155279 -2.432274 -0.179846
3.030171 -2.656577 -0.569449
3.258883 -2.134913 -1.251659
0.874424 -1.443123 2.134866
4.112645 2.123366 0.294689
4.527537 1.855072 0.470409
4.471785 -1.112380 2.567308
5.227230 -0.040359 1.807422
4.182835 -1.030143 2.816965
4.589359 0.603844 2.484274
2.996494 -2.251685 -1.175938
4.105711 0.065499 2.986363
4.804956 -1.964779 1.166710
4.021505 2.140174 0.112218
4.513540 -1.726059 -0.841453
0.783134 -0.134967 2.467880
5.120072 -1.509597 1.168693
4.470088 1.827702 0.048587
3.877618 -2.359224 1.912927
2.450775 -2.678999 -0.500824
2.091822 2.270642 1.454477
3.992019 -2.663250 0.610428
4.602283 -1.208066 -1.141207
4.993391 0.935839 1.706437
3.780423 -0.148935 3.156859
3.411909 -1.935090 -1.393696
1.731641 -1.905194 2.490977
4.173501 0.464689 2.860889
2.541399 -0.837749 3.266580
3.709129 2.178759 1.497262
4.762968 -1.351872 2.115278
4.910418 -1.885121 0.274916
4.390408 -1.228632 -1.325284
4.385716 1.296736 2.212112
3.855955 -1.277672 2.895194
4.426834 -2.118616 1.684667
1.019019 0.285701 2.632779
4.032990 -1.273522 2.804697
4.950444 0.623548 2.034739
2.262132 -2.526204 -0.728293
2.710402 2.428745 1.212907
3.425513 -0.741398 3.219799
2.923249 2.344769 1.503479
1.276522 -1.835611 2.220212
4.174293 -0.417378 2.957090
4.823459 -1.513332 -0.630355
2.720715 2.479089 0.900216
4.398024 -1.440383 -1.194450
4.975743 -1.836780 0.620657
3.834358 -2.025395 -1.121524
4.589818 -0.081022 -1.401308
2.775288 -1.056811 3.217399
4.320954 -2.296781 1.492636
4.210135 -2.175502 1.878173
4.481530 -0.688830 -1.446838
4.967167 -0.112768 2.245225
3.315843 -0.990305 3.182981
1.493316 -0.092914 -3.214661
2.821214 -0.762998 -3.173133
1.904393 0.121394 -3.282750
3.434406 -1.637355 -1.970507
1.667227 -1.557382 -2.793351
2.118795 -0.818992 -3.276982
3.497645 -1.289711 -2.396237
2.391307 -1.192118 -3.114715
2.621811 -1.378579 -2.951498
1.736828 -2.116605 -1.888009
2.518930 -2.037369 -2.170819
1.942203 -0.635027 -3.306122
2.877939 -2.078114 -1.587936
2.595469 -0.483682 -3.290795
2.277017 -0.258997 -3.344644
2.037697 -1.229062 -3.105082
2.983248 -1.390341 -2.782590
2.151344 3.096716 -1.437493
2.809489 2.065207 -2.383417
1.842268 2.363209 -2.320544
3.683741 2.322887 -1.293178
1.904655 2.994590 -1.626136
2.804554 2.477869 -2.120118
2.688718 3.076975 -1.253148
1.983150 2.799027 -1.942397
2.413182 3.024838 0.062424
3.005629 2.846233 -1.508381
3.714748 2.301933 -0.255893
2.510635 3.170975 -1.018312
1.797644 2.798737 -1.901754
2.337650 3.208687 -0.908144
3.375967 2.695699 -1.246352
3.392241 2.759496 -0.909935
2.499654 2.709046 -2.010115
3.447309 2.056208 -1.947754
3.444799 2.341453 -1.715203
2.666112 2.834311 -1.787690
3.102852 2.855731 -1.358553
3.253120 2.838321 -1.090318
5.276332 0.369595 -0.778122
5.609314 0.544637 0.666068
5.313123 -1.255740 0.889492
5.177917 1.055062 1.068854
5.472768 0.334552 1.272933
5.247825 1.041506 -0.166263
5.756102 -0.114965 0.386988
5.710929 0.065227 0.748431
5.617754 -0.852369 0.364016
5.438704 0.918125 0.311344
5.513516 -0.964707 0.819565
4.905631 1.442432 0.165375
4.943682 -0.422787 -1.155740
5.395461 0.771688 1.042024
5.633641 -0.578489 0.896873
5.749072 -0.281603 0.306066
5.162546 -1.406648 -0.174622
3.128167 -2.918276 1.647001
3.101167 -3.110359 0.820237
3.272133 -2.974839 0.323311
3.409719 -2.991842 0.800726
3.359987 -2.429226 2.152375
3.484429 -2.840123 1.454938
2.020195 -2.735812 1.949077
1.735147 -2.365978 2.177102
2.370794 -2.774449 2.014415
3.090616 -2.795501 1.881558
3.046205 -3.053787 0.333667
1.482553 -2.178211 2.135868
2.529279 -2.149519 2.548536
2.081678 -3.069939 1.279260
2.869282 -3.127738 0.487149
2.258951 1.212870 3.207565
2.705031 1.324864 3.175914
2.133780 0.196206 3.381664
3.817128 0.949265 2.878212
3.092163 2.067698 2.228281
2.765563 1.936733 2.595043
3.433005 1.004580 3.123116
1.716974 1.792927 2.442075
3.382536 0.850137 3.202376
3.033453 0.440715 3.391020
1.336332 1.712097 2.030680
1.924890 1.687712 2.730795
2.226193 0.524407 3.400759
2.193990 0.892970 3.322577
1.863861 -0.152802 3.226604
2.462061 0.488010 3.434807
2.521062 -0.094199 3.390049
1.326896 0.603773 2.944803
-2.932287 -3.684052 1.043670
-2.817846 -4.023541 -0.520282
-3.526528 -3.446182 0.022005
-3.516889 -3.439467 -0.239427
-1.507817 -4.250757 -0.690577
-3.489603 -3.419853 0.429616
-2.158715 -4.124603 0.911582
-1.439961 -4.315695 -0.404532
-2.486197 -3.769008 -1.320076
-1.622015 -4.351083 -0.303051
-3.097502 -3.897729 -0.165294
-1.281839 -4.321765 -0.081404
-1.901051 -4.366749 -0.123248
-1.111653 -4.277259 0.024344
-2.064360 -4.307502 0.422361
-3.119692 -3.784488 -0.587835
-1.554751 -3.098871 2.389119
-0.434717 -4.079452 -0.626314
-2.368894 -3.300776 -2.015686
-2.879946 -1.213167 -2.664685
-2.299093 -1.320316 -2.923587
-0.915653 -2.309382 -2.846072
-4.070303 -2.593240 0.202853
-0.884817 -3.663819 1.767471
-1.837713 -2.913472 -2.519648
-1.137022 -1.488111 3.023172
-1.945951 -1.191080 -3.018204
-0.478449 -1.492790 2.904342
-1.504438 -1.460910 3.028226
0.175730 -3.877609 -0.006838
-2.957991 -2.254323 2.367565
-1.646250 -4.000290 1.227283
-1.181629 -2.678307 -2.704314
-1.000000 -4.037368 -1.165747
-0.982626 -3.227636 2.264149
-0.669939 -1.605022 2.941962
-1.072779 -2.102483 2.899733
0.084685 -3.702974 1.061503
-2.191944 -1.839121 2.856381
-1.988948 -2.925030 2.440662
-2.269379 -3.215268 -2.147122
-2.298237 -0.862003 -2.903218
-2.199774 -3.611639 -1.726640
-1.982615 -1.832424 -2.947771
-1.109330 -2.530151 2.737970
-1.122994 -1.030528 -3.064205
-1.566564 -2.444484 -2.814354
-1.083815 -2.195101 -2.907519
-3.960158 -2.327471 -1.156489
-1.076062 -1.676662 2.995927
-2.653099 -1.549096 -2.764499
-0.145937 -0.806134 2.766769
-0.803260 -0.927705 2.979315
0.044889 -0.898446 2.689313
0.169006 -3.094270 1.870734
-1.280841 -4.161889 0.827079
-1.963614 -1.612939 2.952750
-3.453907 -3.164846 -1.083652
0.366828 -2.605846 2.108093
-2.533451 -1.696172 -2.797260
-1.435855 -2.105484 -2.946302
-1.195778 -3.923236 1.411140
-0.604945 -2.338281 -2.769657
-1.935951 -0.796081 -2.990037
-3.164574 -1.422149 -2.469388
-2.706158 -3.368746 1.684071
-1.823945 -3.110893 2.340593
0.110810 -3.900486 -0.284963
-3.749550 -3.071882 -0.409155
-1.541757 -3.737964 -1.748049
-1.040268 -0.584473 -2.995668
-2.119996 -3.334700 2.054536
-0.253129 -2.207152 2.665591
-1.862698 -0.229428 -2.865978
-1.716378 -3.199567 -2.323077
-4.096184 -2.396540 -0.656895
-0.623896 -1.912379 -2.910939
0.169672 -3.814920 0.571383
-0.586292 -3.513364 1.862671
-3.494970 -3.162741 0.965919
-2.621223 -1.350417 -2.795835
-1.233499 -1.163566 3.039282
-0.241436 -4.061300 0.272426
-1.085675 -4.020312 1.191893
-1.645093 -3.437317 -2.107088
-2.137630 -3.485563 -1.917680
-1.099476 -3.339241 -2.213524
-3.176257 -2.408650 2.125872
0.172880 -1.761961 2.583956
-3.424509 -3.009873 -1.373431
-1.983002 -3.052668 -2.385111
0.326257 -1.584882 2.519994
-3.731574 -2.382111 -1.539936
-2.548700 -2.547826 2.462385
-3.784365 -2.811102 -0.956876
-2.425949 -2.847029 -2.374182
-1.792388 -2.009544 -2.940779
-1.588997 -1.932745 2.947936
-3.598355 -2.756584 1.369201
-3.729147 -2.829822 1.024786
-3.353468 -1.799301 -2.252324
0.165365 -1.945189 2.543512
-3.159532 -2.842366 -1.872947
-0.069976 -3.887105 -0.815658
-3.031592 -3.374177 1.353580
0.121184 -2.238247 2.468524
1.171667 -3.434001 0.639091
1.652073 -3.006929 -1.362384
1.439959 -3.434991 -0.534682
0.533250 -2.934153 1.753448
1.589961 -3.204845 0.529065
0.560167 -1.648996 -2.925695
-0.072201 -3.171970 -2.127445
0.387738 -3.483514 -1.637284
1.805120 -3.144065 0.087521
0.997410 -3.448534 -1.330214
0.889762 -1.929503 -2.750114
0.516471 -3.674734 -1.162631
1.017368 -3.034807 1.433392
0.431806 -2.597367 -2.562595
0.718411 -1.775338 -2.854121
0.253964 -2.704077 -2.521245
1.722406 -3.244885 -0.236194
0.695880 -2.086108 2.235804
0.667287 -2.436121 2.076119
-0.354895 -1.512479 -3.004739
0.655663 -2.818309 -2.338436
1.813782 -3.085874 -0.831213
0.239555 -3.065616 -2.216711
-0.348230 -1.241598 -3.032897
0.479721 -1.417104 -2.980510
0.755937 -2.892756 1.712604
1.095908 -2.655976 1.743877
1.319896 -3.192647 -1.484046
0.586174 -3.670076 0.604708
0.426459 -3.398362 1.240069
0.014876 -3.302274 -1.969971
1.032637 -2.216335 -2.572816
0.042184 -2.996249 -2.303539
-1.409528 0.257985 3.164546
-3.407668 -0.142654 -2.568982
-2.147704 0.799471 -2.697515
-4.097703 0.958979 2.314877
-4.888273 1.222810 0.422131
-2.969769 0.317944 3.134025
-4.121582 -2.364844 0.889793
-4.909801 0.333347 -1.016254
-4.711899 -0.651450 -1.365507
-2.792050 -0.955364 3.093457
-2.496294 0.914385 -2.637478
-2.723334 0.181886 3.209569
-4.306164 -1.242712 2.078696
-4.513739 -1.928123 0.936490
-2.870325 0.482295 -2.691315
-3.801767 0.860387 2.598764
-2.293552 0.918305 3.092989
-4.891125 -1.234796 -0.559058
-4.600561 -1.005403 -1.384315
-3.893231 1.742721 1.902851
-4.222387 1.398265 1.876016
-4.658138 -1.302773 -1.074394
-3.683161 0.526267 2.785724
-1.461377 0.947546 3.002394
-4.225681 -0.816482 -1.917642
-3.866478 -1.020778 2.587706
-1.920722 -0.309950 3.265616
-2.804264 0.980792 2.996798
-4.238553 0.686210 -1.862838
-3.959795 -1.905807 -1.485452
-2.693608 0.989233 -2.577814
-4.551499 1.588615 1.028317
-4.714312 0.841020 1.578727
-3.441796 -1.612165 2.559873
-3.218952 -0.820837 3.000349
-4.632332 1.542732 -0.423542
-2.747752 -0.769646 3.150192
-4.597452 0.228048 2.019897
-4.654464 -1.833982 0.618390
-4.914172 0.557025 -0.897752
-1.787016 -0.955408 3.142462
-1.784615 0.120554 3.248185
-3.987774 -1.564222 2.196085
-4.457462 -1.322704 1.830485
-3.534286 -1.450379 -2.164306
-4.972810 -0.326848 -0.939584
-3.518369 -0.848463 2.858238
-3.992538 -0.299912 2.655121
-3.849638 -0.862339 -2.214159
-4.636584 -1.561278 -0.832105
-3.099858 -1.415088 2.825811
-0.683610 -0.414017 2.890816
-4.511259 0.895302 1.875034
-0.455677 -0.025847 2.767157
-4.571847 1.293835 -0.996204
-3.729559 -1.328098 2.546445
-2.480925 0.747743 3.133932
-3.073947 -0.130214 3.136332
-4.188695 -1.294817 -1.737212
-2.173391 0.198470 3.262569
-4.591223 0.631080 -1.460930
-3.251943 1.415417 2.622814
-3.209967 -1.745651 2.587697
-4.305575 0.320783 2.343699
-2.028312 0.506908 -2.772066
-3.519654 -0.124813 2.955183
-4.652997 0.677444 1.783964
-0.996403 -0.508212 3.028576
-4.304739 -0.931554 -1.795480
-4.089901 1.661614 1.770241
-2.496503 1.350302 2.878310
-1.488772 0.626334 3.112041
-4.808947 1.330328 -0.190349
-4.231887 0.340240 -1.972529
-2.379550 -0.352376 -2.822962
-1.046099 -0.242589 3.071931
-4.427883 -2.091665 0.763606
-2.097207 -1.325889 3.033461
-3.786350 1.766216 -1.542701
-2.604475 0.427173 3.194858
-1.016518 0.202518 3.043949
0.006112 0.553485 -3.269867
0.310767 0.315907 -3.323932
-0.710448 -0.200339 -3.087130
0.000161 0.811286 -3.220118
0.566748 -0.183020 2.769369
-0.536211 -0.277702 -3.143126
-1.141500 -0.096274 -2.878663
0.090622 -0.583785 -3.229893
0.395187 -0.653523 -3.233716
-0.621630 0.788643 -3.060726
0.521275 -0.090181 -3.325358
0.637679 -0.863308 -3.165205
-0.230800 -0.805813 -3.109891
-0.425528 -0.056912 -3.200464
-1.246612 0.107538 -2.820614
-0.289930 0.240521 -3.240352
0.368052 -0.086626 2.778605
0.478802 0.763716 -3.264603
0.182969 -0.747407 -3.196016
-0.182976 0.585349 -3.230912
-5.119116 0.146643 -0.490384
-4.887228 -1.363553 1.152565
-5.005322 -1.395990 0.648777
-5.287112 -0.055811 0.930931
-5.263705 0.261996 0.797619
-5.165061 -1.075180 0.115758
-4.709369 -0.226763 1.959240
-5.265813 -0.846408 0.539466
-4.894339 0.782740 1.279424
-5.304714 0.191458 0.219285
-5.023307 0.795235 0.930452
-4.540357 -1.340818 1.699217
-5.119339 -1.196481 0.642362
-4.899746 -1.474289 -0.069573
-5.344314 -0.170379 0.193075
-5.096931 0.097437 1.388510
-4.993413 -0.634498 1.548889
-5.316187 -0.624111 0.576089
-5.057017 0.418976 1.297376
-4.062141 2.339045 -0.454390
-2.298283 2.042484 2.753375
-3.634007 2.840461 1.114366
-2.784882 2.003633 -2.173915
-3.130802 2.823099 -1.408346
-2.331332 3.763253 -0.241195
-3.522275 3.166665 0.156392
-3.448216 2.541675 1.782338
-3.667944 2.202109 1.792300
-2.400628 3.769114 0.480240
-2.853150 1.965783 2.573661
-2.962976 1.991844 -2.085678
-1.793071 1.123378 2.995945
-3.552579 2.811403 1.320835
-2.774717 2.609367 -1.848389
-3.582402 2.598930 1.553213
-3.889012 2.313809 1.352503
-1.709196 3.338067 1.866725
-2.603604 2.701518 -1.864397
-3.624683 2.078386 1.923086
-3.085067 3.206385 1.340056
-1.702732 2.929047 2.310764
-2.244194 2.534640 -2.106154
-2.689742 1.705447 -2.308438
-2.900984 3.477819 0.951402
-2.078465 3.842626 -0.016729
-3.386036 3.279803 0.103306
-2.717659 3.242517 -1.218760
-3.315261 3.309059 -0.140551
-2.122111 3.520959 1.504496
-3.199713 2.722064 1.867361
-3.675248 2.353966 1.664236
-3.327122 2.136519 2.184891
-3.372098 3.244807 0.668945
-3.450323 1.899370 2.187661
-2.216735 3.105535 2.059734
-1.517868 3.309533 1.899979
-3.052220 2.585551 -1.690005
-2.977622 3.529809 -0.111462
-2.184779 2.190046 2.720036
-2.724375 3.421498 1.316126
-3.612415 2.763608 -0.870422
-2.936310 3.194671 -1.106082
-2.210208 3.300138 1.825039
-3.020974 2.879894 1.861760
-2.746663 3.610854 0.718644
-1.927663 3.395175 1.763685
-2.373954 3.569028 -0.859478
-1.888434 3.868360 0.393496
-3.803334 2.801574 0.713721
-2.615648 3.084363 1.912696
0.595644 1.362962 2.864682
-1.232650 0.974821 -2.961206
0.199704 3.159125 2.258537
0.853399 1.567706 2.747344
1.716976 3.174855 1.045373
0.574068 2.756027 2.434377
1.085931 2.773654 -2.229372
1.556862 3.082873 1.435344
1.267676 2.625953 2.130767
0.795063 2.486837 2.492550
0.277163 1.776332 -2.972738
0.929122 2.875202 2.183055
-0.632428 4.030316 -1.206163
-1.159597 2.498135 2.628619
0.425566 2.435992 2.655702
-0.040803 0.611818 2.946623
-0.203551 2.876960 -2.599299
-1.756335 1.048033 -2.758071
-0.048745 1.746352 -3.031479
-1.470352 2.472948 -2.598737
-1.119515 3.608326 -1.789076
-0.602371 2.354399 2.795548
-1.780453 3.887771 0.448481
-0.800116 2.468355 2.723365
-0.052781 1.773748 2.956735
-1.062024 3.058162 2.307885
1.057018 3.010789 -2.060676
-1.139757 1.699309 2.886800
0.304368 3.032954 -2.402588
-1.152109 4.084457 -0.757033
-0.646644 4.000748 1.201567
-0.575421 1.705544 2.978431
1.176425 2.143322 2.436777
-1.431873 4.006509 0.633259
0.355642 0.933492 2.924136
1.022961 1.357478 2.685591
-0.913116 2.170008 2.821091
-0.980179 3.700031 -1.713941
-1.477808 3.753305 1.267354
-1.185150 3.310862 2.040695
-0.737692 1.967558 2.908198
0.300478 3.689123 1.636582
1.537547 2.180863 2.153860
0.896252 3.262026 -1.924762
0.616545 2.832956 -2.437866
-0.230541 0.139564 2.826118
0.666849 0.735010 2.803394
1.136773 3.408415 -1.546082
-0.504682 1.191817 3.021863
0.548672 0.421047 2.773454
-0.164879 3.021497 2.426521
0.660972 3.031049 2.201770
1.271722 1.826558 2.473642
-1.055804 4.188503 -0.268878
-1.046844 1.384194 -3.014603
0.570529 2.516996 2.569578
-1.413904 0.423264 -2.800422
0.494809 3.339458 1.990657
-0.751179 2.122923 -2.932516
-0.934291 3.937519 -1.314105
-0.781543 4.167619 -0.727315
1.858834 3.136961 0.802844
0.307765 3.347021 -2.123192
-1.331973 2.396683 -2.689062
-0.842152 2.303355 -2.855989
-0.582193 0.960327 3.006883
-0.353887 3.348864 -2.228687
0.044756 0.806773 2.968949
-0.601667 4.222479 0.482418
-0.827894 3.455377 -2.069043
0.019839 2.283506 2.805785
-0.951544 4.197184 0.332358
-1.562866 1.032723 -2.847230
2.409126 2.373184 -2.703155
4.006253 2.507501 -0.484102
2.827478 -2.427752 -1.674674
1.384279 0.143658 -3.547647
3.951128 0.700133 -2.788836
4.465138 -0.760861 -1.899023
3.456589 1.185116 -3.022005
1.787391 0.714913 -3.561890
4.434196 1.481239 -1.797237
2.742387 1.426048 -3.248789
2.137164 1.291883 -3.413071
2.688057 2.840953 0.927754
3.708860 2.271231 -2.006572
2.346187 0.574507 -3.553082
3.319266 -2.210337 -1.671815
2.038826 3.070891 0.679365
2.179496 3.175349 0.374699
2.382140 0.330241 -3.562928
4.540134 -0.448294 -1.955662
4.547586 0.143326 -2.108271
3.559253 2.217364 -2.235517
3.393371 2.778153 0.406866
3.379485 2.884502 0.084723
2.593893 2.156374 -2.849124
3.230299 2.891431 0.335734
1.997987 -2.556517 -1.718065
3.589151 0.817084 -3.045503
1.610218 -0.227931 -3.541651
1.706393 2.756238 -2.302832
1.603201 -2.177392 -2.352268
4.730139 0.214259 -1.757355
2.462991 1.242639 -3.387489
4.294281 -0.834349 -2.130255
1.746661 2.637932 -2.463051
3.015045 1.245377 -3.223952
0.961157 1.610079 -3.112902
2.322748 1.724792 -3.198202
2.080439 2.874223 1.054247
1.293267 1.878450 -3.061061
1.725265 0.169434 -3.590119
1.148776 -1.625538 -2.815211
0.759313 -0.490379 -3.264856
1.957917 1.792512 -3.189854
4.372648 -0.940378 -1.921127
3.981044 -1.408700 -2.063900
3.039068 1.860764 -2.899570
2.954692 -2.275731 -1.895160
0.819537 0.045975 -3.383342
4.424217 2.004499 -0.837607
1.144483 -0.320188 -3.438531
0.942593 3.665030 1.265730
1.248801 3.781298 -0.895510
1.321036 3.909429 0.300311
-0.410337 4.322589 0.040963
1.406733 3.866524 0.143898
0.475949 3.862694 1.272139
1.546589 3.701481 0.343094
0.107586 4.336537 -0.420671
1.035462 3.830140 -1.065446
0.055452 4.146418 -1.004458
0.121073 4.355926 0.187214
1.092662 4.066069 0.269043
1.547858 3.556995 0.700301
-0.257533 4.327884 0.265456
0.231366 4.289960 -0.596281
0.968179 4.090107 -0.554990
1.526787 3.569361 -0.813687
1.320919 3.944570 -0.034600
0.124261 4.098194 0.998989
1.545399 3.744397 -0.207441
3.325636 -2.307010 2.804673
3.985838 1.457835 2.881495
4.045084 -2.711410 1.891139
1.983952 -2.348348 2.681909
4.523245 -2.413558 -0.619347
5.086081 1.689939 0.002783
3.429903 -2.549875 -1.256267
1.647166 -0.486937 3.456411
4.308183 -2.313090 -1.011455
5.518913 -1.594995 0.531734
4.270417 1.906708 2.240588
4.763616 -2.314416 1.668316
2.963928 -1.321377 3.478966
1.285020 -2.273964 2.337616
5.249937 1.530220 1.069128
3.862143 -3.061370 0.222646
3.372822 0.312497 3.581246
2.025409 2.505949 1.777325
3.687334 2.660928 1.085575
4.361658 -2.439742 -0.778046
4.996035 0.458994 -1.372544
4.337193 -1.814082 2.731916
4.008050 -3.029587 0.710344
1.074705 -2.239195 2.173831
2.933285 -0.237024 3.683581
3.056372 2.814387 0.833558
4.853628 -0.088921 -1.622177
1.733689 -1.598198 3.153014
4.175317 -1.607678 2.976540
2.780596 2.781435 1.189607
4.085387 2.538670 0.779772
2.923914 -0.861393 3.617372
2.992761 -2.374209 2.796821
2.408123 -3.055946 -0.475693
4.850628 -0.928996 2.771486
5.390899 1.049553 1.595648
5.014234 -1.531011 -1.011735
4.774103 -1.821581 -1.063104
3.778785 -2.455158 -1.218329
3.152327 -2.239127 2.902520
0.908745 -0.722748 2.994101
5.565120 0.446681 1.710788
1.034187 -1.002244 3.014946
5.228872 -1.950410 1.269552
3.437497 2.612719 1.562802
1.191667 -1.506993 2.905269
1.952874 -3.049829 -0.210532
3.327464 2.568627 1.747726
1.813969 -1.998513 2.925750
5.202110 -1.884951 1.501394
2.798444 2.815405 0.959700
2.815966 -2.510915 2.662883
0.579467 -0.567128 2.722259
3.199719 -0.541730 3.642404
4.652536 1.389031 2.433129
4.920929 1.170829 -1.058963
3.506417 -2.939101 -0.590424
0.999626 0.130809 3.087575
4.717531 -2.533757 0.079440
5.420976 -1.775707 0.716786
4.005744 2.353225 1.729724
2.758800 -1.750447 3.280635
3.586721 2.442894 1.889527
4.961431 1.455446 1.965986
3.753149 -2.973521 1.563901
4.217081 -2.881539 1.136594
5.404438 -1.701173 0.061254
4.090470 0.411434 3.319652
2.215558 2.468169 1.961384
4.204574 2.462323 0.966588
2.362704 2.663357 1.541269
1.182527 0.121001 3.211678
5.220965 1.477265 -0.094235
3.407980 -2.081482 2.979425
2.630672 -1.524885 3.393891
5.066057 1.801700 0.829564
5.727345 -0.164487 1.460648
5.472246 -0.050953 2.077899
4.070953 -0.294049 3.402494
4.287924 -1.056904 3.159286
2.464454 -1.236734 3.497977
4.018959 -2.172953 2.639416
3.827601 2.226913 2.128867
3.631999 -0.590719 3.544662
2.774814 -1.195510 3.529747
3.875333 -1.803614 -1.756943
3.124174 2.543999 1.881166
3.177324 0.073890 3.646933
4.597617 2.099613 -0.186767
0.740243 -0.820684 2.826097
4.104386 1.670046 2.632906
4.522143 2.153113 1.451276
4.186256 -0.481303 3.334915
4.347634 0.043972 3.243457
2.069740 -0.515856 3.588702
4.426672 0.467644 3.113698
3.517581 2.743732 0.682091
1.093197 -0.578577 3.153502
4.513838 1.683950 2.276653
4.766585 -2.446027 -0.083453
4.368171 -1.468121 -1.677346
5.362412 0.186919 2.221879
4.471218 -2.631578 1.482318
3.267145 2.795097 0.616196
1.449588 -0.632969 3.350963
5.558384 -1.187824 1.487677
2.473382 -1.700969 3.290548
3.987777 -0.806393 3.379965
4.644899 -0.363602 -1.797739
3.243105 -2.008562 3.071965
5.118905 -1.536545 2.108449
3.686014 -2.406533 2.575746
4.489075 -0.249362 3.167863
3.089181 2.370332 2.216913
4.899398 -2.384707 0.148501
3.260435 2.199312 2.430584
1.322610 -1.051912 3.186070
1.243304 -1.699021 2.823255
4.995079 1.878741 0.423662
5.169499 1.413340 -0.363960
2.501951 -2.316985 2.843987
5.252203 0.104719 2.404975
4.900299 -0.215597 2.837093
3.770151 -1.413953 3.269282
4.947095 1.584871 1.811454
4.090615 -2.582118 2.078573
1.476002 -0.596605 -3.454145
3.434464 -0.721834 -3.125197
1.525918 -1.957559 -2.660038
2.971909 -1.706978 -2.857457
3.421884 -0.187189 -3.181561
2.787307 -2.122305 -2.411589
2.471528 -1.369884 -3.281031
2.374314 -0.688070 -3.543375
1.831375 -0.215767 -3.560635
3.244759 -1.500592 -2.865357
2.184731 -1.318662 -3.334260
2.064731 -0.483865 -3.578385
3.564910 -1.748649 -2.212804
2.523610 -1.876694 -2.863235
2.945244 -0.035882 -3.424994
2.067889 -0.216292 -3.584460
1.923111 -1.253980 -3.352263
2.109855 -2.192384 -2.472583
2.425309 -1.640286 -3.104101
1.499769 -0.940702 -3.381592
2.577308 -1.019276 -3.423875
2.068828 -1.671905 -3.095907
3.492920 -1.532990 -2.606910
2.799164 -0.238259 -3.492324
1.719435 -0.585159 -3.522831
3.392876 -1.780318 -2.415616
2.452510 -2.230235 -2.359251
3.481738 -1.010446 -2.987722
3.152151 -1.897522 -2.499578
3.249876 -0.061477 -3.280820
3.319162 -2.018422 -2.052606
2.785323 3.132887 0.210076
3.003779 3.285446 -0.636687
3.008682 3.263621 -1.048763
2.383975 3.448683 -0.865007
1.425782 3.160811 -1.582662
2.197040 3.422726 -1.169030
3.170671 3.026600 0.062667
3.438776 2.987199 -1.164522
1.583407 3.025815 -1.924187
1.575620 3.341755 -1.179551
3.117778 2.886141 -1.856429
2.118281 2.929250 -2.171607
3.244115 3.138270 -0.423448
2.201214 3.375662 -0.137406
2.678649 3.285974 -0.070347
1.793531 3.017610 -2.015120
1.898711 3.428606 -0.446923
3.492735 2.986857 -0.569274
3.366570 2.553680 -2.023293
2.757803 3.059399 -1.851554
2.457118 3.416932 -0.418272
5.883152 0.252263 0.955891
5.601558 -0.847916 -0.635134
5.698139 -0.775390 -0.503035
5.715811 -0.249418 -0.671953
5.791494 0.779512 0.332281
5.447406 0.770977 -0.729712
5.808984 -0.537394 1.169545
5.275387 -0.323898 -1.213431
5.988261 -0.299503 0.297679
5.525228 -0.534810 -0.899871
5.972183 -0.337273 0.637566
5.929980 -0.651246 0.255513
5.504609 -0.217955 -0.983110
5.194482 1.070707 -0.780965
5.631433 0.983887 -0.045967
5.502266 1.165802 -0.053135
5.594341 -1.376012 0.189025
5.608613 -1.177250 -0.278207
5.832976 0.509639 -0.124230
5.343710 0.438893 -1.049474
5.883343 -0.264341 1.063615
5.620238 0.557072 -0.614349
3.287664 -3.039813 1.846375
2.117681 -2.944710 2.124854
2.494775 -2.973694 2.164064
1.729010 -3.134669 1.523218
2.077068 -3.298558 1.379490
3.563933 -3.182636 0.904267
2.809138 -2.889063 2.249077
2.085204 -3.357474 0.619897
1.610179 -2.947859 1.798532
1.974828 -3.207572 0.112849
2.039169 -3.330697 1.184178
2.282739 -3.401480 0.977865
3.247949 -3.316336 0.857884
3.294555 -3.282113 0.572566
2.481528 -3.406232 0.575385
2.798582 -3.392788 1.139252
2.707868 -3.261572 1.657808
2.285531 -3.327201 0.269481
3.236647 1.924233 2.858938
1.798199 0.768181 3.488781
1.953480 2.336935 2.087493
1.422306 0.674649 3.310046
2.832618 0.558350 3.660985
2.886993 1.846330 3.056405
2.143619 1.358433 3.381800
1.460741 0.287196 3.361967
1.914015 0.454264 3.571860
3.487550 1.095204 3.344847
3.110745 1.186299 3.448444
2.340760 2.136332 2.715465
3.497967 1.354214 3.210672
2.140379 1.574813 3.246289
1.743925 1.290721 3.274275
2.294466 0.992783 3.565204
2.168150 2.288297 2.382541
2.934777 2.278989 2.439367
1.050560 0.696485 2.995794
2.391101 0.760800 3.635474
1.840022 1.641815 3.084571
-3.000729 -4.215059 -0.459267
-2.387594 -4.475356 0.484091
-2.538224 -4.481085 -0.089469
-2.915428 -4.181018 -0.747357
-2.748037 -4.204625 -0.911294
-1.811699 -4.526048 0.631807
-2.264546 -4.553361 0.156860
-2.062092 -4.453456 0.795675
-2.145901 -4.450439 -0.790888
-2.634597 -4.343412 0.659111
-2.816116 -4.224562 0.755454
0.062939 -3.092418 2.447792
-0.048980 -4.282051 -0.737216
-1.676068 -3.566863 -2.457333
-3.364658 -3.192649 1.876946
-2.605057 -3.440086 2.228563
-2.554568 -3.636661 2.046239
-0.428222 -3.079530 2.678073
-3.494115 -2.622560 -2.248386
-0.840612 -1.066064 3.340772
-0.952607 -3.304964 -2.676481
-3.149155 -1.493394 -2.886468
0.210898 -1.626478 2.978285
-0.630281 -0.594419 3.246392
-3.395753 -2.534982 2.353508
-3.616295 -3.379819 -1.336617
-0.619123 -2.077854 3.191435
-1.566052 -3.301882 -2.698315
0.526464 -3.497292 1.679810
-1.022746 -4.602960 -0.171227
-3.864035 -2.149596 -2.103279
-1.290693 -1.850921 -3.359006
-1.200761 -2.500265 3.128980
-1.815434 -3.368033 2.576155
-3.501822 -3.696060 0.865238
-1.455388 0.148695 -3.127805
-0.632001 -0.918516 3.292620
-2.607821 -4.174997 1.095382
-2.934879 -3.774342 -1.603206
-2.845079 -2.301304 -2.871361
-2.671375 -2.410763 2.877284
-2.603166 -0.694136 -3.132007
-3.573965 -3.269474 1.528757
-2.992023 -1.833669 -2.928331
0.116217 -4.191111 -0.799366
0.359744 -4.163640 -0.065099
-3.127419 -1.263514 -2.912518
-4.146799 -3.098064 0.409116
-3.837745 -3.531028 -0.103325
-4.150874 -2.860608 0.979061
-1.061644 -2.635880 -3.097171
-1.890971 -4.451325 0.892703
-2.207170 -2.303594 -3.123663
-1.927313 -3.607410 2.332912
-3.532882 -3.807990 -0.299148
-1.033714 -0.888260 3.351197
-0.871946 -4.574988 -0.321843
-3.463239 -3.786877 0.680222
-3.260996 -2.972089 -2.213742
-2.044138 -0.444338 -3.253212
-4.286719 -2.781894 0.663894
0.599501 -1.898682 2.688276
-3.897465 -2.677423 -1.726924
-1.568991 -2.273841 -3.243413
0.084390 -4.297796 -0.257358
-0.418121 -3.703566 2.113240
-0.141680 -3.824358 1.809525
-2.489648 -2.736716 -2.838050
-0.844441 -4.252167 -1.476379
-2.976722 -2.868680 -2.504338
-0.799981 -3.951059 1.934860
-1.412802 -0.126928 -3.236389
-1.703804 -3.956640 1.969316
-1.839498 -1.567776 3.327648
-1.588408 -4.303535 -1.433099
-4.054365 -2.061523 -1.891090
-3.587172 -3.430271 1.266148
-2.960155 -1.545259 -2.991876
-1.176090 -3.397171 2.589281
-1.971650 -2.101339 -3.241837
-0.399876 -3.882913 -1.911952
-1.732259 -2.730021 3.004057
-0.335590 -4.197090 -1.318154
-0.696376 -4.524726 0.461658
-1.335391 -4.383388 -1.268440
-2.021883 -4.125662 -1.651225
0.305761 -4.002108 1.034247
-1.587360 -1.466378 -3.400602
-4.292229 -2.685787 -0.868721
-1.999676 -3.084636 2.749332
0.008727 -2.278414 2.916728
-0.223393 -4.135231 1.329190
-2.048102 -4.334380 1.154343
-1.044156 -2.782505 2.987455
-2.728923 -1.227790 -3.123269
-0.173975 -1.274049 3.173781
-1.720947 -0.448852 -3.307650
-2.640082 -2.120286 -3.030193
-1.131174 -4.481273 0.924921
-0.914335 -2.396886 -3.179543
-0.828301 -3.054733 -2.834890
-3.819510 -2.590952 -1.903955
-2.467482 -3.164241 2.535985
-3.688541 -3.086360 -1.626059
0.291791 -3.057776 2.329831
0.092623 -4.258723 0.503828
-2.213304 -3.069070 -2.736820
0.260477 -4.181909 -0.490143
-1.915662 -4.315522 -1.306910
0.057472 -3.683408 1.862205
-0.249392 -3.737849 -2.025837
0.353299 -3.880950 1.249725
-0.619415 -3.662117 2.235519
-2.238337 -2.825335 -2.879651
-0.670365 -2.656950 -3.025868
-1.855456 -3.665284 -2.326161
-2.302407 -0.849385 -3.258956
-0.433659 -0.752558 3.223967
-0.823535 -3.587444 2.367643
-1.630230 -1.372772 3.366371
-1.084588 -4.606873 0.163044
-1.980936 -2.614804 -3.053500
-2.283146 -3.971401 -1.783530
-1.303824 -0.418948 -3.321826
0.014299 -4.337406 0.066948
-2.575908 -1.335566 -3.185052
-0.951654 -2.186136 -3.254821
-1.814742 -3.968250 -1.966075
-1.609898 0.019613 -3.172311
-2.607053 -2.459015 -2.922179
-1.845183 -1.166259 -3.380559
-4.053044 -3.215179 -0.514290
-0.713550 -2.008295 -3.265302
-1.324157 -4.457150 1.026318
-0.437428 -4.469439 0.417753
-2.176690 -4.191701 -1.448226
-0.974192 -1.004647 -3.391046
-1.200058 -1.344550 -3.412907
-3.826678 -3.093868 1.356736
-4.080609 -3.039513 0.856786
1.216140 -3.688578 0.865919
1.074100 -2.848421 2.032055
0.711511 -3.417455 -2.168259
1.156073 -3.506982 1.264449
0.484052 -3.125935 -2.542319
0.958600 -4.021074 -0.093263
0.952875 -2.938604 -2.541445
0.946709 -2.393573 -2.892170
1.501624 -3.219772 -1.896172
0.875943 -2.663159 -2.768745
1.903452 -3.356074 -1.073434
-0.050149 -3.384215 -2.354883
0.143287 -2.416765 -3.059728
1.408055 -3.790655 -0.715468
0.000489 -1.294333 -3.354869
0.653392 -2.742266 -2.791100
0.527915 -3.252372 -2.411767
0.796332 -3.966043 -1.068501
2.017849 -3.080139 -1.430922
1.199313 -3.560177 -1.662751
0.492487 -4.104504 0.252912
1.540187 -3.039022 -2.073917
0.856633 -2.430404 2.383249
1.135791 -3.367349 1.479380
0.371611 -2.361629 -3.059371
1.374574 -3.733140 -1.042387
-3.157282 0.625011 3.378906
-5.195998 0.726526 -1.024055
-4.765877 -0.482148 2.359731
-2.605526 0.065616 3.583484
-4.141029 -1.417268 -2.212676
-4.315948 -2.607914 1.051689
-3.613707 -1.126001 3.119514
-3.316431 -0.626193 3.373027
-3.597732 -0.914260 -2.752580
-4.491162 2.297148 -0.235604
-5.335290 -0.378016 -0.936954
-5.160476 -1.678019 0.487779
-4.555482 -0.704623 -2.110082
-3.943491 -1.264621 2.872357
-4.840999 0.249601 2.261546
-4.249882 -0.252515 -2.449795
-2.034798 0.353094 3.584154
-2.075423 0.414004 -3.136600
-2.781183 -1.420285 3.298629
-5.455911 -0.157397 -0.566282
-4.886923 -1.792567 -0.909854
-4.270488 -1.885708 2.207962
-4.727397 0.519852 -1.899884
-4.690899 -2.058639 -0.943311
-1.852417 0.855743 3.461984
-4.013993 -0.064308 3.061420
-2.151281 -1.232702 3.433971
-3.312463 -0.163075 -2.974467
-1.212330 0.253759 3.466474
-3.771264 -1.665505 2.779054
-1.709471 0.490047 3.534883
-4.798587 1.610420 -1.015703
-4.334154 -0.278400 2.819307
-3.560414 1.757733 -2.234603
-5.216893 1.303953 0.541120
-5.030868 -0.712099 1.924009
-3.414619 1.749902 2.758190
-1.474508 -0.413873 3.539719
-4.252456 1.391095 2.418782
-5.288999 -1.376597 -0.136443
-5.501374 -0.118293 -0.342460
-4.959805 -2.018847 -0.035660
-5.408870 -0.369259 -0.711863
-5.107978 -1.795783 0.145294
-1.378279 -0.252160 3.528950
-4.747305 -0.019224 -1.969676
-4.273487 0.864189 -2.243206
-4.784356 -0.963715 2.196063
-4.345198 -1.305098 2.530298
-4.386134 -2.490434 1.195794
-4.556577 2.064600 -0.764450
-4.251758 -0.597074 2.848691
-4.024540 -1.939339 2.397968
-4.077450 -2.426636 1.812499
-2.658362 -1.127545 3.428022
-4.949378 -1.566711 -1.057982
-5.049062 1.621561 -0.091840
-4.315143 -0.739130 -2.327062
-3.930664 1.695971 2.471314
-3.704859 -1.306646 3.001584
-4.570003 -2.018332 1.671354
-1.569586 0.649817 3.479503
-4.502512 2.040164 -0.934598
-3.620709 -0.065710 3.283761
-4.227970 1.423414 -1.980093
-1.977143 1.157687 3.364164
-4.437860 0.253559 2.704621
-1.491535 -1.058779 3.422150
-2.610217 -0.273766 -3.145402
-4.506330 -1.616476 -1.722519
-5.485186 0.526689 0.246217
-5.389406 0.073201 -0.787974
-5.092603 -0.857751 -1.313998
-4.467467 1.630373 1.981059
-5.045708 -1.872065 0.550559
-4.236284 1.770209 -1.680499
-5.205171 -1.286025 -0.710354
-4.292444 0.692197 -2.289361
-4.918056 1.159350 -1.276991
-3.519040 -0.567820 3.299345
-4.934125 -2.015945 0.688736
-5.321944 0.320159 -0.915931
-1.755752 0.281161 3.572595
-4.557781 -1.343908 2.285225
-4.963081 -0.068213 -1.686359
-3.889326 -0.907310 3.033137
-5.039848 1.498179 -0.532613
-2.345867 -0.034845 -3.173333
-0.389204 0.288328 -3.564106
0.036059 -0.131175 3.092138
-0.569647 0.551304 -3.488303
-0.368302 -0.093355 -3.566839
0.376020 -0.702781 -3.571715
0.328894 0.745647 -3.613028
-1.041716 0.443869 -3.311871
0.212328 -0.686174 3.021349
-0.083355 1.023372 -3.507448
-0.022395 -0.823279 -3.505948
-5.595796 -0.175331 0.461344
-5.133234 -1.299572 1.356869
-5.282042 -0.154231 1.602704
-5.184035 -0.866041 1.607359
-5.550761 -0.700281 0.341156
-5.381181 -1.231838 0.446111
-5.367290 -0.760188 1.298422
-5.529111 -0.594942 0.857080
-5.186516 -1.093499 1.451131
-5.554471 -0.655826 0.582766
-3.110967 2.851006 -1.889115
-2.993968 2.593945 -2.150219
-3.902493 3.183314 0.651119
-3.227066 3.600843 1.134633
-2.796205 2.925066 2.435706
-3.311184 2.654266 2.315150
-3.599257 2.791269 1.927174
-3.901143 2.992266 1.190742
-3.154122 3.554473 1.354139
-2.355464 3.792609 -1.146311
-2.944791 1.827564 2.931450
-3.642432 3.306354 -0.666318
-2.718036 2.368684 -2.408880
-3.626753 3.260298 1.224789
-1.850079 1.843719 3.211218
-2.202262 2.343673 2.993305
-4.270121 2.704100 -0.214829
-4.482802 2.364480 0.183979
-2.380477 4.047675 -0.391324
-4.087106 2.669842 1.310813
-2.047568 4.078092 0.952836
-4.440391 2.442810 0.392740
-3.306188 1.905838 -2.285536
-2.382795 2.038378 -2.652144
-3.482518 3.457138 -0.619501
-3.443228 2.138315 -2.097553
-4.279169 2.688915 0.635328
-3.312135 3.105970 1.887956
-2.666543 3.265150 -1.758766
-2.608247 3.464409 -1.546561
-2.179752 3.551417 2.025268
-2.900940 2.770597 2.500298
-3.103233 3.768751 -0.390392
-2.971746 3.853093 0.724437
-3.112301 2.086252 -2.340490
-2.008308 3.292638 2.366417
-3.324852 3.701787 0.059113
-3.304209 3.454057 1.359164
-2.632841 3.107839 2.354137
-3.515216 3.166671 -1.152477
-2.416731 1.572832 -2.757118
-3.560405 3.538960 0.153309
-1.809842 3.082563 2.582816
-3.067561 3.737324 1.002631
-3.700939 3.273315 1.031818
-3.030073 3.872591 0.195584
-4.214385 2.700176 0.903105
1.142783 1.605829 2.984516
1.640264 3.608631 -1.373048
-1.147239 4.488414 0.458960
0.439600 2.000471 3.172353
1.012160 2.738792 -2.742141
0.007958 2.732347 2.984158
1.037704 2.707519 2.676199
-1.504513 4.208759 -1.181269
0.594511 3.020467 2.679853
-1.046265 2.363808 3.092905
-1.087598 2.881681 -2.910716
-1.926934 1.420701 -3.050869
-1.118279 4.413353 0.844654
-1.363872 4.269340 1.081423
-1.866056 3.007756 -2.507028
-0.922046 2.233620 -3.231803
-0.664526 3.677397 2.291327
-0.571578 1.509344 3.346195
-0.247325 1.946126 3.283183
0.946202 4.120041 1.143896
1.500233 3.534985 1.602182
-0.748759 2.889550 -2.970085
0.170901 0.357593 3.210078
0.076578 0.805970 3.310438
-0.319638 3.459025 -2.589263
0.673974 2.110699 3.074233
-1.666340 3.567748 -2.120053
-1.346342 1.436624 -3.284480
1.508235 3.883302 -0.990856
-1.779668 2.332192 -2.920692
-0.026130 2.100935 -3.299666
1.882294 3.175594 1.590771
-1.588817 1.124110 -3.207946
-0.550326 3.929747 -2.074742
0.564171 2.113817 -3.178280
-1.674210 1.698717 -3.137735
-1.031635 3.809161 2.061405
1.053798 3.762563 -1.779804
-0.323985 1.099265 3.362603
-1.009860 2.978983 2.800560
-0.746790 3.056901 2.798157
-1.141103 3.100214 -2.757882
1.371620 3.761027 -1.465331
-0.644206 3.837461 2.112000
-2.255934 2.714200 -2.434735
1.022256 2.221936 2.898783
-0.345659 4.469651 -1.019737
-0.971385 3.030538 -2.846532
0.330886 2.349680 -3.162680
0.848178 3.512436 -2.225765
1.495429 3.796971 1.154279
1.374581 2.819173 2.402792
-0.991456 2.711453 -3.024438
0.345290 0.941913 3.277464
-1.262216 2.785759 2.845645
1.320882 2.141317 2.765355
0.319472 3.201220 -2.707332
-0.660685 4.597868 -0.221915
-0.084389 1.037869 3.348202
0.737849 3.701456 -2.072657
-0.093594 3.354938 2.592826
1.067129 3.105175 2.398542
-0.598309 4.209458 -1.630058
-0.510708 3.523150 2.457852
-0.267132 4.034036 1.863556
-0.344608 0.437292 3.274560
1.306798 0.463152 -3.875785
2.393943 2.833979 -2.716160
1.818858 0.037491 -3.928794
4.950795 1.292333 -1.697813
3.703239 2.754762 -2.021245
3.694755 3.117375 0.003499
3.891382 3.010755 -0.931808
0.652587 0.786195 -3.648205
2.466938 -0.023853 -3.881947
1.580073 -0.128442 -3.897601
1.280181 -0.923947 -3.657372
4.953278 1.648832 -1.224342
4.413013 -0.138807 -2.818696
1.571005 1.423270 -3.715490
1.528337 -1.778000 -3.226238
4.150854 2.806276 -0.922105
2.786259 3.407598 0.434531
2.406601 2.253597 -3.253984
3.484510 1.199944 -3.410789
2.906256 2.936072 -2.399599
3.769477 2.535210 -2.271396
0.969346 0.395003 -3.798768
2.217546 -2.628578 -2.297665
4.278544 2.354690 -1.823778
0.797648 -1.150909 -3.416309
3.711884 1.663397 -3.069979
2.487512 -2.944699 -1.504938
4.278253 2.140106 -2.120741
1.430287 2.567809 -2.991115
4.208755 1.390765 -2.790774
3.473093 -2.443514 -1.887039
3.392569 3.302847 -0.113779
3.325061 1.537169 -3.363139
4.354025 2.634252 -0.752004
4.113792 2.762240 -1.268135
4.712327 -0.535986 -2.310765
3.523810 2.373395 -2.673270
3.976170 2.206564 -2.430802
1.832996 3.340516 -1.986624
2.954231 2.794274 -2.564374
2.854513 3.500694 -0.058496
3.766939 3.107012 -0.840550
0.757642 2.085294 -3.162841
3.877977 1.140770 -3.179418
4.747132 -0.156568 -2.385137
4.023975 2.934417 -0.708264
0.807582 1.851336 -3.330925
3.622656 -1.915712 -2.516824
0.612805 1.346559 -3.483070
3.043425 0.118406 -3.745152
1.301214 -0.144964 -3.855232
3.678211 3.172796 -0.357815
2.141353 1.910888 -3.505702
3.044263 -2.365093 -2.377426
1.167420 0.586516 -3.837307
3.487522 0.016131 -3.546933
3.861688 -1.794192 -2.425318
1.693276 1.095899 -3.827145
1.234059 -1.329025 -3.460483
4.090847 1.102648 -3.020964
4.054087 -0.336696 -3.118742
2.988225 2.468901 -2.899048
2.582194 1.405655 -3.673013
4.372267 1.455825 -2.575263
3.319400 2.305316 -2.873378
3.550877 0.969074 -3.439618
0.751289 0.950050 -3.655250
1.633122 2.689258 -2.905069
2.090132 1.710415 -3.611483
2.511402 3.544466 0.144335
4.071554 2.303902 -2.209762
3.908568 -0.417245 -3.212966
1.423926 1.298503 -3.738660
0.768196 4.486158 0.155362
1.172135 4.189495 0.692209
0.144577 4.605565 0.057916
0.707583 4.497588 -0.319111
0.407916 4.555310 -0.394891
1.407931 4.151491 0.273210
0.323405 4.566985 0.303149
0.835657 4.374620 0.610740
0.735561 4.323071 -0.943171
0.918923 4.396963 0.394323
1.144151 4.333424 0.089967
2.944058 -3.050776 2.513377
0.850473 0.870521 3.200080
2.353078 -2.863828 2.729356
5.962438 -1.216570 1.316526
5.013917 -0.863948 -1.858620
3.218715 0.178327 3.974929
3.001423 -2.947013 2.654845
5.681566 1.438541 1.251768
5.870262 -1.228962 1.641121
4.311505 0.849119 3.467836
1.030017 -0.553755 3.521662
2.923420 -0.110916 4.022420
3.565385 0.474674 3.861042
5.948985 -1.374938 0.156352
4.006352 -3.018007 -0.880138
4.005765 -3.211354 -0.448295
2.828615 3.069789 1.459606
5.732481 -0.899143 -0.925802
1.762135 -0.040587 3.864839
1.683584 2.332825 2.576602
6.086574 -0.989072 0.890379
5.766024 -1.679893 -0.116425
4.702012 -2.336260 2.478922
4.163951 -2.621679 2.606575
2.205165 2.829503 2.000759
4.761664 -1.676552 2.981985
0.879682 0.576462 3.327290
3.860650 2.596251 2.186903
3.027445 2.684508 2.367062
3.922725 -3.108013 2.026950
4.971696 0.513427 3.122280
3.225826 -3.420613 -0.450614
2.470854 2.923878 1.867258
3.117395 -2.231728 3.352599
4.471190 -3.142097 0.167622
4.518791 -2.316057 -1.417952
5.469357 -0.904835 2.598775
3.670946 2.915086 1.577790
1.667066 -2.734163 2.633389
3.378922 0.540237 3.885766
2.953140 -2.856403 -1.520907
2.164902 -3.264460 -0.768309
0.857745 0.298320 3.379609
5.039323 -1.365091 2.902236
3.304709 2.839889 2.000611
1.536292 -1.595132 3.478706
1.427029 -1.439385 3.499246
3.615596 -2.943219 2.494623
4.219691 -0.401561 3.704137
3.672895 -3.366810 -0.325320
3.015203 -2.598562 3.052020
1.566155 -0.007827 3.794255
3.666993 -0.125832 3.908968
5.546848 1.661709 1.227015
4.750570 2.011265 2.265534
1.251930 -2.953954 1.959357
2.872313 -1.544878 3.759971
5.199904 1.832370 1.845078
6.017909 0.172103 1.597235
5.158323 -0.250447 3.060455
1.127621 0.939926 3.358024
2.549157 -3.203230 -0.998709
5.770304 -1.281448 -0.608456
5.246019 1.954361 -0.233503
3.824163 -3.447722 0.309820
2.644462 -3.119134 2.408547
1.726671 -1.410617 3.634000
4.929405 2.392255 0.940652
5.094347 1.716573 -0.936532
4.738372 1.314081 2.943703
4.284240 -2.033291 -1.831116
2.563521 -1.225306 3.869761
4.891415 -2.383163 2.197605
4.655757 2.398550 -0.451945
2.449673 3.066227 1.406194
6.167156 -0.415678 0.903332
4.543034 -2.957097 -0.376828
5.762838 1.198395 1.436198
3.494713 -3.489274 -0.011788
4.569005 -1.366789 -2.032103
4.331817 2.775382 1.017469
3.539494 -2.615081 2.925772
5.105989 2.035981 -0.396582
4.261430 2.829050 0.426854
3.468331 -3.556772 0.613972
5.432754 1.096302 -1.043876
4.039622 -3.155264 1.812426
4.639713 2.550940 -0.006163
4.829424 -2.941750 0.582303
4.752263 0.780916 3.209867
4.421667 -3.140663 1.247191
2.410690 -2.735817 2.890873
3.674317 -3.505650 0.510714
3.169025 -1.615524 3.706539
4.501184 1.317727 3.122388
4.542274 -1.006870 3.430516
0.929866 0.093521 3.459401
4.694243 2.428759 1.554401
4.003940 -0.592941 3.779500
5.226263 -2.590522 0.557299
5.020042 -2.349878 2.058930
5.228106 1.608148 -0.862369
1.556499 -2.269055 3.052502
2.093049 2.956953 1.601427
4.920795 0.098871 3.251543
5.546719 1.434024 1.708182
5.740381 0.600664 2.087994
5.272189 -2.373162 -0.243883
5.463611 -1.922212 -0.598426
5.732675 0.304861 2.233833
2.552073 -2.489376 3.154217
3.063590 3.151572 0.893023
1.940665 -0.864667 3.858670
3.835724 -0.001163 3.852539
3.283629 -3.538011 1.213423
2.811053 -3.156458 -1.097355
3.492946 -1.641872 3.636163
5.689994 -1.712459 1.578601
3.632254 -0.614224 3.896744
5.028062 1.682403 2.324018
1.190143 -1.740210 3.221328
0.629382 -0.347319 3.254887
2.766567 2.824068 2.128613
2.343375 -3.225458 -0.912897
5.672550 0.883129 2.035525
4.265413 -2.052702 3.082708
2.299540 0.013354 3.984060
5.076224 -1.943817 -1.204364
1.367199 -0.384010 3.714132
1.357251 -2.046088 3.120096
1.745991 -0.749741 3.822472
1.986770 -2.061855 3.376119
2.011743 -1.318714 3.753132
3.315559 3.097240 1.107046
5.852598 0.709236 1.752504
3.629838 0.199451 3.892624
5.562414 -0.684623 -1.277645
3.765254 -3.472526 0.871116
3.408375 -2.885683 -1.397145
1.727508 -2.524489 2.899599
5.471601 0.144406 2.676038
4.858366 1.752981 2.454142
0.571880 -0.723303 3.161252
3.899665 -1.927197 3.351594
5.479546 -1.713573 -0.815208
4.086205 -2.528816 2.763259
3.927088 2.722561 1.874633
4.877050 0.994893 3.011811
4.385859 1.955745 2.684206
4.249331 -2.979108 1.981768
1.680938 -1.983547 3.321063
3.832752 0.434783 3.793045
3.910708 2.468787 2.366654
5.663380 -1.883114 -0.095739
3.297995 0.823395 3.819954
1.199062 -2.711712 2.322098
4.622070 -1.919872 2.932167
4.196683 -2.477953 -1.492675
3.715751 2.543742 2.364289
5.523620 -2.226502 0.398222
4.831636 2.098295 2.027761
4.813981 -1.125928 3.201900
5.326063 -1.716863 2.322812
4.070171 2.917747 0.489572
1.220710 -0.504704 3.633873
4.645679 -2.170940 -1.449246
5.298923 -0.187049 2.914604
4.600062 1.766521 2.698200
2.213529 -0.819771 3.926184
3.977226 -1.318850 3.617590
5.793928 -0.836680 2.085328
4.669225 2.566321 1.080169
4.006980 -2.379292 2.957231
3.219136 -1.855341 3.579728
0.921272 -0.806107 3.412123
5.765307 -0.652245 -0.950251
5.545444 0.665440 -1.143939
2.705302 -0.715340 3.991013
4.791588 -2.855302 1.413001
2.425880 -2.326252 -2.691735
2.139327 -2.102855 -3.015067
1.987838 -0.876555 -3.751907
2.260794 -1.392316 -3.564480
2.999336 -1.120021 -3.525054
3.034810 -1.834878 -3.057978
1.850491 -1.733125 -3.329369
2.788599 -0.757520 -3.700932
2.532431 -1.705828 -3.340346
2.355217 -1.896412 -3.212479
3.595177 -1.274560 -3.092909
3.314035 -1.758902 -2.951275
2.656684 -0.944237 -3.688175
2.178020 3.686606 -0.456859
2.353710 3.693177 -0.634623
2.500188 3.675364 -0.877358
1.849408 3.665585 -1.057347
3.111005 3.250628 -1.772796
2.813987 3.609911 -0.682926
6.128802 -0.192333 -0.321438
6.000098 0.901289 0.394201
5.747310 0.172629 -1.032074
5.854151 0.229057 -0.860267
6.186470 -0.534005 0.106078
5.786929 -0.261346 -1.006184
6.191306 -0.321928 -0.037084
6.221540 -0.004847 0.156444
5.949465 -1.012577 -0.339711
5.898986 0.897832 -0.272851
6.109000 0.634116 0.371942
1.534713 -3.362544 1.379053
2.330363 -3.615304 1.266757
1.937569 -3.408491 1.718738
1.745470 -3.329194 1.748652
2.862235 -3.645192 0.946147
2.498698 -3.610160 1.349869
3.039259 -3.415784 1.801720
1.643859 -3.464893 1.089612
2.609756 -3.562359 1.538280
2.087185 1.669620 3.465367
2.829414 0.943030 3.838360
2.704475 1.298431 3.727043
3.175725 1.922547 3.243442
1.679664 1.720354 3.271478
2.450029 2.102920 3.159710
2.480344 0.751436 3.888013
2.690497 1.625720 3.556216
1.479986 1.896205 2.985732
2.572403 2.357191 2.843397
1.334663 0.957472 3.475700
1.784030 1.993245 3.077215
3.270349 1.629108 3.440456
2.201769 1.188513 3.739377
-1.609802 -4.951546 -0.085598
-1.543921 -1.984157 3.637795
-1.754305 -2.652555 3.412798
-3.345856 -4.257724 0.854610
0.085704 -4.264802 1.619797
-2.102355 -2.819059 3.277352
-1.232417 -3.722413 -2.796883
-4.255847 -2.778419 -1.774422
-3.025909 -3.994322 1.844750
-0.812317 -1.811832 -3.672857
-4.531154 -3.144667 0.343414
-2.286953 -2.620320 3.319765
-0.427680 -3.089984 3.089462
-2.817179 -2.128379 -3.334011
-4.012001 -2.042556 -2.507105
-0.288635 -2.961825 3.119620
0.084635 -4.662363 0.310847
-1.673952 -0.456967 -3.664263
-2.186620 -4.728372 -1.008166
-4.165595 -3.045343 1.624850
-1.750330 -1.088265 -3.733631
-1.802093 -4.544597 -1.672101
-3.703599 -2.144318 -2.769163
-0.998374 -4.790694 1.044814
-3.665286 -2.744659 -2.523970
-2.065126 -3.693864 2.693912
-4.321575 -3.316125 -0.874887
-3.819202 -2.889031 -2.272083
0.614454 -4.179206 1.167253
-1.247257 -2.239150 3.579449
-0.917321 -4.344344 -2.031693
-1.741577 -4.027304 -2.458990
-2.569212 -3.716752 -2.520268
-2.151672 -3.631710 -2.761629
-0.777880 -2.624149 3.402375
-3.728228 -3.884264 -1.119445
-2.558692 -2.628525 -3.263547
0.160806 -1.914775 3.334894
-0.147677 -0.489305 3.448873
0.297565 -3.280223 2.638031
-3.181709 -1.134099 -3.274293
-3.077949 -3.839721 2.013115
-0.225459 -4.317046 -1.794433
-0.181755 -4.542412 -1.286807
-1.337072 -0.241315 -3.627407
0.059104 -4.094677 -1.958485
-1.047828 -3.849163 2.626816
-2.068896 -1.245943 -3.687147
-3.292568 -2.939260 2.672533
-3.786171 -2.375141 -2.605101
-2.708285 -3.181108 2.860435
-3.869563 -3.570719 1.427591
-1.712443 -4.825562 -0.947352
-0.576434 -2.930323 3.218949
-2.048666 -2.425638 3.451870
-0.677997 -4.711098 -1.187688
-2.042006 -4.648173 1.308082
-0.525551 -4.215177 2.069064
-0.978573 -4.072608 2.374737
-1.438212 -4.675185 1.414165
-1.822447 -2.301887 -3.566639
-1.856308 -4.426035 1.841057
-3.636264 -3.139229 2.230232
-3.540214 -4.052642 1.053746
-4.010080 -3.386169 -1.499284
-1.197270 -1.985812 -3.676333
0.459558 -2.927345 2.779276
-1.978517 -2.125808 3.554957
0.572598 -4.266436 1.003506
-3.011176 -3.371275 -2.584631
-4.223732 -2.847555 1.728353
-4.420586 -3.158135 -0.896450
-4.320323 -2.226387 -2.047660
-3.435225 -3.590944 1.981866
-3.216933 -3.977318 1.680468
-1.377106 -3.078550 3.228101
-3.931855 -3.117249 -1.940817
-1.201601 -0.475681 -3.680269
-4.326193 -3.257607 0.955550
-2.368104 -2.143810 3.458623
-1.236109 -1.434092 3.714229
-3.437816 -3.990282 -1.410127
-0.772871 -4.917301 -0.077399
-1.829944 -4.859960 -0.734991
-3.739503 -4.093483 0.013042
-0.727506 -4.841709 0.690807
-3.655095 -3.484319 -1.895956
-3.919889 -3.160674 1.877035
-4.510775 -2.744003 -1.299073
-1.668656 -1.781890 3.665331
-0.028825 -4.625364 0.802053
-2.623840 -0.620123 -3.480471
-1.388456 -1.307122 3.720582
0.108670 -4.476292 1.115328
-3.453764 -2.634826 2.727516
-3.786464 -3.991814 0.571221
-1.116397 -1.259235 3.714711
-2.794487 -2.484715 -3.225654
-2.740533 -3.437894 2.651110
-0.651535 -3.876203 2.523765
-2.903020 -0.892134 -3.401680
-2.246951 -4.817575 0.472916
-1.465626 -2.995159 -3.308668
-4.676073 -2.741056 -0.776712
-1.071912 -1.847232 3.659086
-1.801395 -3.119844 3.171656
-2.728374 -3.631351 2.484617
-4.203186 -3.286870 1.225484
-0.144076 -4.625149 0.963701
-0.340828 -1.864092 3.527065
-0.994976 -1.099349 -3.739858
-0.370065 -3.636736 -2.702671
-0.838333 -2.633995 -3.444139
0.221205 -4.331372 1.348417
-0.889172 -4.664562 -1.406341
-1.520450 -4.051688 -2.456851
0.214679 -4.235610 -1.591190
-2.832720 -4.652151 -0.067198
0.244438 -4.592744 -0.335017
-0.764591 -3.194749 3.105732
-0.984293 -2.896295 3.306546
-2.436910 -4.797371 -0.101171
-3.319081 -3.907961 -1.712206
-1.880444 -0.626172 -3.671275
-0.727054 -2.853077 -3.326571
-1.835999 -3.949877 2.492211
-3.011816 -3.243243 2.649899
-3.625035 -3.846178 1.358638
-2.898166 -4.370705 1.268313
0.582991 -4.419167 0.206523
-4.243741 -3.021699 -1.547258
-0.214725 -2.029012 3.454683
0.805962 -3.672073 1.815151
-1.207284 -4.600700 1.578936
-0.734318 -3.763896 -2.692662
-0.272649 -3.862297 -2.440345
-1.806002 -2.088540 3.590494
-2.353557 -2.222674 -3.477371
-4.540195 -2.479873 -1.497346
-1.563753 -2.968215 3.281622
-3.858286 -3.756290 1.095733
-4.002590 -2.518471 -2.306628
-0.397142 -4.058837 2.227154
-4.440413 -3.261206 0.470855
-2.838378 -4.458639 1.111327
-0.303682 -4.476344 1.502475
-3.647079 -3.160125 -2.237422
-2.400365 -1.494316 -3.595474
-1.057498 -2.682270 -3.449224
-4.438140 -2.903771 1.240196
-3.324439 -2.505575 -2.919283
-1.192945 -4.762853 -1.211698
-1.177838 -1.545158 -3.740454
-0.695802 -0.843144 3.645751
-1.179283 -3.028933 3.252013
-2.487632 -3.247543 2.910145
-4.501161 -3.223138 -0.132528
-1.760366 -1.659022 -3.709085
-1.649757 -4.938618 -0.297404
-3.215640 -3.623019 -2.190130
-0.450445 -4.373493 1.786012
-1.313464 -3.376838 3.038246
-3.406704 -1.663588 -3.106379
-1.319393 -2.124619 -3.647445
-1.334364 -1.116252 -3.756679
-2.705380 -2.991456 -3.018440
-2.397028 -3.153550 -3.042431
-2.974137 -3.732565 -2.259828
-1.478601 -1.845115 -3.703376
-1.337636 -1.724450 -3.724214
-0.755481 -1.163475 -3.711143
-1.178082 -0.887036 -3.739488
-3.280869 -3.143133 2.539841
-1.009332 -2.706844 3.397933
0.956873 -2.901229 -2.971577
0.839075 -4.322111 -0.913331
1.069758 -4.085928 -1.455217
1.088069 -4.145875 -1.272121
0.816770 -3.829319 1.582049
0.341483 -2.228215 -3.453807
0.100910 -3.181271 -2.956318
-0.043182 -2.599277 -3.323209
0.261938 -3.311748 -2.835189
1.070745 -3.877789 -1.881230
0.028831 -1.879710 -3.579632
1.654793 -3.986166 -0.851615
1.581447 -3.652556 -1.814103
0.880402 -4.225843 0.718256
0.493029 -4.171945 -1.629964
-0.073433 -2.374105 -3.423727
1.133355 -3.425915 -2.449362
0.098844 -2.262254 -3.462763
1.659480 -3.392374 -2.108226
1.376194 -3.671914 1.453519
-0.007233 -1.632863 -3.629023
1.134305 -4.250775 0.250431
0.487697 -3.375351 -2.739876
-3.575065 -0.087797 -3.237180
-3.469097 -0.703622 3.670404
-0.945540 -0.606865 3.728060
-4.206001 -0.910740 -2.802578
-5.650194 -0.672920 1.412406
-5.672830 -0.131471 -1.031024
-5.820648 0.293153 0.791035
-3.074938 -0.400369 -3.393083
-2.038333 0.413689 -3.479745
-3.433309 1.280412 3.438900
-2.628788 0.453992 3.883379
-4.239530 -1.505468 -2.556243
-3.821893 -0.647091 3.523208
-4.313265 -1.571709 2.903921
-5.640724 -0.578815 -1.038479
-2.966251 1.797348 3.322297
-5.042823 -2.311627 -0.687995
-3.466464 0.959743 -3.108132
-5.211959 1.565325 1.541195
-5.737248 0.885757 -0.073719
-5.236319 0.158448 2.310455
-1.500271 -0.322478 3.897850
-5.307296 -1.550515 -1.185015
-1.156460 -0.367854 3.817617
-4.144000 -1.821129 -2.449508
-3.578757 0.533745 3.612099
-5.365924 1.679069 -0.398180
-4.151727 1.851194 2.683693
-5.078498 -1.039291 2.355978
-5.875679 -0.130870 -0.085752
-1.456253 0.813580 3.773515
-4.771599 2.285999 -0.918700
-5.596407 -0.040316 1.665524
-5.779294 -0.226903 1.109728
-5.807650 -0.682438 -0.313467
-4.787714 -2.287916 1.749107
-0.529375 -0.301937 3.586559
-5.784801 -0.858034 0.693178
-5.503916 -1.349788 1.326387
-3.635764 -0.747049 3.594172
-3.300103 1.818965 -2.760974
-2.874896 -1.254157 3.710120
-5.855075 0.368963 0.162335
-3.307878 0.473082 3.724864
-5.273755 1.915166 0.463101
-4.904012 -1.353451 -1.989796
-3.695589 0.035127 3.620875
-3.894046 1.881612 2.849591
-4.090594 -1.273520 -2.762507
-1.890366 -1.513613 3.682506
-4.869833 2.116844 -1.028368
-4.534991 -0.369866 3.088607
-5.335755 -2.079123 0.293229
-5.557517 -0.124807 -1.317804
-3.664232 1.618147 -2.721909
-5.152323 -0.969789 -1.841276
-5.533860 0.780745 1.525796
-0.986241 0.625360 3.694734
-5.757695 -1.095729 0.343120
-5.089315 1.536355 1.825903
-4.738267 -2.597800 -0.857551
-4.667081 -2.114084 2.138919
-5.302495 1.260647 1.675761
-4.147852 1.520401 2.918641
-5.506849 -1.212760 -1.013986
-5.801447 0.612792 0.532847
-2.860483 -0.125999 -3.451805
-2.719296 -0.359529 3.908378
-5.260919 1.859396 0.822783
-5.257317 -0.454952 -1.832458
-5.413358 -0.053036 -1.602667
-5.718451 -0.409754 1.296426
-4.143644 1.245745 3.070856
-4.488290 -1.930101 -2.071627
-4.775806 -1.144477 2.677848
-5.253028 1.345279 -1.259468
-2.290796 -0.972676 3.859437
-4.920319 0.128041 2.717579
-4.577895 -0.893637 -2.517436
-2.882978 0.360679 -3.415167
-5.804446 0.656273 0.119073
-2.899593 0.932835 3.727669
-2.987073 1.202885 3.614234
-4.686493 -2.750537 1.024178
-4.723923 2.572658 -0.062941
-3.960102 0.339069 3.458548
-5.588627 -1.013541 1.385961
-5.770508 -0.271079 -0.699388
-3.419819 1.732513 3.206879
-5.688577 -0.381200 -0.958045
-4.899879 -0.365801 2.741128
-5.678306 1.080987 0.490404
-5.836296 -0.738014 0.126506
-2.609676 1.212627 3.682023
-5.420946 -1.311745 -1.146440
-4.449354 -1.008283 -2.592854
-5.486150 -0.264713 1.900759
-4.370370 -2.711371 1.754736
-3.194592 0.072791 3.804958
-1.623764 0.889741 3.781259
-4.322297 -0.816786 3.183047
-5.016663 1.984401 -0.926150
-3.076607 -0.864532 3.766228
-5.506084 -0.734408 1.749372
-5.436776 -1.747377 0.953337
-4.773545 2.088993 -1.262381
-1.880159 0.677893 3.862861
-1.748508 0.303084 -3.474211
-4.731324 -0.925354 2.802989
-2.704150 0.856536 3.785769
-3.853340 1.453797 3.150581
-5.052900 -0.282796 2.570284
-3.289899 1.979556 -2.653960
-4.566799 -2.347644 -1.567538
-5.521245 -0.075990 1.834581
-4.335199 0.797279 -2.670827
-4.386648 1.850419 -2.033616
-1.598220 -0.167750 3.918825
-4.578288 1.179434 2.746123
-5.080763 -2.427171 0.509682
-4.122793 -1.882596 2.864863
-5.384007 1.727864 -0.074810
-4.073634 -0.671002 3.379055
-4.020434 -2.326411 2.593069
-3.291831 0.551904 -3.276332
-4.722034 1.497687 2.395111
-5.679773 -1.065559 -0.573596
-4.584182 0.774259 2.911616
-3.552317 -0.621737 -3.210787
-3.091124 -2.098634 3.252924
-5.683000 0.280772 1.372398
-5.124752 0.404381 2.421599
-3.395261 -1.013688 3.631669
-1.672243 -1.233279 3.759668
-5.212830 -1.380111 1.957068
-5.831367 0.022931 0.852259
-4.842191 -1.593972 2.357445
-1.837708 1.226836 3.693325
-2.586792 -1.512552 3.664706
-4.251873 -1.899624 -2.312078
-4.811192 -2.500777 1.336893
-4.672771 -1.523604 -2.158459
-1.821994 0.123201 -3.497785
-4.376438 1.895460 2.443090
-1.363011 1.140218 3.650810
-2.187580 -1.685412 3.618088
-5.298559 1.571195 -0.870322
-4.282023 0.727151 3.170917
-3.455084 -0.313970 3.718825
0.324599 0.341764 -4.004690
-0.929909 0.457289 -3.733436
-0.519516 0.608325 -3.852546
-0.805345 0.261015 -3.793916
0.334023 1.113542 -3.876962
0.214669 -0.168653 -3.994921
-0.335995 -0.803493 -3.811742
-1.019666 -0.357450 -3.679762
-1.197643 0.016145 -3.629805
0.368049 0.028544 -4.011412
0.370995 -1.494842 -3.646259
-0.341306 -1.026774 -3.744651
0.432699 -1.185268 -3.778470
-4.188062 3.303137 -0.367560
-4.264143 3.287898 0.115222
-2.762044 3.553954 -1.876769
-4.366228 3.117645 0.638185
-2.855485 3.045743 2.735140
-3.642243 3.363350 -1.381248
-4.557292 2.884567 0.196605
-2.145314 3.454520 2.621320
-2.747486 2.774107 2.968646
-2.681718 4.193743 1.192970
-3.835086 2.975047 2.036626
-3.231268 2.846511 2.673927
-3.286684 2.750349 -2.285155
-3.358313 3.228851 2.251716
-2.422556 4.398189 0.560190
-2.691890 4.020815 1.619575
-3.982875 2.746343 2.075027
-3.742924 3.633918 1.114570
-2.704118 2.136531 3.282180
-2.911816 3.753747 -1.515530
-4.476408 2.858490 0.955025
-3.257777 4.081918 0.574592
-2.925863 2.606618 -2.570055
-2.115743 4.396634 0.923676
-1.605716 2.914316 3.092726
-4.336944 3.145886 -0.266513
-2.048840 3.894568 2.115074
-3.623730 3.638618 -0.921303
-2.889891 2.228590 -2.759775
-4.304267 2.973852 -0.828331
-3.407601 4.019361 0.187260
-2.264350 4.449337 0.222804
-2.822127 3.988132 -1.165810
-3.203320 3.845912 1.497688
-3.391823 3.369712 -1.643628
-2.177001 3.626014 2.433424
-2.943453 3.305688 -2.043872
-4.709637 2.591476 -0.027667
-4.102854 3.085048 -1.084057
-2.730672 1.823847 -2.943098
-4.447722 2.927789 -0.474235
-4.257755 2.647878 -1.352714
-3.406047 2.217084 -2.492625
-2.747380 2.970859 -2.419809
-0.513310 4.650265 1.437711
0.411410 0.397667 3.529692
0.707460 2.761705 3.195232
-0.774685 3.109536 -3.234551
-1.300155 4.738474 -0.878479
-1.319905 2.855184 3.189370
-1.018641 3.052515 -3.227661
1.573441 3.702943 1.970311
-0.135426 0.659820 3.655934
-1.677128 4.259623 1.700668
-2.296674 1.831401 -3.181115
-0.082935 3.944183 -2.576547
-2.455895 1.552655 -3.121251
-0.499516 2.884248 3.309453
-0.545624 4.004865 2.450061
-1.115784 4.075225 2.256969
0.396975 4.138825 2.167780
1.395121 3.916735 1.855345
-0.954400 3.967092 2.429636
-2.286005 3.294596 -2.483555
-1.734033 2.320548 -3.337623
-0.624556 3.740193 2.712378
0.247149 2.453562 -3.509770
-1.390050 1.737645 -3.595306
-0.017063 2.938065 -3.335909
0.066268 4.328285 -2.061715
-0.081197 3.659178 -2.851504
-1.173307 3.515731 2.802424
-0.219595 4.487941 -1.839432
-0.350066 2.836343 -3.405537
-1.795365 3.641740 -2.498831
-0.449541 3.158852 -3.229542
-0.264609 2.451546 -3.563334
-0.855660 3.438197 -3.003501
1.776264 4.262496 0.273374
0.657335 4.056946 2.168843
-0.003639 4.435470 -1.901791
-0.473910 4.916583 -0.562763
-1.012636 2.276799 -3.563350
-1.403648 4.629053 1.090580
-2.034797 2.164558 -3.247006
-0.456665 1.508281 3.692423
0.313291 3.560390 2.797124
-0.994412 4.149556 -2.268729
-0.816935 3.153071 3.132514
-1.551247 0.847780 -3.564669
-0.552831 4.747252 1.181714
-1.172046 2.102764 3.508565
-0.742653 1.009849 -3.750834
-1.008245 3.450057 2.895293
-0.057313 4.105966 -2.387645
1.181157 2.675714 3.038674
1.728106 4.055478 1.197106
-1.889945 4.567432 -0.700356
-0.518844 0.330249 3.595604
-0.663455 1.936526 -3.693199
0.417759 3.992586 -2.412904
-0.735465 1.799921 3.640863
0.435393 0.676297 3.577066
-1.329931 4.771361 0.614698
0.674535 3.757650 2.501244
-2.029058 4.246486 -1.466542
0.964236 4.561414 0.970379
0.564900 4.829393 0.193565
-0.267590 2.100592 3.597198
-1.604325 4.672276 0.682675
-1.983358 3.176980 -2.780665
0.783935 4.676144 -0.858985
0.952768 2.499075 3.219020
2.232102 3.738917 0.885212
-1.639469 4.172211 -1.941516
-1.634902 4.532009 1.143411
-2.367767 2.720076 -2.816097
-0.482711 0.683840 3.665225
0.402566 3.848738 2.505764
-2.373254 4.260361 -0.874389
-0.984252 4.315028 1.965726
-0.583684 2.455930 -3.556924
0.177677 1.886915 3.603091
0.080518 1.074961 3.674971
0.914821 2.898676 3.047547
-2.132080 4.474043 0.480076
-1.256560 1.180496 -3.668413
0.633510 3.644689 -2.695668
1.742597 4.292470 -0.269605
-1.696103 2.614614 -3.240135
-0.928743 1.856883 3.606929
0.071412 2.221283 -3.610111
-1.611569 0.399756 -3.467530
0.597620 4.702872 0.907503
-0.222395 3.787106 -2.746601
0.369261 1.840578 -3.647546
0.248824 2.635728 -3.439068
1.570913 4.152807 -1.296454
-1.918501 3.707994 -2.354144
0.047465 2.329670 3.510540
-1.374383 4.807648 -0.309978
-0.447608 1.554243 -3.758917
1.348503 4.535851 -0.124916
-0.812185 0.956149 3.669650
-1.667751 3.815822 2.319125
-1.324708 0.413797 -3.561305
-1.003358 0.929131 3.639808
-1.581077 4.661835 -0.837655
-0.127274 0.381531 3.602638
1.275050 4.508164 -0.697117
-1.032521 1.739425 -3.678523
0.398140 1.906028 3.559363
-0.871530 4.913610 -0.279994
0.210788 0.421469 3.573158
1.327088 4.525884 0.348715
-2.407283 3.404367 -2.281667
-0.305820 1.400815 -3.769942
1.911532 4.016692 0.931163
-1.204033 4.746167 0.874049
-2.270875 3.021662 -2.702143
1.196427 4.552142 0.596788
-1.066380 4.711469 1.096688
1.281738 2.373897 3.113907
-0.313612 3.508911 2.918612
-0.208927 4.058253 2.389771
2.087237 -1.250255 -3.953120
2.736842 3.845811 -1.252852
4.493707 2.244671 -2.400512
4.801775 -0.907774 -2.618642
2.193557 2.853558 -3.224880
2.518699 -3.021608 -2.219319
2.689373 2.604814 -3.354327
3.894966 -1.741310 -3.002691
3.242586 3.758519 -0.313827
2.671853 -1.426501 -3.788370
2.675117 -3.065921 -2.062132
2.671045 3.895683 -0.034182
1.045717 1.139051 -4.067089
4.919183 2.480353 -0.873608
1.224184 -0.881607 -4.028255
3.471564 -0.525518 -3.849657
2.863132 -0.093378 -4.140407
3.374363 -1.911825 -3.210509
3.741631 -0.616582 -3.685347
4.449944 -0.875514 -3.048982
1.594640 -0.821657 -4.101306
3.627619 2.405726 -3.088846
0.893758 1.790921 -3.793924
4.982668 -0.429309 -2.574999
3.590053 -0.363116 -3.826915
1.548098 -0.039998 -4.246571
3.021142 -1.659452 -3.550920
2.111985 3.982331 -0.912429
4.191161 2.877779 -1.961307
2.811557 3.747220 -1.577336
5.245154 0.553339 -2.233672
2.249196 3.813041 0.601798
3.027860 -1.452691 -3.671103
3.066920 -0.199474 -4.068657
4.119887 1.951591 -3.052866
4.383692 -0.427407 -3.268842
4.236121 0.563379 -3.462692
1.367714 1.305783 -4.087285
3.311195 0.261800 -4.011329
2.884830 2.178946 -3.604784
4.157819 0.414523 -3.534032
4.835670 1.727624 -2.374699
1.551065 -2.176752 -3.345620
4.236821 3.163361 -0.045152
4.753222 1.466810 -2.669037
2.179892 1.570984 -4.033639
2.490993 3.953243 -0.274761
1.527210 0.445450 -4.252655
1.848601 3.615228 -2.200527
4.166963 0.828638 -3.477498
1.847507 2.332665 -3.654201
2.277184 3.696905 0.907860
5.117483 1.577025 -1.976915
5.143960 0.200952 -2.439499
1.209918 -1.108385 -3.942382
2.276309 -0.662600 -4.143854
1.994505 -0.446213 -4.209013
4.128507 3.207004 -1.229095
1.992391 3.254823 -2.785108
4.914393 -0.097243 -2.754713
4.153383 3.254713 -0.247827
2.153979 0.907106 -4.215536
2.244019 -0.447961 -4.195376
3.921635 3.364876 0.088953
1.605804 3.607342 -2.187602
3.474194 3.315134 -2.050209
3.711726 3.522324 -0.105532
3.753086 -1.076055 -3.511542
4.543081 2.382013 -2.165975
3.799485 0.574178 -3.759148
4.607131 1.494541 -2.835669
2.797949 -2.185655 -3.223973
0.908179 1.254144 -3.999169
2.873479 3.848858 -1.036339
3.949128 1.446297 -3.452389
3.954774 2.474332 -2.771094
2.768991 3.477618 1.181847
0.900661 -0.512325 -4.050193
1.299580 3.099373 -2.897954
3.894100 -2.251970 -2.478945
3.323199 3.648389 0.228955
3.194946 3.646051 0.434852
2.284225 -0.162853 -4.235946
2.890804 -2.971304 -2.142369
3.337655 3.680075 0.038397
2.295417 0.798407 -4.221314
3.271724 3.559494 -1.688429
1.028089 0.384456 -4.167271
2.597480 -3.173130 -1.844769
1.713890 1.153504 -4.165159
2.261354 0.118569 -4.259944
4.768158 -0.684366 -2.773161
2.852632 -1.149398 -3.873114
4.515184 2.961326 -0.449297
3.964475 2.745276 -2.455549
4.737185 2.632303 -1.226287
2.649688 -2.691794 -2.709108
3.068129 2.405275 -3.384416
4.708993 2.710487 -1.043350
1.935210 -1.890300 -3.593989
2.969243 -2.635250 -2.654382
2.837808 3.636508 0.800299
1.509772 1.820593 -3.914316
2.977399 3.017637 -2.841513
3.196271 -0.792097 -3.892156
3.077254 0.103914 -4.092171
1.342057 0.161089 -4.231062
1.487845 2.887084 -3.169937
1.683559 -1.223695 -3.960237
1.972618 2.506708 -3.532070
3.136831 3.715535 0.247018
0.961804 -0.306276 -4.106634
1.416781 -1.553000 -3.766424
2.520108 3.860793 -1.379966
3.091642 3.207087 -2.531449
2.027800 -0.039826 -4.264143
2.978710 1.431943 -3.931546
1.965993 3.948111 -1.191461
2.393494 3.520533 1.243554
5.013263 2.324757 -0.990942
3.299465 2.258185 -3.388781
2.385895 3.414702 1.426347
3.082038 3.548620 0.829400
3.595210 2.196833 -3.270508
6.058299 1.550541 0.300581
4.848945 -1.431394 3.503079
2.992491 -1.734344 4.043433
5.533614 2.308068 0.667742
1.987205 -3.281808 2.631758
2.784133 1.884426 3.714622
6.174667 -1.750161 1.035956
5.606031 -1.255516 2.855014
4.431252 3.130793 0.582443
4.194839 -2.344078 3.368033
5.317552 -1.848054 2.849293
3.754949 1.732976 3.661212
2.709947 1.665670 3.852481
1.418210 0.137879 4.089972
4.981415 -3.164445 1.352303
5.392754 0.473187 -1.959398
2.802031 3.165518 2.202643
1.196721 -1.887562 3.578512
5.652054 -0.125541 3.025131
4.027063 -3.250718 2.442571
1.344851 0.826293 3.914984
1.616372 -3.223841 2.535307
3.106939 3.478465 1.023137
6.135193 0.648995 2.037400
4.601023 -0.502645 3.884335
5.965843 0.934723 2.212521
1.837034 -3.166403 2.736321
3.296434 0.474836 4.264961
1.536375 -0.933401 4.081542
3.410794 -3.653201 1.988021
3.533490 -1.308058 4.128043
2.398057 3.160883 2.165081
6.329500 0.815053 0.052832
5.231402 -2.915460 1.502141
4.692589 -3.175675 -0.655586
4.498883 -2.479225 -1.816230
3.404317 -3.862629 0.010347
5.452130 -0.194996 3.247551
6.519927 -0.068952 0.683640
2.351761 -3.886122 -0.011361
6.071415 -0.901128 2.277453
2.083498 0.731055 4.174166
4.356270 0.703526 3.890643
2.673156 -3.935433 1.095037
5.412819 -2.871410 0.908943
4.388487 -3.348363 1.917920
5.472843 2.332467 1.083227
3.692006 3.400280 0.530445
6.252818 0.862295 1.503189
0.625057 -1.771953 3.261533
5.447025 1.443914 2.653100
6.411060 -0.910707 1.228452
5.508406 -2.073016 -1.148578
5.718598 -2.487694 1.137714
6.113092 0.338475 -0.980041
3.321177 -0.132122 4.327230
5.487415 0.538887 3.095380
6.281328 0.873488 -0.110392
2.996365 -3.641695 -0.882195
2.637756 2.402263 3.283608
4.349390 1.414001 3.601321
5.449147 2.338082 0.074065
3.715139 -1.340359 4.073875
2.571618 -2.713063 3.412825
4.343633 -3.044964 2.527280
6.337789 0.731385 1.289372
2.801718 -3.714322 -0.722559
3.847399 -3.540407 -0.741593
1.849379 -3.847659 0.666348
4.975811 2.803749 0.622226
4.246864 -1.624640 3.772370
5.194387 -1.538440 3.167873
2.178866 2.136261 3.462646
2.367332 -3.304594 2.710353
6.443521 -0.227632 1.397382
4.452142 3.000881 1.515039
5.486586 1.415703 -1.369036
4.462982 -3.283773 -0.721916
3.149508 -3.880062 -0.083281
4.938043 2.242040 2.430824
5.465176 -1.874931 -1.392550
3.818721 0.938656 4.027083
6.014689 0.300805 -1.181089
5.587253 1.502216 -1.144533
5.582265 -0.988994 -1.733671
3.846451 -3.441002 2.216200
4.358126 2.517423 2.622218
0.870811 -2.380103 3.012702
1.767894 1.410236 3.833045
3.510895 -3.747244 -0.403634
6.421837 0.607953 0.392498
5.888417 -2.199647 1.301520
6.208162 -1.582461 -0.022109
5.256041 2.575363 0.784872
5.205139 2.613081 0.379938
5.273382 -3.001251 0.328256
5.620471 1.951046 -0.467583
3.383751 3.444016 1.021212
4.859177 2.675228 1.749823
3.420054 -2.806734 3.258748
3.248839 3.474562 0.898818
5.915677 1.637308 -0.212117
5.891434 -1.775541 2.016401
2.597368 -3.148592 2.954051
5.618411 -2.160723 2.114008
4.828478 2.900209 0.801548
4.229187 -3.482236 1.766524
1.906515 -1.743052 3.931515
2.883421 -3.935114 1.099954
3.309172 -1.327914 4.162541
5.400046 2.064425 -0.748997
6.177594 0.345817 2.090610
4.391071 -2.121556 3.422331
6.461387 0.296943 0.193599
4.290543 -3.512597 1.585463
1.839620 -3.519868 2.127175
3.834170 -0.069257 4.213251
2.145992 1.313597 3.975278
5.256295 2.373550 1.682597
5.094598 1.253036 3.168585
1.426291 -3.133607 2.549119
6.245211 1.189207 0.662720
0.977971 -2.739157 2.728054
0.820917 0.514038 3.723527
4.546037 -3.510747 0.318968
3.430513 -3.245079 -1.483916
2.216409 -3.600500 2.137751
2.312203 -3.908800 0.173828
5.544384 -2.476001 -0.515357
3.100305 2.328557 3.340061
5.868526 -0.301320 2.740468
6.307903 0.957836 0.221238
1.615222 2.384284 3.036908
2.405334 -1.910334 3.945239
6.208421 -0.558201 2.093076
3.351593 -3.916963 0.414751
3.286306 2.161058 3.461827
0.929671 -1.732754 3.504988
5.311194 2.397911 1.471039
3.148389 -3.425140 -1.276145
6.100100 -1.918793 0.273897
2.527516 3.336869 1.733948
2.469211 2.073313 3.559803
3.463161 -3.616913 -0.797745
5.398979 -0.855040 3.225841
4.049901 -2.040318 3.642906
5.123735 2.206414 -0.982984
6.206475 0.148445 -0.832693
1.304969 1.270399 3.719264
1.712639 -2.800668 3.120025
3.206080 -0.664590 4.317408
5.809043 1.968908 0.504260
3.374444 -3.075990 -1.721931
4.891376 2.687276 -0.400063
4.706697 1.623811 3.247585
0.756071 -2.105036 3.146653
3.065945 -1.982935 3.917042
2.498801 3.245985 1.986915
1.974177 1.940250 3.566263
5.458050 -1.035070 -1.858988
4.092367 3.043053 1.886338
4.164086 -2.711564 3.057536
5.224964 0.712506 3.300468
3.660300 -3.862199 0.648098
2.328344 1.260541 4.028604
3.210830 1.854093 3.705649
2.741843 -3.962934 0.783858
4.125557 -2.965681 2.791407
4.879922 -2.876118 -0.976667
1.040027 0.721642 3.797186
5.812527 -2.411741 0.432021
1.348301 1.817020 3.411421
5.312696 -0.648704 3.350002
2.109421 2.549439 3.041269
5.696906 0.282819 2.916648
5.334715 -1.181944 3.189834
5.295618 -2.163096 2.608954
6.034236 -1.717284 1.722167
1.989172 1.688856 3.739811
6.475200 -0.623994 1.076882
3.840371 -0.442665 4.208353
5.026055 1.066116 3.326997
3.441639 -3.278438 2.686393
5.460550 0.725643 -1.804909
4.296361 0.312890 4.004903
1.604757 -1.629712 3.887414
6.514269 -0.482492 0.695615
3.688644 0.765207 4.117995
5.842785 -0.473478 -1.510121
4.145650 3.235596 0.244031
6.495965 -0.519115 0.279680
5.777877 1.095654 2.436782
4.648871 2.966460 1.187585
5.852992 -2.300970 0.114210
3.642032 3.274876 1.623023
6.411874 -0.643165 1.433535
2.661355 -2.293851 3.741497
5.657587 1.011164 2.675800
3.952941 1.912179 3.463926
5.775086 -0.179074 2.871537
5.717623 1.083997 -1.286444
5.139176 -2.499000 -1.182355
4.084991 -3.433091 2.045568
5.657214 2.127542 1.062095
4.329785 -0.067156 4.028987
5.858391 -2.198845 -0.174828
4.259841 -3.571217 1.415317
4.037761 3.294296 0.765908
4.308908 -2.872276 -1.531639
1.457084 1.698886 3.546310
2.351312 -3.939958 0.729754
4.956585 -1.872035 3.188134
1.751457 2.069151 3.393549
6.513031 -0.445635 0.449993
5.065426 2.413098 -0.719585
1.191518 -0.743701 3.971672
6.228758 -1.677030 0.748816
3.272507 2.563992 3.068997
4.965417 -2.750490 2.317462
5.928370 0.002222 2.638769
5.436879 1.983294 2.064313
2.289636 2.955013 2.530371
2.902513 -0.590895 4.347562
4.083807 2.875902 2.262089
6.126944 0.058365 -1.024710
1.493075 -3.623500 1.511567
0.923066 0.139006 3.850952
5.861542 0.715466 2.531754
5.785977 1.773282 1.614596
1.777119 -1.153421 4.107945
5.819978 -2.090741 -0.509774
4.235005 -3.503604 -0.441140
3.948740 -2.349274 3.477490
4.827302 -3.008156 -0.812625
3.280842 -0.307913 4.333171
6.126769 0.886755 -0.626564
5.898582 -1.033657 2.533390
2.598789 0.021660 4.354438
5.644380 1.719294 2.047832
4.742996 -1.844984 3.371158
3.049634 -3.544283 -1.078271
1.552779 -0.126027 4.157475
1.050019 -2.575745 2.964535
3.942179 2.611858 2.769565
2.687634 -2.847909 3.293026
2.555740 3.429779 1.380687
4.776782 -2.506811 -1.567063
4.795575 2.855904 1.289789
5.029871 0.211170 3.585412
2.630702 -1.948404 3.943743
3.062718 -3.937993 0.260974
3.727144 -3.679664 1.710197
6.438632 -0.404298 -0.145541
3.465742 -0.787919 4.261420
2.558048 -3.787231 -0.494133
4.628379 -0.869136 3.816553
2.805823 -3.224058 -1.609131
3.023375 1.652853 3.851909
1.980070 -3.821490 1.273402
1.711331 -2.623911 3.289938
3.956412 -2.656449 -1.962601
4.854117 -2.176297 3.056031
3.831204 -1.593979 3.946917
2.424619 -2.924624 3.192122
2.959388 -2.138173 3.836936
5.770583 -1.718781 -1.057643
3.372069 -3.019276 3.044178
2.717850 -3.495116 2.443595
