-4.176436 -0.959597 0.270405
-3.607472 -1.819648 -0.331400
-3.939234 -0.748410 0.905316
-2.277914 -2.146343 -0.204310
-3.289303 -1.337762 -1.357478
-2.372450 -1.966993 -0.865973
-2.934427 -0.809391 -1.691746
-4.085014 0.119328 -0.546934
-2.997543 -0.811936 1.527037
-3.940372 0.300683 -0.686457
-2.888382 -1.272112 -1.539345
-3.373652 -1.861459 -0.684489
-3.886602 -1.170870 -0.919070
-4.081283 -1.226212 0.234381
-3.546030 -1.033579 1.205627
-2.980572 -1.517104 1.207751
-3.022674 -1.043386 1.457561
-3.900266 -1.531176 -0.330727
-4.068986 0.204449 0.321652
-3.996855 -1.401078 0.160202
-2.976684 -1.774840 0.953932
-3.799494 -1.059516 0.957712
-4.075444 -0.057884 0.588481
-3.225634 -1.048839 1.384079
-3.112094 -1.970882 -0.707246
-2.687277 -1.246899 1.428285
-3.776463 -0.413397 -1.268192
-2.609205 -1.925959 0.816613
-3.416000 -0.427918 -1.539991
-1.503481 2.302708 -0.022446
-1.614519 2.280509 -0.474144
-2.168246 1.102339 -2.001246
-3.688705 0.680804 -1.103978
-3.277344 1.501122 -1.011099
-1.167449 2.142879 -0.632069
-3.934966 0.739559 0.118547
-2.322422 -1.027122 1.681982
-2.677702 -0.264162 1.889565
-3.142729 1.789037 -0.699270
-1.634342 0.666562 -2.170705
-2.337030 0.394163 -2.173840
-1.865380 1.254497 -1.946129
-1.888163 1.962312 -1.281732
-2.872213 -0.778379 -1.740368
-3.778707 1.157063 0.003549
-2.576532 2.195065 -0.291645
-3.206736 0.934303 -1.580351
-3.614208 1.412970 -0.264943
-2.622512 1.243541 -1.787485
-2.119476 0.436792 -2.207353
-2.880808 0.851724 -1.853164
-1.987692 -0.018495 -2.229838
-2.944287 2.036044 -0.029007
-3.390687 1.133814 -1.253094
-3.116286 1.218947 -1.483060
-3.902625 0.543959 -0.669670
-2.627560 1.615337 -1.483553
-1.709697 2.113331 -1.009010
-3.316176 1.761845 -0.008585
-2.981314 2.004830 -0.260274
-2.037984 1.545611 -1.732421
-3.573332 1.415142 -0.489110
-3.785068 1.045082 -0.509211
-1.495884 2.230091 -0.621813
-1.735291 0.403934 -2.224816
-2.630857 1.865336 -1.166617
-1.155336 0.296753 2.197832
-2.208002 -2.078897 -0.643456
-1.937706 -2.110537 1.119951
-0.132882 -2.811677 0.405100
-0.020346 -0.124964 2.322315
-2.055236 -1.163242 1.765323
0.450932 -2.650779 -0.080993
-1.974366 -1.875945 -1.297103
-0.862186 -2.859477 -0.047696
-1.698429 -0.545115 2.125609
-1.834309 -0.438867 2.045344
-0.792106 -0.031768 -2.286862
-1.140786 -0.140582 -2.245075
-0.513836 -2.841818 0.457125
-0.885292 -2.779433 0.638326
0.808220 -2.306622 0.759316
-0.216459 -0.475340 -2.319521
0.461904 -0.725277 -2.101678
-0.447027 -0.543949 -2.341635
-1.885127 -0.706036 2.002437
0.851323 -2.398853 0.285490
-0.493347 -0.294974 -2.334969
-1.840218 -2.249193 1.019913
-0.522435 0.645016 2.121302
-0.451188 -2.869107 -0.163707
-0.850070 -0.352643 -2.322640
-0.053480 0.210743 2.249055
-2.176628 -1.470413 1.489204
-1.078649 0.095223 2.280795
-1.073557 0.414057 -2.101784
0.285871 -0.132535 2.228671
-2.362483 1.030631 2.324628
-3.401194 0.526614 1.604747
-2.124191 1.444322 2.238698
-1.252873 0.948750 2.195562
-3.055036 1.154281 1.957966
-2.906976 2.102410 1.192642
-2.449996 0.353510 2.268480
-1.725341 0.600196 2.351251
-2.991310 0.537585 2.043036
-3.243251 0.901453 1.831384
-2.280841 1.536256 2.174161
-3.284939 0.347461 1.705159
-2.399453 0.526425 2.317980
-3.209534 1.504466 1.617301
-1.012512 1.268668 1.965129
-2.506948 2.019292 1.711161
-2.995790 0.175395 1.921812
-3.042918 1.391028 1.870567
-2.871290 0.247110 2.043666
-1.439077 1.516734 2.099383
-2.783012 1.255077 2.112028
-1.902709 1.079088 2.352203
-3.283514 1.788557 0.310716
0.317575 0.085645 2.279232
1.538060 0.510078 -2.225277
1.730948 2.165776 -1.305610
-0.960058 1.999764 -1.089109
-0.742561 2.230820 -1.028528
1.649997 2.371819 -1.065900
-0.438903 2.636501 -0.373258
1.183077 0.806220 2.232756
1.015507 2.761551 -0.674298
0.994387 -0.532583 -2.147878
-0.066259 2.788915 0.174653
1.354403 2.638799 -0.767173
0.426948 -0.239647 -2.303540
-0.326603 2.600986 -0.734614
2.021798 2.043934 -1.149582
2.203350 2.233568 -0.235407
-0.884355 2.292222 -0.641028
0.158180 -0.152057 -2.297200
0.567230 2.885289 0.061393
1.711966 2.566105 0.319043
0.307695 2.847001 -0.397168
-1.075050 2.146559 -0.555152
2.011082 2.334851 -0.562806
1.720863 2.440002 0.737441
-0.866613 2.357249 -0.456104
-0.942523 2.207549 0.638589
2.048080 1.805300 -1.394597
0.946645 2.833227 0.296034
0.154220 0.149926 -2.363829
0.815797 -2.266069 -0.903120
-0.095424 -2.637008 -1.571914
-0.142660 -1.275911 -2.433385
-1.135147 -1.326917 -2.330029
-1.112342 -2.709907 -1.166727
-1.792033 -1.941191 -1.529232
-1.122113 -2.751180 -0.851762
0.154323 -1.601433 -2.292866
-0.734625 -2.776937 -1.310754
-0.244077 -2.838174 -0.494992
-0.366601 -2.489701 -1.860653
-1.262517 -1.013813 -2.262832
-1.026365 -2.028856 -2.144003
-1.045115 -1.146818 -2.369494
0.036166 -1.360371 -2.380285
-0.791302 -0.899152 -2.411733
-0.858238 -1.556594 -2.386248
-0.883486 -1.358406 -2.411696
-0.501066 -0.387639 2.481403
-1.174894 -2.382796 1.735426
-1.127687 -1.216916 2.486260
0.172898 -1.858174 2.302643
-0.317510 -0.290220 2.427482
0.674167 -1.128680 2.194040
-0.841155 -1.146043 2.586245
0.513576 -2.277306 1.624864
0.036051 -0.488695 2.444892
0.490847 -0.559501 2.237668
0.083088 -2.668717 1.066943
-0.257298 -2.429598 1.935165
0.675067 -0.648793 2.116171
-0.310262 -2.665844 1.492462
-0.785120 -1.614226 2.511288
-0.422715 -0.902594 2.622255
-0.957561 -1.790394 2.390601
-0.995843 -0.628869 2.477352
-1.031830 -2.637053 1.221249
-0.424270 -2.757865 0.841664
-1.712022 -1.858946 1.753211
0.296416 -2.579896 1.059589
-1.197938 -0.931730 2.452135
-1.211498 -2.070451 2.081198
2.328422 1.988483 -0.956646
2.815790 1.142797 1.842582
2.470197 1.915817 -1.042378
3.344157 0.781693 1.729830
2.083112 0.168823 -2.320849
4.001816 -0.617201 -1.076334
1.699521 0.334811 2.353188
1.696259 1.134885 2.027291
3.905735 -0.778069 1.235627
1.496194 -2.474977 -0.083610
1.214793 -2.312561 -0.605242
2.618427 1.675742 1.419183
2.755605 0.259980 -2.168632
1.166672 -2.326069 0.562348
2.664966 0.420023 2.235037
1.972767 1.384725 -1.790583
4.011858 0.157943 1.188316
3.552267 0.113706 -1.707590
3.229967 -0.079195 2.041670
4.326595 -0.294911 0.011762
3.774430 -0.627297 1.486399
3.115873 0.911443 1.823746
2.581455 0.515268 -2.163929
2.929558 -2.307532 -0.100653
1.073069 -2.316890 -0.367748
3.957587 -0.911698 -0.988643
2.878945 1.450528 1.541228
3.625944 0.504304 1.598238
4.269649 -0.681577 0.038715
3.402815 0.724715 -1.640397
2.180348 1.049060 -2.012704
3.714377 0.553976 -1.404606
0.986437 -2.103201 -0.906390
3.892560 -0.955056 1.146899
1.900175 -2.479850 0.477942
1.974410 1.607193 1.648883
4.177845 -0.448419 0.818975
4.008403 -0.169661 -1.162106
2.386408 0.559985 2.267281
3.681400 -1.560430 0.847683
1.308814 -2.395752 -0.379252
4.204401 -0.647285 0.613100
3.228972 0.004513 -1.967728
4.057618 -1.155011 0.485627
4.134205 0.046203 -0.895136
3.798579 0.688170 1.285716
1.701925 1.285084 1.923368
2.373012 0.571649 -2.195944
2.871911 -2.323169 0.279817
2.878456 -0.061199 -2.155528
4.146871 -1.054615 -0.076262
1.438649 0.152901 2.340380
1.436387 0.422504 2.289053
2.608266 1.864899 1.133136
3.729724 -0.649101 -1.463430
3.471829 -1.972988 0.006984
2.305360 -2.415418 0.643990
2.112090 -0.025536 -2.336624
0.774829 -0.669516 2.035415
3.597414 -1.553009 1.017336
4.315454 -0.112833 -0.240361
3.880794 -1.132503 -0.945498
4.060083 -1.245963 0.040989
1.107300 0.125037 2.244224
2.200626 0.482031 2.318306
1.987996 0.334470 -2.296436
-0.141202 2.460525 -1.670218
1.181864 0.517877 -2.401275
-0.213422 1.771473 -2.332555
-0.452917 1.231282 -2.364060
-0.215622 0.353684 -2.332404
0.175875 2.714216 -0.983930
1.063760 2.465597 -1.688978
0.735821 2.716557 -1.107410
0.404964 1.281246 -2.639956
0.998795 2.653999 -1.101396
0.005692 1.278126 -2.573582
1.253501 1.938884 -2.180826
0.199050 2.594003 -1.605584
0.737451 1.730716 -2.495024
-0.856292 1.922307 -1.524594
1.730514 2.079861 1.468445
0.873030 2.426170 1.865322
1.351740 2.483951 1.443234
0.848432 2.847703 1.013385
-0.431836 1.704257 2.093551
1.198075 1.206623 2.268149
-0.351196 2.475685 1.533347
0.196754 2.880351 0.933455
0.984330 2.826096 0.873285
-0.071570 1.654692 2.289448
1.743699 1.603259 1.783094
1.409918 2.620571 0.678472
0.624493 2.893658 0.946079
-0.834098 2.197340 1.198247
1.342770 -0.535481 -2.240921
2.077338 -2.348044 -1.531315
1.604971 -0.599689 -2.360570
2.687943 -0.702943 -2.342530
3.065317 -2.193825 -1.062069
1.867310 -2.102928 -1.867230
2.240221 -1.862382 -2.107027
2.736854 -0.874590 -2.329917
3.022130 -1.142782 -2.148952
1.441891 -0.894222 -2.319383
2.903906 -2.307775 -0.993770
1.112541 -1.252754 -2.071397
1.892655 -2.390036 -1.408473
2.862857 -0.757282 -2.269727
2.948307 -1.700935 -1.948799
1.578237 -2.241019 -1.555040
2.673982 -1.318138 -2.282818
3.452964 -1.794191 -1.092325
3.100849 -1.526921 -1.942340
3.455543 -1.841640 -0.816434
2.604727 2.273855 0.047559
3.471128 1.398311 1.257651
3.761487 1.255219 1.134034
3.544372 0.930181 -1.463150
3.109474 1.530662 1.322501
4.216568 1.215761 0.481877
4.327789 0.057346 -0.018352
4.195709 0.675622 -0.858562
4.149670 1.007609 -0.841683
3.356105 1.521520 -1.288582
3.501209 1.562867 -1.173062
3.930147 1.393980 0.852328
2.404846 2.155088 0.517081
4.176119 0.161578 -0.775986
3.712615 1.517357 0.989704
4.250550 0.229220 0.603507
3.719661 1.827385 0.568879
2.207894 -2.162077 1.748925
1.785157 -1.670821 2.293219
2.269822 -1.560473 2.386681
2.161866 -1.886044 2.135208
1.367540 -0.384387 2.461886
1.127772 -1.186050 2.257861
3.076187 -0.420250 2.295588
0.933673 -1.109442 2.120539
1.214340 -0.472776 2.394389
1.130479 -0.306758 2.304457
2.939937 -0.902771 2.394012
2.950398 -1.514689 2.137452
3.305515 -1.820630 1.095671
2.728007 -1.349255 2.366241
1.992451 -1.269376 2.539599
1.360549 -1.026305 2.447481
2.596405 0.068920 2.380897
1.725085 0.020236 2.454507
-4.349088 -0.732446 -0.826132
-4.000961 -1.155133 -1.210434
-3.159176 -2.061387 0.894206
-3.294848 -2.154438 -0.760003
-4.269572 -1.202826 0.556512
-4.333437 0.292238 0.127958
-3.632282 -1.966307 -0.761231
-3.962415 -0.795351 -1.392718
-4.210219 -1.543280 -0.098942
-3.230950 -1.129273 -1.775298
-4.137808 -0.791212 -1.183693
-3.522770 -2.095986 0.462895
-3.649629 -1.101022 1.415131
-3.434089 -2.228232 -0.154986
-3.666023 -0.704270 -1.657040
-3.821230 -1.669383 0.833756
-2.645355 -1.981028 1.148529
-4.227005 -0.843475 -1.030771
-2.630719 -1.628735 -1.629190
-4.267458 0.063192 0.684918
-3.521965 -1.004821 1.530899
-3.066354 -1.401572 1.555216
-3.205101 -2.297546 -0.380060
-2.465697 -2.118088 -1.103247
-4.094746 -1.481939 -0.770387
-4.383556 -0.907832 0.500317
-2.955675 -2.310472 -0.611134
-3.934392 -1.655549 0.678713
-3.757254 -1.005312 -1.519706
-2.880318 -2.401017 -0.089819
-3.561579 -0.606310 1.582104
-4.304335 -1.033718 0.624828
-4.111597 -1.200492 0.876612
-3.323092 -1.783909 1.156544
-3.058263 -2.039980 -1.127809
-3.279516 -0.400282 -2.020210
-2.040915 0.181859 -2.544284
-1.095693 0.657257 -2.380791
-1.258103 2.549716 0.234711
-1.875807 2.385520 -1.168541
-4.310414 0.471332 -0.175557
-2.273787 1.843058 -1.844908
-3.807317 0.669194 -1.510154
-2.013930 2.635921 -0.105987
-4.169675 0.967683 0.287590
-1.539633 0.864893 -2.429103
-3.938307 1.438041 -0.481740
-3.656534 1.821597 -0.443248
-2.376777 0.178550 -2.495362
-2.880249 2.382528 -0.471589
-3.094011 1.069695 -2.016569
-3.990989 0.059819 -1.322573
-2.591037 1.876261 -1.703660
-3.627860 1.313184 -1.364010
-3.251219 -0.728554 1.772506
-4.230372 0.703008 -0.519560
-4.121577 0.991966 -0.628240
-1.507278 0.593454 -2.489194
-3.298028 1.582751 -1.499662
-3.051919 2.330998 -0.010156
-2.724582 2.480975 0.022707
-2.540821 2.536832 -0.254730
-1.993235 2.037472 -1.687431
-3.787404 1.181456 -1.239640
-1.582111 2.583863 -0.529221
-1.886872 1.472429 -2.176450
-2.292480 1.535831 -2.088373
-2.477986 -1.471734 -1.829784
-3.608220 1.569012 -1.113218
-1.202725 2.462684 -0.729670
-4.214974 0.337906 -0.803585
-2.186839 -0.688221 2.234156
-2.537928 2.223782 -1.266038
-1.494929 1.472982 -2.145877
-4.314722 0.403687 0.092637
-3.917441 1.338791 -0.777560
-3.706454 1.802233 -0.210889
-1.697679 1.335019 -2.250860
-3.477565 2.031299 -0.180006
-4.012656 0.422423 -1.260716
-2.199117 0.320964 -2.521978
-3.498690 1.516315 -1.337791
-0.052129 -0.150793 2.684161
0.512402 -2.997843 0.111882
-1.682240 -2.978055 0.075598
-2.431239 -1.640381 1.648299
-0.710833 -0.365185 -2.677347
-0.971643 -3.187865 0.109909
0.517350 -2.973826 0.373779
-1.822316 -1.510727 -2.152769
-2.043344 -1.976813 -1.703077
-2.229313 -1.557571 1.905605
-0.177835 -0.200380 -2.640879
0.347340 -2.955123 -0.702870
0.547619 -2.979909 -0.099962
-2.121815 -2.722798 -0.116605
-1.542090 -0.486076 2.572265
-0.762438 -0.609497 -2.675155
-1.465426 -2.856710 1.048748
-0.475492 -0.705831 -2.675633
0.734896 -2.782026 -0.678990
-1.629137 -1.105545 -2.392122
-2.178357 -2.450794 -0.954058
-0.394459 -3.135253 0.687841
-0.746741 -3.204319 -0.190094
-2.297597 -1.724495 -1.663338
-2.107188 -2.361884 -1.206850
-1.937360 -0.701581 2.372899
-2.334838 -2.422704 0.781493
-2.317603 -1.868140 -1.527730
-2.145062 -2.141976 -1.446251
-0.644609 -0.128626 2.728450
-1.816716 -1.351243 2.293137
-3.182407 0.787384 2.219969
-2.703992 2.443823 1.338751
-1.454968 2.188899 1.877193
-3.064495 1.810392 1.922498
-2.442712 2.547764 1.288618
-3.825949 1.175629 1.158581
-2.893424 1.621809 2.178392
-2.341178 -0.149160 2.354125
-2.753502 2.230017 1.704000
-3.831614 0.817712 1.292647
-3.167625 2.163366 1.335290
-1.545453 2.439430 1.537890
-2.469039 1.938771 2.156242
-3.590915 1.393329 1.589514
-1.855206 0.108897 2.499154
-2.985070 0.978247 2.341593
-2.009309 2.201811 1.985330
-1.498499 1.571020 2.374569
-1.276367 1.485156 2.330767
-2.083359 2.657581 1.058344
-3.649950 1.450178 1.424873
-1.768516 0.552447 2.596300
-1.563933 1.264845 2.506233
-2.729488 2.546324 0.821583
-1.007806 2.040036 1.745364
-3.177423 1.257257 2.144469
0.781427 0.942405 2.628288
-0.546135 0.890769 2.399603
0.190040 -0.268081 -2.627225
2.032964 2.556413 0.988556
1.001308 3.148269 0.446024
0.781642 0.655743 2.659276
0.217884 0.386196 2.644879
1.139886 0.960362 2.573107
1.706013 2.972278 0.165283
0.912240 3.139612 -0.647600
1.421397 0.891051 2.507572
0.645389 3.157231 0.562933
0.098897 3.159239 0.327844
0.642287 3.112753 -0.828815
1.154582 3.050897 -0.820471
1.730100 2.695870 -1.178763
1.257391 3.128943 0.201464
0.636325 0.079900 -2.734252
2.047684 2.757535 0.361735
1.636802 2.834421 0.877496
-0.738389 2.886277 -0.177277
2.009320 2.387625 1.295644
0.885028 3.178842 -0.458846
0.256157 -0.043066 2.595641
-1.209211 2.510574 0.402928
-0.588088 2.890571 -0.655685
-0.861125 2.642817 0.833136
-0.630967 2.945198 0.009397
-0.951925 2.728615 0.318735
1.946777 2.199292 1.580799
-0.198033 0.471241 2.558750
2.237505 2.647146 0.191868
1.670896 2.966659 -0.438327
-0.341556 3.063934 0.108564
1.435027 3.082709 0.121152
0.518544 -0.280827 2.553707
-1.118134 -1.975857 -2.424833
-1.162023 -1.160636 -2.582607
-0.906382 -2.066585 -2.448288
-0.736140 -3.024952 -1.329461
-0.500496 -2.461395 -2.236942
0.035766 -2.333672 -2.251386
-1.463911 -1.394379 -2.425200
-0.365354 -3.096431 -1.071872
0.671208 -1.509400 -2.295595
-0.422928 -0.922530 -2.687884
0.333177 -1.298320 -2.526345
-0.074560 -2.844151 -1.695975
-1.714014 -2.442821 -1.574091
-1.447710 -1.623031 -2.391497
0.245481 -2.932516 -1.193488
-0.381722 -2.234181 -2.404225
0.465300 -2.544385 -1.784355
-0.851372 -1.013509 -2.663011
-0.168011 -1.146136 -2.682942
0.481950 -2.807966 -1.214793
-0.213918 -1.618862 -2.644143
-1.237488 -1.361327 -2.545117
-1.421392 -2.769379 -1.368782
0.637771 -1.327506 -2.346168
0.359736 -2.048592 -2.294079
0.086005 -2.868936 1.397681
-0.167542 -1.937004 2.646775
-0.543809 -2.260421 2.465329
0.013464 -0.915575 2.806384
0.704891 -1.235418 2.473498
0.505646 -0.765870 2.583503
-0.306000 -2.227943 2.485211
-0.093357 -2.746468 1.837379
-0.214304 -2.630948 2.060332
-0.513404 -2.713928 1.961799
-0.309528 -2.980611 1.195921
0.888548 -2.384941 1.375973
-0.035129 -2.110237 2.517855
-1.172423 -2.493235 2.039132
0.727205 -0.770656 2.431662
-0.627546 -2.536426 2.193619
-0.082889 -2.953520 1.161120
2.944887 1.801023 -1.588654
1.858199 -2.845613 -0.247782
2.716128 0.288836 2.609660
4.580836 0.087091 0.693280
4.424738 -1.102080 0.635380
3.464232 -0.439156 -2.205904
4.506361 0.185020 -0.839433
1.642896 -2.716629 0.856233
1.166526 0.204100 2.616236
4.333484 -1.348803 -0.483296
1.824036 -2.857826 -0.044179
3.712615 -2.184985 -0.316247
4.272274 -1.216808 0.961247
4.607148 -0.319005 0.596598
3.985121 -1.910748 0.402202
3.506888 -0.085899 2.265894
4.265181 -1.384388 -0.673621
1.240272 -0.397022 -2.577811
2.001894 -2.698633 0.962133
2.618445 -2.753276 0.402356
1.631109 -2.842828 0.002295
2.636273 0.789761 -2.426913
1.805021 0.035160 -2.675160
4.309051 -0.727631 1.259019
2.301114 -2.802006 0.482886
4.558397 -0.085981 0.809715
4.438489 -0.413527 -1.032691
4.520417 -1.031317 0.128921
3.856000 -0.291852 -1.901209
4.247811 0.060763 -1.408794
4.188929 -0.069377 1.580296
2.077778 1.871058 1.859980
4.061689 -1.747450 0.642149
4.444551 -0.748807 -0.867943
1.128099 -2.496152 1.120488
2.548636 0.210085 2.665319
4.275016 -1.072823 1.099902
2.464737 0.486458 2.631291
4.138103 -0.617622 -1.511340
4.609556 -0.497147 -0.420613
2.658044 0.979110 -2.340299
4.081090 -1.398278 1.168903
2.185154 0.977907 -2.432633
4.297596 0.648235 1.162225
4.203501 -1.222202 -1.042200
2.655912 -2.759048 -0.195816
2.622907 1.432986 2.148697
3.801585 0.434612 1.943927
3.769130 -0.796907 -1.879617
2.205815 -2.827952 -0.310340
2.636086 0.157277 -2.580305
3.751108 -2.010532 0.852892
3.246258 1.692227 1.570692
2.534960 2.351597 0.951736
0.834523 -0.493580 2.490069
3.125520 0.217685 -2.392039
3.483781 -0.456997 2.260339
3.693261 -1.083751 -1.829883
1.080385 -2.611657 -0.699756
4.142195 -1.137750 -1.233067
3.228959 0.450791 -2.292008
3.521025 1.505564 1.525407
3.862597 -1.389458 -1.444893
1.769297 1.116022 2.439806
2.951931 -2.584166 0.693516
3.809506 -1.529200 1.457180
-0.636822 1.254263 -2.527164
-0.549968 1.772865 -2.433229
0.282936 0.777563 -2.864785
1.547683 1.538378 -2.497553
1.351049 2.193985 -2.257473
-0.845507 1.354951 -2.335519
-0.408916 2.263548 -2.182205
-0.142378 2.262051 -2.339943
-0.307174 2.705633 -1.581790
0.254959 1.564520 -2.815465
0.367030 1.143851 -2.890997
-0.596417 2.288819 -1.988794
1.258583 2.046105 -2.427922
-1.079929 1.822720 -1.800366
1.777992 1.272356 -2.373249
0.330222 2.202164 -2.513426
-0.870245 1.838557 -2.100563
-0.823339 1.070154 -2.387537
0.069449 2.182166 -2.480577
-0.016739 2.825174 1.711184
0.070269 2.586056 2.057354
0.489262 2.291068 2.356778
-0.849490 2.511371 1.316522
-0.776634 1.900195 2.056185
1.358174 2.923838 0.930233
0.124710 3.093144 1.078950
0.809665 3.065300 1.211566
-0.487671 1.397803 2.412735
1.412341 2.164008 2.142926
1.152519 2.091176 2.329942
1.011881 3.017528 1.204532
1.024246 1.915386 2.461179
0.331832 3.138904 0.932430
0.663276 2.209623 2.396277
1.031497 1.630693 2.546962
0.752536 2.507073 2.162311
0.320328 2.034713 2.493377
0.190385 3.130755 0.818078
1.777501 1.915300 1.981634
0.195686 1.302728 2.654836
0.729847 2.901424 1.666700
0.930322 2.674525 1.934938
2.207986 -2.727369 -1.153798
1.341086 -1.316672 -2.474580
3.131773 -1.973350 -1.940571
1.978167 -2.764174 -0.777602
2.847173 -1.523205 -2.410350
2.851269 -1.981247 -2.131485
3.637619 -1.364748 -1.804328
1.366151 -2.374938 -1.677523
2.940923 -1.807714 -2.210515
2.850988 -2.162858 -1.956497
2.515764 -0.857854 -2.649681
3.503133 -1.924686 -1.525055
1.327477 -1.074613 -2.517389
2.756484 -2.440827 -1.623850
3.378993 -2.259293 -1.025672
3.089745 -2.438884 -1.198205
4.585015 0.393522 -0.508688
2.987193 2.501306 -0.138112
4.484095 0.612990 -0.825202
3.987211 1.527581 1.099219
4.592811 1.052144 -0.233594
3.772472 2.156955 0.414994
4.497615 1.254201 -0.431134
3.328783 2.316212 0.601890
3.866472 1.844076 -0.957936
4.393559 1.157409 0.771078
3.370603 2.382963 0.305568
3.527338 2.077353 -0.966394
2.852502 2.486199 -0.370896
4.343971 1.583373 -0.403686
3.067005 2.149143 1.060160
3.627920 2.276946 0.265411
4.198628 1.133203 1.100383
4.570549 1.034899 0.347950
3.815225 1.075297 -1.543473
4.475386 0.921004 -0.778746
3.645950 1.408273 -1.513219
1.250962 -1.522723 2.482272
2.265707 -1.576759 2.656107
2.270596 -2.031446 2.318878
2.404576 -1.279183 2.763543
0.862796 -1.218283 2.353643
3.387745 -0.483093 2.359662
3.077694 -0.515025 2.600238
0.986358 -0.850145 2.538512
-4.133697 -1.014840 1.354098
-4.138638 -1.921759 -0.598486
-4.675096 -0.070477 -0.477234
-4.640825 0.128263 -0.378347
-3.399655 -1.900282 1.362726
-3.829021 -2.272409 0.044243
-4.166490 -0.777231 1.383667
-4.548560 -1.412453 0.095882
-3.198399 -2.188907 1.132909
-2.975104 -1.884812 -1.690682
-3.548856 -1.821217 -1.496098
-3.485468 -2.443209 -0.404420
-3.823926 -2.238374 0.307306
-4.596773 -0.564729 -0.889479
-4.650454 0.130725 0.147685
-3.478419 -2.309576 0.713797
-3.856211 -0.834959 -1.798188
-3.751645 -1.650377 -1.494151
-4.336886 -1.737792 -0.409870
-3.566936 -1.120216 -1.903318
-4.753814 -0.389712 -0.121827
-3.428865 -2.150768 1.045730
-4.596876 -0.700909 0.717299
-3.527866 -1.490191 1.605341
-3.865595 -2.109669 0.612491
-4.541969 -0.375013 -1.006287
-4.560311 -1.175394 -0.673715
-3.286177 -2.533745 -0.326320
-2.753961 -2.656325 -0.087998
-3.356145 -2.373827 -0.840487
-3.997065 -1.715766 1.035535
-3.723558 -1.403001 -1.682775
-4.444655 -0.487097 -1.194015
-3.698052 2.067392 -0.933984
-4.405254 0.843633 0.822782
-3.178359 -0.737301 -2.355700
-3.705105 0.467764 -2.134688
-4.159496 1.071834 1.205530
-4.606035 0.600907 0.009288
-2.397784 1.293701 -2.562409
-4.132851 1.170496 -1.322117
-1.974429 1.120153 -2.688823
-2.651015 2.774718 -0.634226
-4.062889 1.377048 -1.262623
-1.084250 1.330147 -2.485847
-4.577600 0.527230 -0.542393
-4.617072 0.215302 -0.440147
-2.189330 -0.436280 -2.775837
-4.336235 1.137873 -0.883678
-4.548661 0.864090 0.065100
-3.217459 -0.632859 2.228175
-1.889056 2.939507 0.183626
-1.695591 2.338876 -1.808934
-3.154692 2.311147 -1.282364
-4.289594 0.330662 1.275219
-2.448643 2.871740 0.215661
-2.889873 -1.147756 -2.306073
-1.480170 2.820295 -0.830745
-3.886347 1.626729 -1.295780
-2.438963 0.852419 -2.710167
-3.315576 1.606736 -1.956599
-1.235065 2.156176 -1.922110
-3.641241 2.251622 -0.534244
-3.400764 2.433155 0.402703
-3.308990 2.538496 0.033640
-4.518629 0.976171 -0.169968
-2.779345 -1.755113 1.731486
-4.512537 0.524023 -0.829493
-3.849327 1.176760 -1.734136
-3.887090 0.389439 -1.966492
-1.250392 2.330301 -1.720264
-3.596720 0.101243 -2.247943
-2.824327 0.845021 -2.595754
-1.977168 2.948642 -0.072258
-3.417962 2.033618 -1.423235
-4.467287 0.738707 -0.853493
-4.508428 0.145716 -0.924510
-1.888486 -0.317094 -2.819982
-2.297629 -1.093904 -2.523028
-2.518007 1.558686 -2.392848
-4.098004 0.980248 -1.510095
-4.113550 1.489554 0.880192
-3.743061 -0.788240 1.746743
-3.893525 1.899507 -0.843340
-1.413636 2.915579 0.010047
-1.847328 2.929738 -0.418927
-2.996579 -1.371190 -2.102621
-1.481932 2.864695 0.511161
-2.091553 2.908827 0.351104
-4.407761 0.177132 -1.190584
-1.672895 0.703747 -2.802489
-1.817371 2.511828 -1.574439
-1.718221 1.760972 -2.353613
-1.669328 2.894683 -0.600860
-4.333762 1.284435 0.531841
-2.594975 -0.752508 -2.600768
-4.224775 1.235977 -1.071400
-4.324725 0.377209 -1.345707
-4.013919 1.869131 0.369157
-4.254347 0.771925 -1.352346
-3.258214 -1.153024 -2.091214
-2.994593 -0.375909 2.416389
-2.566706 2.853844 -0.227701
-2.775172 1.651450 -2.242248
-1.623335 1.209062 -2.647283
-3.426635 2.247396 -1.048097
-3.781743 2.096503 -0.633663
-3.948274 0.828011 1.644715
-1.767392 -1.625152 -2.542296
-0.576385 -3.338872 1.177215
-1.249270 -0.412553 3.015631
-0.807031 -3.363690 -1.014848
-0.776326 0.380291 2.957966
-1.688483 -1.584056 2.665483
-1.191787 0.291848 -2.852588
-0.985341 0.649009 2.839441
-1.809175 -0.028604 2.789243
-2.063105 -2.331094 -1.902820
-2.059488 -1.415876 -2.470961
0.827241 -3.201212 -0.336825
0.142878 -1.160153 -2.868523
-2.590249 -2.431546 1.266862
0.041010 -0.996278 -2.923558
-0.278878 -0.882948 -2.987555
0.017674 0.010268 2.996244
-0.645046 -3.167514 1.532200
-0.589006 -0.609577 -3.022711
-2.025288 -3.025381 0.953590
0.056300 -0.714083 3.024529
-0.539477 -1.105963 -2.964118
-2.044148 -2.538986 1.769547
-0.923848 -0.142140 -2.982122
-0.291388 -3.402865 0.964723
0.953449 -3.153969 0.193098
-1.967577 -2.010263 -2.224378
-2.647978 -2.733828 -0.107276
-1.727779 -2.616553 -1.841934
-2.795488 -1.828194 1.650406
-1.442823 -0.830427 2.946856
-2.326585 -1.017553 2.480664
-2.584275 -2.063167 1.717036
-0.131240 -3.497914 -0.401806
-0.658556 0.606430 2.886518
-1.543545 -0.902033 -2.834918
-1.314518 -3.320433 -0.882269
-1.148733 0.115802 2.974517
-1.479854 0.261573 2.853051
-1.501760 -1.179945 -2.796267
-0.980950 0.770900 -2.716613
-1.640028 -0.763832 2.886661
-2.451642 -2.587413 1.232593
0.791260 -3.244735 0.040348
-1.560044 -3.300158 0.760233
0.625788 -2.888904 1.534218
0.183070 -3.075305 1.510668
-2.667684 -2.281983 1.358911
0.750588 -0.830088 2.779838
-2.044616 -1.659883 2.447400
-0.162081 -0.518087 3.068967
-1.670558 -1.290768 2.775334
-2.722761 -2.642027 0.358241
-1.146168 -2.974609 1.737583
-2.067089 -3.138610 0.402081
-1.808604 -0.877905 -2.733473
-0.388168 -0.581928 -3.018784
-1.220676 0.010736 -2.908988
-0.505096 -3.490400 -0.611271
-0.114604 -0.775487 -2.979424
-1.457485 -3.386211 -0.445043
-1.659613 -1.083388 -2.760767
-0.875113 0.931211 2.721630
-2.671694 1.587913 2.589226
-1.831064 0.355075 2.815809
-3.343996 2.466984 0.700047
-3.593427 0.844918 2.165283
-1.657754 1.619432 2.660013
-3.138665 1.500714 2.391584
-2.554175 2.755255 1.360522
-1.465955 2.032086 2.373389
-1.675388 1.107879 2.811806
-3.800728 1.694777 1.471144
-1.213227 0.833826 2.712413
-3.073849 1.881957 2.217304
-3.603233 2.223078 0.628363
-2.197157 0.286827 2.799545
-1.729289 1.959169 2.487145
-1.269842 2.682289 1.394498
-2.681245 2.794387 0.358607
-3.719318 0.672578 2.013564
-2.557805 2.222967 2.205357
-3.015271 1.299472 2.538427
-2.401784 2.116204 2.347336
-3.406106 1.178978 2.296232
-3.395990 2.129790 1.645548
-2.289817 2.913192 0.675168
-2.001806 1.047048 2.846062
-3.708805 1.730209 1.622421
-2.062949 2.880807 1.168687
-1.893924 2.814121 1.399435
-1.969202 2.910067 0.396744
-2.054760 2.920787 0.920373
-2.461861 2.506545 1.907342
-3.859173 1.515635 1.524700
-2.011422 0.112865 2.760489
-2.747977 2.127168 2.212750
-3.770296 2.014771 0.772169
0.778318 0.170525 2.985718
-0.871420 2.970177 -1.148110
-0.496166 0.841675 -2.895714
1.681190 0.766380 -2.890153
-0.929669 0.992639 -2.668855
0.500691 -0.315511 -2.995038
-0.118047 0.336083 -3.024358
0.619438 3.524054 -0.562807
1.395380 3.399987 0.522273
1.648926 2.817322 1.647243
1.521082 3.025855 -1.507670
0.632204 3.475385 0.695547
0.306232 3.545109 0.208943
0.219248 -0.022317 -3.041479
1.223070 3.204466 1.244191
-0.238603 3.425240 0.387636
0.143456 -0.272920 -2.975902
0.559179 -0.093326 2.951493
1.260389 0.218889 -3.017052
0.873935 0.152822 -3.073427
-0.710717 2.741961 -1.697855
0.752858 0.576980 -3.102874
0.931038 3.438692 0.755556
0.659946 -0.131893 -3.040001
-0.454933 0.966871 2.795838
1.655342 1.368144 -2.779466
0.184236 3.201327 -1.447438
1.433836 3.332628 -0.852987
-1.169190 2.717177 -1.248943
1.938914 2.964884 -1.259765
1.150016 3.482441 -0.478717
1.709026 2.167931 2.258062
-0.480157 0.340071 -2.916246
-0.480027 3.179074 1.007150
0.874322 3.542544 -0.303138
1.470864 1.414039 2.733233
0.371208 3.416802 -0.976242
0.064667 0.322542 2.962618
1.449843 0.741318 -2.971800
2.333352 2.952273 -0.593477
1.932630 3.162840 -0.735499
1.074446 0.531873 -3.067700
2.095804 3.144544 0.265255
0.763918 -0.383712 -2.969963
-0.905085 3.000482 0.930834
-0.028666 3.498495 0.186225
-0.650520 3.224029 -0.744590
0.747232 -0.552676 -2.914001
-0.408158 2.983859 -1.554283
-0.157603 -1.896340 -2.808597
-1.492591 -2.943609 -1.562946
0.141544 -3.010246 -1.792555
0.217148 -2.510076 -2.359855
-0.273806 -3.186792 -1.613237
-1.458990 -2.771928 -1.900287
0.729999 -1.880992 -2.445183
-0.361839 -1.744735 -2.876089
0.891564 -2.521337 -1.811382
0.309924 -3.124305 -1.375781
-0.862407 -3.183920 -1.553817
-0.492858 -2.389468 -2.592374
0.055756 -3.213122 -1.364130
0.160668 -1.345877 -2.847198
-0.503888 -2.076883 2.868730
-0.135218 -2.017614 2.872275
-0.017342 -0.779789 3.045427
0.353094 -1.013965 2.953643
0.190902 -2.272436 2.634179
-0.746960 -1.599525 3.028979
-0.959313 -2.322401 2.647327
0.469166 -1.207938 2.899788
-0.426916 -1.291016 3.101823
-0.973780 -1.257556 3.041902
-0.293860 -1.165137 3.104449
-1.564459 -1.882892 2.624268
0.572159 -1.429836 2.819456
0.038353 -0.982484 3.052427
0.572174 -1.767667 2.723454
-1.448074 -1.354804 2.851517
-0.041957 -3.081606 1.655546
-0.869815 -0.888330 3.063383
0.792602 -1.722799 2.593808
0.914390 -2.340850 2.048350
-1.277439 -1.650190 2.867459
-0.746771 -3.002060 1.897628
-1.705775 -2.194644 2.318212
-1.177772 -1.345653 2.970962
-0.008043 -1.293427 3.054528
-0.604464 -0.929277 3.101687
-0.538087 -1.584262 3.051335
0.818122 -2.516795 1.943256
4.872170 0.333862 0.814598
4.228490 -0.184924 -2.008828
3.594458 1.647590 1.895792
3.195757 -2.373477 1.719192
4.445037 -0.570116 -1.686294
4.730205 -0.396649 1.291389
3.452012 0.029100 2.696529
4.932825 -0.342899 -0.624972
4.037463 0.918026 -1.937024
3.843523 -2.469523 -0.570591
3.545628 -0.370729 2.637110
3.970111 -0.379364 -2.252466
3.763206 -2.455009 0.890482
3.744855 -0.015956 2.511403
3.862413 -2.298183 -0.996050
2.032686 1.858034 2.349619
4.650624 -0.968209 1.216781
3.601481 -0.733255 -2.473278
1.375810 -2.847592 1.343417
2.477785 -2.980452 1.049906
4.577209 -1.676500 -0.304263
4.633395 -0.524891 -1.387958
4.231501 0.882635 1.800310
3.295697 -2.775608 -0.752977
3.415887 0.915962 2.504985
4.844454 -0.973760 -0.515622
3.495277 -2.775882 -0.172969
2.946330 -2.920325 0.844396
3.844338 0.691156 -2.220365
4.372464 -0.725895 -1.743152
1.757923 1.338205 2.706272
3.648769 1.567001 -1.852409
2.394045 -3.118306 -0.521077
4.068351 -0.301411 2.239115
4.165891 0.630592 2.000754
2.019078 -0.088259 3.093889
4.797204 -0.948591 0.819752
2.060040 0.845738 2.929282
4.131086 -1.035925 -1.917951
4.681396 -0.223885 1.415415
2.742251 1.384879 -2.496146
1.694961 0.139442 3.071306
4.139106 0.048151 2.166393
4.323288 -1.891326 -0.788672
2.993535 0.818086 -2.677148
2.642346 2.149891 -1.871162
2.794817 0.758361 2.835465
4.138095 -1.834627 1.345792
2.136135 -3.168439 -0.377313
4.424118 -0.583325 1.783134
4.032869 -2.041682 -1.157858
2.618052 -3.126905 -0.063312
1.429075 -0.394188 -2.969381
2.986300 0.270185 -2.815015
1.740834 -3.190633 -0.122592
2.795867 1.874034 -2.106522
2.072093 1.518918 2.602304
2.859148 -3.063855 0.086498
3.743800 1.866358 1.490545
4.855787 0.708323 0.489474
3.034863 2.482141 -1.106916
2.193817 0.353433 -2.974799
1.509480 -3.106699 0.650355
4.224510 -1.519040 -1.481904
4.203922 1.136179 -1.594955
1.408322 -0.082305 3.045894
4.582918 -1.450518 0.888120
3.736750 -1.750648 1.929601
3.054297 2.311870 -1.423099
4.123961 1.268689 1.664396
2.539474 2.327744 -1.673263
4.452332 -1.274017 -1.317143
3.408242 0.495410 -2.579397
3.009414 0.032686 -2.830936
4.501294 -1.803281 0.355850
2.863883 1.976164 2.046289
2.860787 -2.999809 -0.573035
4.836507 -1.112802 -0.278860
3.622785 -2.539119 -0.872944
3.907364 -0.326128 2.381332
3.334911 1.972103 1.761601
3.954115 -1.661067 -1.710180
3.618335 -2.627328 -0.604207
1.349552 -0.111436 -2.964925
1.502787 -3.123072 -0.489505
2.456586 1.699884 -2.355746
4.383418 -1.938330 -0.437247
4.898156 -0.966994 0.065503
1.649253 -2.920647 1.280562
2.613854 2.618475 -1.107246
4.007885 -1.494249 1.853556
2.689485 1.612920 2.430830
4.760141 0.637336 -0.896844
3.052283 1.908026 -1.952268
3.380188 -2.623330 1.114782
1.103559 -0.759477 2.909660
4.777929 -0.520288 1.145286
3.912630 -2.490944 0.055866
1.862334 -3.100265 -0.742175
1.312889 -0.752781 -2.894492
0.801940 -0.705708 2.814317
2.172510 0.049115 -3.010926
4.151625 -2.218573 0.494853
3.838092 -1.389560 2.096267
3.285756 0.034393 -2.713095
4.288411 -2.104558 0.261656
4.071619 0.079180 -2.160421
3.149566 0.273509 2.820049
3.652045 -2.672261 -0.229182
2.492244 0.151938 3.032594
2.223822 0.568081 2.999109
1.597877 -3.164430 -0.286204
2.545725 1.376227 2.624641
2.482925 0.480099 -2.913514
2.768253 2.386288 -1.482987
1.331890 -0.533295 3.006029
4.678420 -0.246376 -1.349566
2.099725 -2.843593 1.464419
4.546553 -1.669977 0.578411
4.474771 -0.274949 1.761276
3.730980 -1.406223 -2.109468
2.393168 2.255870 -1.813942
4.915816 0.115140 -0.679796
0.692443 1.511400 -3.077738
0.111904 1.762020 -2.986191
-0.896402 2.353873 -2.027839
1.190611 1.850424 -2.856352
0.188289 2.061219 -2.868714
1.732924 1.832653 -2.556056
1.369723 1.134152 -2.942042
1.383297 1.423905 -2.903424
-0.558359 1.168274 -2.868045
1.177122 2.061681 -2.758377
0.886558 2.138916 -2.803075
1.338519 1.946674 -2.748565
1.255688 2.627410 -2.244598
0.041209 2.755681 -2.242845
-0.048153 3.010585 -1.744268
-0.581869 2.142779 -2.516483
-0.306535 1.969474 -2.772015
-0.642862 3.022553 1.231032
-0.313280 3.087590 1.538001
0.290452 2.473932 2.513792
1.097471 2.526190 2.365971
1.568400 2.529657 2.085749
-0.365275 2.944538 1.774746
0.931294 1.554567 2.840311
-0.153908 2.822864 2.077701
-0.708817 1.497468 2.547491
0.059206 2.353837 2.555531
0.080366 1.906588 2.770565
-0.790110 1.823767 2.408854
0.014338 1.324268 2.865399
-0.317878 2.198982 2.519997
-0.535469 1.709751 2.607852
0.276488 3.279068 1.417459
-0.263003 1.565172 2.760699
-0.879738 2.518491 1.848700
0.934613 2.309565 2.568259
0.687166 1.404315 2.897380
0.079026 2.636424 2.349851
1.288799 1.997285 2.600857
-0.100319 3.096317 1.686663
1.038515 3.267060 1.200154
1.542970 -1.258664 -2.820720
1.877371 -0.959590 -2.920401
3.361023 -1.710425 -2.303173
1.745243 -2.724614 -1.783688
2.713537 -2.456084 -2.080866
3.396537 -2.392493 -1.551640
1.763468 -1.897481 -2.632433
2.518365 -1.095466 -2.879843
2.287736 -2.064605 -2.550078
2.710305 -2.589586 -1.898432
3.168823 -2.470079 -1.721290
2.158486 -2.554952 -2.097491
2.604538 -2.901692 -1.216971
2.946429 -1.714225 -2.564209
2.179627 -2.318029 -2.355736
1.258121 -2.356827 -2.070432
1.716529 -1.454611 -2.812012
2.025453 -2.970019 -1.171734
3.187913 -2.636451 -1.310746
3.109748 -2.626996 -1.471042
1.795391 -2.120599 -2.493311
4.617132 1.602958 -0.387997
4.729885 1.063571 0.669457
4.202810 1.494052 -1.338941
4.520644 1.386268 0.906920
4.886043 0.778803 0.116382
4.645301 1.610511 -0.120416
4.201984 1.998486 0.727950
4.664694 1.218232 -0.783334
4.547118 1.275348 -0.995120
4.631639 1.537659 0.423534
3.368389 2.618489 -0.470726
3.961149 2.253806 0.634852
4.500981 1.613274 -0.756511
4.385044 1.919008 -0.490882
4.771708 1.280826 0.233782
4.293688 2.036293 0.403856
3.513100 2.458719 0.756531
4.115001 2.265079 -0.021386
4.035493 1.589780 -1.442288
1.765918 -2.639491 1.821617
2.340379 -2.701468 1.682962
3.273527 -0.610334 2.767006
2.861346 -2.347705 2.096344
0.962551 -1.529570 2.611209
1.425336 -0.684005 3.027600
2.410840 -1.756460 2.811688
1.072061 -1.688100 2.592202
2.061022 -0.451992 3.116709
3.598545 -1.719609 2.097896
2.776774 -1.840450 2.651479
1.329321 -1.824313 2.640328
2.901090 -1.494912 2.792296
2.429207 -2.582042 1.930206
3.465797 -1.802031 2.186388
2.891837 -0.950827 2.951536
3.119230 -2.374584 1.811918
2.204361 -2.238616 2.458757
2.603668 -0.361646 3.039798
2.856758 -0.763328 2.982140
2.114799 -1.528010 2.954985
1.540536 -2.087621 2.516036
3.207478 -1.102871 2.761235
2.760749 -1.144428 2.964993
2.877639 -0.449135 2.962388
-4.069835 -1.686881 1.404201
-3.112185 -2.492626 -1.312812
-4.094406 -2.244557 -0.769295
-4.396683 -2.018478 -0.546583
-4.045455 -2.387884 -0.401000
-3.533171 -2.189979 1.351644
-4.604477 -1.817155 -0.035529
-4.464687 -1.952420 0.336361
-4.470978 -1.561804 -1.136046
-3.586064 -1.801942 -1.833443
-4.525388 -1.709289 0.689886
-3.188671 -2.816062 -0.310680
-4.891452 -0.186480 -0.704990
-3.719212 -1.956127 -1.619833
-4.706170 -1.578843 0.316250
-3.258025 -2.727399 -0.684166
-3.975337 -1.548709 -1.737827
-4.550600 -0.818227 1.283227
-4.822165 -0.181964 -0.915884
-4.481117 -1.065082 -1.451122
-4.472404 -1.385810 1.134572
-3.723426 -2.406164 0.855766
-3.427743 -2.503026 -1.107548
-4.282348 -2.203322 -0.236547
-4.717304 -1.304047 0.713899
-4.527986 -1.627111 -0.950384
-4.351790 -1.968994 0.652911
-4.054498 -2.366501 0.325462
-4.225224 -1.622226 -1.436833
-3.554130 -1.277147 2.083276
-4.510244 1.700118 -0.491688
-4.204552 1.410455 -1.657671
-4.037648 -0.706877 -2.091265
-2.669792 2.640407 -1.743714
-1.584377 3.165599 0.644973
-3.945442 1.357456 -2.020229
-1.821860 0.814349 -3.101886
-3.185394 -1.663609 -2.193210
-3.590309 -0.325768 2.448563
-4.023823 -0.413038 -2.207773
-2.399174 3.197071 -0.380853
-2.121561 -0.716527 -3.032401
-4.193401 2.188471 0.067180
-4.178938 0.949162 -1.962362
-4.697094 1.135096 -0.825048
-2.360497 2.044382 -2.481144
-2.492289 0.633651 -3.067754
-4.161114 1.100122 1.771555
-3.412042 -0.253808 2.574934
-4.719414 -0.227840 1.040488
-1.680110 1.215956 -2.981631
-3.371798 2.099897 -1.953799
-3.955741 1.166663 -2.114614
-4.168702 2.213777 -0.247841
-3.022916 0.638213 -2.902077
-4.412180 0.881719 -1.664347
-2.333750 -0.420228 -3.078166
-2.138401 2.136319 -2.443888
-3.847883 1.578001 -1.974207
-4.610626 0.712871 -1.373948
-2.902553 2.416829 -1.920814
-3.742334 -1.308784 -2.040132
-3.787990 -0.251357 -2.457303
-3.053571 3.015506 -0.215469
-4.851730 0.422312 0.665902
-4.818136 0.878423 0.474574
-4.280428 1.991035 0.533068
-4.022563 0.176964 2.141715
-2.131442 -0.022870 -3.153447
-2.526804 1.349921 -2.854059
-3.852252 2.520273 0.140885
-1.880921 -0.437695 -3.112983
-4.288029 1.625789 1.166054
-3.380860 -1.542880 -2.161546
-2.536531 3.056916 -0.942061
-2.658166 -0.905292 -2.868397
-2.626020 -1.409048 -2.629794
-4.876992 0.777189 -0.355442
-3.985662 2.342072 0.478505
-4.412329 1.906245 -0.174797
-1.408010 2.887124 -1.479948
-4.173643 1.594341 1.400510
-2.323092 2.266226 -2.298234
-4.473122 1.643720 0.665213
-3.627436 0.665390 -2.562362
-2.909884 -1.407399 2.383974
-1.780102 0.434001 -3.158727
-4.098932 2.022752 0.975842
-3.211843 1.804461 -2.321342
-3.923219 0.110737 -2.377580
-3.278032 -0.333534 -2.779256
-3.314179 -0.140942 -2.788321
-3.270924 0.620824 -2.789247
-4.146807 1.818935 1.192086
-3.631561 -0.069744 -2.599393
-2.348466 -1.300476 -2.759756
-2.827195 3.101526 0.051051
-2.501371 3.135985 -0.655111
-1.717578 2.887674 -1.541134
-1.455383 1.437609 -2.868725
-3.118512 -0.391069 2.703460
-4.864466 0.666449 -0.601022
-2.815444 -1.890702 -2.185937
-3.638121 0.087127 2.461101
-3.332042 -1.360009 2.187806
-4.933825 0.257885 -0.393058
-3.794816 0.304265 -2.483055
-4.578784 0.642251 1.322612
-4.430218 -0.408212 1.552786
-3.015531 1.140947 -2.772846
-4.801245 1.114339 -0.006438
-2.862183 -1.350315 -2.582386
-4.529517 1.097823 -1.322317
-1.989034 2.326220 -2.286295
-4.425103 1.111268 -1.516297
-1.774401 2.612012 -1.968598
-4.403146 0.629069 1.626439
-3.926670 2.464157 -0.130590
-3.076400 -1.666077 2.112717
-4.288302 1.019512 -1.785746
-3.127252 0.296427 -2.893917
-4.312739 0.482763 1.786321
-1.740139 3.232249 -0.481039
-2.680395 3.133545 0.229241
-3.305226 1.158801 -2.621779
-4.845172 -0.016326 -0.858721
-1.046493 -1.316668 3.299840
-2.551071 -3.230085 -0.349921
-0.570422 -1.270759 -3.276270
0.871996 -2.822351 -1.992537
0.165881 -1.037305 3.312732
-2.863275 -1.751043 2.202415
-1.271405 -0.360724 -3.286944
-1.958307 -0.436328 3.134385
-2.153061 -1.960096 2.661058
-2.400957 -2.263638 2.285991
-2.272874 -1.131149 2.904509
-0.645513 -0.759184 3.424269
-1.087495 -3.832420 0.457495
0.009776 -1.730072 -3.082577
-0.388084 -3.571116 -1.413303
-0.497008 -0.160091 -3.347148
-2.771491 -3.005465 0.666607
-2.380476 -2.557805 -1.969002
-2.745912 -2.970707 0.862266
0.079110 -3.601846 1.271388
0.580925 -1.204236 3.159123
-1.017959 -0.422077 -3.333118
-1.451808 -2.120191 2.888687
-0.486092 -1.109247 -3.308916
0.356014 -1.669523 -3.022632
-2.531206 -1.395622 2.657834
0.344924 -0.582954 3.311097
-1.058187 -3.848629 -0.281044
-1.923709 -3.460603 1.004363
-0.572213 0.134389 -3.305072
-1.457194 -2.254031 -2.736284
-0.679390 -3.805891 0.820821
-2.187934 -1.566881 2.823848
0.852914 -1.861006 2.811360
-1.486763 -3.564501 1.180960
-1.921044 -0.890622 3.126983
0.721556 -3.642011 0.238901
-0.252334 0.473526 3.278142
-1.309372 -1.127082 3.292116
-2.954268 -2.358205 1.578520
-0.304443 -1.044103 3.381524
-1.284183 -0.541061 3.357261
0.891986 -3.123743 1.636235
-1.517734 -1.476814 3.148319
-1.676498 0.017250 3.205262
-1.519639 -0.767358 -3.216031
-0.943420 -1.771699 -3.094803
-0.330923 -3.872132 -0.332976
-2.299660 -3.407969 0.322571
-1.402529 -3.785781 0.272581
-2.791157 -1.498810 2.399752
-1.684430 -3.292926 1.615912
-0.819328 0.765507 3.180362
0.082383 -3.669339 -1.013933
-1.325463 -0.049422 3.317484
-0.208673 0.120339 3.359459
-1.197046 -3.181347 -1.956401
-0.786574 -3.890576 -0.080343
0.245131 -0.813279 3.323238
0.356561 -3.129354 1.985494
-1.164601 0.560627 3.208744
-0.969686 0.335683 3.305529
0.147999 -0.975281 -3.255799
-1.344350 -1.565006 -3.097358
-0.901686 -3.623955 -1.262947
-2.535631 -1.608072 2.571944
-1.219841 -1.235233 -3.218417
-1.195892 2.196277 2.458017
-3.820135 2.043570 1.624611
-2.772557 3.009365 1.110933
-1.266828 1.793098 2.746494
-1.326216 2.438166 2.292439
-2.597599 0.248555 2.969506
-2.994117 0.822174 2.889636
-2.625645 3.086854 0.834845
-3.653553 2.341443 1.464668
-1.966282 2.107154 2.697757
-2.804047 0.436261 2.941524
-3.400105 2.182064 2.054730
-2.170924 0.572181 3.089479
-3.689023 1.459421 2.269213
-2.186198 3.130732 1.109506
-3.406162 0.862523 2.649877
-3.931753 1.670479 1.817142
-1.698742 1.609969 2.931754
-3.229751 0.879763 2.764646
-1.665500 3.078234 1.275836
-2.460611 3.110893 0.991812
-3.704010 2.031442 1.838099
-3.564516 2.318658 1.671018
-3.546736 2.562454 1.125013
-1.882135 1.537393 2.975078
-4.049037 1.543933 1.696336
-2.944885 1.212436 2.867506
-2.947232 1.622644 2.740431
-2.997403 2.945834 0.927893
-1.471235 3.040191 1.279709
-1.099515 1.939004 2.595505
-1.740050 1.359855 3.015468
-1.801139 0.828445 3.094299
-3.176693 1.279151 2.735770
-1.405513 2.791952 1.853304
-2.041322 2.732765 2.087496
-3.195724 2.843421 0.931569
-3.380318 1.612588 2.481738
-3.533064 0.723806 2.553466
0.616613 3.884072 -0.448117
1.044093 0.850794 -3.398807
0.402930 1.421658 3.221546
0.702580 3.624554 1.303913
2.523277 3.242850 0.484128
-0.917653 2.900866 -1.947636
0.782047 1.439643 3.214437
-1.245723 3.216058 -1.003073
0.858880 3.740619 0.965395
1.084040 0.579388 -3.409747
-0.549119 3.678932 -0.539353
2.391944 2.676192 -1.934845
-0.896947 3.568866 0.104690
-1.178128 2.427710 -2.239874
1.433136 1.894385 2.934650
2.207630 3.299291 1.001136
-1.048538 3.144788 -1.452641
-1.005411 2.298170 -2.468964
-0.115465 3.568386 -1.358943
-0.454954 3.572976 1.001987
1.162624 3.220103 1.915456
2.192201 3.417456 0.643199
2.026440 3.425155 0.922100
1.287575 3.512647 -1.471318
1.745984 1.827559 -2.955235
0.738579 3.869271 0.435035
-1.390387 3.156816 -0.873593
-0.090078 3.833397 -0.290564
-1.005057 3.309395 -1.150997
1.901376 3.236039 1.486670
-0.978155 3.056270 -1.677715
0.032227 1.099549 3.255000
0.226349 -0.040804 -3.386105
0.333210 3.274940 -2.009639
-0.513334 3.728077 0.026562
1.811716 2.148589 2.660145
-1.049651 2.746371 -2.026083
1.242741 3.698200 -1.016212
1.587011 3.131679 -1.959691
1.787268 1.596206 -3.033107
0.466117 3.869284 0.450106
0.431464 3.694343 -1.225984
-0.687899 1.646252 2.895508
1.322300 2.238980 2.780439
0.354179 0.400713 -3.439958
-0.037553 3.513582 1.417588
1.770103 2.333608 2.558540
1.721714 3.644639 0.588076
-0.316958 3.439879 1.423459
0.749261 0.930729 3.320268
2.078749 3.276278 1.229683
0.343632 3.828734 0.642714
-0.067255 3.832009 0.263424
1.515656 3.772862 -0.170920
1.109943 3.470616 -1.628669
1.813960 2.279970 -2.672682
0.402008 0.714306 -3.438143
-0.250610 3.621544 1.038966
2.600799 3.236338 0.058625
-0.686091 1.078931 3.056570
0.161338 3.858895 0.350432
-1.180670 3.418975 -0.103450
0.911341 3.873453 0.297047
1.361573 3.093813 -2.111385
2.424997 3.177007 0.957731
0.801951 3.839373 -0.688737
-0.527114 1.596823 2.977634
-0.593697 0.700249 -3.235852
2.006472 2.797488 2.017203
2.488467 2.980503 -1.384749
1.033212 1.287327 -3.326400
0.931605 1.224926 3.255509
1.319008 3.708162 0.825525
-0.123141 3.832536 0.089329
1.243795 2.042715 2.910382
2.152654 3.057384 -1.652241
0.668652 0.238198 -3.436825
-1.154518 3.341094 -0.784698
1.544085 3.746571 -0.411603
2.242692 3.428753 0.448344
1.339374 0.464733 -3.361514
-0.454606 3.728863 0.304732
2.052397 1.989988 -2.728493
-0.827280 3.589768 -0.357703
0.886949 3.781175 -0.913740
-1.145979 3.198125 -1.215300
2.574510 3.234517 0.307958
1.529961 1.253912 3.127877
-0.433118 1.292182 3.102126
1.070769 -0.357891 -3.299168
2.046746 3.466591 -0.848746
-1.137459 -2.742213 -2.506298
-0.901325 -3.024193 -2.290958
-1.038565 -3.148103 -2.074958
0.028639 -3.023043 -2.266228
-0.797104 -2.798257 -2.551414
0.302272 -2.948755 -2.236473
-0.119559 -2.143512 -2.966696
0.088650 -3.328318 -1.743999
0.129234 -1.814381 -3.028253
-0.034636 -1.900815 -3.041318
0.723494 -1.733148 2.938083
-0.706679 -1.874191 3.203723
0.512541 -2.608481 2.530342
0.209044 -1.367513 3.240339
-0.463258 -1.841859 3.228641
-0.886426 -2.990959 2.341479
-0.097429 -2.773710 2.616113
-0.699676 -2.238297 3.041034
0.488085 -1.536669 3.111164
-0.095972 -2.479547 2.869596
0.251408 -2.791681 2.480405
-0.450515 -1.509231 3.313805
-0.534361 -3.057489 2.312547
-0.677269 -2.721447 2.690790
0.317398 -2.013187 3.024354
-1.047526 -2.698679 2.624364
0.589621 -1.858749 2.967716
-0.712201 -2.043487 3.136143
-1.251350 -2.145280 2.951416
4.570426 1.238651 1.707157
3.650580 -2.028068 -2.226804
2.578927 -3.432520 -0.546985
3.846950 -2.959479 0.206699
1.775450 -3.326501 1.213140
1.793129 -0.427664 -3.349163
4.263618 -1.221879 2.281995
4.154521 -2.418527 -1.199637
4.923765 -1.785550 -0.123252
5.033032 0.958331 -0.889166
1.570209 -1.639881 -2.993230
5.112697 -1.033009 -0.844505
2.692841 -2.874691 1.917358
5.111731 1.105691 0.165773
4.069372 -2.384724 1.465226
1.864158 -3.117000 -1.608548
1.698964 -3.075525 1.735238
0.903837 -1.146759 -3.039396
2.599964 -1.270440 -3.105953
3.897385 1.885559 -1.878827
2.256130 -3.467587 0.673541
2.434272 2.248813 -2.333689
1.129049 -0.779095 3.271992
2.247217 1.228459 3.132608
0.940048 -1.952583 2.729248
4.121431 1.915274 1.653644
2.258677 1.052747 -3.133233
4.907292 0.846406 1.394203
5.258266 -0.132289 0.826339
4.041204 -2.079063 -1.819990
1.508502 0.933828 3.229831
2.949181 -0.041062 -3.213697
3.307776 -0.555614 3.125374
3.193004 0.072963 -3.122868
1.249608 -0.587107 -3.261717
3.895569 -0.607661 2.785419
1.148325 -0.235865 3.337510
3.034975 3.077416 0.182971
3.883727 -2.468376 -1.518879
4.877744 1.066983 -1.204358
2.845886 -3.411768 -0.227141
3.037946 2.916401 -0.977929
5.006927 -0.933736 1.299330
3.154101 -2.396214 2.278423
2.403521 -3.176579 -1.430157
3.504808 -2.652864 -1.651040
2.520192 -3.079990 1.649049
3.919822 -2.567365 1.378127
3.433042 -0.699252 3.044233
5.329100 -0.271474 0.403770
2.944330 -2.863663 1.814702
4.028226 2.390909 0.947369
2.533880 -3.490791 0.115283
4.824456 1.429840 0.949573
3.767697 -2.843170 -0.947473
4.067269 -2.038234 1.902796
4.753405 -1.874962 0.875827
1.490837 -2.466231 2.473447
3.605539 1.138234 -2.645500
3.595533 -1.714400 -2.491765
2.508901 2.050825 2.573030
2.951919 2.735932 1.544096
4.126946 -0.111626 -2.577763
4.435708 -1.810444 -1.579074
3.201179 -0.634613 -3.088346
3.837995 -1.828058 2.306393
4.068849 -2.646033 0.933483
3.295785 2.976071 0.211228
0.973610 -0.547660 3.266033
3.361908 -3.130964 -0.763062
4.432781 1.009039 2.054768
3.602324 -2.409713 -1.886505
5.266118 0.004186 -0.708398
4.730207 -0.732314 1.903527
2.388027 1.865450 2.744309
2.908650 0.436623 -3.175711
3.303502 2.941717 -0.437410
4.630799 -0.667541 -1.991180
2.452370 2.272058 2.376405
3.558485 2.568629 1.312064
3.741482 0.392161 -2.805868
3.845163 0.145738 2.844329
5.108674 -0.418029 1.266712
4.145105 2.055498 1.420660
2.822901 -2.583875 2.234653
3.075358 0.842124 3.089408
4.144117 0.966238 2.385604
2.600426 1.238005 3.073971
4.560467 -0.193749 -2.144639
2.299561 1.334962 -3.007525
4.496480 0.691179 2.130237
3.111826 -3.337327 0.095831
1.772033 -0.709744 3.382549
4.052826 -0.791091 -2.557891
1.767546 -2.603379 2.373398
3.475228 2.347535 -1.708735
5.154172 -1.266513 -0.162723
5.238013 0.680652 0.323131
2.712851 1.128917 -3.025185
4.108953 0.800748 2.488106
2.959245 2.115495 2.369312
3.674092 2.744405 0.546883
4.956686 0.657007 1.410331
2.784005 2.976902 1.102690
4.075438 0.443751 -2.554559
2.130144 -0.360708 3.423361
3.582955 -3.019045 -0.753094
1.719855 -3.485888 -0.534582
1.375047 -3.386041 -0.803707
1.313782 -3.262225 1.225570
1.523318 -1.190593 -3.170665
2.780063 -3.359275 0.758078
4.869749 -0.025916 1.776110
1.296503 -3.220509 -1.250764
1.235144 -1.678981 2.982013
5.283350 -0.809733 0.152302
3.046113 -3.342690 -0.307740
2.976426 0.341394 3.240746
3.336987 -3.025681 1.186207
2.504906 0.183425 -3.303758
4.130452 -2.297197 -1.437226
4.205107 -2.274269 1.426206
4.582203 -1.262004 -1.804900
2.908599 2.620257 -1.701061
4.328303 1.544918 -1.715838
5.004117 -1.258618 -0.962606
2.411271 0.010649 -3.330225
1.893290 -3.489774 0.625744
3.514966 0.063106 -2.977190
1.853764 0.674331 -3.263997
4.730392 -1.261349 -1.572840
1.752615 -3.323840 -1.146481
3.339790 2.629619 -1.361771
4.499432 1.883752 1.017507
2.291131 -3.506553 0.387764
2.341409 0.596747 -3.260705
4.935490 0.831766 -1.271953
4.849366 1.221484 1.177072
2.961789 -1.226760 -3.024769
2.463355 -2.727414 2.183046
3.937707 -2.735539 -0.907729
2.391251 -3.312825 -1.110520
2.989294 -2.961784 1.626311
1.207836 -3.285678 -1.025048
1.573148 -3.245562 -1.300753
3.201352 3.018903 -0.048723
3.464028 1.066025 2.830346
4.216974 -0.436506 -2.483123
3.783170 -2.204334 -1.952895
2.096716 -1.402687 -3.119189
3.386414 -2.977005 -1.174860
5.339091 -0.398107 -0.104524
3.662017 0.942958 -2.695736
5.247352 -0.951776 -0.170896
3.229868 0.976040 -2.910425
4.089624 1.758705 -1.802389
1.635948 -0.955166 -3.251090
4.475947 1.138215 1.918962
1.501075 -2.753073 2.165640
1.382318 -0.455897 -3.302162
3.384806 -2.273124 2.263156
4.741497 -1.779744 -1.011010
2.939582 -1.011214 -3.099920
2.937683 1.485469 2.852747
5.229724 -0.938749 0.458477
4.446980 -0.163097 2.344384
3.493542 1.591638 2.520477
2.246977 1.736952 2.853329
0.484129 2.938289 -2.472034
-0.334914 1.367823 -3.213211
-0.273202 1.687720 -3.167674
0.274434 2.649441 -2.764112
0.768562 2.063922 -3.137250
0.217522 1.300288 -3.349821
0.847881 2.268402 -3.017309
0.603066 2.480528 -2.907602
0.446358 1.394327 -3.352596
0.262447 1.698756 -3.279795
0.880836 2.511065 -2.846011
0.934920 2.763099 -2.605828
0.927663 1.687589 -3.248888
0.793378 2.891791 2.458027
-0.032593 2.349684 2.819577
1.041992 2.158423 2.893625
0.186453 3.214016 2.079204
-0.036193 2.590106 2.669009
-0.476697 2.274448 2.700104
0.135016 1.943406 3.023359
-0.005336 3.382866 1.709289
0.846472 3.372524 1.772429
-0.369922 2.664552 2.489322
0.954247 2.348289 2.823544
-0.566198 2.072739 2.751584
-0.600505 2.709362 2.316382
2.442565 -2.894124 -1.982240
2.729552 -2.866285 -1.911843
1.382452 -2.460660 -2.400627
3.205522 -2.172740 -2.444198
2.502949 -2.113940 -2.774076
2.148130 -1.949082 -2.907019
2.818916 -1.505621 -2.968784
1.638190 -2.300998 -2.628214
2.083248 -2.826520 -2.133499
1.646999 -2.887031 -1.956641
1.866939 -2.503601 -2.496704
2.377617 -2.318731 -2.651397
3.857412 2.618276 0.634550
4.401058 2.106319 -0.879818
3.656400 2.743695 -0.596431
3.695675 2.791308 0.185137
4.888082 1.664803 0.048595
4.990627 1.423826 -0.120987
4.084114 2.331793 -1.002234
4.968988 1.445145 0.238794
3.958059 2.662960 0.112367
3.852043 2.552751 -0.868607
4.229715 2.467547 0.198106
4.299852 2.298883 0.634964
4.506805 2.053970 0.694668
3.724793 2.788420 0.002340
1.724339 -2.013794 2.932184
2.290383 -1.781586 3.090448
1.285683 -2.051047 2.771764
3.233405 -1.975895 2.626243
2.590201 -2.402489 2.559671
2.446116 -2.349779 2.652934
3.149659 -1.458674 2.970484
2.955919 -2.035232 2.744626
2.682543 -1.553035 3.121257
1.473382 -1.333401 3.197333
-3.880838 -1.845882 -1.950016
-4.528650 -1.376275 1.498343
-4.431912 -1.656244 -1.582016
-4.800402 -1.955304 -0.136438
-4.524558 -1.578901 1.372699
-4.058740 -2.697890 -0.184246
-5.170616 -0.857309 -0.545172
-5.123802 -0.768850 -0.792478
-4.624941 -2.192627 -0.080880
-4.789493 -0.867229 1.350011
-4.486553 -2.201833 -0.789647
-4.999660 -1.593459 0.007921
-5.158965 -0.401839 0.555331
-3.894259 -2.224420 -1.598307
-4.894206 -1.797082 -0.203327
-3.575404 -2.386035 -1.644415
-5.226900 -0.404495 0.137288
-4.219471 -1.907665 1.462085
-4.807208 -1.484190 0.983938
-4.145528 -2.625546 -0.326324
-3.983303 -2.222492 1.370303
-4.018373 -1.823628 1.714940
-5.230255 -0.691616 -0.044178
-4.849191 -1.836388 0.268510
-4.840967 -0.953257 -1.390838
-4.903947 -1.166459 -1.173658
-5.033932 -0.872561 0.871110
-4.384006 -2.420296 0.237303
-3.875545 -2.804251 0.113434
-4.712390 -2.004363 0.413844
-3.708057 -2.647237 0.989970
-4.318896 -2.144665 1.068521
-4.647282 -1.930434 -0.927349
-4.942412 1.582384 0.170710
-2.998033 -1.186249 2.843653
-3.511722 -2.214868 -1.867872
-2.778145 2.722111 -2.124241
-4.764905 0.331627 1.693198
-4.984821 0.326935 1.265013
-5.200891 -0.152693 -0.632523
-4.238374 -1.118131 -2.144305
-1.552310 3.195731 -1.598460
-1.621646 2.282122 -2.731977
-4.244993 -0.201358 2.330572
-4.260877 1.744174 -1.893830
-3.897347 2.857920 -0.488583
-5.136278 0.792880 0.594189
-4.136968 1.018580 -2.453286
-3.947561 0.974725 2.492706
-3.457689 -1.929916 -2.234025
-3.036996 -1.375721 -2.875337
-4.773804 -0.256200 1.636358
-2.430625 2.069892 -2.837650
-4.908829 1.014715 -1.319021
-3.429157 3.184769 -0.090789
-4.477443 -0.197514 2.074717
-2.310738 0.351862 3.302070
-3.850757 -1.135384 -2.511137
-3.321885 -0.843260 2.836735
-2.607690 2.607382 -2.324239
-3.023734 -0.341982 3.090993
-5.222634 -0.103060 0.372602
-2.855165 -0.080956 3.178522
-4.201921 2.589956 -0.528251
-5.255258 -0.053027 -0.087974
-4.560929 1.687665 -1.471833
-5.048531 -0.093076 -1.231664
-3.577205 3.046823 -0.643020
-1.802499 0.383420 -3.473977
-4.266429 -0.420643 -2.408242
-3.652639 -0.982288 2.588851
-2.152250 1.253672 -3.287939
-4.552786 0.536387 1.976244
-4.793989 -0.268485 -1.741373
-4.964932 0.910422 1.101928
-2.129735 0.944307 -3.378854
-3.511451 -0.506338 -2.974766
-1.779076 0.701275 -3.437779
-2.135514 3.335370 -1.285643
-2.316338 1.872481 -2.984457
-3.709610 2.917562 -0.834074
-5.169507 0.128193 -0.859902
-5.232309 -0.285030 -0.020625
-3.980597 -1.605202 1.922502
-4.438850 0.807434 -2.197426
-4.931904 -0.621633 1.165109
-4.184270 2.553869 0.610466
-1.597335 3.561868 -0.052283
-2.240984 0.331774 -3.455033
-1.936555 3.518557 -0.663842
-4.664948 0.895037 1.710996
-3.019755 0.122498 -3.275169
-3.479905 -1.384351 2.495273
-1.723374 1.885428 -3.010863
-3.273967 -2.321490 -1.926634
-3.864180 2.885042 0.330259
-1.249573 1.038079 -3.311423
-4.510250 1.901209 -1.310645
-4.044450 0.006833 2.535645
-4.152476 2.512158 0.828597
-5.177075 0.218601 0.682775
-1.402962 1.982564 -2.919370
-2.085198 -0.350670 -3.434824
-3.765071 2.977358 -0.269313
-5.215104 0.167412 -0.635421
-5.122327 -0.084293 -1.005911
-4.943200 0.799251 -1.362342
-2.216190 3.535526 -0.404895
-5.258172 0.148896 -0.233652
-3.260266 -1.721280 -2.541460
-2.440641 3.419384 0.745447
-4.458817 0.266772 -2.267423
-3.983605 1.152783 -2.541758
-4.996981 0.460710 -1.355293
-3.246116 3.099779 0.953561
-2.274274 3.464609 0.662571
-4.495977 -0.680497 1.910568
-4.055526 -1.022884 2.245786
-4.267527 2.356725 -1.058652
-3.961812 -0.312778 2.565115
-4.771866 0.100560 1.688845
-2.244566 3.433062 -0.949397
-4.761461 1.912382 -0.384064
-4.938081 1.187538 -1.097068
-4.025383 -0.455252 -2.625860
-3.413304 -1.024437 2.718458
-4.213304 2.332217 -1.229301
-2.581817 2.957789 -1.881549
-4.974478 1.350587 0.609965
-2.500724 3.508880 -0.116572
-1.630352 3.557406 0.143905
-3.937954 1.713653 -2.277871
-4.148461 0.540358 2.420621
-2.573108 -0.365069 -3.362611
-4.788939 1.804171 -0.623156
-4.217133 -1.335177 -2.019540
-5.198867 0.814290 -0.045013
-5.102806 0.359469 -1.082246
-4.805130 -0.574221 -1.609817
-4.178156 1.921221 1.694932
-2.438617 3.498881 0.309986
-2.596725 0.275947 -3.397295
-4.002617 0.980286 -2.588048
-1.667026 3.522284 0.474922
-2.754581 -0.045465 -3.353448
-4.630070 1.448812 -1.572701
-3.226939 -0.283437 3.017095
-1.642433 -1.534428 -3.392505
-2.018211 -0.981749 -3.375598
-1.476978 -4.104958 -0.356995
-0.338184 -3.888189 -1.532567
0.612812 -1.310543 -3.421901
-0.129846 -0.054062 3.723346
-0.293147 -0.757651 -3.686248
-1.355623 -2.502239 -3.022253
-2.201885 -3.585514 -1.297615
-2.911187 -3.409360 0.083003
-1.751052 -2.126519 -3.115519
0.366143 -0.125264 3.638898
-2.476777 -1.361380 3.129942
-0.904199 -3.517321 -2.147902
0.296747 -4.110559 0.498721
-1.965660 -2.385156 -2.873779
-0.778972 -0.401669 -3.697175
-1.736293 -1.086076 -3.466799
-1.336923 -3.134592 2.573958
-1.546425 -3.974508 -0.937091
0.702568 -1.008756 3.518141
0.071308 -4.125553 -0.630008
-0.829979 -1.974021 -3.391573
-3.012126 -3.323925 -0.051831
-1.795761 -1.319018 -3.398957
-2.058614 -1.299070 3.368038
0.463584 -4.091832 0.223661
-1.984084 -3.862721 -0.774745
-1.072234 -1.456614 3.614541
0.543888 -3.308128 -2.173892
-2.261691 -0.533722 3.366251
-1.483545 -0.314004 -3.584586
-1.690274 -1.029479 3.561272
-1.583513 -3.580663 1.893333
-1.451377 -1.128187 -3.542664
-1.246852 0.600792 3.543219
-1.780536 -3.002574 -2.462541
-0.342794 -2.403990 3.246836
0.295803 -1.311295 3.584063
-0.095944 -0.977801 -3.644817
0.814672 -3.738170 -1.232852
-3.007230 -2.755372 1.743826
-1.642308 -3.323730 -2.166170
-2.257064 -3.733061 -0.777229
-1.015756 -0.775458 3.737283
-1.474906 -2.314433 3.175451
-0.942014 -3.873664 -1.533625
-1.887405 -1.227542 3.455774
0.133228 -0.757503 -3.630669
-1.682032 -0.024731 -3.501203
-0.135408 -4.171804 -0.533909
-0.113558 -0.546645 3.747986
-1.460553 -0.733856 -3.587593
-2.335377 -3.268260 1.817831
-0.641799 -1.404225 -3.592956
-2.765000 -2.862296 -1.849427
0.745054 -2.700016 -2.692507
-2.224206 -2.687263 2.572713
-0.443223 -3.529790 -2.154314
-0.696959 -3.964260 1.438115
-2.056105 -3.083977 -2.217989
-2.111120 -0.288572 3.432501
-1.961454 -1.660517 -3.232974
-0.693638 0.189046 -3.638400
-2.453797 -3.676921 0.595612
-0.292186 -1.344968 3.668534
-0.568050 0.435349 3.656346
-2.242023 -1.630705 -3.108841
-3.033788 -3.290414 -0.263254
-2.458929 -1.570834 3.075063
-2.035854 -2.216866 3.012838
-1.690974 -3.658868 1.688531
-0.291719 -0.602764 3.764043
-1.976943 -3.673327 1.418739
-1.690193 0.257331 3.519474
-3.060688 -2.445832 -1.953639
-0.584732 -4.068851 1.153404
-2.221474 -3.198849 2.022252
-2.240723 -0.865887 3.356950
-1.419451 -1.726159 3.462751
0.358778 -0.783991 3.649066
-0.315357 -3.174356 -2.567647
-1.696830 -3.914130 1.056178
-0.484941 -2.150694 -3.319934
-2.555550 -2.206865 2.699420
-1.482519 -1.249311 3.581736
-1.455820 -4.130630 -0.044487
-2.755720 -3.010504 1.729445
0.208551 -4.059657 0.885758
-0.222452 -4.120018 -0.841217
-0.309481 -2.666860 3.073097
-2.099842 -0.503790 3.444183
-0.256837 0.175714 3.701015
-2.241673 -2.474563 2.730715
0.368617 -2.681984 2.926812
0.029250 -2.198032 -3.244322
-0.872728 -1.962933 3.463115
-0.821860 -1.385956 3.659414
-1.504500 -3.609792 -1.816171
0.356946 -3.453961 2.137142
-0.976978 0.312127 3.662246
1.060497 -3.549277 -1.399574
-1.147111 0.494544 -3.522263
0.233556 -2.057605 3.341156
-2.390003 -2.701430 -2.372691
1.022896 -3.429532 1.736697
-0.673525 -4.230106 -0.212527
-1.080055 -1.536772 -3.520612
-2.538242 -1.100677 3.152791
1.066473 -3.629637 -1.206822
-2.711300 -3.559919 0.089406
-1.268988 0.216400 3.637127
-1.813774 -0.162519 -3.472725
-2.985723 -1.821770 2.557852
-0.682712 -3.471955 2.302449
-1.813806 -3.907496 -0.863882
-2.543472 -3.105925 -1.772729
-2.484440 -3.669670 -0.457921
-0.850488 -2.706914 -2.970397
-2.298536 1.004502 3.316919
-3.030273 0.692955 3.135000
-3.591899 2.814973 1.230852
-3.462597 1.426469 2.805125
-3.463329 2.339975 2.247796
-3.108095 2.837025 1.923883
-2.390314 2.966201 2.120522
-2.130501 2.286265 2.862690
-1.933111 2.824312 2.363009
-4.028316 1.387672 2.283526
-3.958922 1.999168 1.986422
-3.294772 1.271542 2.952216
-2.606101 3.327632 0.983134
-3.847894 1.039506 2.574726
-1.972425 1.822339 3.125578
-2.427826 3.304130 1.320312
-2.121369 1.357559 3.275275
-2.478117 0.970217 3.293277
-1.791482 3.344963 1.256218
-3.754732 1.336111 2.598159
-2.376692 1.620203 3.175916
-2.860103 2.555269 2.452590
-2.131190 3.080253 1.979089
-1.847542 2.380031 2.791673
-1.611429 3.331370 1.219269
-2.257693 0.551927 3.322215
-3.343459 2.906938 1.491459
-2.976532 2.331438 2.599470
-3.660421 2.217494 2.166398
-1.987789 2.147465 2.957089
-3.917511 2.388666 1.539243
-3.281338 2.867449 1.678394
-1.678022 3.165389 1.769365
-3.103070 1.396790 3.021652
-3.683837 2.616925 1.568238
-1.538832 1.954056 3.017893
2.377424 3.672357 -0.900192
0.339794 1.412080 3.572587
0.635883 4.198178 -0.653318
-0.085097 2.015251 3.309686
0.484889 1.555416 3.540334
-1.118889 3.495594 1.431620
1.557499 4.109003 -0.281303
0.406826 -0.104598 -3.734506
2.105163 3.920367 -0.017504
1.091954 1.193685 -3.688884
0.546062 4.105509 0.972763
-1.179895 2.588919 -2.613414
-0.290384 0.368569 -3.684664
-0.300105 4.071046 -0.773706
0.101534 4.107743 0.847958
1.290116 1.970963 3.318000
1.937964 2.997623 -2.484194
0.512762 3.155360 2.592088
2.207268 3.596556 1.286555
1.791812 3.062724 2.396499
0.021668 0.580274 3.649302
-0.898586 3.807830 0.913609
1.909984 2.093455 3.064258
2.069284 2.154026 -3.056296
0.440624 2.517711 -3.200023
1.826060 2.294812 2.989139
-0.302902 1.646926 -3.501277
-0.601286 0.405198 -3.597547
1.694296 3.249209 -2.333510
1.301011 4.021546 -1.104524
1.901211 3.609353 -1.664222
2.350050 2.841474 2.273033
-0.260464 2.892175 -2.806475
0.217977 1.475978 -3.643668
0.181198 1.260995 -3.690984
1.143476 0.841776 3.632603
-0.269907 3.846815 1.408933
0.469133 2.151023 3.309205
2.580328 3.407498 -1.297171
0.509639 4.241915 0.151471
1.213072 3.619324 -2.023476
-0.645231 3.126968 -2.423459
-0.574899 3.367364 -2.167443
-0.057940 3.472335 2.141796
1.720891 2.117311 3.126734
-0.928019 2.530313 2.714896
2.208009 3.030419 2.177732
2.383992 3.780810 0.005376
-0.950609 0.899921 -3.440935
1.052104 3.173994 2.530257
1.363051 3.462018 -2.202780
2.576164 3.556492 0.781097
0.556162 3.954668 1.402628
-1.183016 1.704684 -3.125281
-0.172241 0.608609 -3.712034
0.957871 4.185985 0.510076
0.116788 -0.323170 -3.666430
-0.222300 3.884137 -1.446191
0.235164 0.493351 3.675671
0.889517 3.296420 2.423536
0.996494 4.132483 -0.868599
1.241130 3.165057 2.497375
0.989039 3.688096 -1.972951
2.459852 2.690415 -2.430297
-1.138202 2.578842 2.551850
0.653147 4.240900 -0.263000
0.516352 4.074710 -1.172087
-1.439448 3.653749 -0.230276
0.339112 3.533874 -2.234044
0.590202 4.162051 -0.845208
-1.414543 3.354875 1.338172
0.913467 2.956234 2.758035
-0.604570 2.937179 2.538560
0.368254 2.990063 -2.838721
2.608501 3.222714 -1.624278
0.195801 4.041330 -1.214314
2.079694 2.339110 2.844270
0.400442 0.740427 3.679849
0.388338 2.906686 2.814450
0.131606 0.655384 -3.759521
-1.129039 3.696623 0.908034
-0.931356 3.783505 -1.043108
-0.150082 3.424092 -2.275354
-1.254093 3.509282 1.229229
-1.083812 3.859816 -0.065630
0.444470 4.214313 0.433596
1.819690 3.964586 -0.748382
-0.838298 1.665984 3.214437
2.231938 3.845001 -0.373839
-0.279581 4.108123 0.494632
1.465942 1.371386 3.479364
0.991136 2.176449 3.272350
-0.672583 3.800503 -1.309620
1.636344 2.493382 2.937614
1.384633 0.617212 -3.698507
0.888929 3.041032 -2.782338
-0.766288 3.652972 -1.564340
-0.168510 1.771057 3.391971
-1.158043 2.242580 2.775152
-0.754395 2.118143 3.053954
-0.213976 2.340717 -3.212012
1.743002 4.048542 0.245997
-0.247725 4.025556 0.918896
-0.253881 1.450691 3.474182
-0.517877 3.867141 1.179341
-1.070280 2.479399 -2.767955
-0.031868 1.627850 -3.565207
-1.197534 3.798303 0.087734
0.677991 1.015072 -3.752844
1.817263 3.374897 2.006523
0.710325 1.311606 3.601277
2.449745 3.725516 0.297026
2.023204 3.702914 1.248062
0.158747 2.349373 -3.277318
2.206672 1.992495 -3.068947
0.844884 -0.565820 -3.621222
0.913696 4.232022 -0.107742
0.630780 2.975795 -2.858413
-0.850592 3.095390 -2.342283
-0.498594 0.751154 -3.623152
2.641440 3.442500 -1.100166
2.375448 3.041691 2.031000
0.512023 2.274883 -3.344470
0.953639 1.481897 -3.639857
0.925040 -0.158440 -3.712315
1.773957 4.047593 -0.191564
1.577134 3.899475 1.167828
1.602970 1.496067 -3.506332
2.392762 2.860228 -2.318126
-0.152416 3.360945 2.257322
2.141559 3.309688 -1.968008
0.625999 0.380060 3.688639
3.584146 -3.405665 0.854147
3.368020 -3.418810 -1.080157
5.582241 -1.016201 -0.169813
3.962744 -3.271977 -0.347152
1.544879 -1.625606 3.444063
4.428021 -1.242399 2.612728
2.154286 -0.185654 -3.699146
3.861934 0.027116 3.245982
3.844585 0.420514 3.211252
3.790372 2.097449 2.399759
3.671492 -0.416681 -3.274611
4.083075 -2.408036 -2.040833
3.361304 -2.094278 -2.826528
5.155063 -1.854385 -0.855552
4.395123 1.906934 -1.919095
5.100618 -2.155767 0.162044
2.061726 -1.365781 -3.497287
1.714273 -0.410678 3.757880
4.206762 2.833784 0.251471
2.444570 -3.750801 0.884222
3.044643 3.406914 0.480405
2.241728 -2.147900 3.178306
1.192683 -1.896352 -3.179515
4.294713 -0.804790 -2.803599
3.426711 -3.578608 0.071221
5.543075 -0.872157 0.780726
3.932701 -3.314162 0.049115
4.498046 1.378471 2.313611
3.122266 2.281366 -2.561936
2.952468 2.528417 2.454798
3.035157 -1.709989 -3.182800
3.339003 -3.496972 -0.863118
2.675631 1.111796 -3.413298
4.506552 1.789443 1.966317
3.792989 1.728175 2.699596
4.644711 1.166982 -2.205773
4.517147 -0.676942 2.703348
1.552250 -3.768083 0.859393
2.197078 -1.676630 3.436897
1.971886 -3.873115 -0.221412
1.676265 -2.355245 -2.967099
1.958794 -3.107772 -2.243407
1.359344 -0.676172 3.689065
3.486558 2.101423 -2.533699
5.159980 -2.062392 -0.042904
3.741183 0.631557 -3.156564
4.918497 -2.233188 -0.866080
4.152013 -3.137013 0.454236
5.595487 -0.410979 -0.763352
3.415987 -3.086003 -1.747022
4.154539 -2.466847 1.966365
2.905229 0.402314 3.610295
2.148082 -3.876022 -0.041813
1.397663 0.030937 3.729806
5.621917 -0.115140 0.753341
5.255782 0.023153 1.779495
2.134363 1.447032 -3.345615
2.207667 -3.362741 1.918910
1.930267 -2.453783 -2.904743
5.127346 -1.057754 1.785468
5.344809 -1.339084 1.055332
4.313927 2.099867 -1.803722
1.178747 -1.533899 3.419304
2.950109 -0.351388 3.633268
4.134643 -0.893394 -2.907246
2.643959 -0.811332 3.649000
1.642796 -1.187925 -3.542356
2.997052 -0.670646 3.586892
3.542205 1.404867 3.045907
3.245515 3.360029 0.257377
4.542426 1.788732 -1.848437
2.424078 -0.234452 3.743990
3.835536 2.744670 1.486228
3.547851 -3.282524 -1.220540
3.390852 -3.582655 0.314345
3.363333 2.766559 1.915292
4.098997 -1.502541 -2.708120
3.463889 -2.736514 -2.194032
5.594471 0.696752 -0.082496
3.369127 -3.351622 -1.259686
3.695041 -3.045771 1.621325
2.852499 -3.750323 -0.359704
4.253788 2.508867 -1.253572
2.093592 -3.805612 -0.703292
3.895859 -1.704816 -2.751490
3.321965 3.287699 -0.554048
3.207495 1.547550 -3.056158
4.800728 2.249596 -0.352981
5.605989 0.601023 0.320066
2.992039 -1.387876 -3.334300
2.355074 1.909836 3.135893
4.611655 1.924715 1.660108
4.072497 -0.737917 -2.987209
3.245309 -2.634975 -2.434502
3.243371 0.723149 3.436656
1.657383 -0.571402 -3.668491
5.032125 1.419665 1.470170
3.978624 -3.240578 0.561948
3.991694 -1.815420 2.685636
3.510898 -2.573757 -2.340339
4.756288 2.167079 0.923780
1.803048 -1.867620 -3.279664
1.499265 -3.811255 0.600232
2.763764 2.383198 2.671678
4.239451 2.293706 1.714662
2.509094 -3.306382 -1.878890
5.384618 -0.750862 1.388410
5.110001 -2.066398 0.590880
4.030672 -2.945768 -1.308003
4.872736 -0.554070 -2.263790
2.071269 -0.723966 -3.657399
2.674147 -1.952337 -3.156787
3.733680 -3.430101 0.023465
3.002556 3.422162 -0.389235
2.691390 -2.975455 -2.291215
4.956106 -1.204264 -1.922513
1.376199 -1.539725 -3.385829
1.236957 -0.830319 -3.570868
1.587720 -2.793392 -2.577399
3.835367 1.178322 2.983991
4.530685 -2.039117 -1.898009
5.290952 -0.883234 1.547405
1.365694 -2.205943 -3.028281
4.937858 -1.041257 2.099402
4.395481 -2.487041 -1.551044
4.093931 2.882828 0.533798
4.597663 -0.557763 -2.575111
4.660782 -1.991621 -1.761255
2.186205 0.726587 3.665279
4.366871 -1.605111 -2.417128
2.782814 -0.963760 3.587765
3.986801 1.674166 2.593873
5.683772 0.040966 0.193957
4.731812 0.532710 -2.373832
4.515985 -2.374034 1.593821
4.830180 0.988999 2.138062
4.019688 1.313814 -2.720146
3.298471 1.833601 -2.840780
2.485205 -1.467875 3.491242
5.441890 0.105370 -1.285689
2.479483 0.782610 3.620367
5.172307 -0.226840 1.934481
2.104418 0.254525 -3.680679
1.533538 0.912648 3.598889
4.403738 -0.306098 -2.784084
4.569143 0.740511 -2.486291
5.374747 1.260558 -0.515129
2.947294 -2.382647 -2.789016
2.283889 -3.854442 0.343014
4.383203 -0.771272 2.806211
4.196851 -2.199058 -2.136300
4.977059 -0.736929 -2.081593
3.414279 2.935671 1.576641
2.526654 -2.892526 -2.432978
1.670321 -1.465351 -3.451607
4.884894 2.051093 0.792731
5.423875 -1.531612 0.039302
4.533182 0.503998 -2.592803
1.782456 -3.153743 2.246043
3.720676 -3.108475 -1.399457
5.148889 1.678787 0.705883
4.585967 1.977706 -1.563272
3.046154 3.150206 -1.361729
2.712314 2.924084 -1.966951
3.866798 -1.436805 2.975027
3.437387 -0.105522 3.467129
3.164491 -1.838998 -3.069198
2.612548 2.644639 2.440421
2.062164 -1.920629 -3.253023
0.940896 -1.982285 3.130147
3.457810 -0.868468 3.380433
3.918813 2.874360 1.044804
4.490627 0.923648 2.566018
2.479535 1.267870 -3.388527
2.976887 -1.914076 3.164978
3.514610 -1.274202 3.238658
2.420419 -3.852453 0.020642
3.662397 -3.284615 1.123545
3.331893 3.265354 0.722533
5.543428 0.168971 -0.959826
2.547181 -2.370627 2.978918
1.950366 -0.780206 3.720245
3.938945 -0.188850 3.203065
1.222870 -3.788117 -0.367609
2.248530 -3.167502 2.213556
5.191318 1.403719 1.085264
3.682874 3.166339 0.248245
1.994824 -3.224484 -2.082416
5.201953 -1.835976 0.778983
4.872985 -0.902628 -2.172766
5.690851 -0.186200 -0.027015
4.157394 1.360895 2.654946
2.128055 -3.248739 2.109834
2.242798 2.034535 3.062580
1.477977 -3.043096 2.347411
5.448273 -1.231113 0.793298
4.496067 2.597096 0.139551
2.571627 0.657356 -3.565489
2.430178 0.303274 3.717541
4.415995 0.446251 -2.715984
3.242292 2.994850 -1.540365
3.632246 1.041146 3.159739
1.916833 -3.848162 0.535687
2.105353 -0.014893 3.769782
1.073936 -2.074271 -3.044425
2.811515 0.629256 3.592265
5.433475 -1.405317 -0.482893
3.296579 -3.212692 -1.623033
4.181612 0.188213 -2.949146
5.523905 -0.700270 -0.921323
5.195320 -0.881943 -1.673263
5.384680 -1.402198 0.818430
3.404557 2.663878 -1.965840
5.582156 0.327223 0.801083
5.584822 -0.980864 0.324536
3.469938 -2.776731 2.212351
3.633681 0.330570 -3.271707
3.136306 2.962991 1.750713
4.978257 2.054689 -0.007074
3.204589 -3.311699 1.574764
4.358457 0.671885 2.779627
2.437999 -3.655559 -1.150556
3.581420 2.540398 -1.998672
2.318726 -2.347785 3.032978
4.529655 2.395627 0.984810
3.807901 -3.349191 -0.470496
3.860261 -2.440548 -2.214628
2.792138 1.341592 -3.293584
4.905884 -0.888203 2.203772
3.504849 1.612204 -2.880022
2.138045 -3.034928 -2.327879
1.270984 -3.483791 -1.500021
4.332954 -1.470515 2.594767
3.559457 1.313346 -3.011948
4.434846 -2.922856 0.331660
1.852944 -2.865398 2.596517
3.728130 2.819608 -1.400394
5.605351 -0.836873 0.428841
4.925238 1.031660 1.976191
4.252606 -0.447884 -2.897390
5.051435 -1.442147 -1.604518
2.866747 -3.130426 2.089205
1.708413 1.016518 3.582826
5.360571 -0.403807 1.551071
4.877015 1.949718 -0.991798
3.531252 -0.334602 3.419670
4.443763 -2.930515 0.065485
2.929776 -3.596376 -1.012732
2.206315 -2.751303 2.702342
3.124854 -0.157536 -3.516079
2.923284 -0.031300 3.644984
4.991125 1.934995 0.694836
2.308334 0.567018 -3.619713
1.445216 -3.504317 1.592607
4.609486 2.122722 1.374705
5.509292 0.296429 1.102078
5.651778 -0.307788 -0.483549
4.563747 -0.168377 2.711620
1.693665 -3.416438 -1.753461
2.441331 1.105570 -3.456517
5.236926 -1.302478 -1.324182
4.660213 2.256912 -0.911734
2.783639 0.688841 -3.515262
2.636318 1.792598 -3.091591
1.798500 -3.323932 1.994521
1.522796 -3.387946 1.842697
4.688715 -2.093090 1.674957
4.311937 2.738596 0.379836
3.602255 -2.129505 -2.669109
1.709465 -1.240721 3.601856
4.270148 -2.514365 1.762485
4.010924 2.745520 -1.152020
