-2.452655 -1.784668 -0.984662
-0.638851 -1.737735 -2.942014
-1.565521 -2.162833 -2.612545
-1.210645 -1.634462 -2.946814
-2.088328 -2.424695 -0.953306
-2.361232 -0.705743 -1.802001
-2.414581 -0.701238 -1.094086
-1.779724 -0.346438 -2.349431
-2.216591 -0.524388 -1.941524
-1.164601 -2.097183 -2.794412
-1.649871 -2.686530 -1.939556
-1.112148 -2.438374 -2.567107
-2.162821 -1.995940 -2.174137
-2.357501 -2.051282 -1.020687
-2.176485 -2.356247 -1.585794
-2.345205 -0.620622 -0.933416
-1.216979 -0.229746 -2.554754
-2.273073 -2.226149 -1.094865
-2.351663 -0.882955 -0.666587
-1.593273 -1.012502 -2.814970
-1.388312 -2.795953 -1.962313
-0.848323 -1.804301 -2.940560
-2.039119 -0.279300 -1.934690
-1.692219 -1.252989 -2.795058
1.261889 -3.046528 -1.673716
2.305033 -1.093233 -0.127399
2.118620 -1.133003 0.385337
-0.346683 -0.253433 -2.804911
0.439785 -3.065154 -2.206214
2.275354 -1.878201 -0.319388
-2.284377 -0.651320 -0.479976
1.854135 -1.771770 0.722331
-1.994436 -2.568524 -0.887751
1.534442 -2.274800 0.838359
1.215116 -2.979111 -1.837156
0.238888 -0.731381 -2.990769
-0.531802 -1.030142 -2.994207
-0.014508 -0.086550 -2.744460
-2.282157 -1.146183 -0.027986
-1.064173 -3.022244 -1.919340
1.084247 -3.297444 -1.352295
1.840864 -1.453645 0.810748
1.554859 -2.714073 0.409683
-0.017425 -3.588866 -1.286842
2.226886 -2.125467 -0.677118
-0.844911 -0.098566 -2.570464
1.616356 -2.817819 0.150422
-0.200916 -2.075270 -2.924572
-0.293194 -0.983387 -3.030964
2.096829 -2.402092 -0.543135
-0.402821 -0.672898 -2.952761
2.120559 -1.991167 0.130024
-0.148657 -1.482734 -3.055625
-1.978297 -2.519045 -0.210625
1.748909 -2.789265 -0.101610
1.753166 -1.639391 0.881819
1.980930 -2.579848 -0.943655
-0.925099 -2.766157 -2.305795
1.674435 -2.533266 0.453355
-2.196791 -1.689311 0.133000
-1.264051 -3.254780 -0.255204
-0.406088 -3.521978 -1.393482
1.571389 -1.955596 0.968704
1.466435 -3.124511 -1.051650
-2.065210 -1.773304 0.388898
1.309382 -3.271012 -0.602099
0.729885 -2.210774 -2.756213
1.846903 -2.194259 0.506371
1.678178 -2.893790 -1.199865
2.193096 -1.460064 0.219643
-0.989607 -3.449743 -0.707674
0.128171 -1.019425 -3.050117
1.452012 -1.807816 1.123536
-0.595733 -2.002919 -2.878127
-1.646371 -2.864272 -1.367151
1.231626 -2.806083 -2.043197
-0.471734 -3.399580 -1.674343
0.604774 -2.628169 -2.558169
1.755718 -2.887221 -0.816332
-2.354943 0.201568 -0.174095
-2.308905 0.026411 0.681980
-2.245751 -0.245450 0.854053
-2.355060 -0.330283 0.010305
-1.982548 -0.773065 1.171176
-1.999979 -0.086295 -1.182044
2.203035 -0.897771 0.176245
2.333903 0.147774 0.547325
2.334086 0.455306 0.200802
2.166904 -0.726108 0.769817
2.332744 -0.457069 -0.012239
2.094778 0.178228 -1.010374
-1.893325 1.062082 1.080768
1.703590 1.389679 1.016793
-2.191542 -0.749395 0.652891
-2.127656 -0.084840 -0.957932
-2.151203 0.922391 0.536401
1.906139 -0.965274 1.153680
-1.989676 1.044621 0.889023
-2.350251 -0.178740 0.435021
1.897855 -1.100922 1.027451
2.297381 0.524794 -0.228000
2.152323 -0.230912 -0.884021
2.057545 -0.846750 0.950155
2.034064 0.714076 1.113718
2.253701 0.535522 0.651520
2.065123 -0.681345 1.072395
2.093044 1.071057 0.474544
-2.305023 -0.592570 0.116607
2.303597 -0.212227 0.664502
-0.318083 -3.155341 1.274459
0.941430 -2.676000 1.262442
0.689283 -3.657077 -0.157042
0.871051 -3.447306 0.557982
-0.890756 -3.494880 -0.427371
-1.279426 -2.555754 0.983195
-0.393940 -2.376790 1.596017
0.378676 -3.607907 0.687445
-0.087291 -3.798074 0.169600
1.185229 -2.901054 0.890677
-0.339265 -3.775896 -0.048704
-0.990277 -2.727820 1.199848
0.886056 -2.353713 1.391969
-0.605470 -3.624877 0.453946
-0.284387 -3.758137 0.287163
0.202120 -3.742146 0.412784
0.879799 -3.241452 0.885219
-0.865777 -2.656105 1.321702
1.216623 -3.250401 0.283081
1.147899 -3.078596 0.761647
0.213663 -3.326971 1.142074
1.304028 -2.461013 0.989078
0.365539 -2.931118 1.413098
-0.222883 -3.774281 -0.286366
0.125898 -3.128088 1.327918
1.218395 -0.161121 -2.490645
1.969617 -2.297931 -2.153221
1.092305 -0.274944 -2.622624
1.631830 -0.010768 -2.048842
2.515082 -1.071206 -1.577554
2.232468 -0.413540 -1.706110
1.484143 -0.195211 -2.412154
1.365352 -2.056171 -2.761851
1.169047 -2.060934 -2.812592
2.216285 -2.239611 -0.901650
0.681161 -0.954923 -2.958029
2.526386 -1.028701 -1.322478
2.047256 -2.511381 -1.131835
2.510779 -1.438971 -0.973870
1.129227 -2.505451 -2.500032
1.981006 -2.579917 -1.484914
1.294507 -0.777151 -2.861580
1.633171 -2.214659 -2.537453
1.894278 -0.242216 -2.107912
2.178558 -1.250561 -2.385512
1.407987 -2.393130 -2.513500
2.409409 -1.886150 -0.945307
2.442357 -1.916366 -1.223079
1.956851 -1.574430 -2.590367
2.022433 -0.108357 -1.462611
-0.416939 0.625464 -2.936863
-2.117894 1.551456 0.364411
-2.279326 1.259982 -0.003699
-1.840752 1.564067 0.794336
1.136846 3.343626 -0.320620
-0.267425 3.624522 -1.036831
0.370182 2.080846 -2.900846
2.342830 1.042427 -0.347913
0.115868 1.435775 -3.060902
2.147632 2.188771 -0.203240
1.738379 2.286641 0.591943
2.039072 1.286320 0.538750
1.781886 2.855467 -0.534573
-1.650169 2.924080 -1.194815
1.435963 3.112372 -1.202469
-0.318748 1.991030 -2.939031
-2.327951 1.481742 -0.233508
1.581592 3.062898 -0.743506
0.282952 3.595446 -1.186337
0.054435 3.450217 -1.675855
-1.441733 3.134770 -1.095767
0.821422 3.135926 -1.939470
-0.920959 3.066993 -1.970008
-1.690775 2.635341 0.303303
-1.155610 2.028681 1.254888
-1.517643 2.985070 -0.001074
-0.770117 2.926873 -2.230238
0.395689 1.369698 -3.033835
-0.359205 3.310163 -1.886696
-0.420899 0.927447 -3.003493
0.595432 1.802545 -2.933990
-1.754482 2.815914 -0.194486
1.805284 1.875637 0.745569
-2.142641 2.137631 -0.098887
0.475250 1.178894 -3.018104
-1.384353 2.902140 -1.753553
2.019838 2.364244 -0.040230
-2.139359 1.062037 0.330404
2.362729 1.518862 -0.524596
-1.089058 3.369338 -1.056868
-1.975379 2.332695 0.127503
1.984808 2.562069 -0.381010
0.090392 3.661507 -0.789535
1.618705 2.673055 0.368945
-2.112616 2.369235 -0.524230
0.824824 3.378935 -1.463663
1.717390 2.504587 0.419708
0.670136 2.426599 -2.666566
-0.097909 2.943907 -2.392637
0.178409 2.485176 -2.736176
0.339008 3.628971 -0.927151
0.157806 2.814186 -2.505688
0.928397 3.476653 -0.712427
2.255111 0.730064 -0.168885
1.952107 1.661449 0.619867
-1.039088 2.942760 -2.044223
0.130202 0.957987 -3.042263
-0.776666 0.112221 -2.608147
-0.010945 0.002934 -2.693393
-0.443660 1.712635 -2.987430
-0.538486 0.781259 -2.951327
2.111682 1.874104 0.237856
-2.202541 1.681692 0.121845
-0.483213 3.375727 -1.718758
-1.594418 3.043002 -0.871089
2.228824 2.079912 -0.433633
-1.973290 1.725239 0.567490
1.228526 -1.514295 2.144269
1.913464 0.931145 1.295084
0.623661 0.751279 3.182972
1.199736 0.661591 2.920488
1.791318 -0.672520 2.223482
-0.382888 -1.709531 2.500211
0.252085 -1.707198 2.537317
-2.064467 0.514965 1.326439
0.224983 -0.747802 3.271737
-1.025247 1.847910 1.542161
-1.479352 0.425396 2.761535
1.776606 -1.059759 1.791167
-1.657413 0.014170 2.626806
-0.245363 -2.077849 1.680436
1.433081 0.548487 2.766592
-1.681944 0.575818 2.461767
0.184998 -2.006443 1.976561
1.886857 -0.564856 2.097866
-1.321784 1.096466 2.548798
-0.700597 1.977081 1.650947
-0.109737 1.867489 2.306513
-0.416489 -0.674393 3.267073
-0.634915 -0.897540 3.114203
-1.989835 -0.754051 1.310871
-1.418563 1.439384 1.958714
-1.507008 0.886202 2.505445
0.796571 -1.529224 2.539332
-0.683405 0.573725 3.224088
-0.728988 -1.969975 1.633024
0.355981 -1.112082 3.071229
-1.117684 1.478213 2.338173
1.575287 0.816979 2.466681
-1.590565 -0.984373 2.306843
-0.553292 0.001872 3.347013
-1.755927 -1.120879 1.726636
1.965763 -0.791250 1.487355
-1.590577 -1.357190 1.687782
-1.664303 0.299170 2.584091
0.912780 1.576734 2.391806
0.953457 -1.897576 1.428255
0.827473 1.904771 1.756444
-0.939392 0.190102 3.192147
-0.956568 -1.252279 2.722293
-0.288359 1.217256 3.013691
-1.189276 0.391637 3.012850
0.772662 1.148739 2.908301
-0.851637 1.572065 2.446200
-0.935203 1.006467 2.917257
-2.043252 -0.188295 1.856161
1.245084 0.825870 2.807487
-0.672792 -1.705891 2.371865
0.401745 -0.442706 3.334504
-0.225413 0.426305 3.364842
-0.992717 1.671313 2.158002
1.515232 1.477932 1.511684
-1.750919 0.852872 2.149686
0.649726 1.912275 1.962607
-0.003789 0.030165 3.419985
-1.596282 1.149723 2.103624
1.747201 -0.568741 2.365612
1.492969 -0.691782 2.641597
-1.677570 1.265962 1.626092
-0.211804 2.040506 1.857762
0.083845 -1.217647 3.035386
0.683609 -0.258631 3.290745
1.339069 1.315612 2.294421
-0.448903 2.054759 1.615985
-0.146784 -0.708472 3.293429
-0.513591 0.907999 3.146965
-1.031762 -1.391734 2.527891
0.637808 0.502495 3.259201
-0.820888 0.886922 3.043743
1.842088 0.268164 2.323310
-1.101838 -1.000381 2.813246
1.142985 0.056135 3.086309
-0.087240 2.092188 1.671044
2.123500 -0.136741 1.271332
-1.817067 0.080865 2.396789
1.348946 1.620313 1.580847
1.629799 -0.433932 2.589831
1.734564 1.231130 1.229042
-0.754021 1.229227 2.857079
1.040971 0.941882 2.891459
-1.654712 -1.337535 1.328420
2.094615 0.331021 1.469392
-1.652568 -0.658791 2.459848
-0.537907 -1.567894 2.626650
1.052612 -1.419371 2.477857
0.829130 1.423887 2.638855
-1.836815 0.615469 -2.509006
-2.244442 0.784044 -2.135470
-2.455637 1.885385 -1.404105
-2.091005 1.290940 -2.487470
-2.019956 2.249175 -2.140606
-1.780729 1.027918 -2.712683
-1.353869 1.766068 -2.879446
-1.196398 0.629529 -2.824913
-2.148734 0.259303 -1.094242
-1.463327 0.922096 -2.850904
-1.775852 2.182524 -2.459855
-2.004297 0.279216 -1.998578
-1.951827 0.563729 -2.368566
-2.208374 2.338078 -1.457157
-1.295953 0.025145 -2.305578
-1.491847 2.725283 -2.025800
-0.759746 1.408701 -3.005071
-2.128693 2.371064 -1.724064
0.416763 3.708656 0.380282
0.834787 3.454015 0.593012
0.175016 2.571420 1.593322
0.846228 3.580792 -0.072872
-0.111064 2.500860 1.616700
0.807251 2.282108 1.446808
-0.176972 3.609649 0.759322
-0.772328 3.410703 0.749293
-0.143377 3.798774 0.124469
-0.303004 3.783510 -0.026303
-0.392581 3.717953 -0.405995
-1.098862 3.158060 0.731032
0.347130 2.513404 1.580119
0.627068 3.609507 0.473684
0.535904 2.291349 1.565529
1.213842 3.270134 0.203947
1.083377 2.921296 0.992796
-0.924398 3.124200 0.972967
-0.279829 3.663297 -0.647957
0.093725 3.673067 0.641445
1.017062 3.443361 0.234680
-0.439537 3.472172 0.893225
1.311096 2.698133 -2.196680
2.541481 1.527133 -1.318784
1.837346 1.687245 -2.657973
0.927471 1.625271 -2.982398
2.245497 2.274190 -1.537322
2.453556 0.760780 -1.400435
2.255798 0.380023 -1.209312
1.692569 2.379379 -2.351828
0.942385 1.201612 -3.003834
1.296545 1.701452 -2.912125
2.350406 1.859016 -1.928401
1.856852 2.592864 -1.833202
1.062102 0.901135 -2.944056
1.865434 2.457310 -2.079005
1.608463 0.122667 -2.241790
2.279071 1.277427 -2.248755
1.114629 2.575731 -2.427777
1.815831 2.715802 -1.406978
1.088678 0.257939 -2.607805
2.209522 2.080203 -2.015683
-2.733007 -1.285410 -0.853745
-1.740505 -0.969808 -3.005348
-1.601704 -0.292104 -2.773830
-2.674862 -1.511474 -1.968219
-1.341913 -0.364096 -2.923537
-2.034163 -0.180385 -2.341958
-2.112083 -0.481717 -2.528909
-2.470189 -2.036251 -2.126202
-1.498332 -0.733417 -3.045597
-1.600436 -2.060620 -2.948560
-2.619883 -2.124312 -1.360400
-2.753821 -0.993804 -1.528849
-1.988748 -2.725589 -2.027698
-2.452815 -1.331546 -2.421753
-2.019525 -2.065517 -2.681884
-2.093362 -1.352022 -2.812390
-2.671093 -1.293281 -2.003589
-2.620891 -0.573758 -1.585570
-2.261209 -1.916687 -2.518640
-2.561704 -0.990919 -2.180370
-2.343595 -2.633363 -0.391231
-0.911574 -1.692992 -3.218527
-0.897639 -1.265291 -3.255989
-1.764253 -3.283610 -0.147685
1.290852 -2.169468 1.536541
-0.943699 -2.132358 -3.094784
-0.011933 -2.220808 -3.242552
0.185793 -1.567340 -3.387459
2.573834 -2.165254 -0.675264
1.186762 -3.686123 -1.164599
0.781832 -1.962724 -3.204146
1.980940 -2.599500 0.633552
-0.623262 -1.175691 -3.333823
-1.087547 -2.417245 -2.909814
-2.716059 -1.291327 -0.544352
-2.172285 -2.436313 0.475309
-2.520195 -1.327744 0.333591
-2.575154 -0.409944 -0.692943
-0.208793 -1.582337 -3.384151
2.388103 -2.587509 -0.669623
0.916250 -1.206078 -3.248337
0.539559 -0.877326 -3.323050
0.740675 -0.670533 -3.232492
1.978137 -3.151221 -0.755155
0.639561 -2.107628 -3.201142
-1.855853 -2.403601 0.955698
2.448780 -1.886982 0.331557
-1.354088 -3.633914 -0.909639
-1.308909 -2.359506 1.440147
-2.552867 -1.650513 0.176013
-1.945398 -3.059457 -0.005833
-2.173163 -2.862571 -1.121768
0.109001 -0.982600 -3.389394
-0.757238 -1.450690 -3.295692
1.211581 -2.878949 -2.530032
-1.970897 -2.930649 0.209615
-1.539675 -2.105042 1.398515
-1.473922 -1.925948 1.505884
0.715144 -3.862906 -1.181919
2.580680 -2.000660 -0.211584
-0.118439 -1.075917 -3.397823
-1.755256 -3.177602 0.169737
1.411245 -2.637124 1.203566
-0.514465 -2.817973 -2.875901
-1.703008 -3.400445 -0.532737
1.986195 -3.132456 -0.483127
-2.270184 -2.780938 -0.774772
-2.716042 -1.172649 -0.779034
-0.746720 -0.481833 -3.177460
-2.636027 -1.941765 -0.553145
0.889275 -0.125029 -2.982264
1.714488 -3.023608 -1.887603
-2.106509 -3.002336 -0.800708
1.572583 -3.208657 0.419086
-1.665014 -3.393867 -1.112777
0.629943 -3.029665 -2.678258
0.408311 -1.122211 -3.372734
0.327676 -0.299753 -3.202384
0.706987 -3.515425 -2.076156
-2.369013 -2.278131 0.205980
1.437727 -3.414994 0.203915
2.577571 -0.429733 -0.840098
-1.311043 -3.543441 0.073355
-2.653238 -0.798910 -0.339954
-0.122412 -3.905284 -1.409234
-1.185412 -3.730790 -0.801975
1.478439 -2.894117 -2.308648
-2.006112 -2.673509 0.514234
-1.733861 -2.939087 0.598742
0.186477 -3.574753 -2.145346
2.073944 -3.044614 -0.636475
-2.341917 -0.951422 1.109517
-2.497102 -0.238559 -0.946436
-2.418373 -0.753187 1.096469
2.474182 -0.025962 1.234884
2.542828 -0.894578 0.468746
-2.696272 0.339871 -0.008835
-2.644818 -0.384634 0.610579
-2.541913 0.884257 0.499133
2.554988 0.227384 1.010054
2.323552 0.768869 1.291952
2.577410 0.751909 0.541096
2.240809 -0.964667 1.307958
2.647230 0.027672 -0.519132
2.627137 0.211229 0.777476
2.428152 -0.543748 1.203766
-2.005415 -1.417841 1.274162
-2.508372 -0.943335 0.570608
-2.698647 -0.079469 -0.225526
-2.587274 -0.578858 0.712946
-2.591596 0.193533 -0.697640
-2.524971 -0.036318 1.115958
-2.700996 0.265680 0.285313
2.691842 0.285011 -0.161532
-0.790351 -3.880158 0.010163
0.708518 -2.734477 1.661294
1.107540 -2.868519 1.366349
-1.319056 -2.935917 1.120305
-0.288753 -4.028260 0.034383
0.762301 -3.877173 0.220644
1.319506 -2.787526 1.212980
-0.275387 -2.435091 1.857188
-0.925685 -2.967440 1.440552
0.403309 -3.569131 1.188281
-0.228856 -3.818526 0.868073
0.949559 -3.420461 1.041508
0.843292 -3.144403 1.377864
-1.003372 -3.718465 0.379042
0.113749 -4.045569 0.070179
-0.837256 -3.816672 0.359098
1.314031 -3.057450 1.032017
-0.423115 -2.628928 1.786851
2.650689 -0.611768 -1.206743
1.044447 -1.136376 -3.233766
2.595004 -1.499001 -2.162412
2.305515 -1.453706 -2.602979
1.710523 -1.420478 -3.056061
2.018765 -0.717489 -2.746095
2.375957 -0.790847 -2.398912
2.335454 -1.684458 -2.522354
1.849902 -0.881852 -2.922880
1.862221 -0.330418 -2.640747
2.505171 -2.294205 -1.037612
2.283124 -0.191902 -1.971736
2.698659 -1.830781 -1.645752
2.000199 -0.164893 -2.363627
2.632566 -1.111676 -2.068624
1.638303 -2.298938 -2.798939
-0.439937 3.130443 -2.638026
1.150593 2.877951 -2.569444
2.549211 1.877195 0.052520
-2.395663 0.120273 -1.238287
-0.801250 3.738679 -1.547493
0.843098 3.691595 -1.635861
1.625843 3.464448 -0.609059
2.378632 2.417916 -0.012236
-1.259045 2.488887 1.400778
0.274724 1.984833 -3.302613
-2.588148 1.349749 0.145973
-0.567032 1.973750 -3.258151
2.628835 1.147924 -0.004284
1.264459 3.089953 -2.283095
-1.647497 3.256092 0.206384
1.953770 2.435983 0.813788
-0.252594 1.352046 -3.395928
2.463866 1.490562 0.445133
0.374769 0.901584 -3.355057
2.660083 1.752925 -0.367315
1.820546 2.548597 0.888807
-2.625585 0.713251 -0.266627
0.683501 3.891323 -1.062807
-2.247157 2.165206 0.566534
0.005065 0.166524 -3.167715
2.330259 2.029963 0.500353
-0.071433 2.392071 -3.172147
0.448417 1.924791 -3.293942
-0.519686 3.946359 -0.906700
1.031786 2.295295 1.616643
0.492226 2.500235 -3.071793
0.975945 3.339103 -2.181113
-0.192491 0.351725 -3.235979
-1.175122 2.609448 -2.753580
1.319791 3.662924 -0.747808
-2.330790 2.245742 0.333292
-2.029383 3.042029 -0.247319
-1.026802 3.798617 -0.521369
0.434444 3.964876 -0.515749
-1.661378 1.972438 1.352720
-0.462424 1.361091 -3.367846
-1.759987 2.257097 1.143720
-0.077993 3.476113 -2.298774
-2.646332 1.199878 -0.065102
2.232679 1.373699 0.862391
2.444786 2.453618 -0.925306
2.436568 1.232559 0.519065
-0.315464 1.140403 -3.386257
-1.804609 2.916763 0.528376
-0.385079 0.509439 -3.266888
1.958771 1.863052 1.108022
1.698404 2.722534 0.876121
-2.128907 2.963006 -0.916947
0.331172 3.480257 -2.260480
-2.060158 2.696210 0.390470
-0.657661 3.043210 -2.657261
-2.201126 2.858038 -0.404458
-2.372246 1.635646 0.595523
-0.798223 0.014222 -2.956882
1.130893 3.749799 -0.474380
0.337120 3.917133 -1.287264
1.854737 3.097321 0.132963
-1.503898 2.004419 1.460928
-2.275982 2.452370 0.237220
1.991581 3.103660 -0.334378
-0.394854 3.669940 -1.936063
1.916377 2.847228 0.445564
-1.608364 3.073903 0.581587
1.892311 3.197660 -1.088871
0.343884 3.262077 -2.524989
2.306130 2.287071 0.348933
0.067168 3.890274 -1.468478
-2.088280 3.021209 -0.530886
0.579463 3.828418 -1.460134
0.902491 0.940053 -3.231022
1.154981 3.473390 -1.818426
-2.420846 1.873427 0.403593
0.851378 1.762329 -3.227366
0.061205 0.857421 -3.373915
1.472564 3.535055 -0.277929
-2.681458 0.837036 -0.776687
-2.674441 1.446366 -0.218968
0.775683 0.620891 -3.209405
-1.313509 3.663798 -0.816940
1.896599 -1.520436 1.368423
-1.602527 1.716667 1.924331
-0.563734 -1.588438 3.045398
-2.376037 -0.247490 1.748075
-2.073891 1.144427 1.843459
1.282445 1.680736 2.494319
-2.231711 0.120150 2.251187
-1.285873 0.526080 3.288297
0.340035 -1.753328 2.942912
-2.251464 0.494668 2.067338
2.429107 -0.083503 1.376413
-0.285089 -0.492588 3.656670
-1.595300 1.790667 1.696127
-0.895168 0.417009 3.514679
-0.803552 2.186886 1.989668
-1.383988 -0.922910 3.066305
-1.772865 0.939171 2.666805
1.850755 -1.541009 1.630757
1.027015 -2.014594 2.187341
-1.284070 1.908908 2.080783
0.881103 -0.287136 3.540720
-1.932853 -1.329074 1.934283
1.781470 -1.518238 1.952461
-1.725785 1.451430 2.203050
2.077087 -0.044210 2.556472
0.208225 -1.898309 2.798088
-1.365257 1.985621 1.620848
-0.752702 -2.075094 2.313009
-1.889305 -0.844487 2.569697
1.319279 -1.663186 2.478767
-1.002558 -1.039308 3.249073
-1.655085 1.191705 2.617025
-0.562869 -2.179061 2.213883
2.233758 -0.755644 1.887140
0.291227 2.092179 2.497440
-1.864255 1.538014 1.563664
-1.346087 1.797076 2.226648
-2.277288 0.655772 1.838594
1.971915 0.092367 2.712640
2.370070 0.352387 1.708393
1.810913 0.980400 2.586046
0.289446 1.466555 3.210551
0.144995 -2.183797 2.352689
1.926094 0.801215 2.542338
1.486469 1.912778 1.507414
1.832769 -0.229842 2.874212
-0.155067 -1.151629 3.428631
2.416074 -0.267319 1.368047
1.863486 -0.906821 2.564884
0.805478 -2.210813 1.907130
1.756425 1.469910 2.110102
-0.050484 -0.705175 3.619175
0.563717 1.769936 2.861971
1.558047 1.817515 1.720865
0.371688 2.285132 2.036947
-1.592744 0.928402 2.878348
1.650160 1.343024 2.470286
-0.023599 -2.351878 1.910861
1.471123 0.978011 2.963704
-0.934411 -1.984350 2.342848
1.920016 1.375638 1.871668
-0.461778 2.315700 1.874368
-2.186337 0.974269 1.722731
2.177108 -0.647972 2.161085
1.358051 1.800857 2.201726
-1.793451 0.625453 2.811072
2.336774 0.028192 1.965489
-1.361322 0.663321 3.195208
-1.285814 -1.951779 1.964412
1.569905 0.269262 3.130006
-1.907543 1.357859 1.949561
1.505067 -1.475430 2.505670
-2.334725 -0.175999 1.950007
-2.351050 -0.452447 1.719379
-2.350323 1.661864 -2.510525
-1.246175 1.513745 -3.204967
-2.747393 1.732941 -1.241955
-1.753745 1.166790 -3.029498
-2.162928 0.723519 -2.618903
-2.083217 1.179007 -2.814167
-2.208984 2.233493 -2.369640
-1.888887 1.937064 -2.841413
-2.494106 0.734635 -2.172424
-2.242007 2.662901 -1.493112
-2.677022 0.784660 -0.958948
-2.751845 1.586476 -1.032903
-1.100380 1.903683 -3.147933
-2.779813 1.274425 -1.549551
-2.031012 0.406907 -2.555563
-2.457139 1.447597 -2.409003
-2.173844 2.401697 -2.246447
-2.700309 0.864751 -1.697208
-2.479920 2.376599 -1.370392
-1.142361 0.986221 -3.201219
-1.185332 2.056348 -3.079106
-2.703587 1.402029 -1.905103
-2.467480 0.262099 -1.225498
0.842423 3.834967 0.249544
0.363784 3.198567 1.535257
-0.173345 3.852134 0.814785
-0.867873 3.131923 1.371805
0.251975 3.058746 1.643490
0.971750 3.545424 0.841820
1.210756 2.810914 1.306904
0.177417 3.552864 1.259460
-1.226381 3.589275 0.221425
-1.117998 3.621589 0.446543
0.770450 3.887263 -0.102001
0.538900 2.435047 1.798983
-0.386834 3.883331 0.664638
-0.554937 2.375233 1.803625
-1.270873 3.124464 1.023809
1.354233 3.279595 0.710366
-1.306722 3.308635 0.752279
2.628898 1.135445 -2.083685
2.217729 1.221334 -2.696756
2.494302 1.470239 -2.349169
2.722937 1.676864 -0.951076
2.633177 0.898777 -1.967392
2.446741 2.374965 -1.666467
1.328840 1.355600 -3.194947
2.309008 0.913206 -2.535887
2.732160 1.537085 -1.763050
2.749651 1.076420 -1.651630
1.372113 2.118484 -3.006703
1.038308 2.117634 -3.071879
1.792124 0.023926 -2.399590
2.573997 2.145873 -1.682441
1.614046 0.574545 -2.933556
2.463024 0.564616 -2.090397
1.305374 0.509780 -3.012742
2.156409 0.864824 -2.681515
2.468556 1.086999 -2.371306
1.356613 1.538366 -3.176119
2.211703 2.594577 -1.867625
1.324274 2.328139 -2.905114
1.702096 1.581007 -3.043225
2.102855 0.662346 -2.646409
1.728370 2.047331 -2.890988
-2.213797 -1.079922 -3.005658
-2.991756 -1.505959 -1.712663
-1.968121 -2.480500 -2.791818
-2.698462 -1.505984 -2.471440
-2.491347 -0.646995 -2.589108
-2.632390 -1.855551 -2.466855
-2.212985 -1.342211 -3.024369
-2.998534 -1.163715 -1.680642
-2.431895 -1.379689 -2.824651
-2.422253 -1.806708 -2.757135
-2.786188 -1.520913 -2.314601
-2.030079 -0.527009 -2.969355
-2.362561 -0.997162 -2.859431
-2.016689 -2.652035 -2.596148
-2.825954 -0.640135 -1.947550
-2.467709 -0.855170 -2.708805
-2.913476 -0.661197 -1.575909
-2.829912 -2.237103 -1.429289
-2.755562 -1.850954 -2.251319
-2.918572 -2.022192 -1.324616
-2.872811 -0.993571 -2.076246
-2.992888 -1.743348 -1.350289
-1.571072 -0.777865 -3.299023
-2.626286 -0.470923 -2.257384
-2.390391 -0.453106 -2.595106
-2.161478 -2.530064 -2.578776
-3.019153 -1.513904 -1.493489
-2.951535 -0.478620 -0.665675
1.921990 -3.273765 -1.998568
-2.948754 -0.633940 -1.181863
1.213040 -3.368444 -2.573495
2.997158 -0.918667 -1.185331
1.038352 -1.382673 -3.565330
-1.808548 -2.804349 -2.634017
0.092692 -4.327329 -1.007162
-2.330937 -3.259617 -0.867874
2.285953 -3.237114 -1.262300
0.329485 -0.378969 -3.592549
2.066513 -2.979645 -2.179479
-2.310959 -3.288934 -0.597374
1.220007 -4.045319 -0.180386
2.124447 -2.745080 0.960770
-1.170582 -1.906398 -3.446645
0.658574 -4.270387 -0.828973
-0.145143 -2.600246 -3.447771
-2.347032 -3.159612 -0.103898
-2.409850 -2.370823 0.853416
-1.824335 -3.203688 -2.223114
-2.029837 -2.247983 1.389076
-2.803363 -2.385160 -1.231261
1.431621 -0.079236 -3.109156
-2.873187 -2.334797 -0.768897
2.811836 -2.396904 -1.160001
1.821755 -3.338166 0.664753
2.762907 -2.558944 -0.358956
-2.599775 -1.688063 0.874206
-1.155873 -1.121300 -3.516986
-2.960117 -1.867500 -0.176855
0.656788 -4.195868 -1.367768
-2.867999 -0.314496 -1.130000
1.224623 -2.787379 1.679664
0.825467 -3.176922 -2.947794
2.877805 -0.267101 -0.902043
3.022189 -1.599070 -1.052158
-2.691912 -2.629016 -1.246375
2.421342 -3.018718 -1.393316
3.010036 -1.013844 -0.208661
0.039847 -2.234072 -3.597444
-2.908996 -2.207940 -0.465864
1.642225 -3.078686 -2.546208
1.499006 -3.234704 1.132782
0.420726 -1.517275 -3.710562
1.188645 -2.361267 -3.294917
1.195173 -3.091271 -2.850477
2.523600 -2.976233 -1.058108
-3.020974 -1.766713 -0.758835
2.890608 -1.503099 0.291934
2.634843 -2.742114 -0.141030
0.745984 -2.213600 -3.507300
1.338059 -2.814703 -2.976431
-0.108897 -0.683372 -3.686710
1.216385 -4.037879 -1.243475
0.153551 -1.921010 -3.677811
1.629502 -3.575495 0.521484
1.740014 -3.799085 -0.821195
3.041316 -1.450424 -0.392778
-2.564741 -2.126716 0.752781
0.660460 -1.300864 -3.676351
2.788886 -1.258107 0.570714
2.721830 -2.683895 -0.687030
2.128211 -3.242713 0.313321
-0.187073 -0.301617 -3.579994
2.523273 -1.521801 1.026550
0.071896 -2.467450 -3.510043
2.825148 -1.783366 0.376770
-1.233372 -1.646323 -3.465511
-2.884462 -2.119075 -1.278214
1.201488 -1.317372 -3.502613
-2.577273 -2.744580 0.080537
-2.659468 -2.722118 -0.213098
1.044109 -3.823726 -2.041433
0.910185 -0.042428 -3.332438
2.304518 -2.834606 0.597277
2.036232 -3.534408 -1.088087
2.134423 -2.042326 1.369504
-2.120213 -3.057532 -2.002753
0.976250 -4.139778 -1.201471
-3.030505 -0.890951 -0.841410
2.067537 -3.462379 -0.096871
-1.994158 -3.263268 0.525767
-1.388872 -2.689727 1.648625
-1.598236 -2.554659 1.591376
-0.838425 -0.009190 -3.340247
-1.670563 -3.181583 -2.413845
2.323285 -3.052673 -1.606716
-0.373225 -2.698125 -3.377053
-3.014912 -0.794635 -0.508499
1.082999 -1.553697 -3.537872
2.955997 -0.566046 -1.018511
2.804279 -0.244018 -1.333341
-1.327153 -2.844789 1.585314
0.516657 -0.620024 -3.630276
0.445715 -0.060622 -3.457069
0.024840 -0.103580 -3.510964
2.370778 -3.213079 -0.854352
-1.504941 -3.789191 0.222178
0.974832 -4.084853 -1.447737
1.843745 -2.145109 1.597439
2.064407 -2.853387 -2.314418
0.645654 -0.425770 -3.553445
-1.255821 -4.073541 -0.577293
2.720734 -1.799303 0.614467
-2.465366 1.316960 1.350683
-2.623965 -1.143921 1.186812
2.964927 -0.549100 0.626078
2.876085 0.161970 -0.927017
2.814265 -1.099242 0.590165
2.920404 0.691845 0.702031
-2.933938 0.060808 0.972344
-2.939662 -0.197046 -0.721321
2.705085 -0.878883 1.233789
-3.013479 -0.394741 -0.250773
3.047864 0.003963 -0.167019
-2.981264 -0.208561 0.762608
-3.039653 0.189974 -0.191471
3.054148 -0.176406 0.173504
2.956280 0.785017 0.193302
-2.576378 -1.034849 1.391668
-2.814686 1.084949 0.619051
2.945139 -0.129143 0.925627
2.762411 -0.372161 1.367823
2.892953 -0.425274 1.007195
2.419776 1.300233 1.453428
-2.832661 -0.088786 -1.048801
-2.908708 0.896441 0.420515
2.946270 -0.353642 0.852230
2.501815 -1.212888 1.383270
2.830369 -0.456030 1.175097
-3.055135 0.159155 0.038707
-2.832805 -0.281707 1.227469
2.768421 0.767203 1.159181
2.966375 0.484742 0.679011
-3.002650 0.121102 -0.471871
2.528267 1.423406 1.077521
3.047246 0.100617 0.365544
3.024785 0.365751 -0.178519
1.051444 -3.753909 0.944778
-1.399070 -3.344652 1.092065
-0.685068 -3.640906 1.365582
-1.306527 -3.726519 0.622565
0.478700 -2.632743 2.027464
0.332934 -4.232591 0.353579
-1.014536 -3.668536 1.108862
-0.521936 -3.197727 1.785638
0.837481 -3.412208 1.506063
1.135610 -3.364477 1.344030
-0.198776 -3.991911 1.059884
-0.149159 -3.643853 1.516000
-0.263294 -4.206153 0.519596
0.178027 -3.875753 1.242526
-1.060638 -3.984481 0.303301
-0.338088 -4.078536 0.852095
-0.026121 -3.369176 1.751298
0.266068 -3.154585 1.865094
-0.663483 -4.139375 0.418227
2.861930 -0.499392 -1.491196
2.722122 -0.463806 -2.039531
1.852232 -1.718391 -3.215892
3.009325 -1.633143 -1.242879
1.953531 -2.299449 -2.928241
2.870625 -2.064987 -1.691181
3.025114 -1.157459 -1.256835
2.236316 -1.724947 -2.958255
1.660279 -1.175305 -3.336639
1.655873 -2.502437 -2.964899
1.579291 -1.951846 -3.274032
2.389689 -0.526805 -2.644596
2.902704 -0.894269 -1.930181
2.269925 -0.322003 -2.636746
2.442590 -2.641725 -2.018102
2.922614 -0.693542 -1.584080
1.909214 -0.297210 -2.922273
2.602755 -1.160860 -2.613936
2.832941 -1.054188 -2.197010
2.368218 -1.822451 -2.808747
2.769263 -1.404300 -2.362310
1.448206 -1.653834 -3.387025
2.163926 -1.048665 -3.040280
1.910331 -2.494437 -2.822726
2.215481 -2.643363 -2.393582
1.814955 -0.398465 -3.038857
1.545771 -0.789015 -3.311844
2.983982 -1.254109 -1.782765
-2.523244 2.783787 0.178788
1.921817 3.313435 0.559210
2.708061 0.122522 -1.511391
-0.353262 2.998349 -3.199390
-0.942769 4.193590 -0.556994
0.601777 0.219101 -3.492844
2.234576 3.332993 -0.267741
-2.652267 1.397179 0.833737
-0.173050 0.318803 -3.586669
-1.198672 3.700986 -2.134827
-0.630382 2.077224 -3.576283
2.504975 1.818498 0.985997
0.439513 4.297963 -0.380843
2.806136 2.067987 0.247503
1.142592 3.835510 -1.935344
-2.963788 0.914433 -0.023188
-1.938292 2.908150 1.035940
1.727546 3.172979 0.989527
1.652349 2.345980 1.658439
-1.498083 0.369501 -3.194657
-1.770969 3.465073 0.526658
-2.877461 2.022642 0.046971
-1.353000 2.463051 -3.167682
0.085402 4.344163 -0.698966
0.663963 4.253272 -1.026425
-1.151974 4.065977 -0.136154
0.704282 0.625223 -3.592219
0.602415 0.789098 -3.647254
2.727092 2.615165 -1.085497
-2.731928 1.764710 0.604190
-2.820950 0.329005 -1.389801
0.210439 4.148112 -1.748686
0.282527 0.902428 -3.711250
2.497562 3.023216 -1.012736
-0.623102 3.872899 -2.198529
-0.027601 1.175800 -3.746406
-2.153390 3.334913 0.037037
0.893439 4.130261 -0.001619
-1.874069 3.638334 -1.250163
-2.776868 2.535595 -0.388186
0.776207 2.677701 -3.300457
0.021928 0.679413 -3.687813
-0.435789 4.261919 -1.248825
0.302078 4.279233 -1.244463
-0.362443 1.643237 -3.705818
0.758980 0.335085 -3.496397
1.556930 2.798259 1.467987
0.191089 2.765747 -3.359736
-0.844388 4.136742 -1.409957
1.242510 1.712008 -3.452091
-0.252981 4.334537 -0.736200
-1.196790 2.668850 -3.141565
-2.129390 1.799824 1.448123
-0.386945 4.304797 -1.000033
-3.029947 1.590890 -0.387877
-0.956936 4.168246 -0.318159
2.309974 2.174592 1.110505
-1.425242 3.432190 -2.338884
2.834430 2.248827 -0.055460
-0.982141 0.883344 -3.558613
1.014181 2.255330 -3.407683
0.343282 4.287245 -0.204283
-1.643794 3.236780 1.000868
2.164190 3.103354 0.483833
1.952490 3.330926 -1.857537
-1.796256 3.148888 -2.320912
2.167454 3.283491 -1.508729
2.566117 2.647739 0.271733
-2.667087 2.179702 0.516096
-0.940355 0.605432 -3.519962
0.265306 3.956199 -2.158137
-0.419545 2.556276 -3.440308
-1.469085 2.325794 -3.163013
0.770247 2.340341 -3.455656
0.559608 0.012729 -3.414420
-2.817346 2.025619 0.248971
-1.233415 2.965632 -2.928873
-1.155446 2.441291 -3.275511
-1.269355 1.561574 -3.459113
1.301434 3.045765 -2.826390
-1.711873 3.768768 -0.172505
2.029123 2.646694 1.153413
-1.356353 3.895954 -1.530571
1.437047 2.693509 1.617008
-1.859786 3.676494 -0.255167
2.620807 0.099643 -1.731764
-2.592191 2.902837 -0.519517
-1.808384 3.320181 -2.086107
-1.473363 2.955435 1.410087
2.604007 2.046586 0.726682
0.045807 4.305200 -1.180583
1.053999 2.483404 -3.299465
-2.900962 0.322594 -0.835896
-1.247199 0.907472 -3.457168
0.173237 1.203448 -3.742480
1.345978 4.017166 -0.390227
-1.161099 0.163780 -3.288057
-3.007069 1.814560 -0.484085
3.040274 0.963217 -0.814429
-1.411061 3.990347 -0.925042
2.025741 3.444973 -1.460280
-2.151108 3.454605 -0.511662
-1.624752 2.824561 -2.775370
-0.659271 1.796112 -3.632683
-1.710421 3.770513 -1.200877
0.446801 1.009889 -3.703119
-3.050700 1.428077 -0.495729
2.971093 1.364035 0.039069
-1.169779 3.472739 -2.480398
1.961738 3.627086 -0.864949
2.748892 1.494725 0.639192
-1.098208 0.701988 -3.484462
2.464296 2.907413 -1.500454
2.805189 2.495634 -0.517744
2.657179 2.652261 -1.347297
2.031287 2.219453 1.400650
2.940866 0.597021 -1.178806
1.171840 3.959674 -1.604054
-0.846090 2.577160 -3.330313
1.392452 3.947825 -1.267913
2.877016 1.744361 0.246955
-1.897356 3.686218 -0.693544
-0.130350 2.902418 -3.283066
1.897108 3.596294 -1.339498
-1.606470 2.317336 1.702800
0.963984 0.848539 -3.559606
1.088122 3.083032 -2.912852
-1.814116 0.113393 -2.856313
-1.634473 -1.679569 2.704025
-0.541004 1.974659 3.107066
0.477452 -2.009307 3.086756
0.417212 0.425102 3.962580
2.222719 1.169123 2.377728
2.269695 -1.384848 1.937474
-1.839403 -1.023582 3.039936
-2.517501 -0.862809 1.927376
-2.274885 1.168507 2.264408
-1.058218 -1.688621 3.166884
-1.354172 1.405601 3.209544
-0.889208 -2.405562 2.245236
1.398006 0.695202 3.538971
-0.243696 -0.614897 3.947049
0.930903 2.419355 2.167324
2.300828 0.423582 2.710817
1.990941 -1.132045 2.788974
-1.182213 -2.315332 2.145023
-2.666675 0.033708 1.903272
-0.700516 1.837546 3.194411
-1.279973 0.667786 3.616299
1.611470 1.532143 2.886378
-0.849031 -2.127159 2.788877
-0.502890 1.702313 3.374251
1.736077 -1.518589 2.763807
1.652829 -1.903299 2.355830
-1.775031 0.515161 3.309520
-1.762217 1.719523 2.485320
-1.539993 2.190442 1.854413
1.402374 2.278956 1.862642
0.164227 -1.979484 3.173789
-2.390152 -1.287846 1.630320
2.195680 1.476890 1.987531
2.179519 0.854995 2.707962
2.574944 0.334724 2.154363
1.190598 1.994280 2.738239
1.862905 0.691271 3.173007
0.140400 2.586342 2.173577
-1.516014 -1.618629 2.894526
1.398803 -0.192053 3.635739
-1.243758 1.561841 3.162875
2.669148 0.420796 1.721473
0.239247 1.657838 3.455540
0.735063 -0.886242 3.774128
-0.578987 2.196745 2.816926
-2.348916 0.941594 2.332246
-2.645881 0.589809 1.662521
-2.549087 -0.967733 1.518790
1.546327 -2.082512 2.162670
2.132238 -1.475604 2.165043
1.557234 -1.624200 2.848703
-0.941400 1.716202 3.203775
-2.057233 -1.726972 1.812832
1.434856 -1.960519 2.550475
-1.568754 -2.182752 1.802400
2.196342 0.114348 2.919687
-1.097582 1.996873 2.806636
0.677320 2.097208 2.913515
-0.723133 -1.715060 3.297531
1.394887 -1.600508 3.017995
2.340603 -0.974016 2.321068
1.786669 1.033301 3.088253
1.871639 -1.757268 2.238072
-0.554424 1.494863 3.515644
0.203509 -2.505934 2.371356
1.170530 -1.606793 3.172035
-2.540900 -0.908702 1.743626
2.353642 -0.260431 2.662692
-0.294301 -2.512064 2.335569
1.896878 0.012129 3.263852
0.960210 2.064935 2.808691
0.489246 -1.307827 3.645056
-2.698087 0.285525 1.645046
0.468630 1.188572 3.711578
-0.008314 -2.334278 2.719358
2.335969 -0.674614 2.546730
-0.187945 0.620823 3.950200
0.579445 2.411088 2.448314
-1.854318 1.353873 2.780231
0.073556 -1.706055 3.429879
0.686836 -2.007230 3.019912
1.707490 1.925364 2.221259
-1.835635 1.829652 2.168852
-2.376945 1.334498 1.526610
2.334607 0.605887 2.583794
-0.014151 -0.537526 3.974843
2.518967 -0.370725 2.293734
2.069391 1.762369 1.604244
-1.976960 -1.499474 2.444983
2.328845 1.111846 2.201033
-2.587127 -0.707474 1.832527
0.652616 -2.552497 2.030138
-2.007311 1.275754 -3.168406
-2.673705 2.295785 -2.026332
-2.798317 2.228854 -1.711144
-2.821413 1.345569 -2.263099
-2.734427 2.051413 -2.152647
-2.825557 0.718812 -2.026526
-2.924472 1.940982 -1.612939
-2.680516 1.190421 -2.505650
-2.053020 0.739668 -3.042284
-2.922893 1.845892 -1.771176
-1.617835 1.208072 -3.354969
-1.677877 1.532360 -3.324755
-2.876177 0.915099 -2.026380
-2.080990 1.078461 -3.104287
-1.594337 1.905267 -3.282917
-3.009489 1.030528 -1.214840
-2.174300 1.481864 -3.047918
-2.585130 0.973957 -2.599755
-2.567816 1.962826 -2.509190
-2.326276 1.455460 -2.923706
-2.893510 0.790672 -1.875037
-1.686367 0.549594 -3.174944
-2.446664 2.597842 -2.087833
-3.031321 1.380016 -1.397604
-2.385852 1.879719 -2.769964
-1.794098 2.284486 -3.033696
-2.989400 1.444183 -1.746436
0.597882 3.725121 1.310499
-0.049424 4.286964 0.103327
-1.045518 3.890445 0.673176
-0.426869 4.241983 0.147570
-0.846661 3.761509 1.117997
0.114752 3.564265 1.593434
-0.315047 3.303970 1.767937
-1.027302 3.965614 0.477398
0.004472 3.668855 1.498356
0.776584 4.133189 0.210495
-0.908740 3.515185 1.369102
1.139594 3.926839 0.355790
0.174350 4.267740 0.244406
-0.009318 2.991307 1.962886
0.468730 3.527108 1.561496
0.700881 4.060958 0.651246
1.351661 3.530425 0.918688
0.879649 3.837733 0.970271
-0.450556 3.166606 1.823028
0.866892 3.265423 1.602069
-0.474449 2.901958 1.942961
-0.635880 3.189610 1.754058
-0.790349 4.049815 0.581699
1.005205 3.839758 0.838162
-0.221988 4.185033 0.612019
-0.949749 2.997017 1.718000
0.270534 4.216702 0.473197
0.604523 3.035290 1.847502
0.207761 3.193212 1.850796
2.892654 0.999221 -2.023461
2.969227 0.865226 -1.574968
2.390616 1.022175 -2.836886
1.936907 1.977294 -3.094028
2.073968 1.582966 -3.107289
1.512345 1.181998 -3.388192
2.511347 2.626055 -1.873763
3.028840 1.188269 -1.356135
1.708426 0.728941 -3.230110
1.977567 0.148548 -2.764351
2.808170 1.817911 -2.155572
2.826422 0.672498 -1.980352
2.562841 0.157218 -1.995475
2.953578 1.214690 -1.900996
2.280120 2.734612 -2.170135
2.849169 1.234637 -2.198075
2.516273 1.590470 -2.707422
1.644825 0.490906 -3.166068
2.162119 2.395833 -2.694808
-2.279404 -0.825891 -3.209337
-2.705425 -0.752495 -2.769992
-2.720505 -0.950317 -2.815364
-2.037489 -1.911119 -3.345885
-2.299587 -1.371740 -3.259764
-3.094251 -1.231959 -2.234967
-2.432182 -2.191409 -2.937251
-2.666650 -0.369495 -2.605657
-2.112535 -0.808761 -3.318918
-3.130255 -1.570146 -2.109594
-2.706720 -2.453883 -2.392776
-2.831411 -0.409009 -2.370867
-2.978471 -2.006528 -2.261276
-1.852577 -1.361046 -3.538372
2.778672 -2.543197 -2.190989
1.618573 -0.577167 -3.593493
-3.318581 -1.099303 -1.403790
0.749924 -3.615286 -3.048429
1.175431 -1.091306 -3.872981
-1.845441 -0.871445 -3.513841
2.833074 -3.131269 -0.332107
-2.152334 -3.756248 -1.595004
1.010289 -4.460744 -1.364202
0.221936 -0.015060 -3.834457
-1.138797 -3.595548 -2.907949
3.205534 -2.364069 -1.037341
1.856953 -3.948866 -1.697435
-2.690788 -2.460724 1.025453
-1.061240 -1.395037 -3.916728
2.225098 -2.973253 -2.627696
0.475915 -2.493999 -3.830600
-0.548596 -3.165210 -3.467906
-3.249995 -1.410695 -1.678993
-1.793349 -2.432822 1.962330
0.180387 -2.903915 -3.673091
1.579674 -3.508587 -2.718842
2.284843 -2.787900 1.332010
1.821120 -4.140376 -0.993297
3.140447 -1.705721 0.545043
-0.716635 -3.178052 2.043549
-1.668128 -3.936129 0.634565
2.179004 -3.895338 -0.665423
-1.060289 -0.885800 -3.894095
-0.099103 -4.572362 -1.552135
-0.709598 -1.964046 -3.943599
-3.278011 -0.594227 -1.268335
2.444554 -3.592704 -0.177660
2.096183 -2.671579 1.601689
0.289069 -2.367020 -3.898874
-2.906868 -2.514098 -1.953286
1.498729 -2.998703 -3.214094
1.482477 -1.089409 -3.742047
-1.454580 -1.649237 -3.739963
3.205637 -0.366935 -1.352632
-0.392944 -4.643657 -1.045501
1.681092 -3.366096 1.410295
-2.268969 -0.335742 -3.035717
1.900895 -2.823403 1.674028
2.935315 -0.236712 -2.046762
-3.169954 -2.514449 -0.680958
-1.508422 -0.721799 -3.682938
1.763255 -0.167436 -3.372062
1.317765 -2.113562 -3.711388
-1.321638 -1.812655 -3.776364
1.058986 -2.166882 -3.796825
2.883363 -2.983153 -0.084818
0.821147 -2.526109 -3.745694
-1.759459 -3.878526 -2.007386
-1.596030 -4.200150 0.030128
1.977171 -2.690093 -3.071351
3.293655 -0.999689 -1.482825
2.393661 -3.433763 0.413943
2.411575 -2.422819 1.421265
-3.393893 -1.409583 -0.529433
-3.237316 -0.666735 -1.522959
1.616430 -4.261892 -0.984923
2.374479 -2.611285 1.352183
-3.231061 -2.331841 -0.532202
-2.672859 -3.341221 -1.122915
-0.219756 -4.081312 -2.610574
-2.207798 -3.843948 -0.315884
0.337455 -0.577434 -3.996818
-0.286120 -4.653000 -0.318119
-0.576357 -0.182940 -3.852717
-3.334176 -0.888618 -1.222439
1.121608 -0.043785 -3.648340
1.060025 -1.957509 -3.848370
0.800090 -2.052884 -3.902675
1.975249 -0.071758 -3.175653
-3.386334 -1.291677 -0.385279
-0.579170 -4.498183 0.261403
-3.300339 -2.066159 -0.928055
1.010397 -2.937702 2.105992
-2.954413 -2.091003 0.788580
3.352321 -1.045406 -0.173599
2.888625 -2.915307 -1.436705
-1.745342 -0.266440 -3.422566
-3.350213 -0.811652 -0.355467
2.936268 -2.996861 -0.589435
1.253189 -2.997503 -3.345261
-3.354665 -1.217225 -1.236961
1.975858 -3.918613 -1.538488
-0.334573 -3.747261 -3.009507
1.424909 -0.715157 -3.722435
2.676691 -2.714308 0.845810
-3.172026 -2.460786 -0.347987
-2.985275 -2.839624 -1.169917
-1.631401 -1.117540 -3.666746
-1.086407 -4.105243 0.869656
-3.353552 -1.493173 -1.207870
-1.564212 -4.117239 0.357184
0.271668 -3.638287 -3.127769
-1.719489 -4.013560 0.388532
-2.035867 -2.604297 1.693782
-2.311702 -3.272322 -2.194333
-0.710028 -3.319872 -3.318421
2.601931 -3.258896 -1.634939
0.099475 -4.667405 -1.023169
-1.338581 -2.758937 2.067686
-2.958554 -0.176233 -1.943917
-2.711543 -3.051466 -1.731493
-1.202191 -3.091385 -3.306277
-3.348885 -1.585184 -0.184186
1.846837 -4.080907 -0.110032
-2.504864 -2.990890 0.853036
-2.650189 -3.072265 0.470354
-0.136736 -4.615071 -1.362586
-2.017283 -3.086203 -2.749350
2.589219 -2.924664 -2.161336
-3.027121 -2.560573 0.188849
2.001019 -0.799593 -3.394115
1.600414 -3.269044 1.561863
-1.875129 -3.677105 0.835680
-1.646816 -3.762978 -2.334430
3.102976 -1.545684 0.676969
-1.831866 -3.140434 1.493849
-1.305071 -0.235831 -3.647369
-1.213802 -3.906482 1.104888
3.225226 -1.168228 0.381518
-3.328101 -1.143843 -0.008083
1.776731 -2.566300 1.912058
-2.635895 -2.776184 0.857132
3.332177 -0.612053 -0.625374
-0.489193 -0.986467 -4.039796
-3.356105 -1.812354 -0.823008
3.138850 -0.197653 -1.413193
3.345194 -1.355247 -0.083883
1.156095 -2.299119 -3.720988
1.311600 -3.646085 1.377192
-3.257525 0.012532 1.079061
3.000152 -0.560434 1.603549
3.201573 1.085629 0.467625
3.322773 -0.575308 0.539034
2.880029 -1.492420 1.124094
-3.011119 -0.276140 1.659856
-3.189974 -0.827841 0.941125
3.103163 0.603573 1.356646
3.034648 1.241426 1.005090
2.947200 -1.208513 1.294126
3.114315 -0.247103 1.446850
3.163060 0.109848 1.347384
2.879510 1.231923 1.428388
3.265023 0.895652 0.417356
3.053748 0.188635 1.588130
2.544132 1.621881 1.672664
-3.293004 0.821376 0.308850
-3.226990 -0.620799 0.977653
-3.144655 0.974851 0.954222
-3.350727 -0.544163 0.296305
3.381366 -0.058875 0.455783
-2.851256 1.072509 1.615203
-3.387998 -0.226583 0.278797
3.261851 0.061632 -0.852141
2.873006 0.955286 1.652233
0.733868 -4.068634 1.193215
0.565508 -3.822039 1.588273
-0.346919 -4.308393 0.929193
0.291371 -4.377257 0.775132
0.776255 -3.420570 1.851262
-0.832026 -3.402640 1.838872
0.390069 -4.244561 1.049848
0.140241 -3.862976 1.637127
-0.597343 -3.695204 1.700770
-0.347293 -4.093223 1.318932
-0.935176 -3.818865 1.408173
0.465779 -3.698131 1.738826
-0.024168 -4.173001 1.242355
2.692360 -1.471728 -2.889399
2.669497 -2.044588 -2.751124
2.405980 -1.811808 -3.112622
2.798446 -1.813314 -2.678400
3.110202 -1.221029 -2.193386
2.441142 -2.002853 -3.017187
2.536162 -1.320477 -3.061199
0.032997 2.001459 -4.012064
1.341875 3.876976 -2.432820
-1.469630 0.495991 -3.651159
0.954451 4.521395 -0.267792
1.961749 4.031332 -0.275186
-0.600186 4.614768 -1.027705
2.120578 3.710601 0.398225
-3.120486 2.353246 -1.514888
-0.557766 3.350528 -3.331250
0.787621 4.589996 -0.826192
-0.702312 1.803274 -3.974630
2.081093 2.404409 1.756164
-2.532636 2.314888 1.333001
1.243600 1.124965 -3.848784
-1.786534 2.786134 1.784648
-1.612575 0.200793 -3.478412
0.544976 4.641397 -0.689362
-1.339154 4.382642 -0.271463
0.188465 2.441932 -3.880172
-1.666935 3.411415 -2.752872
2.275275 3.263694 0.882770
-2.540958 3.536316 -0.881822
1.073849 4.421312 -1.445135
-1.131085 3.821648 1.273197
-0.528430 0.647407 -3.986049
1.755492 3.824816 0.735971
3.045966 2.227474 -1.869107
-2.189092 2.839014 -2.775255
0.957072 4.543465 -0.519232
-1.152279 3.759018 -2.716696
0.802690 4.562436 -1.108473
-0.372213 2.323352 -3.904724
-2.392478 3.042187 0.969881
-1.317912 4.415631 -0.846317
-3.290086 1.571484 0.120348
-3.253241 2.071734 -0.089495
2.277367 2.202622 1.663474
-2.663497 3.292018 -0.025341
-0.306545 1.083219 -4.068615
-0.740167 2.588860 -3.740254
-2.193885 3.872473 -0.455477
0.894680 4.450513 -1.549453
-1.641324 3.452386 1.353687
2.966564 1.614896 0.939465
-1.378516 4.224518 0.322174
-2.293590 2.199604 1.649060
-0.031779 0.628249 -4.024236
2.890058 1.521824 1.086614
-1.094903 3.988409 1.059377
-2.671833 2.891425 0.668902
1.170640 4.464849 -0.971844
2.830939 2.756187 0.487033
3.112441 2.416474 0.081328
3.072707 1.359261 0.764889
-0.750836 4.461049 -1.643225
-0.884242 0.115401 -3.755980
-3.317793 1.960703 -0.999835
3.386884 0.988397 -0.680966
1.236744 0.257446 -3.684080
1.481087 2.653570 -3.426026
2.427650 3.534737 0.090187
-2.340204 3.677026 -0.085184
-2.808162 3.199023 -0.801708
0.486898 4.274826 -2.233164
0.113586 0.003701 -3.835615
-0.516741 3.593841 -3.130640
-2.874838 2.911092 0.119593
-1.947312 1.838085 -3.420329
-2.464436 3.326804 0.460282
1.830671 3.482491 1.150234
-1.876056 2.631779 1.807111
-1.491500 3.087388 -3.155984
-1.564095 0.742491 -3.658212
-1.603740 0.953721 -3.668154
-1.302965 4.106282 0.691750
1.502913 0.540866 -3.645961
-2.516945 3.103263 0.697454
-0.363805 4.488400 0.392419
-1.951836 1.031808 -3.460943
3.190092 1.627861 0.436361
0.101964 2.871765 -3.693979
-1.056175 2.914093 2.102926
-1.069628 4.509976 -0.554005
-0.712273 4.547770 -1.328504
0.147371 4.275428 -2.300272
0.434940 2.685034 -3.756339
-1.044792 3.317107 1.829585
2.434752 3.354225 0.473961
-3.380126 1.391144 -1.041092
2.937995 1.999716 0.866255
0.613552 4.372880 0.596316
-0.975018 4.149996 0.861835
1.360507 3.339998 1.653994
-2.990726 1.812706 0.840611
-3.234716 2.330480 -0.617057
1.076229 3.248981 -3.246957
-3.335852 0.676937 -0.438199
-2.936691 2.312366 -2.060279
3.209496 2.134372 -1.421716
2.958206 2.630944 0.310405
3.162604 0.479123 -1.640952
3.386554 1.480135 -0.917745
2.287037 3.242424 -2.269284
-0.150355 3.659640 -3.117545
0.831011 3.582116 -3.053702
-1.975880 2.802534 1.625503
1.946240 3.603296 0.860364
2.940474 2.313323 -2.050944
0.223694 4.558042 0.205694
-3.078322 2.057530 0.531511
2.078242 3.976179 -0.683927
2.383374 0.097554 -2.802273
1.266402 2.671519 2.146035
0.085049 3.973089 -2.769104
-2.798090 1.798249 1.173841
3.209507 0.922523 -1.749941
-2.275504 3.810927 -0.753224
-2.185252 3.049291 1.228216
1.108681 2.906542 2.086827
0.866861 2.994901 2.119689
0.625500 4.081701 -2.518568
-2.453021 2.635483 1.240356
0.122627 4.653350 -1.137587
2.145389 3.054942 1.267385
0.399456 2.481713 -3.845884
0.589964 3.673362 -3.035688
1.791525 0.396585 -3.438053
2.597908 3.473674 -0.835594
-2.312433 3.377991 0.665811
0.421553 3.650659 -3.094243
0.477711 4.602550 -0.115741
-3.182127 2.341849 -1.252987
2.926662 2.494144 0.549599
1.926123 4.010752 -0.038922
3.310125 0.529556 -0.512254
0.214449 1.453355 -4.077555
-1.155976 3.244081 -3.215834
1.030588 3.681256 -2.869642
-2.400301 2.484708 1.399736
-1.742705 3.859331 0.689234
-0.907362 4.183188 -2.218062
0.821498 2.037095 -3.900949
-3.307071 1.309122 0.101105
1.560070 1.154714 -3.706564
-0.710001 1.424653 -4.010640
-0.836985 4.580149 -0.624336
2.847680 0.258678 -2.236383
2.868807 3.106297 -0.804871
-1.260946 2.030231 -3.756959
0.981733 2.996386 -3.457684
3.119529 2.603585 -0.388234
-1.518375 4.190112 0.215606
3.351056 1.357729 -1.258081
0.571181 0.055305 -3.806272
-2.109477 3.948801 -0.817917
-1.294968 3.903363 -2.429037
1.416670 3.122237 -3.174185
-2.023228 3.984453 -1.115090
2.267221 2.655177 1.442902
2.283379 2.782503 -2.714393
-1.882417 3.269119 1.331828
2.620558 1.055580 2.414713
-2.917097 -0.146491 2.135224
1.533169 -1.299187 3.573234
2.493090 -0.537053 2.946794
-2.201147 1.372618 2.877281
-1.175335 -0.027272 4.095672
2.538124 -1.529375 1.970831
2.380351 0.205682 3.171890
-2.369148 -1.515428 2.446420
-0.796024 -1.448640 3.843553
-1.956067 0.877288 3.447607
-0.611942 2.191532 3.308217
0.149547 2.413809 3.134147
-0.005003 -2.754116 2.579223
2.894135 0.448974 2.107068
-1.761133 -0.800791 3.637143
-2.606566 -1.127345 2.376871
-2.849846 -0.633237 2.140134
2.227215 -1.909260 2.089598
0.874056 2.373616 2.978492
-1.165070 2.535808 2.497977
-1.751240 0.950146 3.588282
1.629531 -1.146610 3.588180
-2.542789 -1.608679 1.725768
2.018242 1.080322 3.292503
-0.604830 2.403572 3.052492
-1.488245 1.945672 3.092504
-2.697943 -1.290468 1.837544
-0.296968 2.507125 2.985640
-1.454207 -0.953916 3.785578
1.264668 -1.216899 3.774413
-0.827278 -2.740024 2.316643
2.790249 -0.200475 2.482126
-1.215576 -0.349261 4.056618
0.276447 0.870447 4.191771
2.976143 -0.241373 1.863091
0.213949 -2.483394 3.032484
-2.340710 1.860335 1.841594
0.229855 -0.486491 4.284207
-0.646148 -0.036713 4.262513
-1.046600 2.168463 3.148004
-2.738211 -1.040451 2.105382
0.908786 -0.269496 4.180641
0.637139 -2.100069 3.395857
-2.118005 0.498746 3.415150
-0.436212 -2.246170 3.293712
2.073675 1.946605 2.365609
0.189087 -2.845079 2.346418
0.938236 1.530514 3.745534
0.549232 -2.223050 3.291700
-2.937493 0.628965 1.758184
-0.032947 1.678542 3.826569
-1.371748 -1.406766 3.611883
1.914607 1.855225 2.753031
-2.629192 -0.748427 2.622167
1.830123 -1.729810 2.995143
0.932475 -1.745198 3.600096
0.318996 -2.348036 3.196558
2.360299 1.866355 1.724994
1.585173 2.386135 2.309644
-1.004015 -2.497203 2.705542
0.075282 2.820485 2.423926
2.207013 -0.837132 3.207901
2.379298 1.496121 2.450720
1.841199 -1.899415 2.790137
-0.764387 0.480704 4.195000
1.836982 -1.392549 3.274096
1.723848 -0.926993 3.618279
-0.274497 2.767100 2.520782
-2.842489 0.803527 2.010672
-1.573921 2.374786 2.352751
-0.203739 0.486898 4.286033
-2.006181 -1.796830 2.702252
-0.887060 2.663893 2.457705
2.667850 0.880293 2.453779
1.434635 -1.555694 3.474686
-2.623564 1.022453 2.438110
0.820870 -2.350951 3.035992
1.428117 -0.546685 3.919600
1.384196 0.141107 3.995106
1.973849 0.616203 3.520613
-0.539227 0.948326 4.129721
-2.796062 -1.072068 1.815947
-1.077697 1.932284 3.377016
-2.799173 1.105012 1.722527
-0.364950 0.747199 4.216259
2.587993 1.371165 2.106940
-2.408245 -0.894861 2.917373
1.895419 0.959110 3.466851
0.138887 -1.068847 4.134715
-1.522119 2.483536 2.162146
-1.702604 1.914025 2.929043
2.381630 -1.082763 2.840447
2.877857 0.623830 2.047433
-0.133462 -0.023472 4.329181
-2.629489 -0.008753 2.817755
2.753798 0.369619 2.525724
0.913007 -0.789204 4.082395
1.102753 -1.346391 3.784745
-0.404954 1.374912 3.973103
-1.675557 0.153963 3.824080
-1.765089 -0.990746 3.560347
-2.290640 -0.513303 3.223805
-2.188694 -1.059786 3.116503
-1.161436 -1.489176 3.674433
2.389044 0.545049 3.091366
1.024573 1.803739 3.514448
-1.657214 -1.874568 3.018827
1.631331 0.607121 3.784543
2.462227 1.695975 1.842389
-2.971056 2.236564 -2.058932
-2.713117 0.441242 -2.591990
-2.422414 0.691315 -3.050180
-2.578434 2.373952 -2.655448
-2.100327 0.722261 -3.302860
-3.112916 1.677235 -2.118201
-2.592892 0.594002 -2.836052
-2.414153 1.842635 -3.096838
-2.901963 0.887174 -2.535215
-2.265735 1.910562 -3.196173
-3.186151 1.454405 -1.957837
0.288528 3.906724 1.570020
-0.254578 3.922235 1.558622
-0.315713 4.401500 0.692542
-0.727778 4.294558 0.723402
0.935514 4.056720 1.065531
0.526754 3.352914 1.978780
-0.377672 4.076306 1.335714
-0.433142 4.252633 1.016767
0.567963 3.896539 1.504555
-0.630369 4.200608 1.020912
0.174137 3.514935 1.934591
2.960817 0.789533 -2.385391
2.039012 1.909476 -3.345481
2.730536 1.211825 -2.845863
2.244309 1.020608 -3.275927
2.248116 0.618988 -3.165398
2.137409 1.660805 -3.342684
2.907303 1.345322 -2.603987
3.229550 1.261907 -1.782295
2.786870 1.472262 -2.771413
2.897614 1.676914 -2.571107
2.787336 1.065378 -2.754234
2.358557 1.345868 -3.215194
2.048434 1.257640 -3.421507
3.015940 1.485603 -2.399852
2.826504 2.069142 -2.511075
-2.925139 -3.588924 -1.040867
2.518792 -2.745068 -3.036504
-1.218010 -0.572580 -4.151973
3.403699 -2.817402 -0.451634
-3.689333 -0.696305 -0.519419
-3.360193 -0.623329 -2.191036
3.631134 -0.509173 -1.136597
-2.377441 -3.910522 0.512943
2.091503 -3.779988 -2.529850
-2.316360 -0.514482 -3.521737
3.391430 -2.460391 0.363130
3.720569 -1.039926 -0.980997
-3.141879 -1.270498 -2.717103
-0.379127 -3.087568 2.566639
2.512816 -3.347885 1.160826
2.274949 -1.453009 -3.652378
0.561645 -3.463515 2.299482
2.854289 -2.886606 1.121852
1.102978 -3.949925 1.692993
1.753861 -1.026994 -3.981699
1.124196 -0.911573 -4.235929
2.586003 -3.923249 -1.273641
2.099435 -1.397992 -3.781673
-1.122138 -4.256052 -2.664153
-2.863059 -1.698759 -3.058927
1.068600 -3.567238 -3.452374
-1.882556 -3.085188 1.995503
-0.121512 -4.364143 1.431414
-1.252995 -4.712591 -1.507953
-3.184010 -2.013694 -2.510171
1.806367 -4.527224 -0.224305
-3.500294 -0.482012 -1.732215
1.288790 -0.810813 -4.167243
-2.634891 -3.777893 0.223492
2.891300 -3.454675 0.272121
-0.768857 -3.718669 -3.422605
2.989815 -0.523287 -2.802376
-0.487346 -4.791096 0.519774
-0.075558 -4.866333 0.387901
-2.028611 -2.905046 2.003821
-0.083528 -2.370709 -4.266572
-0.921194 -3.804996 1.917329
1.718401 -4.502715 0.138441
1.597490 -4.164528 1.085337
-1.956235 -2.260172 -3.723303
1.599392 -1.778948 -4.033084
-2.619316 -0.088796 -3.074785
-3.328176 -0.921386 -2.355107
1.122734 -4.516766 0.823276
1.621344 -2.488839 -3.836648
-0.260281 -4.983263 -0.193091
-3.554607 -2.402789 -1.009356
2.197432 -2.011669 -3.626500
-2.843264 -2.890914 1.134981
-1.107181 -4.151305 -2.821085
-2.545398 -2.508910 -3.140214
-0.543654 -4.169894 1.629152
1.396525 -3.717428 -3.162913
-2.201330 -2.921346 -3.231099
-2.725710 -2.013523 -3.143546
-3.696916 -1.066760 -1.209821
1.304315 -4.790489 -0.717435
2.175649 -1.085942 -3.724092
3.400331 -1.686315 -2.193607
3.028493 -0.929963 -2.854178
2.689945 -2.101250 1.778642
-2.914493 -3.108120 -2.161679
1.076891 -4.436559 -2.390900
-1.238820 -2.942617 2.426985
1.892346 -3.646305 1.509932
-2.345293 -3.589899 1.093597
1.584899 -1.989685 -4.002101
0.530126 -3.133755 -3.896323
2.435316 -3.934637 0.330724
-2.788421 -3.605632 0.221502
1.353223 -3.910710 1.605918
0.361802 -1.953208 -4.350566
-0.578288 -1.135424 -4.380452
0.690141 -4.904973 -1.328790
0.033541 -3.045066 -3.988488
2.543302 -2.473267 1.783087
-3.731576 -1.363944 -0.452003
2.423295 -3.789580 -2.046707
0.620305 -4.011289 -3.172916
3.269463 -3.093305 -0.862683
-2.356296 -0.266549 -3.408222
2.329565 -4.164710 -1.208770
-2.538330 -3.050939 1.415479
-0.168768 -1.136333 -4.421703
3.389657 -0.075037 -1.705189
1.582027 -3.648923 -3.117235
-0.419448 -2.933070 -4.019659
3.477288 -2.265510 -1.656062
0.815446 -4.291361 1.381987
-1.801080 -4.415726 0.283213
-2.349387 -3.129521 1.562413
-0.096104 -4.557900 -2.496509
-0.277818 -4.512279 1.181656
-1.152458 -2.390636 -4.070442
-2.760448 -2.449361 1.550267
-3.739008 -1.204299 -0.690501
-2.265160 -1.981696 -3.581808
3.706980 -1.597043 -1.075271
-3.513219 -2.012109 -1.744881
-0.167142 -3.656699 -3.575783
-1.112626 -3.277042 2.275066
3.637414 -1.274719 0.181867
0.500217 -4.946651 -0.111808
1.097421 -1.174368 -4.262173
-2.728722 -2.787073 1.381765
-0.108188 -1.427108 -4.424236
-2.843246 -0.999674 -3.101227
-3.669335 -1.729709 -0.118122
0.983796 -4.882146 -0.976962
3.360942 -2.156310 0.702156
1.322833 -3.765036 1.779158
-3.010908 -1.634718 -2.879226
0.497195 -4.623437 -2.300279
2.279285 -2.511396 -3.388464
1.708611 -4.047351 -2.543251
0.625533 -4.517190 1.086847
2.165125 -3.953302 0.788833
2.872671 -1.538531 -3.070072
-3.419561 -2.528881 0.175870
3.715332 -1.427822 -0.282959
1.877822 -0.868273 -3.895958
1.092085 -4.279231 1.269065
0.640590 -4.969071 -0.600296
-3.644166 -1.950727 -0.174551
1.997788 -4.256687 -1.769327
2.327318 -3.371258 1.365969
-3.423181 -2.022088 -2.002232
3.529326 -2.252792 -1.460735
-3.700848 -0.955795 -0.262036
1.538347 -3.261817 2.089118
-2.210290 -3.936584 -2.128218
-2.282054 -2.653771 1.939589
-0.478945 -0.320366 -4.269953
-3.076610 -3.410854 -0.627534
0.722964 -2.917022 -3.975256
1.808408 -3.015041 -3.468048
-3.283670 -2.415806 0.699490
-1.607152 -4.634916 -1.118465
-2.286473 -4.234076 -0.942044
2.770558 -1.651564 -3.174079
-3.500404 -2.301121 -1.526490
2.075116 -3.140064 1.809926
-1.531107 -3.005648 2.258307
-2.219624 -3.751398 1.037515
-1.400663 -2.963947 -3.722932
3.096496 -1.389611 -2.783522
1.815878 -3.779885 -2.802261
3.154277 -1.634026 -2.667707
3.646052 -1.124596 -1.506344
-3.664497 -1.372357 0.053576
3.056550 -1.934746 1.366773
-2.505597 -4.061497 -0.735095
1.052837 -0.648916 -4.220389
2.947201 -1.863496 -2.917405
1.759387 -1.961749 -3.918829
-1.226155 -3.867551 1.723196
-1.544529 -1.571343 -4.082591
-3.215441 -0.196855 -2.257866
1.968952 -0.697824 -3.813561
-1.629964 -3.174560 2.097442
3.472863 -1.589032 0.666277
-2.235324 -2.960635 1.798259
-1.247900 -3.436288 -3.481992
-2.109634 -2.447452 2.172652
-2.431914 -3.268407 1.346312
2.869836 -1.342325 -3.086210
3.648272 -1.702949 -1.398542
1.890430 -2.804773 2.158565
-0.202377 -3.992917 1.883631
-2.792587 -3.234668 -2.234031
-2.289151 -3.392600 1.386714
0.160122 -3.169259 2.538423
0.221615 -3.611516 -3.608699
-3.722876 -1.014126 -0.457460
-3.167759 -2.833974 0.558116
-2.713848 -3.845668 -0.429801
-3.703618 -1.802608 -0.638984
-0.955196 -3.077395 -3.829138
2.336304 -0.641074 -3.537122
1.392528 -2.946038 -3.736604
-3.381599 -2.306997 0.539480
1.794572 -4.450150 -1.555510
-3.311043 -0.377061 -2.171331
-0.634126 -4.853846 -1.611184
-3.699308 -1.529371 -1.180781
-0.701518 -4.717648 0.621021
0.911391 -4.824403 0.106779
-2.571047 -3.518989 -2.233712
-2.282521 -4.049452 0.377840
3.665007 -2.019907 -0.559574
-3.642434 -2.133580 -0.687604
-0.784454 -0.876207 -4.322310
1.204046 -4.806160 -1.065621
0.608718 -0.927433 -4.361240
2.171865 -1.720932 -3.702026
2.396819 -3.656118 -2.308055
2.478940 -3.630897 0.841720
2.734967 -3.724951 0.057597
2.893746 -2.517405 -2.712497
-2.941096 -1.812796 1.560668
2.636937 -1.814760 -3.287437
3.357851 -2.513681 -1.785973
0.505720 -1.117486 -4.390353
-2.828906 -2.436695 -2.846899
3.056752 -2.516685 -2.457230
-1.848185 -4.426225 -1.529004
-3.084338 -1.421715 -2.799221
-0.928932 -1.340441 -4.310845
3.517886 -2.435989 -0.150939
3.282360 -0.214258 -2.126255
1.449294 -3.051554 2.272604
0.119814 -4.047488 -3.207223
1.111290 -2.478637 -4.054352
-2.299494 -4.163593 -1.332908
-2.273870 -3.897700 0.723018
1.390676 -4.438683 0.764295
2.184799 -4.138293 -1.725608
-1.869385 -4.487604 -1.176667
0.483698 -4.773309 -1.948679
1.141545 -4.387163 1.061835
-0.818058 -4.743446 -1.854660
3.415906 -1.979021 0.667538
-0.094524 -2.847497 -4.085318
2.014809 -3.553968 -2.875291
0.159709 -2.672156 -4.158214
1.578377 -4.403906 -2.019452
3.726322 -1.567118 -0.842083
1.881540 -0.091947 -3.692416
3.698483 -1.632516 -0.253574
3.625409 -2.176154 -0.915092
-2.045115 -0.276475 -3.652740
-3.696920 -0.491090 0.386660
3.605905 -0.876448 0.570925
-3.201956 1.425992 1.409678
-3.591633 0.816010 0.754752
3.726683 -0.315291 0.099922
3.005255 -1.550455 1.702754
-3.020904 -1.440055 1.774940
3.703143 0.423950 -0.202354
3.647702 0.392299 0.831832
-3.138304 1.041606 1.852699
3.446181 0.354775 1.514317
3.736135 0.133875 0.209981
-3.736515 -0.050126 -0.048236
-3.266042 -1.339581 1.340566
3.565898 -0.516525 1.107797
3.195720 -0.893885 1.830307
-3.610572 0.135604 1.071124
3.491819 -0.756660 1.210775
-3.277172 0.811166 1.714487
-3.662253 -0.277633 -0.600778
3.584536 -0.074287 -0.959298
3.544476 0.579275 1.148639
3.628639 -0.676042 0.708163
3.258506 0.539030 1.859976
-3.628030 0.599856 0.787251
-3.542972 1.004827 0.757343
3.165806 1.304430 1.609787
3.531663 0.841085 1.003842
-3.490062 -0.090563 1.446432
-3.452197 0.820817 1.286823
3.250124 1.433988 1.274821
3.636553 -0.279868 0.932717
3.227296 -1.120803 1.627043
-3.714869 0.107943 0.524372
3.365831 0.078561 1.733899
3.657624 -0.777176 0.178568
-3.002440 1.476723 1.776216
2.189947 0.612158 -3.644506
-1.910080 4.151401 0.769425
-3.455044 1.318223 -2.120265
-3.101071 3.321434 -0.212966
0.942746 4.481058 1.010399
-0.918011 4.150315 1.533486
1.287121 2.117835 -4.099891
-2.754679 2.298424 -3.006617
1.717526 2.676099 2.328660
-1.790944 2.471403 -3.750169
-2.994431 1.642267 -2.900796
3.655105 0.997423 0.049115
-2.627890 3.753980 -1.682665
1.044480 4.612941 -2.038950
2.551523 3.863540 0.222454
-3.628271 2.185327 -0.807472
2.362406 2.644819 1.872371
2.277568 2.602112 -3.346682
-2.006808 0.209816 -3.655637
-3.687275 1.849423 -0.961055
-3.729965 1.163560 -0.441581
-1.561491 3.706363 -3.073554
1.681135 4.625888 -0.733017
2.499890 3.678036 -2.107210
-3.236100 1.547854 1.168142
1.332415 3.237257 -3.587135
1.920879 4.493503 -0.615617
-2.394001 0.686351 -3.498843
-0.544291 4.869274 0.231914
1.761213 0.377915 -3.860534
-0.705586 2.608585 -4.114718
1.818115 3.401280 -3.179395
2.566708 2.897905 -2.879104
1.728406 3.923524 -2.698466
2.206007 4.150793 0.265457
3.127447 3.135487 0.196413
2.424674 1.002016 -3.521815
-2.923625 2.283878 -2.796494
-2.826747 3.692073 -0.235115
-2.658148 1.584807 -3.302454
-2.313572 3.820647 -2.174396
2.517314 3.972872 -0.034636
-3.350108 2.449073 -1.876325
2.468565 0.238482 -3.295644
-3.645718 0.782103 -1.354738
3.593173 2.020807 0.042971
-1.250541 4.545379 -2.028793
3.476393 0.087572 -1.371699
-1.475611 4.721601 -0.634993
-3.117199 0.998158 -2.735168
-2.111556 4.234390 0.224045
3.086058 3.218805 -1.539962
0.967737 4.767100 -1.652060
-1.473452 4.363151 0.842578
-2.726329 1.007926 -3.233757
-1.684250 3.808724 1.498742
-0.843396 3.446431 -3.622144
-2.268381 3.384671 1.417575
3.635621 1.408815 0.179726
-2.034019 4.343900 -1.392947
2.134192 4.294829 -0.075688
-1.140691 3.527723 -3.455903
-3.085155 2.142786 -2.621098
-2.187310 1.091002 -3.716031
-1.382090 0.336123 -4.031643
-0.692072 4.947615 -0.377365
1.163488 4.837681 -0.809985
1.349383 4.322737 1.026412
-1.803944 4.027886 -2.480818
-1.500494 1.956902 -4.047884
0.394502 1.294274 -4.407605
3.636288 1.982458 -0.160985
-0.846950 4.108510 -2.990748
-3.629211 1.427352 0.204306
1.675739 3.753944 1.566566
3.053548 3.377081 -0.152281
-2.274743 3.719419 -2.388224
-3.331606 2.829364 -1.399023
0.071444 1.048071 -4.420270
-3.591539 0.510803 -1.387991
-1.047272 4.875745 -0.671063
-2.130244 3.567705 1.370904
-3.566763 2.239867 -0.092211
-3.725452 1.423589 -0.387920
-3.262248 3.090009 -0.987455
2.020340 4.065284 -2.164121
2.330584 4.209980 -0.642193
2.656484 2.722091 1.517395
-0.989954 3.686506 2.002676
3.180868 0.825112 -2.600852
1.517175 3.778327 1.650445
3.496160 2.561403 -0.320487
-3.229941 1.935461 -2.458577
3.008165 3.461161 -1.139958
-2.629924 2.036201 -3.239562
-0.924900 3.936945 -3.158624
-3.176962 3.136388 -1.373319
2.755757 3.099630 1.072548
-0.421317 4.311193 -2.845949
-1.892674 3.181256 -3.298368
-2.512876 3.548931 0.908362
2.099188 1.973716 -3.706228
3.587395 0.388351 -1.247717
-2.090327 2.234640 -3.641034
-2.436264 3.055116 1.529792
3.298229 1.935017 -2.327549
-3.252911 1.572183 -2.511854
1.863083 4.293741 -1.899211
-2.826565 1.879812 -3.064500
1.849337 3.999852 -2.476999
-2.901314 3.585732 -1.216692
-3.730206 1.016834 -0.644998
3.160786 3.220790 -0.188003
-2.291391 3.145984 -2.985399
3.395882 0.292441 -1.900474
3.378029 1.991498 -2.129724
1.438365 2.448815 -3.938845
3.149884 2.074833 -2.543721
-1.196273 1.163208 -4.229943
-3.513341 2.372162 -1.369468
0.115371 3.933780 1.949731
3.523137 2.377495 -0.070769
2.640563 0.642148 -3.257673
-1.911256 1.062051 -3.895556
-0.736591 3.194679 -3.818949
1.867654 2.505505 -3.690214
-0.728270 4.887141 0.007693
-0.745543 4.076136 1.687133
-2.779293 3.773350 -0.416932
-3.178714 0.646176 -2.552766
-0.160354 4.818769 -1.903833
1.974902 3.432126 1.652101
-2.034016 4.232749 0.390318
0.606997 3.355569 2.366556
0.826904 4.896552 -0.175607
-3.271444 2.732987 -1.779553
-0.060396 2.486956 -4.229703
3.727199 0.979724 -0.652131
-0.124236 3.810194 2.067861
1.608387 0.426132 -3.953768
-3.267936 0.344140 -2.245094
3.202794 2.182497 1.021525
-0.017156 4.762778 -2.065076
-0.348421 5.003359 -0.481406
-1.394153 4.630570 0.235590
-0.492003 4.516374 -2.506814
-2.780175 3.751915 -1.106869
2.291252 0.205652 -3.440118
-1.840544 0.368612 -3.812585
-1.425074 3.010690 2.308235
2.370409 3.282396 1.404385
-2.689523 3.066116 1.204558
0.260322 4.911246 -1.567605
0.087391 4.871288 0.370363
0.630826 1.008132 -4.364448
0.071193 4.513707 -2.575393
2.365332 4.157688 -1.065448
2.838715 1.784229 -3.071726
0.931413 3.425108 2.234076
-1.858915 3.884785 1.254579
-2.096098 0.499610 -3.684660
2.011534 3.286232 -3.125181
3.672995 1.038638 -1.348035
-1.974535 4.257341 -1.809510
3.736356 1.313973 -0.848447
3.053201 3.134859 -1.803967
0.426870 4.996965 -0.859935
-3.120689 1.830766 1.299511
0.152916 5.022186 -0.667637
1.939639 2.928364 2.054782
-1.104542 4.849833 -0.438527
-0.370157 3.358277 2.402422
1.742995 0.921017 -3.977325
0.625800 4.742062 0.594923
-2.932299 3.602118 -0.838784
0.456652 3.139976 -3.903990
0.894566 4.706295 -1.906876
3.664621 0.541825 -0.755246
3.719823 1.527276 -0.386566
2.521928 2.808457 1.615230
0.600489 4.607187 -2.298601
-1.426559 4.120746 1.289772
1.342669 3.956659 -2.935442
1.364367 3.979425 1.517838
-3.389544 2.843821 -0.422765
1.927664 3.743219 1.368272
-3.436057 1.466877 0.777437
3.082213 2.497769 1.048451
0.328633 4.613298 -2.363145
3.557125 1.488821 0.448286
-0.234096 3.533320 2.291373
3.009798 3.271363 0.303422
0.252587 3.611274 -3.606358
-2.642053 3.021267 -2.687100
-1.661207 3.332940 -3.341010
1.296742 3.516106 2.018833
1.051550 3.880290 1.791029
0.886685 1.543259 -4.312673
3.705082 0.970598 -1.088546
-2.506153 2.225455 -3.300697
-0.522142 4.980840 -0.446358
1.634836 4.366445 0.661157
-0.634681 3.378507 -3.722257
-3.617157 2.234205 -0.622783
2.634003 3.278640 1.065341
1.158873 1.535217 -4.235594
2.638152 3.908787 -1.069113
2.412636 0.475305 -3.428935
-3.352711 2.221215 -2.056664
-1.729844 4.601275 -0.709571
1.304873 1.394653 -4.191730
2.723670 3.568675 -1.852601
-3.696884 0.995269 -0.201336
2.786037 0.886475 -3.151386
-1.594618 0.416352 -3.958041
3.426842 2.507704 0.177239
-2.577392 3.948900 -1.189368
-2.971143 2.959289 -2.224265
-3.505932 1.006219 -1.960854
-1.892219 4.449980 -1.315243
3.705423 0.920203 -0.337423
0.054232 1.528827 -4.420165
-2.648143 0.646952 -3.251294
-2.120358 3.932592 -2.264694
3.170972 2.753743 0.644067
2.334131 2.396320 2.014231
-0.329365 2.483297 -4.216123
-3.414243 2.106830 0.598571
-0.304673 2.143993 -4.315835
-0.678275 4.460699 1.167584
-0.923288 4.842282 0.007042
-1.820103 0.552964 -3.872642
0.079922 1.877442 -4.380464
-0.311010 4.766450 -2.020056
0.353255 3.086655 2.570054
-0.509333 3.161991 -3.883271
-3.638615 1.248901 -1.553114
-3.707495 0.795689 -0.632617
2.760522 2.288964 -3.003510
3.665531 1.927104 -1.061100
-2.558033 3.909320 0.059547
2.059997 4.294907 -1.516906
3.400103 2.797124 -0.313323
3.096241 1.507083 -2.774406
1.809201 4.459881 0.109315
-0.426687 1.472183 -4.399387
-0.092797 4.967365 -1.338081
1.347607 4.068159 -2.792624
1.575321 4.346142 -2.150449
2.290409 2.361299 -3.442308
1.493289 2.810293 -3.759645
3.701221 1.168262 -1.211956
1.382776 0.253013 -4.006541
-2.786059 1.579766 -3.166281
0.081938 0.176720 -4.259452
-1.432560 1.343778 -4.142806
-1.881052 2.298922 -3.758084
3.090720 3.095288 0.387876
3.413999 2.452926 -1.672497
-3.268162 0.048690 -2.021934
2.636997 1.470525 -3.334049
0.141015 3.176191 -3.912232
-2.206967 4.272542 -0.247776
0.660667 2.246840 -4.241879
-1.254820 0.453827 -4.112209
0.080008 0.713955 -4.383714
-2.149968 -0.151624 3.848955
-0.900902 2.870950 2.751092
-0.050778 2.251931 3.763754
-3.260670 0.056045 2.031947
1.891957 0.160333 4.044861
0.060438 -1.950477 4.007773
1.244599 -1.859033 3.777621
-1.028518 0.811873 4.368783
-2.835207 -0.578179 2.968403
0.299158 2.510674 3.480663
2.575360 1.972863 2.103169
-1.245578 1.843271 3.788845
2.690989 -1.431111 2.668005
-2.069615 1.490375 3.455027
-0.647628 1.851258 4.000663
-0.677389 2.980221 2.649318
0.356558 -1.270734 4.364732
3.117082 -0.656525 2.309608
1.078571 1.895884 3.826891
3.049626 0.056455 2.662944
2.317585 -0.286066 3.685798
1.650793 2.184566 3.211810
-1.663089 -1.120581 3.968164
2.245327 -2.328044 2.141351
-1.659606 2.422635 2.891853
2.147881 -1.040517 3.634480
0.757222 -0.125815 4.546910
1.419785 2.478592 3.030917
0.938009 -2.223919 3.606648
2.885105 -0.590282 2.876523
-1.895563 2.417896 2.612413
2.395589 1.044604 3.378417
0.502488 2.345911 3.621696
2.166920 2.150777 2.656369
-3.109998 -0.982239 2.030749
-0.376366 -2.279039 3.710190
1.756203 -1.333940 3.805903
-2.817311 -1.286182 2.553485
-0.454771 2.926343 2.845274
3.190587 0.462654 2.180147
2.752039 -0.439156 3.140380
1.069936 -2.540586 3.185083
-1.444348 2.731437 2.571047
3.062917 0.289233 2.602629
-2.592755 -0.825651 3.235976
-0.259422 -2.514161 3.481730
-1.826113 -0.980579 3.916343
-2.160830 -1.161411 3.564707
-2.201092 -2.327223 2.252183
1.101527 2.238061 3.519320
-2.068929 -0.465049 3.877855
-1.845453 -1.785205 3.434556
-1.897492 -2.264477 2.858730
-0.501777 -0.986783 4.447645
0.904896 2.323691 3.520196
3.219384 0.198965 2.174424
-2.351929 -0.533090 3.608790
-2.381932 -1.862897 2.719910
0.355558 -3.047836 2.621342
-2.935667 0.701982 2.731444
-3.061995 1.166122 1.960547
-1.448274 0.057564 4.305759
1.997693 -0.821048 3.845130
1.984378 1.226004 3.688344
-0.914980 -2.192476 3.645540
0.386541 2.969474 2.780540
0.168221 1.260810 4.384838
-0.123182 -2.235261 3.776306
-0.269468 2.549668 3.439041
0.645832 -0.919149 4.441869
2.226317 1.218130 3.469817
2.593211 1.574055 2.699307
-2.281086 1.725712 3.024514
-0.075782 3.031810 2.701005
-2.008188 -2.347203 2.572888
0.576641 -1.837921 4.025674
-1.196489 -0.343628 4.395857
2.393171 -0.703666 3.519291
-3.031939 0.602566 2.567584
3.115967 -0.272060 2.475024
3.043216 -0.402405 2.618567
-0.867366 0.969813 4.372702
2.127994 -2.273772 2.510372
-2.564316 2.047126 1.937101
1.462433 1.239948 4.031939
1.617714 -1.492046 3.809966
-2.369912 -1.199582 3.323669
1.946210 -1.934762 3.203039
1.134901 1.263304 4.172896
0.976978 1.735535 3.978421
0.829438 0.335059 4.514329
-1.712467 -0.770175 4.059263
3.017366 -0.693148 2.556079
-0.693304 -2.355634 3.562148
2.424813 -1.966902 2.489664
1.841079 -0.810881 3.963388
0.641506 2.071420 3.837792
1.130241 -0.454887 4.406359
3.225475 -0.389834 2.083831
2.313742 0.363918 3.678936
-2.638369 -1.663275 2.498379
2.189471 1.392558 3.401546
2.996151 1.038266 2.354001
-1.338580 -0.714462 4.272149
-2.512999 -1.318153 3.061283
1.539855 2.353461 3.101180
2.896786 1.389950 2.219028
2.911495 -1.096334 2.518410
-1.981153 0.913506 3.826542
-2.175567 0.926616 3.656653
1.389259 0.645851 4.264604
2.495386 1.932777 2.396630
-0.913784 -2.754475 2.953589
-0.612769 0.984239 4.428781
0.326293 1.525782 4.249880
2.882238 0.944269 2.700534
3.191445 0.624985 2.070925
0.195565 -1.702390 4.163780
2.704708 0.840165 3.070126
-0.452469 2.255013 3.719655
-2.706453 0.971839 2.998947
-2.186754 -2.016567 2.819912
-0.336981 -2.766567 3.140144
2.775645 -0.963584 2.888960
0.416570 -2.469742 3.507869
-2.936461 0.471580 2.820975
-0.816676 -1.622316 4.099953
2.561042 -1.072802 3.155665
-2.982505 0.067144 2.802994
-1.185499 -0.650507 4.350595
2.599961 -1.812130 2.359312
-0.945717 2.291432 3.536594
0.400529 -0.041705 4.611867
1.692656 0.686386 4.093296
3.032626 1.157959 2.095102
-2.495082 0.329876 3.494039
2.805272 -1.399366 2.456058
