    0.0100508983
    0.0254613562
    0.0233672775
    0.0183634927
    0.0176602324
    0.0285583345
    0.0264021633
    0.0264173158
    0.0258308840
    0.0233860203
    0.0234458459
    0.0225493133
    0.0214990806
    0.0236743379
    0.0256776195
    0.0244836402
    0.0196139306
    0.0288511078
    0.0153774541
    0.0186802252
    0.0269153662
    0.0252347653
    0.0145074438
    0.0277076256
    0.0309929030
    0.0228619042
    0.0303644479
    0.0304632279
    0.0180833652
    0.0231306827
    0.0114274787
    0.0292117617
    0.0315932453
    0.0266573757
    0.0029162707
    0.0124437833
    0.0106852762
    0.0350407212
    0.0313372294
    0.0284277038
    0.0278735325
    0.0230743460
    0.0021403229
    0.0244804436
    0.0115953472
    0.0228286156
    0.0228933843
    0.0219709908
    0.0256926777
    0.0300935978
    0.0374585793
    0.0247643885
    0.0204008702
    0.0266478067
    0.0284238894
    0.0021065725
    0.0113381263
    0.0026322248
    0.0130222346
    0.0361614665
    0.0206535744
    0.0297416506
    0.0196781030
    0.0239595959
    0.0212634932
    0.0200276056
    0.0278528662
    0.0005137724
    0.0225919864
    0.0293934263
    0.0288406825
    0.0288274933
    0.0268963572
    0.0262731528
    0.0319369205
    0.0288269892
    0.0175556927
    0.0268417327
    0.0342766896
    0.0199328859
    0.0222202074
    0.0155305728
    0.0159672114
    0.0294498035
    0.0321185735
    0.0296836966
    0.0102653274
    0.0282806176
    0.0287223763
    0.0243873978
    0.0151526270
    0.0064249816
    0.0061491251
    0.0207582680
   -0.0180994429
   -0.0212569984
   -0.0262328659
   -0.0270220666
   -0.0071185463
   -0.0094839329
   -0.0177464062
   -0.0112471998
   -0.0312489833
    0.0064475043
   -0.0097132814
   -0.0063075386
   -0.0324067783
   -0.0344053029
   -0.0267907702
    0.0113887448
   -0.0307854261
    0.0086383578
    0.0050674632
   -0.0222351683
   -0.0138178043
   -0.0168931916
   -0.0076037434
   -0.0042024738
   -0.0042622382
    0.0098110483
   -0.0142881720
   -0.0333472176
   -0.0093242330
   -0.0234421168
   -0.0071953326
   -0.0385637662
   -0.0113188206
   -0.0058368475
   -0.0262077809
   -0.0236762809
   -0.0391747109
   -0.0028646307
   -0.0166801749
   -0.0276761016
    0.0322948306
    0.0332923219
    0.0338304489
    0.0303446207
    0.0271646789
    0.0309926408
    0.0379910243
    0.0307061196
    0.0312213774
    0.0243084901
    0.0298899672
    0.0293119499
    0.0267140581
    0.0263433280
    0.0299402215
    0.0270864461
    0.0245581250
    0.0304942168
    0.0267536399
    0.0293751852
    0.0292911780
    0.0227214024
    0.0317523302
    0.0281527620
    0.0279682855
    0.0364917660
    0.0261472169
    0.0274681316
    0.0321575216
    0.0303777307
    0.0316867750
    0.0350638321
    0.0259801865
    0.0330128012
    0.0320617703
    0.0299937981
    0.0288687886
    0.0285621664
    0.0262398636
    0.0224018285
   -0.0009229837
    0.0254522116
   -0.0276167737
    0.0135204958
    0.0347901193
    0.0111323380
    0.0287657081
    0.0009493936
   -0.0222753712
   -0.0129142274
    0.0028954903
   -0.0050026078
   -0.0090758092
    0.0216482347
    0.0018555108
   -0.0082785671
    0.0113683001
    0.0023067275
    0.0208200732
   -0.0338749162
    0.0096348657
   -0.0069245480
   -0.0074050030
   -0.0034259385
    0.0084274855
   -0.0030357406
   -0.0091819779
   -0.0081251177
   -0.0101047102
   -0.0213336960
   -0.0045938646
    0.0051149521
   -0.0165490533
    0.0158102866
    0.0224482917
   -0.0171677688
   -0.0162629857
    0.0196017079
   -0.0142996116
    0.0094473906
   -0.0052627904
    0.0030114285
    0.0298001540
    0.0092306291
    0.0097626422
    0.0149089231
    0.0061768202
    0.0180818057
   -0.0023185923
    0.0288804003
    0.0216572463
    0.0219153226
    0.0084966616
   -0.0129359371
    0.0116695222
   -0.0011242043
   -0.0120873185
   -0.0078849592
    0.0042050971
    0.0052577849
    0.0253310590
   -0.0098158678
   -0.0075591104
   -0.0240714523
    0.0216491110
   -0.0142004918
    0.0142984510
    0.0045109908
   -0.0117773548
   -0.0092269761
   -0.0316969811
   -0.0477904375
   -0.0488597273
   -0.0495972883
   -0.0345529201
   -0.0457421509
   -0.0481079542
   -0.0459545700
   -0.0476406442
   -0.0212731372
   -0.0451708464
   -0.0483914931
   -0.0357273631
   -0.0470030461
   -0.0367557407
   -0.0458086997
   -0.0486764912
   -0.0435369724
   -0.0470073726
   -0.0493737173
   -0.0410092591
   -0.0479720814
   -0.0303974500
   -0.0225694767
   -0.0345655522
   -0.0397949640
   -0.0488539544
   -0.0468929615
   -0.0311712065
   -0.0425705189
   -0.0403856239
   -0.0344813629
   -0.0457493616
   -0.0441033235
   -0.0417903880
   -0.0399100813
   -0.0465357193
   -0.0271477673
   -0.0280287894
   -0.0402908637
   -0.0370507302
   -0.0310654703
   -0.0223418744
   -0.0434270647
   -0.0499926594
   -0.0422644897
   -0.0471625051
   -0.0192195248
   -0.0178311789
   -0.0346601919
   -0.0390193127
   -0.0491631054
   -0.0369766738
   -0.0394866766
   -0.0288032151
   -0.0509621614
   -0.0310531560
   -0.0457012724
   -0.0317243693
   -0.0494047389
   -0.0495728682
   -0.0256800743
   -0.0444462226
   -0.0475104342
   -0.0495111065
   -0.0500656537
   -0.0444558009
   -0.0426839713
   -0.0417025860
   -0.0346990472
   -0.0449007928
   -0.0449579120
   -0.0369204963
   -0.0441375319
   -0.0452798266
   -0.0377916572
   -0.0260576646
   -0.0292381384
   -0.0306259399
   -0.0475533697
   -0.0475433226
   -0.0491192949
   -0.0296256674
   -0.0167747622
   -0.0216588236
   -0.0283867346
   -0.0328238434
   -0.0469414017
   -0.0212519828
   -0.0455603505
   -0.0402067945
   -0.0453128029
   -0.0508504958
   -0.0502350791
   -0.0268617285
   -0.0451417101
   -0.0411832100
   -0.0355326042
   -0.0314951080
   -0.0317497528
   -0.0235227084
   -0.0293679874
   -0.0466934062
   -0.0292996427
   -0.0439335810
   -0.0402077806
    0.0381182200
    0.0259614262
    0.0221961688
    0.0383661434
    0.0284670041
    0.0270060276
    0.0352438787
    0.0419549126
    0.0308213899
    0.0174664675
    0.0237912883
    0.0299052500
    0.0329986908
    0.0293515246
    0.0350837968
    0.0348436664
    0.0356954326
    0.0358486011
    0.0279195483
    0.0161336825
    0.0163903051
    0.0222112832
    0.0214670229
    0.0130366547
    0.0239588113
    0.0161865850
    0.0213093866
    0.0218010051
    0.0124875124
    0.0227504131
    0.0217910471
    0.0143133657
    0.0099379294
    0.0153237254
    0.0214665423
    0.0185252805
    0.0129971528
    0.0122531498
    0.0169623177
    0.0210476363
    0.0178717867
    0.0179654085
    0.0147661393
    0.0220261809
    0.0139189640
    0.0231325279
    0.0254194682
    0.0279803074
    0.0193472451
   -0.0022740565
    0.0250595525
    0.0260587010
    0.0235765861
    0.0138945822
    0.0055293530
    0.0256290030
    0.0268051870
    0.0265914519
    0.0246966833
    0.0145458117
    0.0170825580
    0.0054126802
    0.0245676680
    0.0124383089
    0.0250950753
    0.0202487878
   -0.0023062685
    0.0017774441
    0.0238281783
    0.0259379325
    0.0238588321
    0.0140546148
    0.0195047812
    0.0178132796
    0.0338415237
   -0.0025561594
    0.0308810322
    0.0304493214
    0.0106251924
    0.0242002682
    0.0216885217
    0.0264479981
    0.0232615588
    0.0248762031
    0.0253297253
    0.0123576143
    0.0238094971
    0.0084140995
    0.0263501426
    0.0240018721
    0.0183467911
    0.0246205088
    0.0130305106
    0.0164961350
    0.0271971837
    0.0252381207
    0.0251578362
   -0.0000462759
    0.0157124538
    0.0205550072
    0.0037370010
   -0.0025650301
    0.0251371736
    0.0186289156
    0.0243744127
    0.0143142042
    0.0240653288
    0.0280959106
    0.0229559659
    0.0147275401
    0.0272117427
    0.0214263869
    0.0225235062
    0.0163791602
    0.0158727896
    0.0205776184
    0.0200123301
    0.0230619036
    0.0237234065
    0.0263159652
    0.0219841992
    0.0178834304
    0.0089507921
    0.0293642021
    0.0250820676
    0.0312943698
    0.0293098463
   -0.0020033506
    0.0113862455
    0.0208050514
    0.0233064513
    0.0119155258
    0.0105701890
    0.0159799557
    0.0106486491
    0.0043239397
    0.0251078438
    0.0125595490
   -0.0197876669
   -0.0225235399
   -0.0181281647
   -0.0069941132
   -0.0344044150
   -0.0202894225
   -0.0004932909
   -0.0078921659
   -0.0061635461
   -0.0353089640
   -0.0175884617
   -0.0086572705
   -0.0207268001
   -0.0148671024
   -0.0123347769
   -0.0204461874
   -0.0251429256
   -0.0222396093
   -0.0310348725
   -0.0262763988
   -0.0338002573
   -0.0112473331
   -0.0006183383
   -0.0223365793
   -0.0080757922
    0.0246411588
    0.0266913891
    0.0237583015
    0.0236427671
    0.0225783247
    0.0245902672
    0.0260339828
    0.0264949609
    0.0301802264
    0.0230712465
    0.0252016759
    0.0216207302
    0.0233815016
    0.0226668415
    0.0229071982
    0.0276011700
    0.0266611098
    0.0265028752
    0.0237214931
    0.0215600842
    0.0261887971
    0.0239139572
    0.0285691963
    0.0208949331
    0.0248032057
    0.0241935359
    0.0235358689
    0.0267764093
    0.0225569826
    0.0242334054
    0.0255779544
    0.0245180752
    0.0246132029
    0.0256029899
    0.0295672125
    0.0287406844
    0.0205781945
    0.0305464918
    0.0232928193
    0.0262655252
    0.0264213534
    0.0266220379
    0.0233793707
    0.0265322388
    0.0247966648
   -0.0033022647
    0.0159561806
   -0.0078804710
   -0.0111116297
    0.0185525665
    0.0010079195
    0.0134567211
    0.0188609420
   -0.0288638863
    0.0006491867
    0.0241560547
    0.0118287944
    0.0214268473
   -0.0177944861
    0.0123620228
    0.0129007139
   -0.0032157155
   -0.0024455869
    0.0037262031
   -0.0075883267
    0.0138023967
   -0.0062163651
   -0.0125994240
   -0.0048627411
   -0.0065369415
    0.0114859883
   -0.0187878075
   -0.0333295628
    0.0039450139
   -0.0259429550
    0.0028265940
   -0.0098680096
    0.0008587494
    0.0024668248
    0.0054078758
   -0.0192574299
    0.0034130164
    0.0134398376
    0.0008245255
    0.0137195042
   -0.0045470619
    0.0277956871
    0.0272885148
    0.0041795957
   -0.0178936164
   -0.0025637582
   -0.0083367265
    0.0265684342
    0.0130732840
   -0.0004003857
    0.0196089668
    0.0143326410
    0.0031191857
   -0.0314641527
   -0.0161971714
   -0.0319600299
   -0.0206331328
   -0.0353256709
   -0.0381566541
   -0.0164242319
   -0.0399205587
   -0.0386775673
   -0.0398057582
   -0.0236687120
   -0.0405752688
   -0.0388988076
   -0.0398350936
   -0.0380640897
   -0.0395851765
   -0.0356135860
   -0.0342037398
   -0.0204921268
   -0.0328816197
   -0.0296081109
   -0.0401161547
   -0.0259769075
   -0.0397252689
   -0.0315544832
   -0.0207785908
   -0.0321229350
   -0.0342853349
   -0.0343247133
   -0.0295092350
   -0.0414972208
   -0.0374024813
   -0.0396859963
   -0.0156974454
   -0.0385226530
   -0.0261305058
   -0.0404429907
   -0.0386428500
   -0.0380448727
   -0.0249219446
   -0.0244838786
   -0.0305319489
   -0.0376373372
   -0.0184314056
   -0.0190185313
   -0.0397493187
   -0.0261636435
   -0.0177999368
   -0.0254854949
   -0.0412308160
   -0.0191226055
   -0.0371285055
   -0.0380495056
   -0.0156444592
   -0.0414994607
   -0.0378430529
   -0.0412463943
   -0.0319049230
   -0.0392239531
   -0.0148981918
   -0.0397715139
   -0.0342490430
   -0.0223234867
   -0.0290102100
   -0.0419303611
   -0.0227813204
   -0.0356565048
   -0.0262340248
   -0.0340815959
   -0.0324779745
   -0.0231004941
   -0.0385156312
   -0.0347555112
   -0.0412874348
   -0.0408692020
   -0.0395752134
   -0.0307183783
   -0.0389154491
   -0.0153224641
   -0.0275107717
   -0.0400254477
   -0.0299865996
   -0.0330170992
   -0.0300436951
   -0.0325344439
   -0.0387590936
   -0.0391724988
   -0.0417584138
   -0.0371102341
   -0.0385434999
   -0.0356288054
   -0.0379710358
   -0.0273732083
   -0.0414655772
   -0.0212382639
   -0.0287836894
   -0.0328420772
   -0.0326432014
   -0.0263208141
   -0.0407439673
   -0.0369029846
   -0.0315446542
   -0.0261572472
   -0.0300718581
   -0.0312850271
   -0.0318230972
    0.0228686446
    0.0295412769
    0.0250563257
    0.0297778155
    0.0261361857
    0.0302462935
    0.0194913771
    0.0338994988
    0.0258944990
    0.0248545540
    0.0220513748
    0.0247919363
    0.0272365374
    0.0301122098
    0.0166736226
    0.0243942109
    0.0320111476
    0.0178502794
    0.0192114609
    0.0171878382
    0.0137136035
    0.0139384144
    0.0110085806
    0.0193835432
    0.0164128595
    0.0169967301
    0.0153045786
    0.0191277306
    0.0180962005
    0.0125368876
    0.0185334815
    0.0189911966
    0.0179966821
    0.0150491021
    0.0107177969
    0.0097564600
    0.0191688593
    0.0122600237
    0.0173046455
    0.0082314459
    0.0185430659
    0.0164913076
    0.0111523735
    0.0156402874
    0.0186729854
    0.0231953505
    0.0060949837
    0.0088958799
    0.0146626579
    0.0104169208
    0.0196258304
    0.0133615514
    0.0076338091
    0.0210506704
    0.0192682228
    0.0197876118
    0.0154014470
    0.0214233009
    0.0163836827
    0.0170350850
    0.0161007237
    0.0205518461
    0.0190355930
    0.0195532385
    0.0170022779
    0.0253677529
    0.0128886284
    0.0085303788
    0.0129623225
    0.0090149521
    0.0010779326
    0.0225878601
    0.0239305928
    0.0091111437
    0.0218389304
    0.0100343934
    0.0026357627
    0.0177314647
    0.0219020709
    0.0007252585
    0.0235880708
    0.0057932285
    0.0147410853
    0.0121493654
    0.0118891530
    0.0057355476
    0.0217162568
    0.0043915819
    0.0235645909
   -0.0011721179
    0.0185645038
    0.0175885351
    0.0141122270
    0.0231490313
    0.0010534964
    0.0207170603
    0.0203511610
    0.0192183239
    0.0201497379
    0.0260725951
    0.0191392897
    0.0095339694
    0.0129647944
    0.0206529418
    0.0257570285
    0.0233499276
    0.0269949944
   -0.0015535956
    0.0181914826
    0.0205380367
    0.0055601295
    0.0208652593
    0.0012937268
    0.0066681321
    0.0175504855
    0.0193909360
    0.0116224483
   -0.0027456146
    0.0224478705
    0.0096225357
    0.0215782757
    0.0198596345
    0.0196406156
    0.0123995580
    0.0079543456
    0.0107255222
    0.0221392997
    0.0269925406
    0.0242094066
    0.0198019256
    0.0215860657
    0.0188803214
    0.0188451537
    0.0130560740
    0.0058641264
    0.0225461746
   -0.0007106686
    0.0004791136
    0.0149267361
    0.0217551862
    0.0145194744
    0.0225679553
    0.0157112172
    0.0082516492
    0.0031351880
    0.0225280762
    0.0148380220
    0.0190462178
    0.0110637335
    0.0077000407
    0.0176672600
    0.0199856569
    0.0105086309
    0.0140255390
    0.0191334567
    0.0243026409
    0.0212204414
    0.0203739189
    0.0219999748
    0.0171967419
    0.0151741111
    0.0173849801
    0.0185945719
    0.0003238881
    0.0199405115
    0.0215319043
    0.0076332679
    0.0197650170
    0.0265506320
    0.0280990680
    0.0179984917
   -0.0197893021
   -0.0101103988
   -0.0100614990
   -0.0248858782
   -0.0202940980
   -0.0154912098
   -0.0089776564
   -0.0254011889
   -0.0230235706
   -0.0150060185
    0.0014270300
   -0.0176136048
   -0.0248930522
   -0.0224133132
   -0.0177615632
   -0.0059611333
   -0.0058812405
   -0.0249896897
   -0.0113401742
   -0.0103920930
   -0.0102237737
    0.0019731607
   -0.0101489627
   -0.0106627700
   -0.0148920935
   -0.0107899044
   -0.0073225934
   -0.0221697950
   -0.0249784902
   -0.0131392870
   -0.0226026588
   -0.0178876437
   -0.0174253907
   -0.0090715708
   -0.0105102416
   -0.0207821930
   -0.0042029724
   -0.0266837853
   -0.0099999029
   -0.0128633598
   -0.0329749185
    0.0189531720
    0.0227146934
    0.0202973878
    0.0188901916
    0.0225525460
    0.0212810186
    0.0220234219
    0.0180479956
    0.0233043503
    0.0220163361
    0.0231569447
    0.0193068297
    0.0205425642
    0.0219360128
    0.0235277543
    0.0230572242
    0.0223498024
    0.0209714725
    0.0237945456
    0.0211974076
    0.0215264947
    0.0236246509
    0.0199609936
    0.0249587841
    0.0232672276
    0.0228410150
    0.0242150056
    0.0195991981
    0.0252252381
    0.0191877728
    0.0261282068
    0.0210071060
    0.0239493052
    0.0226960707
    0.0231775671
   -0.0055821358
   -0.0135202986
    0.0003222796
    0.0086578866
    0.0218057051
   -0.0001224364
   -0.0161517533
   -0.0025431975
    0.0025695987
   -0.0020496855
   -0.0074024695
    0.0222583625
   -0.0138972697
   -0.0023617796
    0.0165002839
    0.0196914522
   -0.0074133083
   -0.0009032420
    0.0003425546
    0.0070358731
    0.0073862435
   -0.0016227926
   -0.0078919012
    0.0084134552
    0.0069833839
    0.0048650027
    0.0175756004
    0.0192330925
   -0.0105116939
   -0.0185231562
    0.0225889772
   -0.0088146121
    0.0081825586
    0.0123489826
    0.0206917787
    0.0058289252
    0.0082558165
   -0.0105306417
   -0.0094076873
    0.0052206075
    0.0142985292
   -0.0022743863
    0.0040174357
   -0.0035035685
   -0.0063829355
    0.0103062543
    0.0109723516
   -0.0020132821
   -0.0233014303
   -0.0236654768
   -0.0035731483
   -0.0170102999
   -0.0066168670
   -0.0054085411
   -0.0095527849
    0.0067003560
   -0.0121911298
    0.0020724362
    0.0166300711
   -0.0088990615
   -0.0120040142
    0.0096529868
    0.0168205276
    0.0068534898
    0.0122383912
   -0.0104812783
    0.0177988454
    0.0078328065
   -0.0047325558
    0.0074622013
   -0.0113195242
    0.0025173407
    0.0134483093
    0.0227791335
   -0.0109076931
    0.0177053727
    0.0067693275
   -0.0017233346
    0.0039382872
    0.0246408437
   -0.0017595109
   -0.0045933134
    0.0136003643
    0.0037801421
    0.0132318981
   -0.0017987860
    0.0189163408
    0.0096487421
    0.0055053550
    0.0245596201
   -0.0079361176
   -0.0030927137
    0.0162218192
    0.0065041291
   -0.0020424572
    0.0104895270
   -0.0305778915
   -0.0258412034
   -0.0292851015
   -0.0330734363
   -0.0342002537
   -0.0310991868
   -0.0274756816
   -0.0205830346
   -0.0227539113
   -0.0212337232
   -0.0263798064
   -0.0242519009
   -0.0320489696
   -0.0221291997
   -0.0275173440
   -0.0331217702
   -0.0264323145
   -0.0314298850
   -0.0324399120
   -0.0275218991
   -0.0268171658
   -0.0214397527
   -0.0175989945
   -0.0266208698
   -0.0326638517
   -0.0338555270
   -0.0341731882
   -0.0263888566
   -0.0343425649
   -0.0140099366
   -0.0276953700
   -0.0321860715
   -0.0197670770
   -0.0312954726
   -0.0269300970
   -0.0340098576
   -0.0328353987
   -0.0289060792
   -0.0278195415
   -0.0321928542
   -0.0190971168
   -0.0306651846
   -0.0335365483
   -0.0273007117
   -0.0160310582
   -0.0323206552
   -0.0302202064
   -0.0326938664
   -0.0278819878
   -0.0288920620
   -0.0241757422
   -0.0178347643
   -0.0331769583
   -0.0247788776
   -0.0325098312
   -0.0155661173
   -0.0149853784
   -0.0288326413
   -0.0201418383
   -0.0210912712
   -0.0181456451
   -0.0347503808
   -0.0167669652
   -0.0241759771
   -0.0331851407
   -0.0303047482
   -0.0325919064
   -0.0330186735
   -0.0335473120
   -0.0348912977
   -0.0245412057
   -0.0277678517
   -0.0268497574
   -0.0186105161
   -0.0227767841
   -0.0196914612
   -0.0304088924
   -0.0227342665
   -0.0317702457
   -0.0319048784
   -0.0333279643
   -0.0340602301
   -0.0343013474
   -0.0244238997
   -0.0276874503
   -0.0312731620
   -0.0282123817
   -0.0267516128
   -0.0232042919
   -0.0305668467
   -0.0313032881
   -0.0242003573
   -0.0308686640
   -0.0155504638
   -0.0341446480
   -0.0309998052
   -0.0325375992
   -0.0337773386
   -0.0319073825
   -0.0141431913
   -0.0345622012
   -0.0322548984
   -0.0233075702
   -0.0199054832
   -0.0183361475
   -0.0212309130
   -0.0151310262
   -0.0336432576
   -0.0293353534
   -0.0162287083
   -0.0333778977
   -0.0280034697
   -0.0303114226
   -0.0254778678
   -0.0252257869
   -0.0290921996
   -0.0348426314
   -0.0239882667
   -0.0249358284
   -0.0147549974
   -0.0293796781
   -0.0299460175
   -0.0335738934
   -0.0344024209
    0.0241574500
    0.0250105567
    0.0213838474
    0.0249100385
    0.0249545601
    0.0195520131
    0.0270653507
    0.0211073827
    0.0128730859
    0.0274062229
    0.0277004526
    0.0145997135
    0.0193953684
    0.0220365510
    0.0239880539
    0.0271748407
    0.0172746840
    0.0160689657
    0.0224425984
    0.0254605830
    0.0226093124
    0.0209972376
    0.0233437534
    0.0162477259
    0.0214070671
    0.0186211963
    0.0138205062
    0.0153731081
    0.0109516400
    0.0112644148
    0.0141537547
    0.0153153132
    0.0125899270
    0.0154375228
    0.0154927953
    0.0161236745
    0.0124340271
    0.0107605625
    0.0121425102
    0.0099945646
    0.0145373802
    0.0129979916
   -0.0023821343
    0.0191913644
    0.0108830366
    0.0124032091
    0.0114097486
    0.0237271890
    0.0170005277
    0.0186554220
    0.0213118702
    0.0165724764
    0.0047502209
    0.0199100230
    0.0156701569
    0.0176112706
    0.0136238143
    0.0181569202
    0.0016324731
    0.0158858678
    0.0145754641
    0.0067245292
    0.0175222714
    0.0201261585
    0.0169573262
    0.0141922519
    0.0098357127
    0.0128193763
    0.0191207500
    0.0107772056
    0.0162125480
    0.0203059415
    0.0182401818
    0.0129727330
    0.0127761869
    0.0159168090
    0.0133914764
    0.0031506564
    0.0024062333
    0.0209026906
    0.0184951041
    0.0114386897
    0.0140689468
    0.0176690452
    0.0200065248
    0.0217163354
    0.0172795849
    0.0203341588
    0.0112950120
    0.0212455176
    0.0146975629
    0.0142424626
    0.0181166474
    0.0113808379
    0.0174593087
   -0.0002824439
    0.0214185892
    0.0217061806
    0.0125742365
    0.0161620179
    0.0090340035
    0.0100953482
    0.0220938366
    0.0093982696
    0.0043256838
    0.0072625982
    0.0122863820
    0.0152076572
    0.0064678998
    0.0120061900
    0.0180919905
    0.0195732325
    0.0113334144
    0.0191316663
    0.0141315234
    0.0202207814
    0.0173084885
    0.0190785444
    0.0162638538
    0.0098560171
    0.0143991701
    0.0109362526
    0.0206785802
    0.0111441088
    0.0115894990
    0.0084515120
    0.0187603154
    0.0161534885
    0.0157278634
    0.0123219252
    0.0147756082
    0.0180930870
    0.0140401305
    0.0075564493
    0.0138010559
    0.0138893714
    0.0089592894
    0.0023483009
    0.0194195212
    0.0147257493
    0.0005118350
    0.0174931746
    0.0160175928
    0.0067183872
    0.0202135593
    0.0074244060
    0.0036550154
    0.0133341599
    0.0156066785
    0.0227764799
    0.0203330703
    0.0178907740
    0.0204297035
    0.0074083853
    0.0214108874
   -0.0010002750
    0.0152374118
   -0.0003479809
    0.0222674461
    0.0206801631
    0.0189822429
    0.0062663657
    0.0192172384
    0.0206977315
    0.0007978587
    0.0176454088
    0.0003380323
    0.0061886286
    0.0089340225
    0.0180127087
    0.0124693219
    0.0163988019
    0.0186912035
    0.0111149591
    0.0187441725
    0.0214824917
    0.0128335901
    0.0166983845
    0.0093120696
    0.0208953557
    0.0180664229
    0.0049346735
    0.0033705858
    0.0128264433
    0.0213385583
    0.0090971607
    0.0100363959
    0.0037656723
    0.0155935840
    0.0143347499
    0.0124697188
    0.0184807986
    0.0167825072
    0.0173498530
    0.0166904608
   -0.0021839926
    0.0221127685
    0.0204997460
    0.0177266380
    0.0096264120
    0.0070511459
    0.0010365199
    0.0214318306
    0.0162636381
    0.0159350172
    0.0161942730
    0.0204928753
    0.0075618670
    0.0167075778
    0.0151533629
    0.0133417896
    0.0150496338
    0.0152041441
    0.0108828111
    0.0058434802
    0.0146723079
    0.0116420801
    0.0191483717
    0.0021506809
    0.0190752628
    0.0173798445
    0.0132159642
    0.0181430212
    0.0153217113
    0.0177220298
    0.0163176855
    0.0131491450
    0.0064136736
    0.0126575980
    0.0219612456
   -0.0212923185
   -0.0110512565
   -0.0202369890
   -0.0188485630
   -0.0107135505
   -0.0038406797
   -0.0014213403
   -0.0182001306
   -0.0176984031
   -0.0173073273
   -0.0025198407
   -0.0067020756
   -0.0158485609
   -0.0251551330
   -0.0113639878
   -0.0232331041
   -0.0074013700
   -0.0268252583
   -0.0190726496
   -0.0043110746
   -0.0270783623
   -0.0059309350
   -0.0042897648
   -0.0073391393
   -0.0183397929
   -0.0078614101
   -0.0055796840
   -0.0078839588
   -0.0011783419
   -0.0194575122
   -0.0024548161
   -0.0201123232
   -0.0080275114
   -0.0106082170
   -0.0135517304
   -0.0220521565
   -0.0042602906
   -0.0181497924
   -0.0183437780
    0.0177358240
    0.0205473222
    0.0177461936
    0.0183991812
    0.0191296426
    0.0181831377
    0.0196298010
    0.0188341890
    0.0180692366
    0.0186656430
    0.0189428080
    0.0183754933
    0.0188654724
    0.0198476989
    0.0200439161
    0.0184849778
    0.0185243948
    0.0191898464
    0.0172065127
    0.0187541589
    0.0013473921
   -0.0162343562
   -0.0021977857
   -0.0204924409
    0.0069839524
    0.0075826856
   -0.0027999125
    0.0143778972
    0.0034767931
    0.0024126799
   -0.0082856427
   -0.0161841432
    0.0160828860
    0.0070270540
    0.0049227934
    0.0025144602
    0.0052867871
    0.0079548244
    0.0169868345
   -0.0145235712
   -0.0053882141
    0.0069762572
    0.0087326649
    0.0088414150
   -0.0045496795
   -0.0085261816
   -0.0047213678
    0.0028654514
    0.0147947478
    0.0039697673
    0.0125973566
   -0.0179864614
   -0.0115862401
    0.0107508798
    0.0171899738
   -0.0017211805
    0.0035592429
   -0.0122584602
    0.0157934769
    0.0020134275
    0.0139417957
   -0.0170949892
   -0.0070494486
    0.0211139336
    0.0080031253
    0.0098406018
    0.0061068824
   -0.0045876639
   -0.0006838085
   -0.0115587139
   -0.0047795704
    0.0178837003
   -0.0017062806
    0.0003563663
    0.0123705209
    0.0067275615
    0.0077888109
    0.0192863468
    0.0050315648
   -0.0166793344
   -0.0005475153
    0.0046107915
   -0.0115370326
   -0.0099576644
   -0.0031254084
    0.0068646986
    0.0044045848
    0.0031679037
   -0.0080868553
    0.0121138521
    0.0159038520
    0.0098489744
    0.0089794082
   -0.0197888980
   -0.0131581171
    0.0027561593
    0.0090417338
    0.0075916573
   -0.0092983993
   -0.0078485187
    0.0056786904
    0.0146502306
    0.0055387324
    0.0066406996
    0.0044617608
    0.0000093568
   -0.0038276057
    0.0077090227
   -0.0019185381
    0.0032914229
   -0.0102681734
    0.0139129573
   -0.0243815915
    0.0085623370
    0.0168117794
    0.0115811435
   -0.0002074365
    0.0026146093
   -0.0126896686
    0.0132331818
    0.0029967815
   -0.0072675401
    0.0040358216
   -0.0096991193
    0.0136082741
   -0.0194750161
    0.0230126710
   -0.0066865394
   -0.0151007767
    0.0034620239
    0.0129370906
    0.0097827284
   -0.0115640877
    0.0068972845
    0.0001395024
   -0.0010142670
   -0.0256227346
   -0.0176984458
   -0.0181861942
   -0.0242605235
   -0.0260126948
   -0.0226054368
   -0.0253704945
   -0.0266757182
   -0.0224928128
   -0.0145389350
   -0.0293020251
   -0.0133219687
   -0.0220413375
   -0.0290987570
   -0.0243553134
   -0.0265247733
   -0.0171693120
   -0.0291675294
   -0.0257256715
   -0.0268377078
   -0.0189301626
   -0.0292356959
   -0.0282913718
   -0.0197766463
   -0.0236344403
   -0.0278327074
   -0.0293116647
   -0.0252824680
   -0.0285696295
   -0.0248722570
   -0.0281602129
   -0.0273077571
   -0.0186798033
   -0.0208538582
   -0.0133509877
   -0.0263989663
   -0.0290951774
   -0.0283931607
   -0.0287898524
   -0.0182403095
   -0.0278303694
   -0.0282554016
   -0.0270030965
   -0.0289528297
   -0.0231237074
   -0.0212035732
   -0.0284807654
   -0.0268713292
   -0.0164511861
   -0.0194940622
   -0.0184573141
   -0.0287294749
   -0.0212290988
   -0.0248980889
   -0.0142852522
   -0.0212184185
   -0.0272237742
   -0.0255402598
   -0.0134680470
   -0.0289677655
   -0.0210828656
   -0.0242967618
   -0.0216467249
   -0.0117878965
   -0.0176192208
   -0.0157941734
   -0.0210526429
   -0.0240457455
   -0.0292642007
   -0.0249022182
   -0.0199875753
   -0.0182422660
   -0.0265122658
   -0.0180829270
   -0.0281537050
   -0.0268316757
   -0.0261916609
   -0.0271773476
   -0.0240631617
   -0.0282148925
   -0.0268034713
   -0.0218817982
   -0.0224463468
   -0.0272571717
   -0.0281119829
   -0.0252713665
   -0.0228832062
   -0.0253085349
   -0.0208085294
   -0.0264700976
   -0.0221106332
   -0.0275523434
   -0.0264641902
   -0.0268131252
   -0.0287929746
   -0.0222415939
   -0.0290583188
   -0.0270018476
   -0.0291415196
   -0.0169320661
   -0.0270917302
   -0.0278072113
   -0.0278061824
   -0.0231886863
   -0.0126687663
   -0.0253873986
   -0.0283458291
   -0.0257187474
   -0.0263622034
   -0.0116355346
   -0.0194357196
   -0.0194984369
   -0.0234103785
   -0.0159394049
   -0.0207971661
   -0.0293807835
   -0.0226737821
   -0.0223130828
    0.0192909960
    0.0183367185
    0.0193782907
    0.0181582367
    0.0220836864
    0.0187057927
    0.0157107094
    0.0241884168
    0.0208933355
    0.0201431662
    0.0011795341
    0.0133988727
    0.0141382537
    0.0113401001
    0.0068748029
    0.0076013486
    0.0117795070
   -0.0018225756
    0.0148415453
    0.0143986471
    0.0095360337
    0.0009317551
    0.0157836281
    0.0165976239
    0.0175618572
    0.0065461391
    0.0036856998
    0.0187589059
   -0.0009161233
    0.0156072743
    0.0180958552
    0.0094034278
    0.0057393897
    0.0053690500
    0.0173755563
    0.0182781479
    0.0175287877
    0.0129112034
    0.0112513347
    0.0009588561
    0.0169094246
   -0.0007796283
    0.0048886925
    0.0178901567
    0.0148479451
    0.0113799455
    0.0133396290
   -0.0027416719
    0.0107740584
    0.0103974244
    0.0132840419
    0.0152864283
    0.0073082128
    0.0191326933
    0.0106952558
    0.0008349164
    0.0149665557
    0.0175188307
    0.0156900673
    0.0079884241
    0.0200755561
    0.0183255826
    0.0154046492
    0.0139931643
    0.0056880504
    0.0151291125
    0.0180267933
    0.0070484698
    0.0169683474
    0.0154236765
    0.0180607638
    0.0165433394
    0.0134607829
    0.0091237149
    0.0168881051
    0.0124200195
    0.0069265672
    0.0042661890
    0.0026638560
    0.0067552848
    0.0147670328
    0.0141829459
    0.0151103006
    0.0164892187
    0.0175419324
    0.0174037953
    0.0138141042
    0.0137359243
    0.0140728391
    0.0136917633
    0.0071434598
    0.0169178538
    0.0154927112
    0.0108404171
    0.0025022955
    0.0182086487
    0.0184236640
    0.0164291995
    0.0176522460
    0.0143320771
    0.0090387242
    0.0123210050
    0.0091360306
    0.0169005844
    0.0166341355
    0.0120274905
    0.0157801286
    0.0082240330
    0.0028644068
    0.0092730982
    0.0180387763
    0.0088167220
    0.0122902964
    0.0140201696
    0.0181376662
    0.0144530942
    0.0075425396
    0.0030879419
    0.0159230958
    0.0165261989
    0.0162525118
    0.0163905933
    0.0139018966
    0.0127989917
    0.0185911617
    0.0095286504
    0.0163579359
    0.0147772605
   -0.0020854065
    0.0067550405
    0.0121111025
    0.0159936197
    0.0028983398
    0.0175581324
    0.0118602675
    0.0110771352
    0.0096990739
    0.0175410081
    0.0139442970
    0.0184272219
    0.0067173306
    0.0113738759
    0.0099490464
    0.0049704784
    0.0079268341
    0.0181608698
    0.0156831669
    0.0146932871
    0.0102704051
    0.0133144411
    0.0174136350
    0.0170171841
    0.0163329453
    0.0145679199
    0.0181551034
    0.0140220881
    0.0110249181
    0.0068981196
    0.0078275781
    0.0174589827
    0.0134295674
    0.0130606435
    0.0112143675
    0.0096971296
    0.0092804517
    0.0082910564
    0.0172611496
    0.0081372998
    0.0138349998
    0.0122881159
    0.0087630406
    0.0155977981
    0.0132436452
    0.0032951878
    0.0135925239
    0.0086511888
    0.0133149399
    0.0055396107
    0.0162123387
    0.0192622599
    0.0087167218
   -0.0030543444
   -0.0012999169
    0.0170900591
    0.0164161309
    0.0150716508
    0.0158459622
    0.0149729234
    0.0038678063
    0.0071417763
    0.0197502906
    0.0179521825
    0.0139553356
    0.0166435233
    0.0158154222
    0.0077566232
   -0.0006477874
    0.0104997517
    0.0089879680
    0.0090019196
   -0.0027572182
    0.0189613172
    0.0159897257
    0.0099430373
    0.0134504721
    0.0025135659
    0.0157433702
    0.0133547500
    0.0101245084
    0.0167685784
    0.0091612741
    0.0142559504
    0.0163724973
    0.0160875370
    0.0077849544
    0.0083476454
    0.0132440627
    0.0177906113
    0.0158764574
    0.0113212822
    0.0095756737
    0.0180253802
    0.0135708297
   -0.0020681951
    0.0137905996
    0.0151669929
    0.0011507038
    0.0130144077
    0.0114264401
   -0.0008712472
    0.0116398726
    0.0122498512
    0.0176704239
    0.0116591286
    0.0141104379
    0.0153741077
    0.0123503128
    0.0104896317
    0.0130948764
    0.0171439865
    0.0118805077
   -0.0000033678
    0.0155715012
    0.0169157461
    0.0184256686
   -0.0039033328
    0.0167676893
    0.0154566323
    0.0184101652
    0.0154174674
   -0.0024288694
    0.0092726849
    0.0059853164
    0.0059499097
    0.0143765358
    0.0192719407
    0.0064761942
    0.0013295361
    0.0139819873
    0.0048190514
    0.0147346831
    0.0173464322
    0.0007530970
    0.0048201280
    0.0170570224
    0.0085329463
    0.0078564803
    0.0169192815
    0.0158366344
    0.0081160619
    0.0124013302
    0.0150840657
    0.0164528290
    0.0076412927
    0.0018857497
    0.0045866572
    0.0035216062
    0.0058769647
    0.0133628446
    0.0032986656
   -0.0034288601
    0.0166231177
    0.0122394127
   -0.0007128967
    0.0037594855
    0.0137589635
    0.0139751510
    0.0149284525
    0.0171798825
    0.0002976364
    0.0146099174
    0.0166508694
    0.0104900352
    0.0179688503
    0.0161545276
    0.0105041260
    0.0166509070
    0.0189033538
    0.0142052312
    0.0034530549
    0.0146691419
    0.0155670114
    0.0054088206
    0.0137617505
    0.0068784562
    0.0193966311
    0.0019513752
    0.0164270467
    0.0134051508
    0.0160647454
    0.0110527748
    0.0186957133
    0.0052270363
    0.0171399106
    0.0083763449
    0.0164441427
    0.0110928402
    0.0122454320
    0.0089936834
    0.0127540701
    0.0124614767
    0.0185023412
    0.0135244452
    0.0161291045
    0.0143119740
    0.0147732992
    0.0104713991
    0.0162757995
   -0.0014491945
    0.0145148647
    0.0100990797
    0.0128541484
    0.0165709886
    0.0169832888
    0.0107886474
    0.0111226064
    0.0136848474
    0.0133969258
    0.0116284148
    0.0151346928
   -0.0146721998
   -0.0124585796
   -0.0117510684
   -0.0060605599
   -0.0092482404
   -0.0135507378
   -0.0046854095
   -0.0143125543
   -0.0023473429
   -0.0119793695
   -0.0069530298
   -0.0135821953
   -0.0056101401
   -0.0078987441
   -0.0158164507
   -0.0050865469
   -0.0083093258
   -0.0050733872
   -0.0094391726
   -0.0077477615
   -0.0163967812
   -0.0060566069
   -0.0139480819
   -0.0122084608
   -0.0189747850
   -0.0132675770
   -0.0051932702
   -0.0109284663
   -0.0210063474
   -0.0193083765
   -0.0091520369
   -0.0047574637
   -0.0210850912
   -0.0081189610
   -0.0122756703
   -0.0125267869
   -0.0095173012
   -0.0135073154
   -0.0155287573
   -0.0097443286
   -0.0069551439
   -0.0133639825
   -0.0085647004
   -0.0109835024
    0.0164141381
    0.0046232363
   -0.0017064509
    0.0171085867
    0.0092749658
   -0.0048478762
    0.0039040963
    0.0023456984
    0.0085753584
    0.0081351004
    0.0132534166
    0.0103774908
    0.0100765483
   -0.0104965900
   -0.0102350392
   -0.0075404610
    0.0013447079
    0.0127545028
   -0.0068422863
    0.0100249110
    0.0080724027
    0.0015105439
    0.0069258125
   -0.0022989013
    0.0045931964
    0.0183513920
    0.0050181437
   -0.0044354692
   -0.0189747308
    0.0146698595
    0.0082056069
    0.0130671553
    0.0053295128
    0.0011235332
   -0.0018089571
   -0.0054193875
   -0.0057439701
    0.0061892524
    0.0188420769
    0.0181517556
   -0.0123062559
    0.0048457523
    0.0023447776
    0.0002299698
   -0.0135791340
   -0.0045926573
    0.0046994849
    0.0130521577
    0.0167741168
    0.0052823787
    0.0093313811
   -0.0038418348
    0.0066769007
   -0.0044188359
    0.0019301603
   -0.0117860856
   -0.0090430892
   -0.0098193700
    0.0086723391
   -0.0045918239
    0.0177764795
    0.0152696368
   -0.0007570993
    0.0137153744
    0.0092806145
   -0.0017934311
    0.0115522876
    0.0142356365
   -0.0055543322
   -0.0142308585
   -0.0077407637
    0.0017924899
    0.0030686256
    0.0068344827
    0.0097926408
   -0.0042745222
   -0.0159317694
   -0.0219485420
   -0.0043333729
   -0.0174823687
    0.0039528148
   -0.0042288856
    0.0017068962
   -0.0085936722
   -0.0050614402
   -0.0038734314
    0.0105417322
   -0.0087207114
    0.0090722106
   -0.0175862174
   -0.0127810368
   -0.0026014738
   -0.0005172092
    0.0170792435
   -0.0082642145
    0.0147087297
    0.0157883943
    0.0008967986
   -0.0107838868
   -0.0145765730
   -0.0053848432
    0.0117262554
    0.0054278472
    0.0001624716
    0.0066757939
   -0.0017964261
   -0.0072908049
   -0.0093474852
   -0.0073253021
    0.0002106934
   -0.0012698191
    0.0112597907
    0.0006771174
   -0.0091874604
   -0.0022602539
    0.0030903494
   -0.0186665917
   -0.0110861653
   -0.0074905789
   -0.0055898931
    0.0084115010
   -0.0120926466
   -0.0155585276
    0.0065355315
    0.0069634750
    0.0103567865
   -0.0043594451
    0.0078691149
    0.0067405661
    0.0025107040
    0.0053324618
    0.0079807289
   -0.0056778743
   -0.0001511776
    0.0029811145
   -0.0036173306
   -0.0047645405
    0.0193875243
    0.0092217439
   -0.0092990692
    0.0054921305
    0.0029808974
    0.0188593816
    0.0081888849
   -0.0058709855
   -0.0085419196
    0.0018222147
   -0.0031298969
    0.0128186858
    0.0177668251
    0.0083286319
   -0.0060588363
   -0.0025542940
   -0.0075038946
    0.0033465266
    0.0114465511
    0.0098788265
   -0.0033328700
    0.0131474443
   -0.0101822164
    0.0044760377
    0.0041847994
   -0.0058627908
   -0.0089117604
    0.0127753065
    0.0107961903
    0.0059888505
   -0.0063655519
    0.0091259662
    0.0069674292
   -0.0027847069
    0.0027140136
   -0.0145138367
    0.0015838286
   -0.0074096459
   -0.0086704350
    0.0101691470
   -0.0098883616
   -0.0067823708
    0.0111925801
    0.0160438537
    0.0175470508
    0.0011778138
    0.0074411763
    0.0111246418
   -0.0004422142
   -0.0069094999
   -0.0056869967
   -0.0056058332
   -0.0096254091
   -0.0116749562
    0.0099469977
    0.0060479019
   -0.0219080402
   -0.0184340679
   -0.0157539601
   -0.0241104872
   -0.0227509562
   -0.0194879806
   -0.0178330053
   -0.0234761713
   -0.0180020874
   -0.0251199362
   -0.0134097338
   -0.0239786822
   -0.0141259183
   -0.0210576974
   -0.0197072068
   -0.0111334143
   -0.0205800646
   -0.0110360175
   -0.0253414316
   -0.0241497873
   -0.0246086458
   -0.0217629353
   -0.0205224508
   -0.0106754509
   -0.0177307828
   -0.0253386413
   -0.0253828308
   -0.0203415285
   -0.0228573938
   -0.0242033901
   -0.0233926027
   -0.0248454739
   -0.0188768882
   -0.0230080194
   -0.0170662867
   -0.0190058389
   -0.0231375953
   -0.0222447200
   -0.0219705746
   -0.0157224125
   -0.0250854299
   -0.0193886143
   -0.0198266601
   -0.0241395215
   -0.0215295247
   -0.0203395939
   -0.0139730171
   -0.0214088141
   -0.0129312978
   -0.0115303371
   -0.0143137830
   -0.0251194828
   -0.0195708693
   -0.0223148038
   -0.0197117611
   -0.0254426724
   -0.0112331028
   -0.0177369584
   -0.0209624537
   -0.0236741037
   -0.0236464042
   -0.0239612549
   -0.0177217934
   -0.0244675442
   -0.0198234512
   -0.0229481685
   -0.0240237555
   -0.0145171871
   -0.0173176484
   -0.0249807202
   -0.0238065005
   -0.0134793851
   -0.0218506453
   -0.0167732415
   -0.0159977727
   -0.0251337183
   -0.0119532152
   -0.0220356044
   -0.0210162958
   -0.0172751906
   -0.0250285706
   -0.0196510695
   -0.0218935035
   -0.0247258854
   -0.0207672965
   -0.0177016891
   -0.0221583476
   -0.0157654064
   -0.0210397881
   -0.0230671063
   -0.0238285410
   -0.0162251189
   -0.0157150527
   -0.0136448711
   -0.0116771943
   -0.0177049706
   -0.0252597351
   -0.0224148459
   -0.0254579052
   -0.0150108892
   -0.0153752313
   -0.0246329636
   -0.0203254146
   -0.0246361791
   -0.0162496858
   -0.0250558449
   -0.0213339942
   -0.0223980955
   -0.0168719152
   -0.0163766901
   -0.0197905695
   -0.0206298416
   -0.0125720783
   -0.0126555834
   -0.0200552703
   -0.0195098489
   -0.0199866410
   -0.0172443512
   -0.0212155020
   -0.0156437105
   -0.0198881702
   -0.0218690544
   -0.0114593044
   -0.0175728932
   -0.0168512503
   -0.0158833018
   -0.0231779398
   -0.0194823592
   -0.0191930732
   -0.0207440821
   -0.0242421009
   -0.0191454973
   -0.0243138847
   -0.0189836153
   -0.0246549878
   -0.0119394932
   -0.0186518965
   -0.0235011049
   -0.0188123015
   -0.0253893353
   -0.0176503875
   -0.0242730927
   -0.0217761417
   -0.0163197391
   -0.0121819937
   -0.0196371034
   -0.0227523287
   -0.0247092106
   -0.0179525253
   -0.0243040481
   -0.0241926385
   -0.0185569484
   -0.0228673303
   -0.0119640101
   -0.0152339462
   -0.0200094220
   -0.0228167345
   -0.0182899533
   -0.0252863726
   -0.0241347389
   -0.0238724651
   -0.0166882063
   -0.0208203830
   -0.0155401391
   -0.0220440601
   -0.0236119718
   -0.0195242276
   -0.0162242448
   -0.0132049896
   -0.0238545818
   -0.0203156720
   -0.0243690821
   -0.0226631539
