    0.0172124634
    0.0237617085
    0.0142937534
    0.0124037237
    0.0317071531
    0.0336672464
    0.0226352464
    0.0096973278
    0.0107116094
    0.0360071992
    0.0303424942
    0.0338934898
    0.0176512157
    0.0211733846
    0.0163656930
    0.0173034434
    0.0194694813
    0.0101317642
    0.0338318730
    0.0315472805
    0.0317855009
    0.0240287228
   -0.0025618926
   -0.0105967720
   -0.0132716265
   -0.0221826016
   -0.0064405785
   -0.0378940962
   -0.0392627232
   -0.0416965156
   -0.0216272937
   -0.0181094048
   -0.0008149864
   -0.0290424543
   -0.0332698551
   -0.0337033047
   -0.0288220739
   -0.0050239747
   -0.0370868006
   -0.0405341809
   -0.0272966634
   -0.0396758506
   -0.0344385634
   -0.0184515862
   -0.0152485531
   -0.0384076220
   -0.0342396789
   -0.0260177310
   -0.0141120642
   -0.0175296622
   -0.0385092306
   -0.0231783402
   -0.0338426172
   -0.0009661541
   -0.0299595857
   -0.0020907105
   -0.0418121271
   -0.0218056977
   -0.0406040213
   -0.0402933806
   -0.0270083910
   -0.0377356072
   -0.0413235544
   -0.0388262546
   -0.0028477206
   -0.0343565596
   -0.0345896313
   -0.0421151465
   -0.0420237009
   -0.0093316296
   -0.0276708049
   -0.0223189849
   -0.0355963636
   -0.0384689011
   -0.0192742867
   -0.0386300579
   -0.0360463077
    0.0105220547
   -0.0169980360
   -0.0337166096
   -0.0412436774
   -0.0323862633
   -0.0398606236
    0.0158487660
   -0.0392322308
   -0.0053904426
   -0.0093993673
   -0.0261604284
   -0.0217095490
   -0.0271355797
   -0.0310019274
   -0.0213004040
   -0.0209722780
   -0.0352542706
    0.0010364445
    0.0108377766
    0.0109630775
    0.0219964211
    0.0106014201
   -0.0126857398
    0.0121291030
    0.0311075437
    0.0167948048
   -0.0168761903
    0.0190269991
   -0.0041460326
    0.0078606691
   -0.0044471858
   -0.0028578624
    0.0186386486
    0.0065696831
    0.0056481426
    0.0100556737
    0.0023720063
    0.0082973227
    0.0013101933
    0.0007752786
    0.0025630237
    0.0007288379
    0.0035123361
    0.0024748200
    0.0050033675
    0.0018750420
    0.0035446635
    0.0090918435
    0.0004971539
    0.0034224941
    0.0109447792
    0.0037210336
    0.0039285592
   -0.0071824691
    0.0015142815
    0.0065035558
    0.0010006253
    0.0107911772
    0.0155489490
    0.0105792517
    0.0039500571
    0.0101910032
    0.0010217122
    0.0015439702
    0.0076568139
    0.0008194273
    0.0114978784
    0.0011014035
    0.0008349162
    0.0044715119
   -0.0103091444
    0.0053764838
    0.0007362489
    0.0006611380
    0.0011575291
   -0.0031889698
    0.0099315313
    0.0070385981
    0.0013855311
    0.0010064707
   -0.0082074697
    0.0129909553
    0.0124282768
    0.0024369473
    0.0001211824
    0.0007366827
   -0.0041549895
    0.0020047968
   -0.0023611065
    0.0006129852
    0.0048131546
    0.0013667215
   -0.0262724039
   -0.0005564507
    0.0015737403
   -0.0013950703
   -0.0026637611
    0.0018212030
    0.0057854464
   -0.0007864208
   -0.0036011942
   -0.0020926747
    0.0015398061
   -0.0009790468
   -0.0005885709
   -0.0010512454
   -0.0094005205
   -0.0029069237
    0.0037491234
   -0.0221541328
   -0.0018692977
   -0.0024955914
    0.0002157777
    0.0128586911
    0.0035864126
    0.0009375441
   -0.0019954519
   -0.0000170029
   -0.0060388944
   -0.0153224600
    0.0052648156
    0.0007334560
   -0.0033037657
   -0.0015565017
   -0.0037248634
   -0.0014592304
   -0.0025225976
   -0.0007320680
   -0.0056671725
    0.0026711266
   -0.0301587701
    0.0002183251
   -0.0128529724
   -0.0140522829
   -0.0067818614
   -0.0019405509
    0.0109495043
   -0.0192681562
    0.0078081922
    0.0047414661
    0.0069924044
    0.0082526865
    0.0098085590
    0.0016896782
    0.0073895759
    0.0086217933
    0.0090915104
    0.0120971281
    0.0060722198
    0.0090294900
    0.0107613330
    0.0124100217
    0.0100628626
    0.0106905741
    0.0105368437
    0.0044277509
    0.0103420626
    0.0130618080
    0.0027573241
    0.0099140259
    0.0091300009
    0.0019617750
    0.0073453270
   -0.0008931618
    0.0126897139
    0.0012195834
    0.0036306719
   -0.0060089818
    0.0040858061
    0.0052329854
    0.0023059008
    0.0040129838
   -0.0028575595
    0.0042232252
    0.0025585705
    0.0035547635
    0.0051296376
    0.0009642270
   -0.0044181234
    0.0031210791
    0.0038287995
   -0.0006411907
   -0.0001470517
    0.0033948329
    0.0047161598
    0.0050041002
    0.0043562404
    0.0028406708
    0.0018912014
    0.0208079485
    0.0148628869
    0.0107093640
    0.0087666248
    0.0092412302
    0.0058037883
    0.0070577495
    0.0089075281
    0.0241883436
    0.0262121353
    0.0107994464
    0.0128218608
    0.0064945124
    0.0149027577
    0.0187882510
    0.0060668806
    0.0095756017
    0.0129655048
    0.0202881972
    0.0240445584
    0.0222735849
    0.0155119101
    0.0071427654
    0.0120896317
    0.0125441541
    0.0111696664
    0.0105555852
    0.0114132891
    0.0075543307
    0.0111560573
    0.0091714720
    0.0107330705
    0.0110071541
    0.0105735866
    0.0089472438
    0.0067443237
    0.0114965465
    0.0098883568
    0.0103556994
    0.0069770791
    0.0091571340
    0.0051275652
    0.0118637115
    0.0124628548
   -0.0257316601
    0.0020812881
   -0.0034390016
   -0.0049038077
   -0.0185036121
    0.0012736672
   -0.0023504062
    0.0004731386
   -0.0004316266
    0.0013519677
   -0.0053945311
   -0.0050891698
   -0.0017492990
    0.0022449490
    0.0018059690
   -0.0019425960
   -0.0059093978
    0.0021997895
   -0.0003629828
    0.0007041556
    0.0007783585
   -0.0046287505
   -0.0112455422
   -0.0119760938
    0.0012038100
   -0.0007139760
   -0.0027015757
    0.0010328382
    0.0001336082
   -0.0034643252
    0.0004010706
    0.0007564987
   -0.0055120136
   -0.0009725222
   -0.0053562043
   -0.0167061320
    0.0005894143
   -0.0044453302
    0.0011985610
   -0.0008069120
    0.0004500201
    0.0000103164
   -0.0016589926
    0.0128484925
    0.0097169376
    0.0013728401
    0.0048836303
    0.0100440689
    0.0032835697
    0.0025756883
    0.0109378784
    0.0052575796
    0.0049050498
    0.0069580130
    0.0021138686
    0.0100316470
    0.0032933834
    0.0095729444
    0.0069611211
    0.0112583575
    0.0239227227
    0.0169412766
    0.0274684355
    0.0258673116
    0.0228157932
    0.0181980776
    0.0074833232
    0.0152390567
    0.0200627993
    0.0077506648
    0.0141090840
    0.0150416615
    0.0107647612
    0.0094252861
    0.0282894690
    0.0260502460
   -0.0276478212
   -0.0304089140
   -0.0283482812
   -0.0201217114
   -0.0263025100
   -0.0245522710
   -0.0212383324
   -0.0282425946
   -0.0118904030
   -0.0323114808
   -0.0114659246
   -0.0054212763
   -0.0259650499
   -0.0182077355
   -0.0283495591
   -0.0252649896
    0.0039880156
   -0.0061456227
   -0.0225724139
   -0.0103607789
   -0.0247523744
   -0.0220057153
   -0.0320837618
   -0.0033719822
    0.0039081948
   -0.0103755576
   -0.0233654562
   -0.0307027469
   -0.0236945274
   -0.0173644217
   -0.0240963085
   -0.0211129618
   -0.0144549397
   -0.0179464931
   -0.0196491408
   -0.0114896020
   -0.0128153375
    0.0011492876
   -0.0141246091
   -0.0266141815
   -0.0213634510
   -0.0295921625
   -0.0185532800
    0.0034542473
   -0.0241587968
   -0.0096718646
    0.0051280997
   -0.0308759251
   -0.0268449703
   -0.0304736227
   -0.0128308398
   -0.0015656531
   -0.0056158303
   -0.0254536889
   -0.0250239664
   -0.0311271855
   -0.0310792717
   -0.0021420935
   -0.0023106278
   -0.0005129673
   -0.0154633450
   -0.0319382885
    0.0025689216
   -0.0286695748
   -0.0174600403
   -0.0242769016
   -0.0324790978
   -0.0296433359
   -0.0257906351
    0.0141084087
    0.0083615656
    0.0088366210
   -0.0147037321
   -0.0031390084
   -0.0019645812
    0.0090362585
    0.0097083699
    0.0003474848
    0.0197485503
   -0.0129824244
   -0.0145428452
    0.0114689312
    0.0076345017
    0.0090620630
    0.0152828357
   -0.0045153552
    0.0123866365
    0.0007638800
    0.0026875007
    0.0076997397
    0.0215068034
    0.0018777364
    0.0073980204
    0.0016459646
    0.0010070124
    0.0044609214
    0.0069321005
    0.0001889154
    0.0017302157
    0.0008697212
    0.0035886556
    0.0050997964
    0.0016394281
    0.0009057106
    0.0036215135
   -0.0005644375
    0.0040301891
    0.0045114584
    0.0074914459
    0.0011845091
    0.0082465217
    0.0098937405
    0.0071359638
    0.0029778590
    0.0093543996
    0.0017651098
    0.0096749612
    0.0021620160
   -0.0019837195
    0.0008757627
    0.0001375477
    0.0014208915
    0.0007433518
    0.0037213356
    0.0017195237
   -0.0014500705
    0.0014488977
    0.0025054405
    0.0059681470
   -0.0007749447
    0.0036907820
    0.0022630594
    0.0044717146
    0.0059028638
    0.0013189422
    0.0011644171
    0.0008812451
    0.0093009486
   -0.0006383866
   -0.0006220362
    0.0041709029
    0.0001174168
    0.0013937710
   -0.0005859005
    0.0014256092
   -0.0045364127
   -0.0025678248
   -0.0035475455
   -0.0022611340
   -0.0261748890
    0.0029864241
   -0.0047519140
    0.0007548041
   -0.0010929970
   -0.0007116703
   -0.0107586119
   -0.0033427772
   -0.0128676673
   -0.0042560378
   -0.0002638873
    0.0005710840
   -0.0032114367
   -0.0031096291
    0.0018763336
    0.0032752150
    0.0000059388
   -0.0003469092
   -0.0032094374
   -0.0200928574
   -0.0034097083
   -0.0000347519
   -0.0022498969
    0.0034358251
    0.0002640189
   -0.0223270509
    0.0077283670
   -0.0008764852
    0.0099387266
   -0.0020585811
    0.0008641919
   -0.0012535870
   -0.0015906325
    0.0017927818
    0.0006018473
    0.0013478302
   -0.0016883797
   -0.0011891367
   -0.0001709111
   -0.0017861000
   -0.0016384062
   -0.0050592277
    0.0035211758
    0.0046927874
   -0.0199708944
   -0.0027991321
    0.0004630076
   -0.0032109029
   -0.0031156447
    0.0064945455
    0.0095655856
    0.0091056381
    0.0035593710
    0.0041860809
    0.0057124994
    0.0103861525
    0.0018035758
    0.0105966419
    0.0100275430
    0.0052200441
    0.0086770300
    0.0092224500
    0.0069542916
    0.0101935335
    0.0023483790
    0.0110490277
    0.0094364380
    0.0074632676
    0.0015250700
    0.0022142959
   -0.0043558396
    0.0016353787
   -0.0089733900
   -0.0012289655
    0.0021066484
    0.0027473808
    0.0030746931
    0.0026731902
    0.0024730450
    0.0008697950
   -0.0026827073
    0.0021832617
   -0.0009700975
    0.0028719742
    0.0022485090
    0.0024226953
   -0.0050431614
   -0.0079697886
   -0.0016697176
   -0.0132629465
    0.0011133973
    0.0021570111
    0.0152581361
    0.0100382731
    0.0133137743
    0.0067886931
    0.0127474278
    0.0163217278
    0.0073621100
    0.0149121100
    0.0067056906
    0.0084796284
    0.0102685174
    0.0154742996
    0.0123591410
    0.0184139256
    0.0055165684
    0.0084497882
    0.0208653403
    0.0102892608
    0.0106049046
    0.0193522521
    0.0116286337
    0.0119798783
    0.0177036889
    0.0174048742
    0.0079662156
    0.0082042082
    0.0100482856
    0.0070475430
    0.0065688552
    0.0054903813
    0.0060910590
    0.0058609488
    0.0084975744
    0.0101467151
    0.0061457407
    0.0088468320
    0.0067925042
    0.0054051038
    0.0061245935
    0.0075122528
    0.0060080940
    0.0101651257
   -0.0042178159
   -0.0011737171
    0.0011715726
   -0.0032361053
   -0.0107339073
   -0.0005097981
   -0.0051418074
   -0.0041494426
   -0.0017384017
    0.0006467526
    0.0002364590
   -0.0049354469
    0.0002405222
   -0.0027642436
   -0.0129304265
   -0.0040816407
    0.0007384889
    0.0011915583
   -0.0024880641
    0.0018950399
   -0.0108119467
   -0.0033169884
   -0.0099374474
    0.0018796615
   -0.0051159041
    0.0010337269
   -0.0005710695
   -0.0070053994
   -0.0006547388
   -0.0027802281
   -0.0002115161
   -0.0168114427
   -0.0156502204
   -0.0067285503
   -0.0002027121
   -0.0048482101
   -0.0210831380
   -0.0053528584
   -0.0028256375
   -0.0005255356
   -0.0029180073
   -0.0191378839
   -0.0088630087
   -0.0012974873
   -0.0002778800
   -0.0056280187
    0.0082306293
    0.0027889366
    0.0068503548
    0.0038440533
    0.0073130039
    0.0083184290
    0.0100252234
    0.0081487889
    0.0067876461
    0.0051692151
    0.0079707194
    0.0017203350
    0.0067514848
    0.0039367908
    0.0044149597
    0.0073806394
    0.0072388531
    0.0209773426
    0.0195388577
    0.0172818198
    0.0202503007
    0.0183880199
    0.0180033053
    0.0144402582
    0.0112429035
    0.0230192024
    0.0138347239
    0.0104179137
    0.0215508395
    0.0228058021
    0.0098241322
    0.0132091156
    0.0211891124
    0.0073531855
    0.0204729506
    0.0175325114
    0.0214399836
    0.0123585270
    0.0106432922
    0.0213063717
    0.0157006887
    0.0185706595
    0.0154918261
    0.0138847304
    0.0150531915
    0.0224938782
    0.0223052691
    0.0148871776
    0.0085695730
    0.0164040812
    0.0161425047
    0.0203101035
    0.0097423410
    0.0206177517
    0.0197431779
    0.0221920400
    0.0084882975
    0.0177868665
    0.0138224694
   -0.0116953250
   -0.0203579295
   -0.0071404906
   -0.0069834777
   -0.0227986944
   -0.0184020553
   -0.0197294456
   -0.0198347057
   -0.0157706290
   -0.0234833775
   -0.0197966561
   -0.0060773889
   -0.0132679799
   -0.0221632789
   -0.0210013232
   -0.0105776118
   -0.0245166573
   -0.0143719130
   -0.0141669716
   -0.0230698206
   -0.0218521988
   -0.0167176580
    0.0021104985
   -0.0068102869
    0.0011395653
   -0.0136131916
   -0.0197398833
   -0.0134491827
   -0.0192379369
   -0.0221959071
   -0.0178430622
   -0.0042079000
   -0.0216133759
   -0.0211872328
   -0.0158128650
   -0.0117601162
   -0.0133028936
    0.0074767679
    0.0027948914
   -0.0191158241
   -0.0137209513
   -0.0036710830
   -0.0025612353
   -0.0178220945
   -0.0152535744
   -0.0086287739
   -0.0055014973
   -0.0194245472
   -0.0106581969
   -0.0001169900
   -0.0067180819
    0.0001892530
   -0.0126103448
   -0.0155305145
   -0.0116860405
   -0.0202281567
   -0.0223675074
   -0.0046012037
    0.0006746082
   -0.0162306085
   -0.0234836637
   -0.0183901049
   -0.0103747400
   -0.0095488952
   -0.0196687017
    0.0025774406
   -0.0039775722
   -0.0225462444
   -0.0042899047
   -0.0174267104
   -0.0158157852
   -0.0026443799
   -0.0252335123
   -0.0243695969
   -0.0073570453
   -0.0255118212
   -0.0097585165
   -0.0155562064
   -0.0011508402
   -0.0047724771
   -0.0121984150
   -0.0246885477
   -0.0181390159
   -0.0019352043
   -0.0133408481
   -0.0248781491
    0.0049918488
   -0.0205815269
   -0.0205617642
   -0.0240064781
   -0.0182135644
   -0.0248233219
    0.0024660468
   -0.0233623214
   -0.0231238624
    0.0060409387
   -0.0083553178
    0.0071811439
    0.0074412868
    0.0115476886
   -0.0124225787
    0.0092704352
   -0.0008237496
    0.0001545072
   -0.0053571113
   -0.0037107629
    0.0043426582
    0.0078362544
    0.0135634732
   -0.0006786036
    0.0067090552
   -0.0068343961
    0.0120260800
    0.0010097312
    0.0035505876
    0.0055310554
    0.0028675531
    0.0062783402
    0.0088427846
    0.0014301010
    0.0014198611
    0.0071509603
    0.0023795316
   -0.0038639859
    0.0138429250
    0.0010381297
    0.0006762555
   -0.0078022189
    0.0008527275
    0.0050780782
    0.0006604793
    0.0011134677
    0.0056165869
    0.0011582864
    0.0011196562
    0.0037321676
    0.0009356193
    0.0055195459
   -0.0013739020
    0.0025616386
    0.0060219540
    0.0082888087
    0.0044276654
   -0.0098023169
    0.0010425118
    0.0144186406
   -0.0023139686
    0.0036557393
    0.0015658630
    0.0011116235
    0.0021133669
   -0.0016567708
    0.0017697583
    0.0087742594
    0.0064226843
    0.0036328100
    0.0025145181
    0.0007073816
    0.0129731264
    0.0049749764
    0.0017196832
    0.0013506604
    0.0077487826
    0.0081310832
   -0.0020514777
    0.0040960370
    0.0011567810
    0.0012093819
    0.0073747827
    0.0013056141
    0.0034292587
    0.0013082063
    0.0011927693
    0.0061663860
    0.0012231001
    0.0041407255
    0.0024748692
    0.0071731672
    0.0030027489
    0.0016233948
    0.0033323303
    0.0019088764
    0.0038719239
    0.0157899044
    0.0046365979
    0.0049571380
    0.0011514065
    0.0029152684
    0.0044561472
    0.0031491163
    0.0010544309
   -0.0119518184
    0.0116739126
    0.0017859228
   -0.0030888441
    0.0034120299
    0.0064116887
    0.0024082885
    0.0011329759
    0.0030868187
    0.0032722211
    0.0074250531
   -0.0050072518
    0.0012717168
    0.0085126969
    0.0033553757
    0.0042901113
    0.0006462964
    0.0038347234
    0.0021070679
   -0.0006460976
   -0.0063683615
   -0.0154642651
   -0.0139504568
   -0.0034700512
    0.0006582742
   -0.0015125869
   -0.0088756443
   -0.0147574281
   -0.0004503496
   -0.0029126668
   -0.0030910344
   -0.0024915525
   -0.0008132105
    0.0044986509
   -0.0164518535
   -0.0020747096
   -0.0048095758
   -0.0014934993
   -0.0214812240
   -0.0119440744
   -0.0012450857
   -0.0039118600
   -0.0044417324
   -0.0002095592
   -0.0062331129
   -0.0006020524
   -0.0061183362
   -0.0028594629
    0.0017720116
   -0.0010018523
    0.0001732515
    0.0005438620
   -0.0025735848
   -0.0177885332
    0.0012277444
   -0.0020259455
   -0.0006138650
    0.0007662592
   -0.0055000719
    0.0008488432
   -0.0019258310
   -0.0097149191
    0.0003278778
    0.0012444953
    0.0011605158
    0.0064719336
   -0.0123386693
   -0.0022625821
   -0.0004548076
    0.0052106360
   -0.0030795321
    0.0081405168
   -0.0005859580
   -0.0026523407
   -0.0069193114
    0.0043287808
   -0.0037605547
    0.0046232182
   -0.0023597918
   -0.0174782218
    0.0000990056
   -0.0041983560
    0.0000170175
   -0.0107643905
   -0.0223058577
    0.0002412103
   -0.0069950515
    0.0005401478
   -0.0003378056
   -0.0052925197
   -0.0112545597
   -0.0007536448
   -0.0009239413
   -0.0045888359
   -0.0007367317
   -0.0130130083
    0.0059553700
    0.0014296091
    0.0043706530
   -0.0063574311
    0.0017470393
   -0.0032093864
    0.0048781103
    0.0019791669
    0.0007914132
   -0.0044276879
   -0.0140262468
   -0.0044965190
    0.0007017780
   -0.0152068226
    0.0001315483
    0.0038924763
   -0.0003446544
   -0.0049423015
    0.0000386087
    0.0034162136
    0.0016371019
   -0.0023036270
   -0.0016514594
   -0.0069603629
   -0.0000439129
   -0.0115059852
   -0.0146379072
   -0.0152573503
    0.0011996543
    0.0080648160
    0.0018465707
    0.0031523439
    0.0034024576
    0.0074119887
    0.0025881833
    0.0064162356
    0.0055344447
    0.0067256506
    0.0049004292
    0.0090219541
    0.0073966118
    0.0037695714
    0.0084130678
    0.0047161417
    0.0048844795
    0.0055736126
    0.0067182110
    0.0037509663
    0.0043581157
    0.0029797876
    0.0078767958
    0.0002588927
   -0.0006378919
    0.0019268524
   -0.0026851743
    0.0003187850
    0.0007842505
   -0.0030173272
    0.0019416818
   -0.0002209416
   -0.0010920647
    0.0008833970
   -0.0015402813
    0.0013655863
   -0.0041625936
    0.0017771900
   -0.0041973833
    0.0018918458
    0.0014307242
    0.0004837567
   -0.0032652674
   -0.0010586665
    0.0117079844
    0.0110639857
    0.0154868439
    0.0093642174
    0.0115884388
    0.0124895957
    0.0141405162
    0.0121181147
    0.0076495525
    0.0096768832
    0.0119613582
    0.0145803348
    0.0079069766
    0.0092215936
    0.0067202360
    0.0066952339
    0.0101031725
    0.0112846042
    0.0084926026
    0.0106975226
    0.0054401418
    0.0056257845
    0.0059798112
    0.0056436839
    0.0072507846
    0.0076768629
    0.0077308163
    0.0047218290
    0.0080010370
    0.0072307557
    0.0054733050
    0.0070189337
    0.0050413791
    0.0074894034
    0.0068768595
    0.0080117884
   -0.0025615671
   -0.0040571292
   -0.0035397675
   -0.0013319024
   -0.0029602734
   -0.0004242885
   -0.0004549660
   -0.0030023716
   -0.0021988547
   -0.0000653124
   -0.0099971317
   -0.0047220383
   -0.0041467016
   -0.0003248140
   -0.0007100788
   -0.0000639931
   -0.0036640542
   -0.0028937278
   -0.0058373747
   -0.0002992045
   -0.0082397109
   -0.0007614612
   -0.0007013589
   -0.0081679497
   -0.0056409608
    0.0000411023
   -0.0046296863
   -0.0032771583
    0.0002103978
   -0.0108228369
   -0.0040533814
   -0.0030030820
   -0.0018264451
   -0.0015460970
   -0.0034933369
   -0.0040956989
   -0.0075291627
   -0.0086401976
   -0.0023975649
   -0.0067303177
   -0.0012602658
   -0.0060668997
   -0.0013110914
   -0.0017431263
   -0.0029032260
   -0.0011342979
   -0.0016477649
   -0.0051983380
   -0.0119529534
   -0.0045570933
   -0.0102371590
   -0.0082184181
   -0.0014167719
   -0.0023437846
   -0.0035062755
    0.0081234619
    0.0031251977
    0.0065532061
    0.0034012711
    0.0033989466
    0.0023382173
    0.0023776802
    0.0046551611
    0.0059587561
    0.0059460320
    0.0058337112
    0.0025338261
    0.0047847873
    0.0037667224
    0.0066481726
    0.0077987618
    0.0075103195
    0.0045532910
    0.0068730116
    0.0070033729
    0.0136894864
    0.0143310281
    0.0184540651
    0.0195075752
    0.0077208252
    0.0159969125
    0.0192431003
    0.0190993109
    0.0188130278
    0.0158438204
    0.0156730940
    0.0099753940
    0.0175866353
    0.0188966799
    0.0115725210
    0.0113651036
    0.0124324003
    0.0177794371
    0.0190673568
    0.0162601297
    0.0125941127
    0.0186275084
    0.0183970387
    0.0189350879
    0.0108127776
    0.0159304907
    0.0063951918
    0.0145687036
    0.0122496715
    0.0130904986
    0.0089721259
    0.0118049464
   -0.0020068386
   -0.0031968196
   -0.0178564934
   -0.0135403916
   -0.0103529906
   -0.0120214213
    0.0048217000
   -0.0101783343
   -0.0204494568
   -0.0041380508
   -0.0106411823
    0.0030782111
   -0.0009214517
   -0.0145839129
   -0.0093526688
   -0.0074142658
   -0.0041741654
   -0.0167294582
   -0.0174510936
   -0.0000668443
   -0.0160608516
   -0.0170868128
   -0.0201180233
   -0.0207109333
   -0.0172417182
   -0.0056161285
   -0.0019939327
   -0.0152299763
   -0.0191630048
    0.0005210121
   -0.0097758370
   -0.0180227812
   -0.0150757579
   -0.0113026631
   -0.0137165365
   -0.0071221353
   -0.0078322574
   -0.0157099004
    0.0058757660
   -0.0048690388
   -0.0170055052
   -0.0203031735
   -0.0073755308
   -0.0186930428
   -0.0116342732
   -0.0158824018
   -0.0184109105
   -0.0207918738
   -0.0047635053
   -0.0189674317
   -0.0065342939
   -0.0151313411
   -0.0076064842
   -0.0047379680
   -0.0137002328
   -0.0160266358
   -0.0111071551
   -0.0015871437
   -0.0178131757
   -0.0000442588
   -0.0166802349
    0.0005034379
   -0.0013880028
   -0.0165508293
   -0.0055950631
   -0.0061305273
   -0.0138820904
   -0.0190157334
   -0.0185487095
   -0.0179036260
   -0.0126486354
   -0.0205853962
   -0.0121003513
   -0.0168400668
   -0.0090947897
    0.0029366198
   -0.0076523008
   -0.0117803230
   -0.0194781552
   -0.0195073187
   -0.0185621332
   -0.0160437075
   -0.0190039334
   -0.0180796990
   -0.0115792927
   -0.0179099297
   -0.0135928093
   -0.0097249834
   -0.0118344572
   -0.0158603023
   -0.0000400561
   -0.0194435292
   -0.0073888615
   -0.0190233039
   -0.0178989352
   -0.0148092545
   -0.0126020585
   -0.0206992397
   -0.0076219126
   -0.0129167783
   -0.0198587941
   -0.0089705077
   -0.0136310325
   -0.0092615054
    0.0040375169
    0.0095331245
    0.0110996028
    0.0079977334
    0.0061416575
    0.0112208113
   -0.0024613598
    0.0038434105
   -0.0005709902
    0.0081056925
    0.0113525254
    0.0017855646
    0.0039434262
    0.0054170036
    0.0065306753
   -0.0020184080
    0.0066528744
    0.0034610921
    0.0106088034
    0.0065329320
    0.0070355635
    0.0090343302
    0.0068003798
   -0.0056231331
    0.0081112128
    0.0151948819
    0.0045170855
    0.0064360582
    0.0064793115
    0.0036817246
    0.0034673617
    0.0011660932
   -0.0032499122
    0.0059462297
    0.0061619026
    0.0034722847
    0.0028563083
   -0.0013479825
    0.0170336869
    0.0046403796
    0.0063667731
    0.0030269423
    0.0046036281
    0.0015951535
    0.0010999882
    0.0010160010
    0.0019939493
   -0.0036299701
    0.0059864369
    0.0024037711
   -0.0016628084
    0.0055328558
    0.0017038315
    0.0011270039
    0.0040478846
    0.0024125230
    0.0015893506
    0.0047696420
    0.0031620148
    0.0045406529
    0.0047164488
    0.0057495303
    0.0072265007
    0.0066701118
    0.0013553845
   -0.0050028914
    0.0037342503
   -0.0003850655
    0.0010220323
    0.0010408113
    0.0066589381
    0.0038420975
    0.0026415676
    0.0009036518
    0.0066803256
   -0.0010220592
    0.0008373875
    0.0048086253
    0.0044689469
    0.0007588660
   -0.0015724613
    0.0017735320
    0.0013590446
    0.0050555045
    0.0057434335
    0.0013206939
   -0.0071827782
    0.0037302533
    0.0011118336
    0.0050383873
   -0.0019414317
    0.0046230956
    0.0064506832
    0.0033827548
    0.0011706464
    0.0047560432
    0.0057313289
    0.0012025598
    0.0010988223
    0.0068804367
    0.0011115018
    0.0059090870
    0.0083779845
    0.0009816168
    0.0009604417
    0.0070519241
    0.0030116509
   -0.0008016682
    0.0041803692
    0.0063798101
    0.0115135142
    0.0105026017
    0.0128719408
    0.0023368810
    0.0024356356
    0.0029017187
    0.0052597059
   -0.0087893529
    0.0013842910
    0.0049767051
    0.0048006384
    0.0019577819
    0.0040481268
    0.0085940159
    0.0074085075
    0.0021891047
    0.0044164449
    0.0049695587
    0.0042371501
    0.0009055339
    0.0007455534
    0.0092389365
    0.0063833821
    0.0010927563
    0.0047319484
    0.0055841097
    0.0056310276
    0.0069041939
    0.0007270415
    0.0040637370
    0.0031397373
    0.0142076729
    0.0021015237
    0.0060491984
    0.0056251876
    0.0007674536
    0.0009633445
    0.0014133506
    0.0095596883
   -0.0006840301
   -0.0006395639
    0.0020740084
    0.0011154846
    0.0060563479
    0.0032548386
    0.0009827051
    0.0038561798
    0.0025083911
    0.0028007926
    0.0062342011
    0.0051347582
    0.0019156048
    0.0010412038
    0.0070287712
    0.0016356272
    0.0081772243
   -0.0070265647
   -0.0133456533
    0.0018855304
   -0.0007673312
   -0.0008125097
   -0.0004563440
   -0.0078748220
    0.0021575220
    0.0026846859
    0.0004691385
    0.0004363340
   -0.0048922092
    0.0016275684
    0.0005575098
   -0.0103102185
   -0.0029738567
    0.0003963316
   -0.0019363224
    0.0020499254
   -0.0068482956
   -0.0016130154
    0.0070977530
    0.0026783361
    0.0014201375
    0.0022386563
    0.0000820295
   -0.0090254001
   -0.0090683656
   -0.0004025110
   -0.0021118810
   -0.0057425937
    0.0032309879
    0.0008430222
    0.0007577594
   -0.0012666102
   -0.0038438431
   -0.0022991286
   -0.0012650947
   -0.0060112520
    0.0037344749
    0.0021859058
    0.0046061253
   -0.0002385144
   -0.0066266635
    0.0022464298
   -0.0000332421
   -0.0011429036
    0.0022076567
    0.0038742268
   -0.0002533844
   -0.0025811957
    0.0000253976
   -0.0099442385
   -0.0014351488
   -0.0024851653
   -0.0044063093
   -0.0003028553
   -0.0030815499
    0.0049885695
    0.0006337064
   -0.0002264846
   -0.0042823849
    0.0010398241
    0.0059539622
   -0.0020379562
   -0.0022105635
    0.0026440131
   -0.0028384014
    0.0011192924
   -0.0070066881
    0.0001104647
   -0.0030836366
   -0.0022496314
   -0.0104348260
   -0.0083480012
    0.0015574675
   -0.0008598467
   -0.0162411201
   -0.0002332062
   -0.0006883167
   -0.0060349659
   -0.0033786331
    0.0013597587
   -0.0004066074
   -0.0006956711
   -0.0016034761
   -0.0063753225
   -0.0018043352
   -0.0099323314
   -0.0179975925
   -0.0024759325
   -0.0175507656
   -0.0003447970
    0.0000842837
    0.0000682653
   -0.0097259549
   -0.0016377173
   -0.0146372686
    0.0004825085
   -0.0111793721
   -0.0024111219
   -0.0051855993
   -0.0003085550
   -0.0098752125
   -0.0140731029
   -0.0001045681
   -0.0111158047
   -0.0015479311
   -0.0137885967
   -0.0152782925
   -0.0108823715
   -0.0005964124
   -0.0030436056
    0.0004401173
   -0.0028019009
    0.0033454122
    0.0023414102
   -0.0065755551
   -0.0127653742
   -0.0027026468
    0.0009408345
   -0.0163006842
   -0.0084250844
   -0.0001463248
   -0.0152429352
    0.0016610544
   -0.0003145228
   -0.0002921261
   -0.0012324525
   -0.0131766926
   -0.0009732302
   -0.0017878885
   -0.0074292051
   -0.0022997609
   -0.0047729025
   -0.0008623769
   -0.0101129201
   -0.0155367173
   -0.0040043241
    0.0057993553
   -0.0046280059
   -0.0006605480
   -0.0059638565
   -0.0009187114
   -0.0033636146
   -0.0093990909
   -0.0011456720
   -0.0130634935
    0.0020321439
    0.0057047837
   -0.0012365188
   -0.0010864229
    0.0003142112
   -0.0025123275
   -0.0013231936
    0.0011075068
   -0.0009872806
   -0.0146901054
   -0.0084278947
    0.0061598433
   -0.0020669278
    0.0025831606
    0.0007692594
    0.0014538029
   -0.0009328239
   -0.0001100013
    0.0005964180
    0.0004414373
   -0.0044284122
   -0.0037569167
   -0.0068362702
   -0.0000256871
   -0.0068056049
   -0.0005668009
    0.0053751058
    0.0012811791
   -0.0019581928
    0.0043091142
    0.0054504295
    0.0030911319
    0.0057268098
    0.0059547089
    0.0049520736
    0.0059416902
    0.0064841004
    0.0065954659
   -0.0038080633
    0.0001584664
   -0.0007298405
   -0.0017341801
    0.0003536061
   -0.0007598635
   -0.0001700185
    0.0012773635
    0.0003951851
    0.0011177807
    0.0011326568
   -0.0012490843
   -0.0004218955
   -0.0005131697
   -0.0002123991
    0.0009084984
    0.0153401037
    0.0102740715
    0.0134615779
    0.0084651856
    0.0087987596
    0.0132286291
    0.0113371464
    0.0084068062
    0.0121644220
    0.0083718750
    0.0075453091
    0.0127016305
    0.0137475522
    0.0115575509
    0.0104310276
    0.0125208276
    0.0060462871
    0.0068131696
    0.0071053674
    0.0060266577
    0.0066531264
    0.0063806120
    0.0063600468
   -0.0012924060
   -0.0028391988
   -0.0038497668
   -0.0038110984
   -0.0029055609
   -0.0052696397
   -0.0045135881
   -0.0006405390
   -0.0029314734
   -0.0051898938
   -0.0006147947
   -0.0008411829
   -0.0015318128
   -0.0023721847
   -0.0018619393
   -0.0072962633
   -0.0040645101
   -0.0051164093
   -0.0043964699
   -0.0028270569
   -0.0031658818
   -0.0038810507
   -0.0021263153
   -0.0031317552
   -0.0078990846
   -0.0018501733
   -0.0070522551
   -0.0029144771
   -0.0050805133
   -0.0060104742
   -0.0029319828
   -0.0053159845
   -0.0017521756
   -0.0060027298
   -0.0091581241
    0.0040301124
    0.0060098009
    0.0029769866
    0.0041477322
    0.0045526311
    0.0056448746
    0.0046453658
    0.0042405681
    0.0031708633
    0.0058684568
    0.0036933683
    0.0035739681
    0.0039761930
    0.0030839086
    0.0049274687
    0.0038002157
    0.0047013214
    0.0055240411
    0.0037191843
    0.0160459082
    0.0118585822
    0.0145946143
    0.0068451300
    0.0134770086
    0.0149687348
    0.0137814067
    0.0099397295
    0.0118403770
    0.0160575123
    0.0157477426
    0.0108137218
    0.0097259555
    0.0132957693
    0.0099177434
    0.0103013069
    0.0119517791
    0.0151016542
    0.0123511304
    0.0146385345
    0.0118724036
    0.0142219297
    0.0121530331
    0.0085477267
    0.0079862216
    0.0084436336
    0.0137272128
   -0.0061351842
    0.0013249879
    0.0101784393
   -0.0052739569
   -0.0145657551
    0.0053586036
    0.0042772457
   -0.0077782338
   -0.0171355865
   -0.0146535446
   -0.0148333544
   -0.0123180901
    0.0065820296
    0.0003521289
   -0.0058209822
   -0.0167716916
   -0.0057064341
   -0.0159190279
    0.0046313621
   -0.0168535324
   -0.0170089860
    0.0039342742
   -0.0120423921
   -0.0136716296
   -0.0122653195
   -0.0120380386
   -0.0167600384
    0.0042530465
   -0.0118313200
   -0.0166223101
   -0.0047918071
   -0.0043320720
    0.0002461312
   -0.0062362005
   -0.0072855500
   -0.0081309961
   -0.0151848801
   -0.0032338136
    0.0081979520
    0.0040699259
    0.0048175476
   -0.0153208250
   -0.0118919025
    0.0018459706
   -0.0073628874
   -0.0154134956
   -0.0010553428
   -0.0149110345
   -0.0123877974
   -0.0016970171
   -0.0122330433
   -0.0121717280
   -0.0142119022
    0.0015568489
   -0.0155630242
    0.0041865681
   -0.0071538168
   -0.0164737068
   -0.0099355319
   -0.0116408159
   -0.0098777646
   -0.0054762652
   -0.0145292942
   -0.0013143497
   -0.0156953315
   -0.0134040239
   -0.0105636776
   -0.0108609995
   -0.0094347912
   -0.0132572742
   -0.0074505454
   -0.0022865562
   -0.0123171217
    0.0044121494
   -0.0094376798
   -0.0087810818
   -0.0060770723
   -0.0061881270
   -0.0031161745
   -0.0135308936
   -0.0163197179
   -0.0142022812
   -0.0126925350
   -0.0151855177
   -0.0029064996
   -0.0034245029
   -0.0126563588
    0.0021240626
   -0.0131505265
   -0.0096561787
    0.0032423334
    0.0031556850
   -0.0011469751
   -0.0156102581
   -0.0090374942
   -0.0144918511
    0.0066600271
   -0.0091491941
   -0.0069863568
   -0.0031357986
   -0.0041327109
   -0.0159248752
   -0.0117039598
   -0.0158569752
   -0.0115186190
   -0.0110981784
   -0.0142225969
   -0.0059489276
    0.0034259965
   -0.0164268057
   -0.0164734813
   -0.0034620844
    0.0063104410
   -0.0034531835
   -0.0145060147
   -0.0042852075
   -0.0001137539
   -0.0025864411
   -0.0145616881
   -0.0166000465
   -0.0136562361
   -0.0120921012
   -0.0126631360
   -0.0026137613
   -0.0088337382
   -0.0150883936
   -0.0101605667
    0.0048457113
   -0.0063482101
    0.0108568941
    0.0041214856
    0.0051841416
    0.0052487429
   -0.0059853129
    0.0052946777
    0.0046935378
    0.0040769585
    0.0118477657
   -0.0020528004
    0.0098543287
    0.0059104251
    0.0144462634
    0.0059707596
    0.0028392248
    0.0019468245
   -0.0029765880
    0.0048123945
    0.0064441375
    0.0011228877
   -0.0008569236
    0.0060828742
    0.0062628128
    0.0060671122
    0.0013784349
    0.0068631949
    0.0115640348
    0.0127190169
    0.0025746396
    0.0014156936
    0.0072448761
    0.0041212059
    0.0148665422
    0.0039665244
    0.0032187281
    0.0033310846
    0.0055245638
    0.0079059305
    0.0095439837
    0.0047715198
    0.0041744412
    0.0083968127
    0.0061717175
    0.0049537870
    0.0062449813
    0.0052836631
    0.0075341334
    0.0054142198
   -0.0020221458
    0.0057903957
   -0.0031665718
    0.0054658875
    0.0072516583
    0.0059078537
    0.0043142382
    0.0057108294
    0.0034043452
    0.0027835547
    0.0010919845
    0.0027459450
    0.0032348353
    0.0107690671
    0.0050952053
    0.0030184183
    0.0000057878
    0.0060278048
    0.0048418613
    0.0016609352
    0.0004526890
    0.0089472206
    0.0059227608
    0.0034227707
    0.0005006051
    0.0055567948
    0.0006689462
    0.0053445017
    0.0009194191
    0.0018277115
   -0.0004893956
    0.0050636122
   -0.0010673299
    0.0020077088
    0.0089584533
    0.0099191795
    0.0003009654
    0.0028293959
    0.0040065853
   -0.0021698087
    0.0012460123
    0.0011697293
    0.0014455392
    0.0050750551
    0.0011452357
    0.0039587256
    0.0067105540
    0.0048252511
    0.0049913732
   -0.0050292291
    0.0056834299
   -0.0045796127
    0.0053416876
    0.0048613341
    0.0010935840
    0.0021221196
    0.0052942044
   -0.0013363328
    0.0034698217
    0.0018136436
    0.0008939177
    0.0001685887
    0.0139210542
    0.0015316379
    0.0088204957
    0.0037059450
   -0.0000504839
    0.0032181513
    0.0016501685
    0.0007230886
    0.0063606211
    0.0044829841
   -0.0002080886
    0.0005413610
    0.0033708950
    0.0039725988
   -0.0075067296
    0.0028128503
   -0.0080102732
    0.0028081288
    0.0087532784
    0.0016151400
    0.0002767525
    0.0066655165
    0.0025249083
    0.0010682209
    0.0038855779
    0.0009625079
    0.0077000744
   -0.0013866511
   -0.0006843096
    0.0043764973
    0.0058699263
    0.0033705293
   -0.0056325749
    0.0049164148
    0.0015742585
    0.0022998535
    0.0055501027
    0.0067005582
    0.0026240747
    0.0006124778
   -0.0017724456
    0.0095495650
    0.0078186823
    0.0010156091
   -0.0003507518
    0.0044056674
    0.0009293624
    0.0034778381
    0.0025483254
    0.0149905526
    0.0072501762
   -0.0014203341
   -0.0003577036
    0.0011681814
    0.0053559125
    0.0087000317
    0.0038609325
    0.0007748022
    0.0072392606
    0.0111530773
    0.0059260419
   -0.0040082449
    0.0090828140
    0.0005528678
    0.0078737376
    0.0016568008
    0.0015655126
    0.0053082092
    0.0010320002
    0.0054327178
    0.0002132522
    0.0017952364
    0.0017800341
    0.0008180018
    0.0010640788
    0.0042204958
    0.0041835560
    0.0052491439
    0.0009843000
    0.0024246510
    0.0057599918
    0.0042479587
    0.0016189453
    0.0047896313
    0.0023112058
    0.0016247558
    0.0000714032
   -0.0038743919
    0.0018330834
    0.0062495459
    0.0073716958
   -0.0081428053
    0.0013257136
    0.0024983474
    0.0035331655
    0.0104010049
    0.0000535547
    0.0003595255
    0.0040077773
    0.0011620871
    0.0022314451
    0.0004551311
    0.0010154497
    0.0008494359
    0.0116704267
    0.0060344049
   -0.0005052964
    0.0026929175
    0.0029686801
    0.0011337692
   -0.0013490998
    0.0053513546
    0.0056875561
    0.0082950059
    0.0012399521
    0.0012588099
    0.0151880962
    0.0102666729
    0.0047700430
    0.0005346587
    0.0018808237
    0.0066091279
   -0.0025534542
   -0.0003743033
    0.0045685968
   -0.0030551220
    0.0032516242
    0.0056338448
    0.0128571544
    0.0056407302
    0.0048376145
    0.0058758911
   -0.0034423911
    0.0010695227
    0.0046730936
    0.0039587567
    0.0035456838
    0.0007475465
    0.0004794787
    0.0072778838
   -0.0021235031
    0.0018867163
    0.0047701983
    0.0040020539
    0.0058706972
    0.0052328566
    0.0099317198
    0.0009541056
    0.0012824768
    0.0052982203
    0.0056317809
    0.0057606110
    0.0005310915
    0.0001754537
    0.0021569916
    0.0046943802
    0.0048962179
    0.0012081158
    0.0055905026
    0.0014345752
    0.0011878927
    0.0048881660
   -0.0051704561
   -0.0009192898
   -0.0132043615
   -0.0068873735
   -0.0023758456
   -0.0010100796
   -0.0023143093
    0.0000293369
   -0.0033431394
   -0.0068147649
   -0.0041885898
   -0.0013761843
   -0.0000188396
   -0.0018716629
   -0.0027957273
   -0.0042138567
    0.0016678869
   -0.0026811483
    0.0026433891
   -0.0056147991
    0.0025681524
   -0.0014886027
    0.0004736547
   -0.0015503671
    0.0006194754
   -0.0002597108
   -0.0043269001
   -0.0164805181
   -0.0072904898
   -0.0066419799
   -0.0032617604
    0.0058911516
    0.0012202409
   -0.0113463880
   -0.0025095240
   -0.0007726857
   -0.0054585918
   -0.0043909142
   -0.0039490297
    0.0003170490
   -0.0035684433
   -0.0003797840
    0.0046067493
   -0.0038037762
    0.0045697790
   -0.0161618124
    0.0006558348
   -0.0102647574
    0.0015416964
    0.0010469075
   -0.0080245834
   -0.0010006936
   -0.0045796712
    0.0003927761
   -0.0005906383
   -0.0084852329
    0.0010918741
   -0.0008292590
   -0.0011876227
   -0.0050609546
    0.0039230999
   -0.0101554527
    0.0018029807
    0.0002894750
   -0.0006130255
    0.0002941426
   -0.0014988497
   -0.0000177012
    0.0008325702
   -0.0022219763
    0.0040739774
   -0.0012057066
   -0.0079980301
    0.0031387261
   -0.0009015733
   -0.0001726893
   -0.0025651772
   -0.0021137637
   -0.0042292709
    0.0046255628
   -0.0007773867
   -0.0036334157
   -0.0077728140
   -0.0004939411
   -0.0022799942
   -0.0006681366
    0.0042280782
   -0.0079081390
   -0.0120874112
    0.0001434039
   -0.0026496483
    0.0019868111
    0.0048613495
   -0.0099633458
   -0.0007114397
   -0.0014172866
   -0.0101843381
   -0.0063969513
    0.0001842698
   -0.0024683216
   -0.0013004877
   -0.0021444901
   -0.0101466060
   -0.0014368360
    0.0011032309
   -0.0025243964
   -0.0003162583
    0.0000368232
   -0.0098919473
   -0.0007365821
   -0.0041960467
    0.0025727993
   -0.0001611436
    0.0021756213
    0.0006779231
    0.0025497643
   -0.0034254871
   -0.0045325910
   -0.0072277686
    0.0017529030
   -0.0116572986
   -0.0080157955
   -0.0026603072
    0.0031519752
   -0.0051091743
   -0.0046888258
   -0.0036179290
   -0.0008046208
    0.0023729680
    0.0020553848
   -0.0017190394
   -0.0010410064
    0.0022622210
   -0.0005799048
    0.0006389050
    0.0014487759
    0.0008732592
   -0.0023009990
   -0.0024876598
   -0.0023749681
   -0.0048929919
   -0.0026483095
   -0.0031666650
   -0.0019489010
   -0.0021159021
    0.0003064077
   -0.0040731133
   -0.0012624632
   -0.0016267984
   -0.0103561334
   -0.0057680994
   -0.0006082476
   -0.0006529759
   -0.0020646937
   -0.0058858722
    0.0022280265
   -0.0028530347
   -0.0025402739
    0.0027475804
    0.0009229243
   -0.0002762798
   -0.0020899721
   -0.0087812956
    0.0055062985
   -0.0033442889
    0.0029483543
   -0.0031220145
   -0.0007221010
    0.0045239697
    0.0042627953
   -0.0081647704
    0.0044783381
   -0.0002388541
   -0.0010029641
   -0.0099384044
   -0.0057795285
   -0.0054631734
    0.0007219919
   -0.0008600965
   -0.0011757149
    0.0019395221
   -0.0024813378
   -0.0016117638
    0.0057665839
   -0.0012832867
   -0.0026017886
   -0.0016043393
    0.0015576492
   -0.0062995677
   -0.0040482358
   -0.0022752481
   -0.0051650304
   -0.0056476051
   -0.0038677981
   -0.0019273815
   -0.0027950490
   -0.0005939303
   -0.0010839267
   -0.0014899049
   -0.0061157256
   -0.0040206039
   -0.0031195406
   -0.0020418567
   -0.0048430490
    0.0027469956
   -0.0019090113
   -0.0031756112
    0.0048729846
   -0.0067528427
   -0.0029771037
   -0.0038501202
   -0.0109384293
   -0.0061366368
    0.0015250412
    0.0038280896
   -0.0001854072
    0.0021392586
    0.0010455935
    0.0022326243
   -0.0135635523
   -0.0072382066
   -0.0033136351
   -0.0016660419
    0.0010809294
   -0.0014578082
    0.0013034549
    0.0045321992
   -0.0068382145
   -0.0012030056
   -0.0040770039
   -0.0068582983
   -0.0058980984
   -0.0028436563
    0.0028510321
   -0.0041101777
   -0.0029984934
   -0.0014257241
   -0.0027067054
   -0.0010352145
   -0.0006863905
    0.0024437756
    0.0017021582
   -0.0004342560
   -0.0045107898
   -0.0018445484
   -0.0017679950
   -0.0143574119
   -0.0076124651
   -0.0026921766
   -0.0008621041
   -0.0045787867
   -0.0128414915
    0.0002527248
   -0.0069106250
   -0.0036703440
    0.0025337168
   -0.0060156374
    0.0024713107
   -0.0004834862
   -0.0006954852
   -0.0135969383
   -0.0004856205
   -0.0003586439
   -0.0017117595
    0.0043526036
   -0.0016211904
