0.804343 -2.694603 0.922444
0.156908 -2.380052 0.501910
0.699594 -0.642064 2.316337
2.122860 -2.080054 1.693037
1.486465 -2.706747 0.629001
0.409698 -2.453403 1.318766
1.455778 -0.847028 2.399366
0.667563 -0.962769 2.359334
0.766836 -1.372340 2.360348
2.431827 -1.025139 1.863669
2.608021 -1.411372 1.548682
0.218350 -1.593984 2.038937
0.783807 -2.077509 2.041061
0.741705 -1.603791 2.290871
0.217850 -2.425875 1.008163
0.787696 -2.335244 1.787242
-0.035114 -1.619920 1.791022
2.172328 -2.182865 1.504537
1.487431 -1.471113 2.356183
0.538746 -1.609243 2.217389
1.234998 -0.740888 2.405969
1.973280 -2.506230 1.055176
2.019242 -0.286789 1.980985
0.998852 -0.441939 2.310536
1.513283 -2.604094 1.329350
3.030327 -1.174746 -1.194082
2.771013 -2.071638 0.502982
2.453092 -2.187220 -0.933110
2.144262 -1.575648 -1.763779
3.076070 0.366003 -0.762339
3.219111 -0.476304 0.907925
2.298669 0.002018 -1.841759
1.718035 -2.203874 -1.409226
1.002756 -1.543884 -1.938259
3.363259 -0.025731 -0.223058
2.832727 0.179220 1.223727
3.359249 -1.142599 0.277818
3.310686 -0.163921 0.567342
0.438069 -2.540802 0.101767
3.325833 -1.174747 -0.508977
2.691812 -1.554297 -1.383776
2.982630 -1.047437 1.209237
2.696786 -1.497205 1.312980
3.208496 -1.509153 -0.472444
2.524990 -1.042030 -1.756243
2.757044 -0.504031 -1.622434
0.373320 -2.165508 -1.152727
2.294260 -2.411569 -0.645723
2.399616 -0.292924 1.756454
2.970764 -0.762996 1.288293
3.266350 -0.710075 -0.918061
3.162825 0.093269 0.755449
2.715042 -1.889967 0.929693
1.309235 -2.672135 -0.587200
3.236659 -1.002618 0.797187
2.962597 -1.876511 -0.550974
1.332862 -2.737873 0.054070
3.107934 -1.532939 -0.760797
2.723294 -0.170871 1.489823
2.770027 -1.982728 0.697883
1.145172 -1.318802 -2.051523
0.616069 -2.591971 0.276104
3.220844 -1.243603 0.679645
1.191898 -0.789005 -2.168700
2.742700 0.380475 1.185611
2.975080 0.447611 0.773274
2.892352 -0.929075 1.351838
2.505108 -1.635951 -1.497254
3.095999 -1.769954 -0.280350
0.497668 -1.936536 -1.498264
2.096877 -0.307215 -2.011601
2.177591 -1.170861 -1.920254
2.821957 -1.728304 0.968741
3.407483 -0.621991 -0.489480
0.961724 -2.612329 -0.682548
2.114403 -2.499929 0.533347
2.396447 0.240447 -1.680889
1.264392 -2.705148 0.329536
2.729821 -1.211799 1.429523
2.526926 0.229516 1.488734
2.635980 -2.256946 -0.376910
3.198962 0.269923 0.435225
1.996121 -0.103305 1.901905
2.745150 -0.349101 1.510459
2.984401 -0.412187 -1.369152
2.495557 -2.387935 0.025041
3.043397 0.145892 -1.052196
1.977418 -1.439959 -1.900990
1.723670 -2.602211 -0.692987
2.976163 -1.425192 1.016143
1.890679 -1.047471 -2.056983
2.825304 -2.050655 -0.509432
3.285701 -0.768735 0.759775
1.439415 -0.374752 -2.163775
3.007143 0.656713 -0.635167
2.158541 0.114277 1.786528
0.401484 0.935270 2.315898
0.930557 -0.194495 2.193362
2.655627 1.635320 -0.957514
2.541773 2.109164 -0.384104
0.757644 2.993910 0.299216
2.433661 2.208692 0.433522
1.372292 0.336473 2.239707
0.820786 2.957514 -0.540546
0.110796 -0.080826 -2.215134
3.085905 0.644879 -0.084161
2.874855 1.551686 -0.380588
1.799388 2.714784 -0.415300
0.589501 0.316670 -2.380972
1.730557 0.101198 2.055177
0.180721 2.689678 1.057624
2.768646 1.146271 1.048230
2.523838 1.952334 -0.820077
0.375557 -0.522158 -2.077765
3.040545 0.784492 0.416610
1.416098 -0.033532 -2.196177
3.040729 1.092023 0.070088
0.801137 3.014311 -0.075677
1.646895 2.822637 -0.071101
2.868586 1.622588 -0.161363
1.775936 0.397172 2.087230
2.801420 0.814945 -1.141089
0.615287 3.013705 -0.102836
2.767580 1.825869 0.027916
2.328258 0.299173 -1.734542
0.413503 -0.282255 -2.201267
2.363495 2.198048 -0.719390
0.826732 0.072842 2.283617
2.882897 1.595958 0.064892
1.884297 2.590969 -0.702572
0.516757 2.992661 -0.304559
0.291906 0.321958 2.296853
0.265971 2.880882 0.633237
0.215745 0.086998 -2.288513
0.511706 0.069331 2.277644
0.506097 2.949242 -0.551249
3.004023 1.161511 -0.358715
1.067237 -0.009254 -2.287599
0.054084 0.958606 2.243556
-1.300071 0.957149 2.346525
-1.063676 2.598707 -1.199302
-2.046987 1.859676 -1.525824
-1.675895 1.515902 -1.957461
-0.962490 1.543211 2.224792
-2.281188 1.132319 1.827088
-1.391043 1.895724 -1.848641
-0.397454 0.347366 2.384242
-1.452023 2.073789 -1.691246
-1.184411 1.673450 2.133364
-1.079186 1.665559 -2.054264
-0.194006 0.707128 2.350476
-0.659654 1.540529 -2.128259
-1.352445 0.242857 2.337108
-0.474800 1.530708 -2.113281
-2.500061 1.628414 1.344479
-0.226656 2.134295 -1.670953
-2.264021 1.467711 1.703272
-1.458058 1.502822 -2.045465
-0.634318 1.783762 -2.003391
-2.888410 1.495554 -0.625909
-0.669646 0.725465 2.423074
0.008087 1.645794 2.027428
-1.895821 1.275114 2.045342
-0.648724 1.025796 2.385590
-1.865554 2.135121 -1.409639
-1.050737 0.168930 2.378149
-2.385991 1.531361 -1.447823
-0.736240 1.525558 2.238239
-0.276516 -0.542442 2.077974
-1.682320 1.000928 -2.119273
-0.412489 1.076134 2.348818
-0.630531 0.351876 -2.312254
-0.482642 2.080855 -1.779840
-0.100953 2.552838 1.206284
-1.033730 2.449460 -1.417305
-0.185235 0.889504 2.331673
-0.352805 2.844836 -0.575381
-1.101918 2.324018 1.652052
-0.268540 1.854910 1.997369
-0.255366 2.319106 -1.495601
-0.285390 1.693215 2.097489
-0.076012 1.385913 2.175700
1.552701 2.649075 -1.442797
1.424032 1.694235 -2.466400
1.893302 1.660634 -2.263487
1.762697 0.256727 -2.142273
0.898027 0.617230 -2.527290
0.154748 1.140467 -2.386120
0.669524 2.627050 -1.653136
0.366109 2.622384 -1.419813
2.023803 2.229170 -1.712732
2.308083 1.220826 -1.990333
1.539026 0.332846 -2.305104
1.265908 1.160260 -2.594887
2.086376 0.896956 -2.195187
1.634712 2.170306 -2.106737
2.151958 2.363029 -1.067432
0.783723 1.068012 -2.599644
0.708309 0.679059 -2.522815
-0.064193 1.757517 -2.079914
0.813848 2.796041 -1.181616
2.104096 1.421894 -2.173565
1.084408 1.251043 -2.610372
2.346656 0.649752 -1.813568
2.260421 2.253179 -0.827081
2.016240 2.434523 -1.298537
1.041043 2.673002 -1.632692
1.582446 2.451150 -1.818773
0.352530 2.402491 -1.840330
0.482806 1.369961 -2.517380
0.459007 2.303583 -2.024021
1.423937 0.821891 2.392179
2.009002 1.350192 2.197337
0.621447 2.836110 1.035514
2.341274 2.342017 0.931370
1.661451 1.095080 2.371209
2.571097 1.913977 1.185018
0.376450 1.111825 2.320189
1.692966 0.852054 2.317484
1.075526 0.998425 2.463614
0.050654 2.388068 1.460391
1.542506 2.159625 2.127506
2.226228 0.644444 1.878410
1.145927 2.914900 0.729419
2.224736 2.217170 1.547170
0.789047 1.096376 2.448955
0.584986 2.224273 2.066395
1.321421 2.891933 0.632278
1.105400 1.445735 2.467641
1.737460 2.784415 0.783848
2.460079 1.503095 1.724291
1.793293 1.397118 2.314376
-3.364000 0.679618 -0.983155
-2.310627 -1.666240 -1.932994
-2.337190 -0.416686 -2.252439
-1.490405 -2.191910 -1.679618
-3.248819 1.086578 0.464903
-1.544907 -1.775526 -2.018240
-0.805375 -0.719219 -2.267726
-2.644963 -1.588280 1.784124
-1.977622 -0.065826 -2.312277
-1.820850 -1.115976 2.265732
-3.230128 -0.064385 -1.627037
-2.367424 -0.677757 2.208332
-2.072447 -0.997201 -2.276174
-2.108215 -0.716435 -2.312226
-3.389256 -1.870264 -0.584375
-1.883574 -2.641252 0.949795
-2.516106 -2.088275 -1.481461
-2.893180 -2.011936 1.215614
-2.552065 -2.336149 1.096261
-0.642692 -1.592935 1.899817
-3.128380 1.264541 -0.195936
-3.020121 -1.631297 -1.483217
-3.219602 -1.987065 -0.782377
-3.087310 -0.558402 1.788769
-0.898085 -1.872903 -1.845283
-2.079268 -0.584082 2.301587
-2.730205 0.153664 -1.966641
-3.271176 0.670970 -1.149937
-2.972076 -0.666481 -1.901854
-2.623834 -0.136686 -2.098958
-1.962305 -2.405060 1.337723
-2.663021 -1.737948 -1.698627
-1.252138 -2.402452 1.379223
-2.077126 -1.759177 -1.954089
-1.282449 -1.329442 2.200614
-3.188613 -0.017313 1.629993
-2.859390 -0.107181 -1.952158
-3.041276 0.014684 1.757230
-1.966864 -0.857976 -2.325037
-1.408290 -0.772846 2.346812
-1.999885 -1.247341 2.195398
-1.486478 -0.239196 2.352601
-2.244177 -1.496913 2.024425
-3.120626 1.116752 0.732101
-3.219544 0.498062 1.343577
-0.643173 -2.203401 1.381477
-2.298409 0.148581 2.147322
-2.349391 -2.696346 0.367843
-1.135938 -1.736860 1.976362
-3.267374 -1.309337 -1.425362
-1.869390 -0.347061 -2.365071
-2.417225 -1.988160 -1.640975
-3.312997 -1.594028 1.121456
-2.584710 -0.280471 2.111598
-2.800153 -2.482685 -0.334179
-2.603921 -1.893660 1.586104
-2.864186 -0.055070 1.911069
-2.949163 -1.439647 -1.676452
-2.988836 -0.875338 -1.857778
-2.520143 0.737419 -1.796014
-2.580025 0.632570 1.804156
-2.505989 -1.814495 -1.737769
-2.286539 -2.400989 1.194178
-2.286084 -2.553051 -0.938229
-1.603846 -1.188083 -2.288534
-1.402591 -0.182284 -2.369292
-1.084755 -0.988217 2.270814
-0.138387 -1.485683 -1.665975
-1.786182 -0.016296 2.304745
-2.673932 0.417854 -1.893584
-1.538313 -0.459348 2.366418
-1.778872 -2.476543 -1.305767
-2.270911 -2.663668 -0.653685
-1.440301 -1.854927 1.936274
-1.281159 -1.662278 -2.070868
-0.769512 -0.782343 2.221873
-1.698241 -1.285454 2.224874
-2.108486 0.522441 2.061067
-2.304484 0.060460 -2.196104
-2.452173 0.498867 1.945621
-3.147326 0.093525 -1.661887
-1.837037 0.416812 -2.191573
-2.442768 -1.918919 1.661675
-1.976213 -1.235379 -2.230976
-3.384740 -1.989012 0.027168
-0.630484 -1.107158 -2.127775
-0.581299 -1.810153 -1.751715
-2.412634 -2.667997 -0.416191
-2.173574 -2.405098 -1.278111
-2.012882 3.049616 0.319444
-0.611867 2.676674 1.227585
-1.772763 3.109784 0.540030
-1.794447 1.993635 1.697102
-1.472114 2.787301 1.284927
-2.849067 2.111430 0.091243
-2.413385 2.475220 -0.645258
-2.432112 2.337972 1.084618
-2.323426 2.826176 -0.123779
-2.038988 2.252385 1.481939
-0.850221 2.832638 1.169694
-1.250362 2.787261 1.303576
-0.593300 3.002859 -0.351207
-2.169281 2.408569 -0.964507
-0.486524 3.038457 0.085614
-2.601803 2.564123 0.038191
-1.451398 2.689531 -1.058456
-1.171129 3.155055 -0.330839
-1.521721 3.191313 0.432197
-2.397784 2.792328 0.238068
-1.368867 3.042449 0.933930
-1.885276 2.951328 -0.530453
-1.213775 -2.944260 0.646931
-2.025290 -2.777036 -0.644437
-0.920973 -3.020196 0.468919
-0.235629 -2.124614 1.136679
-0.463903 -3.013202 0.010562
-1.394295 -2.749601 0.899895
-1.877295 -2.949632 -0.003140
-0.907300 -2.412796 -1.518533
-0.789874 -2.743512 0.902182
-0.716866 -2.565759 1.066843
-0.184027 -2.623381 0.657782
-0.869506 -3.011135 -0.762605
0.067428 -2.470814 -0.813583
-0.998502 -2.833523 0.826978
-0.403002 -2.804637 0.593727
-1.587438 -2.579274 -1.304791
-0.249232 -2.886995 -0.424718
-1.484181 -3.084592 -0.382947
-0.306089 -2.525938 -1.177423
-1.300091 -2.861315 -1.058927
-0.751146 -2.684087 -1.247332
-3.799511 -1.478508 0.607897
-3.446095 0.379381 -1.151513
-3.938498 0.422802 -0.497831
-3.986850 -0.609132 0.989399
-4.059443 -1.080645 0.590342
-4.227951 -0.490845 0.478121
-3.572504 -1.425151 -0.903044
-3.651431 -1.589350 0.682848
-3.820839 0.561254 -0.535441
-3.422823 0.805932 0.828630
-3.520179 -1.048728 -1.218067
-3.692395 0.160500 -1.080553
-3.921336 -0.670928 -0.965530
-4.144747 -0.628422 0.692979
-3.859504 0.393442 -0.694357
1.800481 -2.603627 1.712411
2.077758 -2.386446 1.809251
0.160447 -1.911642 2.155527
0.278900 -1.289870 2.445359
1.732468 -1.706634 2.476521
0.211590 -2.579065 1.446366
0.639167 -0.881735 2.595545
2.661491 -1.434456 1.905126
2.580801 -1.678353 1.902378
0.561016 -2.837760 1.167503
1.018111 -2.824711 1.505873
1.747281 -0.867013 2.578218
2.798908 -1.665253 1.571048
2.313468 -1.796495 2.112501
2.471143 -2.343446 1.345823
1.430741 -0.382962 2.534716
1.348729 -2.407257 2.116719
0.509760 -0.977000 -2.314353
2.141208 -2.754728 0.759791
2.058989 -2.834643 0.609637
0.481037 -1.369845 -2.203712
2.800454 -2.528046 0.209061
1.703206 -3.006262 0.151833
1.314146 -1.448930 -2.335835
2.492036 -0.135726 -2.131892
1.490936 -0.864652 -2.465398
3.751227 -0.677995 -0.205033
3.434921 0.576464 0.168622
1.311875 -2.766647 -1.181051
1.229280 -3.000948 -0.500534
2.358634 -1.756984 -1.932712
3.626125 -1.399258 -0.040377
1.236897 -2.515783 -1.563679
2.023865 -1.218173 -2.301495
3.096009 -1.787525 1.129859
0.352420 -1.624568 -2.038327
1.138129 -0.878062 -2.462440
3.368276 -0.023640 -1.232246
2.144050 -0.541642 -2.341007
0.819577 -1.193187 -2.359174
1.987065 -0.062801 -2.326840
3.093502 -2.280829 -0.111809
2.891595 -1.402952 -1.736068
3.051528 -1.610125 -1.444421
1.398644 -3.020633 -0.384304
1.422274 -0.341827 -2.467129
0.647755 -0.760353 -2.383348
0.717865 -2.126549 -1.856061
2.768728 -0.236834 1.868439
0.992062 -2.990160 0.336088
1.122756 -2.809644 -1.075193
1.192068 -2.058037 -2.003493
2.081044 -2.384520 -1.536453
2.857769 -2.166728 -1.124351
0.311107 -2.635697 -0.943082
2.664108 -2.562727 0.511687
3.150862 -0.291373 -1.626179
3.567667 -0.054684 0.705082
2.783115 0.161377 1.733664
1.689893 -0.466655 -2.452232
2.440892 -0.721224 -2.210308
2.870969 -2.326266 0.714280
2.209106 -0.038761 2.139508
1.739523 -1.013756 -2.414778
2.610312 -2.516673 0.745712
3.629467 0.152502 -0.187758
1.674917 3.065075 0.725448
2.775962 0.582262 -1.789969
0.712283 0.203775 2.659817
0.953224 0.768262 2.680104
0.627337 3.083818 -1.210324
1.013011 3.305220 -0.454020
2.089459 2.892490 -0.656139
0.445617 0.242250 2.653056
1.970600 2.898120 -0.854274
2.703937 0.828415 -1.861927
1.723588 -0.001807 2.415096
-0.066191 3.141895 -0.750215
0.061721 3.244299 0.402278
0.044095 3.271496 -0.157295
2.901928 0.593710 1.579887
3.180824 0.610755 1.104169
2.421226 0.659615 -2.136916
0.240867 3.230986 0.646231
1.358067 3.256107 0.310421
2.541999 0.456263 -2.024825
2.775402 2.215453 -0.816842
3.066708 1.030890 1.267990
1.964422 3.046181 -0.129787
0.529095 3.350654 -0.063247
3.060840 0.764594 1.330893
1.001396 3.248158 0.675855
2.609120 2.548879 -0.375661
3.261630 0.864101 0.879340
3.030195 1.405586 1.161237
0.483675 -0.153068 2.567746
3.284052 1.388626 0.410381
0.131133 0.655472 -2.683852
1.643655 3.178774 0.216067
2.698598 0.317945 -1.850026
1.260456 0.017772 2.564596
-0.103861 2.517478 -1.815534
2.080840 2.925042 0.497520
3.007100 2.068156 -0.264822
2.858366 2.300094 -0.066267
3.353872 0.664389 -0.649846
2.516249 2.550927 -0.703382
3.333779 0.847946 0.646761
0.115231 -0.055024 -2.588726
2.820400 1.765562 -1.312408
0.018788 2.964634 1.201717
1.427055 -0.265154 -2.488432
1.418804 3.160652 -0.747287
0.339452 -0.295180 2.503362
-0.212278 2.709315 1.654501
-1.545560 2.853053 -1.259974
-2.487665 2.394933 -1.078574
-1.363564 2.359231 2.036809
-0.218008 1.184704 2.641442
-2.026368 2.303051 1.766863
-1.103581 2.466120 1.996001
-0.525011 1.846431 2.448142
-3.058574 1.882418 -0.724224
-1.410179 0.665301 2.698175
-0.623997 1.878281 -2.340101
-1.173960 0.766091 -2.637456
-0.580516 1.410528 -2.534815
-1.183715 0.741062 2.737746
-0.296876 0.785183 2.717354
-0.763932 2.856869 1.554750
-0.389889 0.968621 2.713387
-0.032550 2.180799 2.121955
-2.524125 1.085612 2.089245
-1.984340 1.615910 -2.170201
-2.691427 1.188575 1.904436
-1.754400 1.037008 -2.455087
-0.942620 0.725956 -2.662463
-0.965376 2.186972 2.246019
-3.188824 1.391865 1.059409
-2.892495 1.435673 -1.459404
-1.184495 0.160263 2.707100
-2.210900 2.504741 -1.264050
-0.409623 0.890761 -2.625994
-2.716939 2.119014 -1.117661
-2.703271 1.797973 -1.464502
-1.456104 1.679269 -2.353050
-3.166683 1.731995 -0.631035
-3.190717 1.533790 -0.822970
-0.346175 3.100376 0.999933
-1.773877 0.605065 2.587150
-0.994226 0.481644 -2.660270
-0.898152 0.524510 2.767250
-3.219604 1.760717 0.428988
-0.247639 3.241386 -0.227113
-0.707279 0.385310 -2.660748
-0.382398 3.191329 0.734611
-0.587055 1.538012 2.591602
-0.695802 1.614683 -2.468096
-1.703814 1.769468 2.326251
-0.379712 1.122356 -2.585277
-1.752856 1.503006 -2.326078
-2.658275 1.520862 1.798202
-0.468207 0.210931 2.723691
-0.244487 3.227938 0.430213
-0.617505 -0.226993 2.638167
-0.101205 2.587382 1.763102
-0.371213 -0.234922 2.607012
-0.684738 2.550394 1.933684
-2.480039 1.971352 -1.577286
0.879592 2.330389 -2.441004
1.631383 2.727455 -1.822528
2.464979 0.786928 -2.127174
0.408549 2.095322 -2.494651
1.575567 2.880159 -1.524663
1.979427 1.589534 -2.527701
1.991746 2.140968 -2.245568
0.648617 1.850103 -2.686101
1.051508 0.473862 -2.733990
1.906523 0.540552 -2.518134
2.412650 2.279484 -1.576557
0.461885 2.602286 -2.062698
1.713817 2.788914 -1.626839
2.129725 2.306494 -1.968447
0.150860 2.421735 -2.089282
0.692075 2.447279 -2.311872
2.327893 2.064787 -1.976694
1.814802 2.269050 -2.263461
1.196541 1.638614 -2.780991
0.602361 1.630790 -2.749607
1.895178 2.418698 -2.061332
2.613812 1.197790 -1.978514
0.278190 2.621710 -1.926028
0.144072 1.721646 -2.553375
0.824317 1.191941 -2.846861
1.267162 0.873967 -2.818011
1.836437 1.986154 -2.446779
0.617768 2.404130 2.253372
1.077498 2.667170 2.082460
2.070308 1.663375 2.390860
1.588308 2.036379 2.471699
1.810440 1.950515 2.427897
2.013738 2.915900 0.758873
1.003449 3.122940 1.155474
1.193241 3.023270 1.497542
2.423715 1.879292 2.015067
1.318291 1.017806 2.693430
1.522874 1.730204 2.603363
2.079002 2.505395 1.842494
2.658129 1.299977 1.895485
2.601295 2.402085 0.950118
2.846737 1.703882 1.396444
2.802051 1.200348 1.653137
0.290647 1.507923 2.529048
2.464783 1.645402 2.068871
1.227901 1.342023 2.712347
0.829955 1.151754 2.702184
1.812503 2.762763 1.710027
1.213506 2.758922 1.964698
1.480780 1.557048 2.651522
1.880398 2.977224 0.951881
-3.037860 0.225958 2.136081
-3.407570 -2.108015 1.118216
-2.108474 -2.971527 0.948840
-3.142325 1.295442 1.256740
-3.156816 -0.929812 -2.152119
-3.623543 0.918708 1.006152
-2.492497 0.088732 -2.491507
-3.622242 1.242749 0.144267
-2.392504 -1.311771 2.434364
-0.631471 -0.838408 -2.555870
-0.316513 -1.731990 2.079758
-1.472757 -0.921040 -2.698762
-0.792259 -2.408902 -1.795965
-3.199971 -2.540653 0.642904
-0.422783 -1.391462 2.301039
-2.970684 -0.236725 -2.308734
-3.068048 -0.076515 2.193875
-0.758279 -1.157570 -2.534252
-3.298315 0.819453 -1.614309
-3.326375 1.426872 0.693647
-2.164567 -2.269627 1.947471
-2.818763 -1.342005 -2.255506
-1.129935 -2.240281 -2.058426
-3.106007 1.031922 -1.626343
-1.153773 -2.454044 1.832849
-2.897130 -2.022746 -1.802367
-1.852924 -1.044006 2.631131
-2.227102 -0.329410 -2.638473
-2.535250 -0.026693 2.472325
-3.081956 -1.525287 1.970854
-0.967173 -1.807713 2.299403
-3.514163 1.097210 -0.987307
-3.695818 -1.979549 0.704778
-0.135439 -0.849841 -2.318755
-0.574457 -2.200909 1.873687
-0.833077 -2.208432 -2.004467
-2.949071 -1.419103 -2.143756
-3.464229 1.130225 1.005372
-1.448294 -0.653738 -2.727236
-2.375913 -2.813915 1.128352
-3.647113 -1.437577 1.415437
-0.133028 -1.443662 -2.142159
-2.655356 -1.655468 2.175266
-0.977671 -2.008625 -2.202393
-3.385157 0.839743 1.468370
-1.973532 -3.165404 0.239623
-2.307115 -0.529699 2.594240
-3.251475 -2.418522 -0.874518
-1.371909 -2.935489 1.172731
-3.660685 1.135877 -0.484946
-1.918074 -2.497871 -1.811054
-2.292534 -2.913950 -0.994437
-3.755439 -2.057682 -0.139741
-1.987461 -0.707745 2.660003
-3.535744 -2.270642 -0.495015
-3.628146 -1.149232 -1.620429
-1.590537 -1.281767 2.589196
-3.315434 0.545259 1.760640
-1.481875 -1.391564 -2.580129
-2.440633 -1.591158 -2.330836
-1.751558 -0.539850 -2.724227
-3.286247 -1.340481 -1.913395
-2.502809 -0.436261 -2.554348
-2.140652 -1.719689 -2.364064
-1.565646 -2.279002 -2.064656
-3.382473 -2.462953 -0.331841
-1.484046 -0.448963 -2.732522
-3.555551 -0.617492 1.802304
-2.862914 0.187175 2.260388
-2.470889 -2.627034 1.389172
-3.580980 1.284589 -0.233465
-3.539909 0.206435 1.685396
-1.455758 -0.098944 -2.703492
-2.972156 -2.675996 0.738474
-2.007241 -2.905103 -1.178107
-2.463760 0.211905 2.443707
-2.776524 -0.469044 2.406194
-3.667511 1.025574 0.721865
-3.284796 -2.252690 -1.125618
-2.345226 -2.248980 1.899059
-2.932770 2.418910 -0.234532
-2.313218 3.162103 0.161863
-2.152208 3.181190 -0.334922
-3.140822 1.958986 0.253393
-2.425835 2.231036 1.536250
-2.024809 3.312035 0.039941
-1.763893 2.690483 1.628698
-2.602413 2.459538 -0.874292
-2.351812 2.448156 1.470680
-0.553445 3.324617 0.358915
-0.855372 3.274673 0.907218
-2.635436 2.888946 0.002235
-2.567273 2.627742 -0.751099
-0.960600 3.425962 -0.124000
-3.030705 2.057427 0.729133
-1.840446 3.379751 0.029293
-2.096678 3.064496 1.007726
-2.873349 2.602644 0.124955
-0.832519 3.413865 0.347810
-0.996892 2.951976 1.451045
-2.555797 2.973129 0.241427
-1.520160 3.218882 -0.755004
-1.912714 3.303478 0.614984
0.243834 -2.769539 0.279749
-0.300071 -3.195590 -0.378141
-1.671811 -3.282828 -0.391486
-1.183235 -3.245771 -0.860640
-0.727603 -3.338118 0.064896
-1.014930 -3.118794 0.829921
-0.686856 -3.065072 0.835311
-0.333444 -2.602778 -1.487875
-1.166977 -3.374857 -0.343728
-0.050895 -3.073579 -0.169022
-0.237235 -2.727354 1.017971
-1.479519 -3.307432 -0.536187
-1.384906 -3.069847 0.873205
-1.156024 -2.922371 -1.394464
-0.009296 -2.545915 -1.296949
-1.327276 -3.372891 -0.167204
-4.257979 -0.316937 -0.916879
-4.423398 0.016764 -0.361259
-3.869350 0.878191 0.645343
-4.032677 0.839949 -0.061943
-4.496852 -0.755385 -0.003666
-3.878241 -1.532603 0.980532
-4.043125 -0.623440 1.308200
-4.069865 0.473789 0.891477
-3.757309 1.020985 0.528522
-4.304996 -1.302171 -0.164210
-4.105911 0.163186 1.085016
2.254329 -1.981969 2.382655
0.128623 -2.136894 2.318140
0.745592 -3.180243 0.704533
1.640591 -0.908540 2.860273
0.895824 -2.825885 1.975941
1.825468 -2.725554 1.969346
1.961490 -3.001847 1.281287
2.642505 -2.164080 1.887726
2.019702 -0.338875 2.606441
0.508880 -3.097365 1.060874
0.257856 -1.141557 2.716123
2.108078 -1.882340 2.521387
1.133129 -1.382391 2.894335
0.759549 -1.155999 2.877564
1.412688 -2.628998 2.225150
1.679571 -2.910565 1.752171
2.300893 -0.738930 2.568268
1.690676 -3.151937 0.918414
1.028731 -0.950140 2.911063
2.372345 -2.720237 1.440223
2.626960 -1.352493 2.323800
2.022026 -0.755107 2.718096
2.341142 -1.746329 2.437604
1.935609 -2.128231 2.472833
0.530483 -2.794701 1.880761
2.768488 -1.721100 2.049729
0.645781 -3.036214 1.464189
0.316007 -1.514994 2.691408
0.650182 -2.501885 2.283692
0.835018 -2.701642 2.125320
1.291812 -2.504142 2.362056
1.739198 -2.367430 2.381821
0.329837 -3.150264 0.183361
1.421803 -2.293295 -2.208911
3.707006 -1.529548 0.932908
3.088934 -0.024295 -2.059168
2.623842 -2.552000 -1.479438
3.043300 -2.390397 -1.223566
2.409416 -2.475051 -1.737619
3.812589 -0.287597 -1.143804
2.253224 -0.699538 -2.624436
0.821409 -1.424381 -2.616010
1.407693 -3.332407 -0.337133
3.368726 -2.357627 -0.565256
3.311972 -1.719168 -1.572956
3.172521 -2.127419 -1.385322
3.180406 -2.302351 -1.141886
2.415645 -3.080257 0.402102
3.224321 -1.917691 1.422430
0.278177 -1.167810 -2.518317
0.228816 -2.634552 -1.534008
3.411603 -1.843228 -1.323758
1.913658 -3.281495 -0.177811
1.195040 -1.788192 -2.519324
3.178442 -1.217774 -1.971536
1.108811 -3.176172 -0.983227
3.838927 -1.606381 -0.473789
2.953678 -2.447980 1.157756
0.390390 -2.785881 -1.426599
3.795179 -1.751263 0.242440
2.798617 -0.551460 2.252176
1.495840 -3.048158 -1.286815
1.238990 -3.345993 -0.133231
3.611413 -0.438093 1.440174
3.076998 -1.394878 -2.002553
1.912061 -3.214865 -0.659557
2.062880 -2.303808 -2.072286
2.784404 -1.029559 2.224128
2.904570 -2.738830 0.632844
3.316230 -0.975537 -1.893019
3.382937 -2.409101 0.098219
1.154547 -3.035049 -1.312418
1.476762 -3.290450 -0.592070
1.360443 -1.460789 -2.653149
2.975463 -2.792027 0.053820
2.793157 -2.215973 -1.713221
3.208788 0.094314 1.801730
1.700994 -0.819889 -2.754291
2.393440 -2.227226 -1.985273
3.973916 -0.869780 -0.686495
3.513988 -1.348716 -1.519075
3.680674 -1.915038 0.437291
1.991812 -1.442485 -2.572550
2.521197 -1.979941 -2.097891
1.462107 -1.180875 -2.725007
2.696949 -2.975392 0.089815
2.781782 -2.660180 1.029657
2.880592 -2.860095 -0.170856
4.044109 -0.760116 0.212199
1.915344 -0.626391 -2.723702
3.818407 -0.588161 1.073674
4.046468 -0.527342 -0.319770
2.660414 -2.083397 -1.933356
3.758451 -1.862984 -0.050897
2.852834 -0.319112 -2.302774
3.227686 -2.362633 0.843534
3.322345 -2.146627 -1.121111
3.580918 -0.823935 1.481244
1.389099 -1.669457 -2.575003
3.850829 -1.057805 0.900265
3.739885 0.196646 0.947212
2.258371 -2.882128 -1.261893
3.539481 0.497629 -1.213633
3.385325 -1.997737 1.097424
3.145446 -2.623442 -0.409489
2.733268 -2.879360 -0.655350
3.233240 -1.289346 1.787886
2.197697 -3.164714 -0.510868
2.206571 3.283357 0.304821
3.185674 2.325166 -0.631420
3.620770 1.124455 0.770470
2.604005 3.030493 0.157388
-0.131896 1.912903 -2.677255
-0.017066 3.287068 1.321901
1.035893 3.345687 -1.409940
1.103573 3.665647 -0.203345
0.333304 -0.776032 -2.714061
1.789528 0.368396 -2.874879
2.792708 0.259016 -2.232142
3.662527 1.356047 -0.355519
2.355112 3.116838 0.678168
3.510808 1.678075 -0.670348
2.462538 3.088729 -0.543255
3.042476 0.618101 1.951147
1.647982 3.370654 0.976033
0.508922 3.631573 -0.621610
2.504924 2.618187 -1.509939
3.019918 2.169210 1.264391
0.475697 3.315549 -1.486364
3.344970 1.523812 1.245677
2.302718 2.838389 -1.428632
1.588403 3.441662 0.822073
1.714632 3.477039 0.503771
1.964428 2.989972 -1.523419
0.888910 3.641572 -0.574343
0.141125 0.496973 -3.029541
2.775875 2.179413 -1.669265
3.418461 1.978166 0.432923
3.582727 0.798687 -1.057732
0.206286 0.971624 2.974680
3.586474 1.551151 -0.509215
3.665286 1.186974 -0.579795
1.038200 0.235652 2.989930
3.034298 1.485233 1.770506
3.627046 1.328562 0.571316
1.113141 -0.351137 -2.892991
0.384000 -0.264542 -2.931913
3.475381 1.147042 -1.224355
0.335288 3.499499 0.989477
3.269089 2.061890 -0.900913
2.078717 3.230234 0.843224
2.821233 2.564477 1.058864
0.941341 3.307946 1.448629
0.381510 3.578661 0.750939
1.225821 -0.318571 2.834828
-0.112991 2.862200 -1.959157
0.733312 -0.648745 -2.802274
3.754506 0.640680 -0.297734
2.792746 0.950196 2.191143
0.123716 2.008218 2.647099
2.921006 1.422742 -1.985693
1.328753 3.308974 -1.380351
2.803444 1.129351 2.148053
2.674732 0.847554 2.308118
2.891094 2.235259 -1.452536
2.993033 2.256876 -1.254768
1.140971 3.200951 -1.637847
0.147228 2.614183 2.241720
2.600615 2.740225 1.137136
0.004668 3.193530 -1.553093
0.307496 2.829668 2.070985
0.040041 0.952865 -2.995229
3.123258 2.506683 -0.189186
2.298602 0.899305 2.574560
3.433018 1.344861 -1.220910
3.662922 1.421734 0.062588
1.598756 0.177181 -2.916271
0.104776 1.524240 -2.891448
1.978679 3.308646 -0.804164
0.472530 -0.522845 -2.847593
3.004073 2.590312 -0.544036
3.264787 2.226500 0.514952
3.126418 1.936950 1.322713
3.582198 1.441434 -0.694236
3.639338 1.076253 -0.780288
1.824540 3.460398 -0.400641
1.539348 3.434328 -0.943962
0.011104 2.717146 2.107959
1.237281 3.570052 -0.716565
0.752653 0.561952 3.033241
2.155235 3.026991 -1.271201
0.326824 3.673002 -0.007835
-1.050625 1.190086 3.039845
-0.389504 3.614694 -0.192123
-0.969973 2.883980 -1.968643
-1.749941 2.499964 2.242082
-2.049424 0.965580 -2.714973
-0.751456 3.650680 0.017498
-0.827701 0.041128 3.060055
-0.398164 2.920649 1.994529
-0.718940 3.504956 0.981616
-3.460382 2.082123 0.215231
-0.022837 -0.568108 2.775180
-0.625729 1.484067 2.972108
-0.295782 0.383128 3.062197
-2.978792 2.479521 -0.960490
-2.580112 2.291054 -1.761324
-1.570036 0.932120 2.990160
-1.005936 3.329399 -1.299107
-0.122181 0.323341 3.023550
-2.114194 2.219133 2.279099
-1.983928 1.936982 -2.426750
-0.222647 0.991988 -2.929387
-0.824090 0.001269 -2.952362
-0.293945 -0.265229 -2.844886
-2.627259 2.676922 -1.234329
-0.312754 2.125852 2.653418
-0.836387 0.915944 -2.992320
-2.251914 1.448238 2.599881
-3.296304 2.336829 -0.176117
-2.948244 2.194886 1.515639
-0.116205 -0.119743 2.948325
-2.817954 2.681528 -0.895785
-3.324054 1.589626 1.450779
-1.391854 1.832964 -2.681800
-3.294830 1.697836 -1.321480
0.078122 0.061742 2.935214
-0.927529 1.642621 -2.820447
-2.365898 1.652518 -2.350751
-3.218097 1.924377 -1.256228
-2.391659 2.504929 1.823863
-0.621706 2.979285 -1.855408
-0.471528 3.455186 1.078339
-2.222011 2.948873 -1.277879
-0.907323 1.404755 2.997736
-2.759408 1.666570 2.133712
-0.385438 3.507293 -0.782555
-3.024471 2.198220 -1.292593
-0.236928 2.728594 2.167948
-1.437017 1.348978 -2.843857
-2.398464 2.176293 -2.017364
-0.445280 0.257912 -2.971739
-0.831302 3.411736 1.236001
-2.377521 0.778932 2.661332
-0.576994 0.425385 3.097929
-0.752114 1.272322 3.033022
-1.859675 1.340863 -2.718372
-2.510759 2.644487 -1.432383
-1.523711 2.123593 -2.495830
-0.718913 1.954168 2.788741
-3.273661 2.047770 1.093957
-0.312465 3.611799 0.139604
-1.712873 2.155217 2.514161
-0.788128 3.627327 -0.330884
-2.491614 1.315667 2.490254
-2.014048 1.315986 2.760805
-0.596814 1.185917 -2.945114
-2.242105 2.338270 2.102432
-2.477731 2.016848 2.169915
-1.609006 1.678704 2.791517
-0.755272 3.168975 -1.598220
-0.592902 3.588880 -0.530423
-3.395651 1.769654 -1.046499
0.287863 2.298428 -2.616255
1.476444 3.098499 -1.725909
2.519214 1.944582 -2.249416
2.467567 2.564883 -1.644872
1.179608 1.955934 -2.929830
1.583825 2.797749 -2.198951
2.399451 2.149383 -2.241567
1.694959 2.023449 -2.783504
2.038740 2.174176 -2.527093
2.732280 1.310526 -2.218756
1.719386 2.898342 -1.973564
1.577731 0.817552 -2.991846
2.293452 1.422722 -2.645101
1.758198 2.367480 -2.548128
0.448962 2.877177 -2.101190
2.091823 2.696260 -1.971238
1.944481 2.072921 -2.643677
1.675296 1.682371 -2.916664
0.782251 2.319568 -2.734946
1.944525 0.960274 -2.870719
2.191879 1.737169 -2.638746
0.557643 1.703831 -2.974171
1.658230 1.456043 -2.970145
1.809154 2.944974 -1.815861
2.541396 1.560285 -2.393453
1.202050 0.874563 -3.069442
0.983136 1.067531 -3.094258
2.181130 2.305548 2.322964
1.111056 2.314381 2.673006
0.635682 2.386279 2.574713
2.712691 1.865313 2.070624
1.013544 2.018641 2.813436
0.328031 2.613701 2.285162
2.609785 2.520910 1.628267
0.667536 1.672315 2.875553
1.257328 3.216535 1.648573
1.857976 2.395598 2.450785
2.514443 2.198561 2.100911
1.806817 1.631812 2.796970
2.008233 1.004628 2.738133
0.418556 1.975019 2.719505
2.920244 1.774956 1.799690
1.363997 1.224864 2.942224
1.291644 2.241586 2.701727
0.741341 2.677738 2.374152
-1.462013 -1.097142 2.985581
-3.685069 1.676144 0.163491
-3.158714 1.046100 -2.100217
-2.712664 -1.901771 2.434135
-2.193233 0.017652 -2.957530
-1.125375 -1.861575 -2.719592
-0.615644 -2.419646 -2.206156
-4.033491 -0.769432 -1.756943
-0.218348 -1.472070 -2.596758
-3.681977 -1.861845 1.682719
-3.874063 -2.162516 1.035974
-1.087161 -0.768571 -3.027966
-1.506460 -0.615948 -3.070747
-3.479559 -0.497979 -2.375260
-4.007950 1.202207 -0.621225
-2.430042 -3.379295 -0.493585
-2.632169 -1.076473 -2.809309
-3.787447 -1.156471 -1.974419
-1.073508 -1.653420 -2.807101
-1.294648 -2.771477 -2.041936
-2.984441 -0.334138 -2.703093
-2.285152 -3.441978 -0.335072
-2.775900 -2.881399 -1.468478
-2.478889 0.662406 2.657946
-2.380052 0.798699 -2.655160
-4.245606 -1.839285 -0.459372
-3.784678 -0.390169 2.057359
-3.893789 -2.247670 -0.859970
-2.927922 0.576026 -2.518892
-0.303384 -2.892459 1.433037
-4.229191 -1.469074 -1.084504
-3.140432 0.538875 2.377952
-0.569978 -0.929922 -2.884453
-1.908582 -3.252206 -1.282432
-3.348078 -1.665068 -2.181160
-2.559220 -3.312384 -0.616854
-3.388703 -2.879940 -0.489654
-3.800285 -2.292832 -1.007725
-3.591301 -1.637881 1.941363
-4.078355 0.813798 1.073996
-0.871288 0.001153 -2.959531
-0.827306 -2.415308 -2.286913
-2.717608 -2.381674 2.083344
-3.048609 1.078969 2.131056
-2.528584 -3.183517 1.052554
-3.798570 1.562224 -0.119943
-2.723983 -2.355040 -2.130139
-2.856287 -3.082602 0.940473
-4.150953 0.598446 -1.164038
-1.796105 -3.326797 -1.138068
-2.965623 0.253781 2.585980
-0.327754 -1.675713 2.538088
-2.483649 -2.872144 1.660574
-3.519307 0.083082 2.242872
-3.892472 0.153236 -1.852859
-2.755971 -3.290851 0.194204
-2.072803 -1.656660 -2.791732
-1.350400 -2.706982 2.091067
-4.207271 -1.933439 0.364818
-3.834939 1.164410 -1.163269
-2.249587 -3.455577 0.261041
-0.128590 -1.671044 2.436278
-3.948130 0.863993 1.288305
-2.120805 -3.080310 -1.538335
-0.812002 -1.072404 2.903268
-1.437030 -3.361138 1.048948
0.086315 -2.533277 -1.618193
-2.534322 -1.363795 -2.771050
-2.278844 -1.925860 -2.612584
-0.352051 -2.516901 -1.980721
-0.711964 -1.484276 2.762498
-1.845217 -1.689972 -2.812313
-1.543504 -1.427244 2.900568
-2.227199 -1.036300 -2.943885
-2.713843 -1.975047 -2.416574
-3.840449 -0.956699 -1.970199
-1.969346 -3.039849 1.626212
-3.834928 -2.424566 0.568944
-4.035242 1.267123 0.083782
-4.069877 0.215907 -1.572391
-3.850294 -2.487455 0.132326
-4.160342 0.292844 -1.372985
-2.444151 -3.395026 0.324443
-2.877956 -0.972687 -2.720287
-4.242232 -1.605702 -0.903041
-3.288602 -2.934321 0.557277
-2.047639 -3.504260 -0.194103
-3.956753 -2.361339 0.048786
-0.935380 -1.352425 2.861848
-3.506618 -2.832050 -0.057103
-1.330764 -0.830415 3.021207
-3.149606 -3.091758 -0.036907
-2.605248 -0.159265 -2.860224
-3.030506 -1.670683 -2.408659
-0.488910 -1.227210 -2.794039
-3.537601 -0.139290 2.272336
-1.950094 0.182289 -2.968741
-3.039063 -1.412258 2.487406
-3.038750 -0.008301 -2.633366
-1.608391 -1.316451 -2.959548
-2.227128 -0.664857 -2.988868
-1.306466 -3.295775 1.193609
-0.224929 -2.290156 2.089105
-3.670816 1.638829 -0.516212
-0.806709 -2.208293 -2.440808
-1.863228 -3.302631 1.153584
-2.217151 -3.384521 -0.745873
-0.986892 -1.955786 2.618142
-2.631335 1.052307 -2.415710
-1.543373 -3.103790 1.582822
-3.128710 0.141110 2.520144
-1.862038 -2.449486 2.316582
-1.889834 -1.023257 -3.005990
-3.607983 1.021115 1.650904
-3.603705 -1.402304 -2.075753
-0.765902 -2.738013 1.918967
-3.587087 1.553237 0.967124
-2.067646 -2.012855 -2.615108
-1.965625 -1.273860 -2.940412
-0.848692 -0.782051 -2.981563
-1.681530 -1.928738 2.684948
-3.888245 -2.072117 -1.165790
-4.094567 1.147965 0.324943
-1.356224 -0.423959 -3.067384
-3.745148 -2.170128 1.275955
-1.015127 3.621378 0.732239
-2.736675 2.929545 -0.615248
-2.654978 3.151855 0.588467
-1.264756 3.568718 -0.610591
-2.133214 3.392893 -0.561823
-1.416859 3.689535 0.440622
-1.542281 3.453827 -0.822815
-2.986155 2.744547 0.700476
-0.970188 3.487856 1.076815
-2.497640 3.112074 -0.682701
-0.860554 3.652260 -0.139012
-3.090533 2.620237 0.609797
-2.011173 3.438119 0.909835
-2.847801 3.023113 0.212967
-1.839117 3.615924 0.447532
-1.055162 3.694685 -0.015074
-2.662755 3.145581 -0.257665
-2.380118 3.403058 0.195340
-2.410305 3.371197 -0.058519
-1.410300 3.605926 -0.490206
-1.872363 3.019332 1.629708
-1.455443 3.703407 0.225283
-1.527341 -3.538597 0.291718
-1.462440 -3.480203 -0.836586
-0.124502 -3.326428 0.358275
0.149040 -3.214029 0.076763
-0.151757 -3.392477 -0.378023
-1.251847 -3.559687 0.366873
-0.481272 -3.275908 -1.147647
-0.405669 -2.775738 -1.714947
-0.896623 -3.452454 -0.968328
-0.555437 -3.417766 0.604376
-0.474853 -3.326333 0.758279
-0.505229 -3.542427 -0.171830
-0.312892 -3.389967 -0.730872
-0.158108 -3.409095 -0.193780
-4.338209 0.651258 -0.636387
-4.715050 -0.585776 -0.382226
-4.718360 -0.073000 -0.198760
-4.709524 -0.880145 -0.141728
-4.570352 -1.317366 0.211447
-4.655166 -1.109125 -0.038751
-4.658225 -1.007757 -0.297460
-4.269340 0.741387 0.759217
-4.439156 0.665055 0.336555
-4.678637 0.051419 0.400642
-4.392293 0.726288 -0.284835
-4.620223 -0.662277 -0.691089
-4.595681 -1.183115 -0.328278
-4.449817 0.456629 0.728081
-4.473771 -0.397629 1.131626
-4.378109 -0.072402 -1.126007
-4.522136 -0.801198 -0.873671
1.627527 -3.284457 1.539949
2.554815 -1.774672 2.582462
0.167751 -3.157042 1.369963
0.254769 -1.693995 2.886519
0.844400 -3.196073 1.808929
1.665209 -1.297591 3.094374
2.583171 -2.656889 1.859627
2.142918 -2.812658 2.079284
1.689027 -2.939424 2.160086
2.208855 -2.237223 2.573575
1.069658 -2.588710 2.608042
2.417327 -1.241875 2.799220
2.573584 -0.963621 2.700625
1.971706 -2.757180 2.255289
1.947290 -3.241558 1.393169
1.524463 -2.679654 2.495382
0.820348 -3.387733 1.240980
3.939008 -1.912531 0.795236
3.098371 -2.210700 1.829910
1.740763 -3.090715 -1.763150
1.995335 -2.695757 -2.162266
2.878652 -3.083389 0.797752
2.683536 -3.241052 -0.749838
2.375788 -0.439022 -2.899512
2.228132 -3.451696 -0.656368
3.450530 -0.781365 2.114559
0.306596 -2.678109 -2.036660
4.190939 -1.577022 -0.364117
2.985150 -2.994017 -0.954318
3.267869 -0.795491 2.278689
3.314314 -2.121704 -1.786081
1.750339 -1.693195 -2.861619
0.834306 -2.293336 -2.537328
2.980730 -3.081650 -0.687337
0.570771 -3.551502 -0.240320
0.879008 -3.574154 -0.573384
3.531576 -0.280585 2.012270
1.486102 -2.059708 -2.720787
2.737229 -2.600356 -1.867576
3.177807 -0.499937 2.355225
2.744139 -3.077678 1.020417
2.953110 -3.165250 -0.324736
4.132744 -0.988381 1.050721
2.825361 -2.224551 -2.147842
0.405461 -2.593160 -2.167237
3.273101 -2.946157 -0.031578
0.474611 -2.986940 -1.749503
1.236205 -3.551496 -0.824403
0.690351 -1.219354 -2.962653
4.163728 -0.982849 -1.074760
3.510533 -2.675566 0.404539
3.199049 -1.851972 1.995487
1.583277 -1.579660 -2.922663
2.664855 -2.144459 -2.310390
2.650324 -0.437326 -2.782441
0.973477 -3.615242 -0.371413
2.704603 -0.291480 2.637588
3.024438 -1.987721 2.060166
4.033885 -0.716259 -1.427824
2.271673 -1.400714 -2.831420
3.902880 -2.130556 0.487552
3.831567 -0.744646 1.662686
2.059017 -1.721905 -2.785703
4.181447 0.010939 0.780322
3.092638 -1.868526 -2.182760
1.895911 -3.155787 -1.616645
4.269730 -0.357106 -0.762432
3.465029 -2.533454 0.933503
3.481047 -1.629552 1.834166
2.770094 -3.273899 -0.317248
1.128327 -3.112439 -1.770772
1.068990 -3.623596 0.278953
0.954847 -2.577562 -2.342041
2.272602 -1.213509 -2.877506
2.040190 -1.298786 -2.926062
0.806969 -3.485171 0.797114
3.976535 -1.461153 -1.273015
3.147138 -3.038990 0.130718
3.907586 -2.069894 -0.721195
1.813267 -1.975254 -2.725430
2.445313 -2.143386 -2.427669
2.420150 -3.433663 0.236497
3.845542 0.108208 1.486809
3.091465 -2.966967 -0.812201
1.025667 -2.813758 -2.127465
2.598851 -0.102700 -2.764906
0.536349 -2.861689 -1.939294
3.177533 -1.011043 2.324896
1.567718 -2.716322 -2.233204
3.326213 -2.820519 -0.653248
2.831757 -1.149352 2.532919
1.206448 -2.361800 -2.535683
0.689967 -2.431622 -2.403670
3.901825 -1.291859 -1.514965
3.651248 -2.377102 -0.898439
2.984132 -0.973430 2.469375
0.249915 -2.227328 -2.392812
2.976104 -3.112077 0.465007
2.824292 -1.331383 2.492740
3.028483 2.813185 -1.222179
2.707548 1.122500 -2.731122
2.633800 1.418493 2.664275
3.611223 1.974332 1.129573
2.475175 3.489154 -0.569461
3.307826 2.825036 0.045957
0.427870 2.591772 2.742179
3.230840 1.580943 2.047388
3.059376 1.229120 2.356454
3.896628 1.811869 0.029369
2.576887 2.455793 -2.205671
0.817585 2.958736 -2.506612
1.436603 1.144624 3.256144
1.674253 3.147318 -2.104108
2.814144 0.886373 -2.681834
3.931755 0.753865 1.044510
1.460966 -0.035190 -3.271965
2.947310 1.060001 2.496451
4.038706 1.310040 0.037618
2.948500 0.030844 2.457843
0.217336 0.935625 -3.376803
3.190925 2.547996 1.291829
3.760332 1.312980 1.307784
3.845379 1.724440 -0.750201
0.063873 2.402733 2.807879
2.884747 3.121164 0.776611
3.604595 2.398171 0.217702
1.862624 -0.377026 -3.057996
3.600548 1.239690 -1.705302
3.266886 2.838565 -0.421755
1.653809 -0.189156 -3.184742
0.778081 1.627002 -3.277304
4.058049 1.113904 0.291305
2.873188 2.956690 1.192616
2.983971 2.932530 1.024746
2.083258 0.256630 -3.111025
0.968130 3.900105 -0.943064
3.407613 0.655597 2.039542
2.215447 3.647734 -0.491637
0.521311 4.016303 0.297074
1.086441 3.366092 -2.017048
3.908215 1.722346 0.336910
3.532403 2.403724 0.647375
0.613811 2.686164 2.685801
2.453108 0.749065 -2.940502
0.091136 1.895499 3.072341
4.018465 1.340736 -0.335640
-0.037776 3.610414 -1.496203
0.861214 3.990666 -0.561347
-0.168505 3.518613 -1.603091
0.838174 1.259423 -3.365401
2.198623 1.314469 2.953535
3.786979 1.300801 -1.302417
1.052329 0.908117 3.345975
0.095071 2.847547 2.484124
1.949945 0.392875 -3.180613
0.972784 0.808813 -3.410696
3.293648 2.704471 0.743783
0.345837 0.131175 -3.368290
3.621721 0.470731 1.716558
2.712327 3.335474 0.478423
1.605378 3.840214 0.674416
2.434724 3.389466 0.972550
3.380830 1.744925 -1.808922
3.802402 1.106108 -1.350620
2.901075 3.217886 0.260913
0.353959 0.461281 -3.402605
1.734506 -0.229940 3.097384
2.136305 3.581388 -0.944727
1.198484 3.988859 0.259515
1.785428 1.471333 3.088924
0.609951 2.358792 2.904536
2.751772 2.850108 1.548775
0.593104 3.162790 2.247399
0.288908 1.499097 3.236677
-0.088848 3.754335 -1.124433
0.174668 -1.015029 -2.949322
0.746335 0.843134 -3.418996
2.365308 0.136394 2.899992
3.741290 1.878143 0.874375
1.362932 0.247402 -3.338764
3.346172 1.199150 2.042482
2.019422 3.497036 -1.312040
3.282699 0.267295 2.162526
2.615080 3.051152 1.419619
0.194402 3.997208 0.043132
1.451864 1.167823 -3.300034
0.398089 2.335470 2.903499
3.280653 0.930650 -2.227334
2.531532 3.435986 0.602093
-0.193065 0.213317 -3.276847
3.869702 0.746565 1.216670
3.704007 0.668455 1.579118
1.320120 0.372196 3.308218
1.770629 3.301260 -1.849820
2.967767 3.175117 -0.087438
3.586152 1.868640 1.297674
0.936665 4.015846 -0.323116
3.971665 1.532369 0.286641
3.760391 0.825352 1.457415
3.012340 0.501425 -2.520586
3.250774 2.258598 1.541949
0.086183 2.234154 2.911033
3.151534 2.879362 0.718172
2.569731 0.599508 -2.869355
2.445419 0.585043 2.895798
1.099231 1.644429 3.197913
3.269026 0.661020 -2.260136
1.111485 3.985958 -0.448215
3.276984 2.858893 -0.149095
0.417434 3.770376 1.261566
0.356067 3.979297 -0.539560
3.842064 1.920347 -0.310851
3.707869 2.192088 -0.390819
2.572946 0.063777 2.758140
3.664317 2.214187 -0.594487
0.319850 1.790742 -3.200184
2.771222 1.322112 2.587495
-0.095739 1.310643 -3.260003
2.936289 1.689007 -2.366730
0.545120 1.795098 3.167001
0.446375 1.658912 -3.257740
3.708657 2.226076 -0.173294
-1.114334 3.004588 2.423316
-1.522286 1.818951 3.135711
-1.439198 1.073639 3.353119
0.095599 -0.711233 3.062342
-1.399335 1.828330 -3.058302
-3.121752 2.372350 1.772188
-3.463659 2.494309 0.948510
-1.432039 3.742512 -1.054843
-3.644561 1.663648 1.560076
-3.553473 2.443328 -0.664667
-2.236480 3.087919 -1.750839
-0.250826 1.519464 -3.175425
-2.716354 1.881510 -2.439255
-1.781378 3.426700 -1.544687
-1.159602 3.812517 -0.973902
-0.389342 0.863131 3.415030
-0.583130 2.043817 -3.016760
-1.460245 3.577965 -1.431151
-1.253884 3.586630 -1.490985
-1.223120 3.811378 1.052748
-0.409479 3.109731 2.301615
-1.841190 3.169187 -1.903271
-0.587193 2.972155 -2.368235
-0.099650 1.643568 3.207814
-3.418947 1.723962 1.889306
-0.387900 3.422928 -1.787471
-3.486267 2.166776 -1.300958
-1.163020 1.560007 3.288082
-1.089493 3.349629 2.015543
-1.821934 0.584499 3.290748
-2.928613 1.173157 2.631119
-2.588566 1.590735 2.758934
-2.019706 2.301867 2.720173
-0.660116 1.292413 -3.274138
-3.287455 2.141654 -1.663133
-2.950771 2.575419 1.772869
0.032849 1.091916 3.309949
-1.180329 2.229517 3.004057
-2.424066 3.196609 -1.403236
-0.060628 1.425108 3.263759
-3.749711 2.207323 -0.405564
-0.331682 3.734135 1.261898
-3.780001 2.212755 0.150141
-1.050381 0.337652 -3.330690
-0.484504 -0.219719 -3.237335
-0.713311 3.095970 -2.247612
-3.349610 2.639585 -0.860506
-0.597854 3.873404 -0.815096
-0.545236 1.824600 -3.108557
-1.067953 2.416830 -2.804982
-2.613492 2.691644 -1.908178
-0.307933 3.707667 -1.219428
-1.300298 1.203818 3.355778
-1.687070 2.563990 -2.570799
-0.758874 2.391064 -2.834195
-1.824652 2.937069 -2.184401
-3.141613 2.264961 -1.750960
-3.211766 2.973590 -0.136940
-1.285406 1.073633 -3.279332
-0.946901 0.809658 -3.339405
-0.217094 -0.252220 -3.192862
-0.568891 3.763967 1.251256
-1.292018 1.360079 -3.224056
-0.476586 3.608876 1.584024
-0.446814 0.483588 3.430676
-0.662477 0.255294 3.430930
-1.025698 2.416820 2.908914
-0.424092 1.409047 -3.229350
-1.162460 3.603468 1.582930
-1.057323 3.442252 -1.783339
-2.172946 1.222857 -2.992530
-2.751176 2.526805 -1.944892
-2.888998 2.277485 2.129586
-0.259731 3.253372 2.096503
-2.403440 1.339399 -2.849494
-2.355705 2.965367 -1.815911
-3.172373 2.760299 1.143151
-1.982897 1.334920 -3.046953
-2.978718 2.050550 2.207423
-3.468699 1.973068 1.628867
-1.431350 3.392872 1.867558
-0.135613 0.851585 3.375687
-3.542648 2.290300 1.105537
-3.493873 1.812885 1.715704
-0.451189 0.236309 3.414171
-1.240837 2.080560 -2.973377
-1.530904 3.641757 -1.257459
-3.265111 2.359797 -1.473732
-1.810739 2.780123 2.444494
-2.576475 2.943405 -1.637263
-0.555392 1.052131 3.410279
-2.462712 2.048477 2.628702
-0.153664 -0.692114 3.132963
1.547451 1.522603 -3.242328
1.790112 1.225875 -3.201380
1.464931 2.996902 -2.390448
2.381585 2.207908 -2.587457
2.073303 2.379320 -2.693461
1.025911 1.650350 -3.281781
1.949825 2.974244 -2.167020
0.608902 2.602633 -2.801206
1.135653 1.961272 -3.188680
0.780847 2.673810 -2.772363
0.739880 1.877568 -3.206012
1.695056 1.964230 -3.082608
1.100379 3.040242 2.385123
1.659454 3.297462 1.888718
1.587732 1.888239 3.054847
2.281266 3.049276 1.820450
1.590596 2.229761 2.926078
2.374359 2.788536 2.098667
1.636743 2.921397 2.418531
2.042478 2.687952 2.454263
2.455937 2.873810 1.894054
1.006307 2.634036 2.751209
1.976052 2.216085 2.801586
1.864719 2.381983 2.759792
1.694022 2.444355 2.782989
2.596513 2.486736 2.181363
-3.846395 1.599531 1.340964
-2.898462 1.353322 -2.521173
-3.942566 0.057751 2.322416
-0.718364 -2.161083 -2.861567
-3.663202 -2.677909 -1.514460
-4.051321 1.790013 0.091234
-3.039227 -3.540751 -0.092379
-2.019050 -1.309752 3.251298
-3.882739 1.340603 1.624149
-0.015575 -3.171294 1.429351
-4.716089 0.563388 -0.577834
-4.256385 0.993143 1.379555
-3.137352 -3.207113 -1.287528
-3.523628 -3.223169 -0.398463
-4.380450 -1.514203 -1.567516
-3.944255 -2.778703 -0.739272
-4.707998 -1.701137 0.150439
-1.928817 -2.352294 2.805795
-4.633381 -0.125817 -1.362197
-2.104764 -2.031814 2.964349
-1.319513 -0.325105 -3.402402
-3.589591 -3.192652 -0.230583
-1.542979 -1.263844 -3.324812
-0.100561 -2.815435 -2.041079
-3.742278 -0.819640 -2.577945
-3.934263 0.706248 2.074889
-0.806676 -1.030390 3.264189
-4.350925 -1.634267 1.510819
-3.835832 -1.744127 2.153873
-2.243963 -0.353808 -3.335487
-2.930864 -0.429412 3.085842
-3.125618 -1.953180 2.612515
-1.887065 -1.795186 3.107547
-3.434942 1.058426 2.340279
-3.373514 -2.256722 2.237449
-3.245431 -1.124233 2.855966
-1.275797 -3.126170 -2.148791
-1.618070 -0.752268 3.375727
-2.060052 -3.825504 0.408952
-1.698609 -3.081370 -2.211910
-1.347771 -2.269188 2.879885
-0.962781 -1.723156 -3.131119
-4.470736 -2.164649 0.363353
-0.708488 -1.782195 3.022546
-1.360641 -3.564200 -1.461846
-1.469565 -0.153175 -3.395691
-3.744047 -2.998549 0.618064
-4.667598 -0.946946 1.225630
-3.353032 -2.550889 -2.017545
-3.718469 -2.963791 0.813724
-0.893447 -3.594930 1.222845
-3.995884 1.042080 1.759446
-3.571644 0.777091 2.393934
-0.391632 -1.197321 3.110581
-1.990516 -0.415161 -3.381661
-4.183779 -2.187971 1.277562
-2.965878 -2.580712 2.256408
-3.459914 -3.293721 0.073731
-4.512733 -1.187966 -1.498176
-2.424365 -2.113275 2.840144
-1.458649 -1.102331 -3.357458
-0.616543 -1.662608 -3.071174
-3.721781 0.488092 2.397310
-0.660158 -0.592167 -3.297613
-4.261870 -2.509527 0.217083
-1.539671 -3.573346 1.426092
-3.503763 -1.388706 2.609291
-1.850604 -2.306610 -2.871825
-4.449313 -1.753932 1.199777
-4.721403 -1.201310 0.935005
-3.236638 1.324299 -2.328160
-0.627633 -0.576038 3.262555
-2.030744 -3.841713 -0.329586
-1.303354 -3.778436 -0.857872
-0.278030 -0.774065 -3.160306
-2.896266 -3.453687 0.955821
-1.544770 0.141305 -3.353614
-3.492699 0.569578 2.554644
-2.178319 -2.850322 -2.377316
-3.919313 1.541286 -1.329385
-0.966608 -0.256696 -3.357305
-1.161205 -3.869745 0.125000
-2.429751 -2.247116 -2.784827
-4.551511 -1.936371 0.596582
-1.651947 -3.798975 0.772279
-2.331095 -3.516749 -1.348335
-3.160491 -1.559965 2.775305
-1.663132 -3.414344 -1.748157
-0.119643 -1.854090 2.762818
-0.826916 -2.285976 2.787637
-2.459320 -3.557585 1.132417
-3.443261 -1.518680 -2.633103
-2.893601 -0.883706 3.078441
-1.378645 -1.882280 -3.112691
-0.390241 -2.696745 -2.336166
-2.281929 -1.120166 3.243574
-3.926824 -2.351289 1.529978
-2.091554 -3.684838 1.017159
-1.294790 -3.270565 1.933028
-4.151974 1.587553 0.601111
-1.277000 -1.037187 3.332982
-2.256740 -0.534145 3.308719
-4.596548 -1.656747 0.896138
-4.327899 -1.052799 -1.868405
-0.278023 -2.202766 2.643600
-0.080571 -3.116827 1.587693
-2.490291 -1.469898 3.099776
-0.821485 -2.841846 2.339433
-0.871927 -3.186687 -1.979572
-2.649055 0.024166 3.156719
-2.492196 -0.760442 -3.264574
-1.915977 -1.764783 -3.143345
-2.658932 -2.885913 -2.150878
-2.021944 -3.005249 2.225191
-1.322596 -3.675081 1.165717
-0.919802 -2.979391 2.222941
-1.303480 -3.865216 -0.381519
-1.645765 -2.785245 -2.522030
-3.272217 -3.401054 0.274028
-2.072851 -2.224990 -2.889139
-4.474619 -1.330141 1.474121
-4.247427 1.312479 -0.981667
-2.375086 -3.778865 0.224038
-4.565659 -1.776337 -0.863496
-3.763714 -1.491894 2.351209
-3.847310 1.831312 -0.911184
-0.491175 -2.444952 2.567858
-3.612190 -1.310456 -2.577193
-1.177303 -3.119178 2.116532
-4.648089 -1.722529 -0.606114
-4.295203 -2.303820 -0.824148
-2.656987 -3.286010 1.567369
-3.074067 -0.679096 -3.038868
-1.176746 0.096814 -3.342654
-2.756309 0.904143 -2.861830
-4.447504 -1.953869 -0.981866
-2.983673 -3.095142 1.626162
-1.357230 -3.825745 0.636357
-2.298020 -0.042506 3.268941
-2.169603 -3.174431 -2.004944
-3.549859 -0.414060 -2.750193
-1.759131 -3.883660 -0.128886
-3.108137 -3.503536 0.126346
-4.436873 -0.715621 1.742861
-2.382047 -2.536013 -2.595468
-3.997624 -2.776315 -0.540392
-2.652524 0.741233 2.950701
-0.727426 -0.806363 3.274696
-4.133198 -2.605088 -0.599857
-4.468324 0.650448 1.268268
-4.795396 -1.357560 0.406738
-0.615996 -3.122438 1.936952
0.063162 -1.104509 2.925197
-4.259636 -0.498901 -2.045895
-4.661249 -1.692109 0.572428
0.020958 -3.420907 0.741466
-4.664729 0.742784 0.467945
-1.189649 -2.740607 2.514509
-1.942243 0.342599 3.256987
-0.824558 -0.968365 -3.304342
-2.316906 -1.558090 -3.145900
-1.802115 -2.637920 -2.637809
-3.852266 1.166036 1.839579
-4.244608 1.352447 0.885004
-4.227507 -1.493917 1.804285
-1.057748 -2.592371 -2.645090
-1.378741 -1.688506 3.165787
-3.809308 -0.536152 2.512815
-0.123579 -0.884716 -3.082073
-4.474951 -0.502874 1.692871
-1.657946 -2.315714 2.854182
-0.300733 -1.998917 2.774373
-1.874243 -3.617039 -1.311490
-3.408054 -0.320890 2.818366
-3.594047 -0.514462 2.691482
-4.477491 -2.172496 -0.288802
-3.522860 -0.864247 -2.745915
-3.508188 -1.601156 2.523402
-4.107237 0.426008 -2.036729
0.010873 -1.016031 -2.996570
-4.225893 -2.569973 0.012267
-2.034234 3.789645 0.571758
-1.969014 3.605239 1.190532
-1.804060 3.884364 -0.018921
-1.887322 3.867134 0.295670
-2.915230 3.121723 0.925493
-1.875704 3.823902 -0.314905
-1.447874 3.911012 0.570331
-2.697405 3.447788 -0.182587
-1.722288 3.891173 0.452637
-2.826193 3.098938 1.131843
-2.808412 3.342734 0.585838
-2.259080 3.726114 0.388718
-3.053392 3.108807 0.545076
-2.282832 3.702386 -0.159856
-2.457401 3.623700 0.392394
-0.006708 -3.408524 -1.033231
0.228095 -3.457745 0.023322
-0.691010 -3.818666 -0.386473
0.062025 -3.516672 0.307318
-0.288324 -3.693966 0.226766
-4.897951 -1.023756 0.444296
-4.770678 0.549286 0.353073
-4.971258 -0.357566 -0.336505
-4.815643 0.358352 -0.433999
-4.947739 -0.953822 0.082623
-4.882267 0.221422 0.418463
1.694623 -0.763621 3.327875
1.634710 -2.857457 2.636984
2.255411 -3.206351 1.848837
0.477179 -2.893121 2.531070
0.348175 -3.474678 1.451338
2.507426 -2.432185 2.574213
0.261266 -2.245933 2.937513
2.367768 -2.254112 2.785261
1.288126 -1.610258 3.338135
1.347524 -2.915432 2.630210
1.485189 -2.798891 2.721401
0.523322 -3.262212 2.068471
0.330527 -2.591303 2.741442
1.194995 -3.033375 2.514655
1.526076 -1.334470 3.359732
1.676640 -3.243930 2.155283
1.140281 -3.279164 2.191996
1.145675 -2.377285 3.047618
2.277729 -1.120785 3.152751
0.891729 -1.934081 3.235128
2.232871 -2.741800 2.494409
1.899024 -1.376735 3.275406
0.694007 -3.162525 2.286660
2.377206 -1.282337 3.094447
0.551192 -1.312147 3.313401
0.725999 -2.343955 -2.849676
3.056476 -1.969457 -2.570701
4.142993 -0.160812 1.690413
3.169086 -3.240895 0.882213
4.649324 -0.787153 0.264276
0.486479 -2.273557 -2.830764
3.576911 -1.917679 -2.151603
4.368122 -1.982355 0.159574
2.821391 -0.867809 2.927349
3.194865 -2.843020 -1.698595
4.357152 -1.663145 0.888069
4.651442 -0.393082 -0.313739
3.571568 -2.456669 1.601304
2.640777 -1.246314 2.955981
3.358887 -0.762427 -2.702267
0.807431 -3.686937 -1.261605
3.188600 -0.637585 2.724194
2.892973 -0.381520 -2.996718
3.637006 -2.971112 -0.575396
3.201957 -0.713236 -2.817872
0.321491 -3.268677 -1.818678
2.939919 -3.511137 0.362833
3.909977 -2.552152 0.806697
0.637366 -2.788194 -2.496823
3.998061 0.068854 -1.942265
0.889070 -3.747070 1.028128
1.257257 -3.814340 0.910217
1.398200 -3.907454 0.513945
1.561919 -3.945370 -0.187956
3.637990 -0.600685 2.362725
1.368866 -3.928231 -0.484203
1.250131 -1.582959 -3.251429
0.782458 -3.875536 -0.543074
2.861267 -3.489223 0.687171
2.753159 -3.186844 1.533807
4.411026 0.015121 1.072205
2.754859 -1.053855 -3.042663
2.328671 -3.501786 1.299494
2.774487 -1.688581 -2.867027
1.092093 -3.918890 0.390743
3.289578 -1.261935 -2.679129
2.782251 -1.695079 2.756109
2.573472 -2.787084 -2.264627
2.491026 -3.746527 -0.078083
3.270101 -0.434226 -2.766388
4.032644 -0.294763 -1.988583
2.287682 -3.430072 -1.574357
3.016795 -2.723491 1.913445
2.741901 -1.242279 -3.014960
1.798810 -2.265212 -2.920383
3.502274 -2.981294 0.859095
2.534755 -2.959901 1.999268
1.648308 -1.209664 -3.326529
2.995885 -2.467569 -2.276857
1.941882 -3.848889 -0.624706
3.189020 -3.383639 0.116564
1.151639 -3.744616 1.106428
1.354805 -2.185914 -3.002789
3.598826 -1.674658 2.157678
3.491526 -2.851597 -1.266609
1.879440 -3.049830 -2.273572
4.248099 -2.229045 -0.207952
3.407720 -3.187007 -0.517394
4.355567 0.469642 -0.961251
2.739333 -2.725833 -2.223787
0.949779 -2.085776 -3.030659
3.943812 -2.583796 0.609524
1.238886 -3.538565 -1.668784
1.727255 -2.683836 -2.646469
1.962573 -1.722419 -3.141526
1.624403 -3.883378 0.575717
4.639292 -0.891210 -0.398030
1.175370 -2.732786 -2.633783
4.231898 0.359561 1.284509
3.380075 -2.517724 -1.876744
2.306039 -0.513290 -3.247495
2.658727 -1.019367 2.987167
2.545845 -0.401143 -3.158163
3.236839 -1.070557 2.652811
2.204444 -3.828479 -0.310131
4.329893 -1.391261 1.191198
1.769366 -3.597163 -1.493331
3.362764 -1.708750 -2.466297
2.852514 -3.082074 -1.710577
1.884115 -3.502165 1.535158
3.260692 -2.997983 1.268698
3.893321 -0.838894 -2.181617
2.301267 -3.289402 1.698082
1.897577 -3.906200 0.026654
3.111073 -3.269245 -1.018598
3.405711 -2.477567 1.784726
4.080545 -2.316984 0.774672
1.971230 -2.071427 -2.990958
3.768081 -2.253530 -1.639796
2.553885 -1.097065 -3.124209
3.180212 -2.270853 2.181675
2.711968 -3.552299 -0.837224
4.093446 -0.705742 -1.925408
2.948424 -2.842928 -1.942163
4.584814 -0.468787 -0.783460
4.057730 -1.193156 1.785444
3.085290 -0.087203 -2.846384
3.187263 -0.329567 2.710751
4.429963 -0.884048 1.159118
0.346223 -3.809874 -0.012542
4.586799 -0.985903 -0.687072
3.015081 -1.971063 2.493400
4.557171 0.196537 0.231078
1.522964 -2.692387 -2.663213
1.751690 -2.428790 -2.827353
4.280479 0.173281 1.300372
3.413745 -0.036462 -2.599214
2.569898 -2.097370 -2.777575
1.096960 -3.901378 -0.612507
0.757831 -3.803175 -0.877200
3.245646 -1.458719 2.551085
0.697576 -3.681398 1.118654
0.903660 -1.643888 -3.205173
2.139706 -3.776850 0.658862
2.499285 2.987571 2.265246
0.232953 4.302650 0.543847
-0.007594 3.994608 1.458427
-0.077926 1.045885 -3.659318
1.833919 1.168425 3.500707
1.315247 0.994659 -3.698248
2.878394 0.201161 -3.039034
1.759310 3.675175 -1.935282
0.159108 4.317778 0.345441
3.320985 2.492302 -1.951536
3.343466 0.107333 -2.624444
1.212249 0.804607 -3.727361
3.958130 2.448543 0.338796
4.250855 1.310347 0.960591
2.426314 0.862309 -3.339023
0.598991 1.534657 -3.654510
0.272766 3.017512 2.826021
3.284340 2.941720 1.399293
0.476336 4.361148 0.225848
1.037356 2.889631 2.941419
1.266938 2.609094 -3.153342
0.370849 1.419209 3.616279
2.233620 3.685473 -1.562062
3.509226 2.865020 1.055144
3.245438 1.103001 2.680917
0.694835 -1.105302 -3.335006
-0.222403 0.581652 -3.647853
1.135401 1.449314 -3.650890
3.988889 1.707835 -1.463262
3.894153 2.136524 1.230665
0.776379 4.370758 -0.224687
1.817819 -0.556544 -3.391360
0.160304 4.263062 -0.759484
2.544627 3.605207 1.315201
3.393965 3.158573 0.611788
4.092152 2.223270 -0.119178
3.461388 2.604101 -1.615587
3.496369 2.208491 -1.957998
1.542470 2.577325 3.060442
2.540895 3.613443 -1.352986
0.518049 4.174528 1.172802
3.759382 0.977007 2.108178
0.528595 2.798309 -3.072371
2.081338 4.113686 -0.117709
2.370281 1.965520 3.049267
3.254458 1.853389 2.427242
0.612005 -0.925405 -3.422325
2.711354 3.730757 0.603503
0.866238 -0.750063 -3.495222
2.588069 1.830146 -3.029424
3.595416 0.496175 -2.396752
2.112706 1.866537 -3.265581
3.058437 2.727468 -2.046742
0.216163 3.771282 -2.005787
0.721417 0.839767 3.708955
0.359394 -0.257791 -3.640313
3.815009 2.577141 -0.774107
1.442948 3.082027 2.706883
3.483393 2.044928 2.046744
1.953264 3.960954 -1.201502
0.080401 0.291406 -3.696492
3.591359 2.892124 -0.786518
4.007705 1.885281 -1.263108
1.066530 4.206875 -1.080038
-0.106519 3.988051 -1.472887
0.805353 3.516864 -2.409323
1.793391 -0.319444 -3.474026
1.497190 1.109651 -3.650271
0.250740 3.412833 2.438832
1.567004 2.557468 -3.117116
4.163977 1.755990 -0.909617
1.791302 2.426908 3.073908
-0.195417 2.959227 -2.814736
0.424013 2.793777 3.016673
3.451529 0.613486 2.514709
2.402747 2.543694 2.708411
1.031525 2.703539 3.074548
3.033990 2.562242 2.179813
3.750175 2.714517 -0.663667
-0.052230 3.788031 -1.891226
3.876110 1.877617 -1.575416
1.570263 0.007967 3.558692
1.041624 3.436010 2.432009
3.316823 1.633494 -2.511661
0.310524 -1.074326 3.276473
0.078240 -0.627159 -3.488927
0.174406 3.734165 2.001848
2.234735 0.284289 -3.420839
2.880391 3.570167 -0.836232
3.682580 1.760571 -1.992311
4.299555 1.151145 -0.927688
3.543112 2.672087 1.315884
4.409785 1.060667 -0.333068
0.996582 2.148771 3.382906
1.994201 -0.309185 -3.407077
2.332329 -0.293646 -3.262654
2.485385 0.385268 3.254812
0.389212 3.111026 -2.812009
2.966536 3.509000 0.768524
1.159228 2.198593 -3.393483
2.656744 3.828054 -0.017068
0.300524 1.008596 -3.724740
3.270377 2.548437 1.913621
3.757170 2.559987 -1.016918
0.303203 -0.073106 3.624293
4.354344 1.029016 0.701118
1.096980 1.470633 3.599389
0.282228 4.341695 -0.309424
1.309576 -0.334485 -3.586516
4.152823 0.991492 1.383603
2.848103 2.187805 -2.670471
3.045903 3.276906 1.217424
0.692928 4.224035 -1.083122
3.150465 2.465742 -2.186518
1.066014 3.030679 -2.876359
2.634214 3.469920 -1.523841
1.365893 -0.216949 3.555595
3.442392 0.325740 -2.556619
3.078391 3.311518 -1.124520
2.575486 2.557369 2.583354
0.275011 4.135196 -1.275277
0.901331 2.847804 -3.035614
0.743237 3.415864 2.477019
1.459339 0.080023 -3.646431
4.442777 0.770592 0.079266
3.845033 2.668824 -0.118475
0.657127 1.155141 -3.729064
3.584621 2.710188 -1.211061
1.813899 0.363477 3.536371
0.782843 2.426646 3.257479
3.791160 2.744983 0.143502
2.890336 3.436363 1.149689
3.273303 1.359197 -2.648070
-0.047266 0.868404 -3.681391
1.653544 2.844416 2.841039
2.408385 1.400734 -3.267097
2.021118 3.567848 1.889761
2.475453 0.954771 3.254401
0.494083 0.066033 -3.715586
0.927496 4.073455 1.433148
1.594585 0.338989 3.595345
3.209300 2.422787 2.103879
1.288435 1.489445 3.569215
1.334189 2.895390 -2.939634
1.418469 3.288144 -2.565350
2.460778 1.283128 3.213753
2.627267 -0.012269 3.117368
0.280125 4.123367 1.258618
1.211674 0.534204 3.678827
1.912732 3.756585 -1.698632
1.407162 1.612141 -3.567451
0.762543 0.002964 -3.710989
1.883154 -0.149892 -3.487388
2.172252 3.945056 0.920269
2.592810 2.882124 -2.346732
1.441695 4.273934 0.441351
4.245008 1.847983 -0.045502
0.901358 2.166155 -3.432919
3.021457 1.546087 -2.818756
0.885531 0.293152 -3.745387
4.291178 0.562430 -1.090013
3.463783 2.984832 0.908381
0.561186 -0.491717 3.537235
3.017819 3.573093 -0.179647
0.062083 0.593143 -3.709281
1.120235 0.993272 3.674420
1.214386 3.223385 2.627601
1.280308 0.804927 3.666412
0.931711 4.315415 0.610208
2.827939 3.288054 1.542337
1.931657 3.368221 -2.267335
1.601808 2.080554 3.306409
2.641866 3.282706 1.774847
2.943490 1.140106 -2.980278
3.484442 2.701359 -1.442779
1.857827 4.064856 -0.979566
4.310750 1.632214 0.058152
3.965148 1.175748 1.729262
1.991853 4.136089 0.274887
2.681936 1.951465 -2.916391
2.272275 2.371295 2.894711
3.872447 1.941147 1.479073
2.683518 2.236290 2.716932
3.751065 0.753816 -2.194689
4.238305 1.477802 0.873128
-0.083306 2.071044 -3.387982
3.393806 3.222006 -0.313657
2.932785 0.323478 2.963441
3.999149 2.064511 -1.078308
0.733295 -0.246985 3.608501
1.117506 -0.273445 3.578720
0.188437 1.745485 3.508577
-3.399420 3.162549 -0.713860
-0.202825 3.926949 1.634798
-3.728712 2.852526 -0.456986
-0.783484 0.905591 -3.676657
-1.144189 1.298232 3.705837
-2.098372 2.823694 2.751958
-3.052112 3.152824 1.574282
-1.376652 0.531483 3.743832
-1.786232 2.990223 -2.641770
-1.775442 4.161860 0.572544
-3.103940 3.523192 0.277333
-0.957482 2.289539 -3.277987
-1.316846 3.395162 -2.368789
-2.782517 3.622451 0.967578
-2.620065 2.047734 -2.870337
-0.034875 2.330851 3.272787
-3.914406 2.289143 -1.117439
-3.758988 2.096952 -1.660134
-1.632053 2.115824 -3.260417
-1.089712 3.510535 -2.268722
-3.165108 2.886212 1.809291
-2.890754 3.684839 -0.081574
-0.611435 2.337040 -3.252390
-2.927604 3.202004 -1.567243
-1.966960 2.165802 -3.132769
-1.504580 2.100375 3.397310
-2.404234 1.901452 3.160649
-2.457696 2.893523 2.482460
-3.816898 2.252345 -1.394172
-0.702662 1.257295 -3.628991
-2.684306 3.486543 -1.374117
-1.325290 2.441484 3.256459
-1.953062 3.767078 1.648832
-1.037335 0.548951 3.781880
-1.241011 0.748500 -3.659683
-3.795745 2.067863 1.721089
-1.629459 2.273507 3.283985
-3.539085 3.128177 0.158431
-3.443707 2.546881 1.821542
-3.625571 3.007607 -0.305665
-3.793973 2.719677 0.723084
-2.485321 3.399482 1.849503
-1.873708 2.064348 3.313520
-2.100692 2.762882 -2.699799
-3.921287 2.437584 -0.840964
-3.203967 3.097404 -1.326483
-0.564236 -0.067370 3.724526
-3.657552 2.642274 -1.205515
-0.569065 1.034466 -3.656768
-0.252325 4.183303 0.939640
-1.784046 3.696488 1.883894
-4.112011 2.125602 0.836992
-2.552994 2.138253 2.965141
-0.522020 2.039181 -3.387525
-3.044084 2.000359 -2.583483
-0.233465 3.916110 -1.568167
-4.153740 2.202970 0.361667
-1.248566 4.288727 -0.278828
-2.874788 3.673883 -0.339433
-3.297976 1.988828 -2.350057
-2.988027 3.299779 1.404366
-2.812078 3.191771 1.824594
-2.208925 3.850273 -1.116819
-0.652393 2.852218 -2.925692
-1.935467 3.036618 -2.538870
-2.809883 2.356180 -2.558676
-3.708520 2.875553 0.570259
-1.054208 1.406884 -3.590529
-4.152238 2.141003 -0.500451
-1.326479 2.636094 -3.035603
-1.817320 1.862521 -3.314817
-3.939179 2.516564 0.669620
-2.382758 1.701052 3.248421
-2.541093 2.726638 2.574466
-3.610173 1.926759 -2.016062
-3.549859 2.046344 2.116823
-2.118341 2.955057 2.627640
-1.745773 3.899188 1.512012
-2.966478 3.611849 0.424571
-2.106287 4.053791 0.573273
-0.239716 0.762253 3.744930
-0.555912 3.257836 -2.561421
-3.401097 2.154115 2.228190
-2.592717 3.843391 -0.365340
-1.510728 3.646309 2.084503
-0.008352 1.281062 3.641112
-3.291496 3.365340 -0.174540
0.003922 -0.350716 3.580659
-0.637478 4.326622 0.147513
-0.790231 3.803615 1.965184
-2.262221 2.067107 3.156760
-1.488087 4.017704 1.378069
-3.144886 3.498306 -0.027700
-0.735944 4.277401 -0.579026
-1.253403 2.792996 3.038020
-2.735334 1.369826 3.150051
-1.454051 2.272984 -3.224422
-0.915970 2.098487 -3.370505
-0.010244 0.924556 3.691962
-1.516752 0.827096 3.711857
-2.132672 1.790747 -3.229339
-0.552351 3.055114 -2.753191
-2.503178 1.604821 -3.117938
-3.899949 2.269691 1.282497
-2.178525 1.171373 -3.375127
-2.591107 3.264565 -1.849466
-2.198045 3.067252 -2.375438
-2.148023 3.549057 1.894827
-1.211022 3.018040 2.864918
-1.526677 3.860297 1.712127
-0.391290 4.216391 -0.776677
-3.888851 2.656072 0.425925
-0.452128 0.957837 3.756397
-0.471223 3.958545 -1.545043
-2.039888 1.047254 3.546599
-3.234664 2.352322 -2.169283
-2.490641 3.744430 -1.028528
-1.563595 1.446151 -3.508453
-1.552979 1.879843 3.477877
-2.617156 2.342023 -2.705920
-3.418973 2.711443 -1.561676
-0.869125 1.795302 -3.489947
-1.338491 0.210369 3.730494
-0.352406 1.703460 -3.493350
-2.941510 1.732769 -2.790599
-1.118188 4.007605 1.536633
-1.643676 2.282165 -3.175575
-0.885990 2.552333 3.233283
-1.255471 4.292723 0.318945
-1.366182 4.159247 1.013427
-1.684377 4.096974 1.000202
-2.637443 3.631824 -1.107924
-1.509262 2.723162 3.038312
-1.061139 0.321907 -3.670581
-0.635491 2.378326 3.331651
-2.128150 3.189603 2.385420
-3.097378 3.486965 -0.491249
-0.486580 4.099492 1.309050
0.194080 -3.801382 0.223842
0.067838 -3.456117 -1.638737
-2.833694 -2.179013 -3.088439
-4.460067 -2.421851 -1.319492
-4.738580 -0.951152 1.859872
-2.938844 0.102492 -3.427942
-5.151119 0.455745 0.052370
-0.219876 -2.221164 3.032022
-2.644085 0.331088 3.461746
-0.679156 -2.656043 -2.942218
-4.886672 0.442755 -1.381511
-1.955247 0.111026 3.653439
-0.229089 -0.383808 -3.516577
-4.413540 -0.886787 2.340653
-2.037153 -0.284246 3.686782
-3.726207 -1.915418 -2.688994
-3.918618 -3.225128 0.901807
-3.146153 -1.595025 3.176415
-2.819149 -1.045235 3.455279
-5.230846 -0.783192 0.473817
-0.652777 -3.913867 1.215140
-1.947137 -3.607560 2.015707
-3.128580 -1.362109 -3.282889
-5.156415 -1.323227 0.407512
-0.462823 -2.176997 -3.176322
-0.892416 -2.855486 -2.840871
-2.634266 -0.758949 3.551278
-4.225338 -3.088465 -0.106651
-5.266627 -0.728317 -0.031331
-4.505105 1.180829 -1.549112
-5.039894 -0.772241 -1.285701
-1.480256 -2.884597 2.861617
-4.847599 -2.202245 0.281506
-0.367126 -2.045563 3.182853
-0.082466 -2.639129 -2.710546
-1.479730 -0.249634 -3.745012
-4.182105 -1.131508 -2.576141
-3.508915 -1.747506 2.904542
-0.565513 -3.959298 -1.030619
-1.785039 -4.109414 -0.933547
-4.496173 -0.081863 2.232650
-4.760719 -0.964626 -1.844736
-3.122752 -3.877586 0.080779
-4.948205 0.328369 1.273723
-1.838634 0.365533 -3.640683
-3.845945 -0.634190 -2.949825
-4.109619 1.797286 1.438685
-1.928811 -3.982936 1.272244
-3.354064 -1.225497 -3.197490
-1.454040 0.098982 -3.705311
-2.230376 -1.918736 3.373441
-5.172577 -0.529560 -0.877961
-5.241457 -0.982772 0.042536
-2.951135 -3.947445 0.203307
-3.868612 -2.430703 2.173707
-2.496788 -3.139760 2.447533
-1.148790 -4.195674 0.347204
-3.620219 -2.843427 -2.041022
-4.371212 0.215414 -2.344923
-4.331064 -2.620926 -1.292693
-0.253688 -2.447518 2.907004
-0.168522 -3.136094 -2.279917
-3.586467 -0.427162 3.112511
-1.960649 -0.306277 -3.724234
-0.532148 -3.952190 0.995785
-1.537484 -1.712396 3.522318
-0.186664 -3.684526 -1.422873
-2.815532 -3.989338 0.335485
-4.619191 0.311496 1.941734
-2.814785 -0.535806 -3.526964
-1.831153 -3.216138 -2.559774
-1.438728 -0.392299 3.724087
-0.151186 -1.525447 -3.331388
-4.320021 -0.198695 -2.491128
-1.452024 -1.601740 -3.584299
-2.701556 -2.701312 -2.796920
-2.136581 -4.008870 -1.137548
-2.966522 -0.434682 -3.467653
-3.415014 0.520461 -3.082931
-3.319465 -2.188479 2.801908
-1.845678 -4.130942 0.796907
-0.064065 -1.220454 3.347852
-0.139856 -3.860130 0.827353
-0.760580 -1.923089 -3.381483
-1.891253 -4.194445 0.386608
-4.802124 -1.729771 -1.346781
-0.595221 -3.848892 -1.371541
-2.304774 -3.150496 2.502965
-1.505492 -2.136601 -3.372750
-0.384712 -2.539508 -2.925163
-1.469528 -4.232428 -0.040714
0.001485 -3.901902 -0.111416
-3.093597 -3.216309 -2.047926
-2.788782 -1.324634 -3.437056
-1.453954 -1.064506 -3.708561
-4.449521 1.415039 -1.372324
-3.938644 -0.662664 2.846187
-2.764858 -3.887221 0.962679
-5.180878 -0.430402 0.814007
-4.909657 1.077924 0.340181
-2.243539 -4.159136 0.197216
-1.466480 -2.674539 3.023812
-0.142089 -2.572267 2.766405
-4.705029 -1.139732 1.861359
-1.789787 -1.054764 -3.702069
-0.166132 -3.908382 -0.685708
-2.446588 -3.100052 -2.534974
-0.793034 -0.811684 3.638640
-3.848776 1.173782 2.405610
-0.306931 -4.025962 0.008948
-4.988974 -1.870680 -0.405138
-5.222587 -0.486546 -0.631757
-4.626861 -2.577155 -0.294277
-1.747989 -3.697964 1.902539
-1.135293 -1.914300 3.423043
-5.120831 -0.762608 -1.038100
-4.924370 0.206440 -1.429025
-4.789851 -2.331784 -0.095228
-5.269823 -0.506853 -0.191107
-3.078571 -2.558014 -2.722251
-0.687182 -0.633799 3.626794
-0.719761 -4.132592 -0.293482
-4.393110 -0.377570 -2.421694
-0.484986 -2.980363 2.575186
-2.436528 -4.116821 0.190909
-3.871911 0.594184 -2.722577
-2.171079 -1.223203 -3.625645
-4.338336 -0.894562 -2.455171
-5.012362 -1.591642 0.812667
-1.955011 -3.042011 2.690989
-1.335044 -3.988747 1.301323
-4.148220 -3.164776 0.112816
-4.685014 -1.931578 1.397306
-1.072014 -3.074299 -2.680066
-0.579730 -1.991053 -3.304679
-0.337436 -3.334529 2.103699
-0.302447 -3.521703 -1.829425
-0.198598 -2.476510 -2.889122
-2.369966 -3.952383 -1.163185
-4.433867 -1.416510 2.160619
-3.988581 -3.175040 -0.890902
-1.824218 -3.304976 2.435474
-3.950792 -1.792031 2.528277
-2.731815 -3.487033 -1.907882
-3.995822 -3.095900 1.060323
-3.107849 -1.185043 -3.334789
-4.183309 1.914637 -1.095945
-1.668769 -4.223461 -0.245187
-4.784799 -2.321936 -0.288469
-1.213576 -4.129008 -0.828779
-3.848008 -1.013205 2.878509
-3.656270 -3.025723 1.738698
-4.736454 -0.559867 1.917439
-0.118978 -2.972692 -2.429255
-2.095273 -1.596723 3.515774
-4.615391 -2.079806 -1.418831
-4.725043 1.427294 -0.356075
-4.918756 0.632303 -1.138079
-3.917732 -1.169466 -2.814819
-3.246419 -1.793734 3.046691
-2.401673 -3.903903 1.252043
-4.164522 -1.089304 2.577581
-4.198078 -2.576588 1.583439
-4.123839 1.887757 -1.283109
-1.136412 -3.901849 1.473199
-4.817387 0.292026 1.596339
-4.958674 0.811131 0.734151
-3.153855 -0.428704 3.357086
-3.979702 -0.852986 -2.819935
-0.115191 -0.807441 -3.459431
-2.557407 -2.945196 2.618683
-4.211822 -2.325882 -1.872943
-3.821842 1.209332 -2.433153
-4.052721 -0.077508 2.720032
-1.671845 -2.993048 2.764934
-1.814432 -2.176851 -3.341091
-0.811763 -1.521080 3.509315
-0.285017 -1.840362 -3.270992
0.124560 -3.637897 -1.173810
-2.324914 -1.070557 -3.622868
-2.042313 -0.657567 -3.714993
-0.735126 -3.955711 -1.179316
-4.755179 1.308610 -0.618304
-4.128038 -2.134547 -2.149822
-5.204779 0.222934 0.015788
-5.099422 -0.275902 -1.121823
-4.772938 -1.299950 -1.700449
-4.085289 1.436987 1.924114
-1.083494 -4.165694 -0.557873
-3.039810 -3.828676 0.757501
-3.780075 -3.118246 1.419007
-2.350816 -0.367507 -3.660909
-1.157661 -3.599374 -2.061968
-3.401074 -3.733666 0.010078
-4.721354 -2.415695 0.350564
0.179961 -2.982279 -2.216428
-0.889147 -2.548655 3.043833
-0.071873 -3.767563 1.048432
-4.896763 -1.771051 -1.036440
-3.892763 0.404994 -2.773348
-4.925059 0.180837 1.413074
-2.133367 -3.993319 1.160036
0.136102 -2.797861 -2.439472
-4.532130 -2.720986 -0.202349
-2.504155 0.591574 3.431956
-2.377203 -3.980634 1.041996
-2.523949 -0.720023 -3.612818
-4.580937 0.918862 -1.659741
-1.023112 -2.225899 -3.288072
-3.042019 -0.981025 3.374229
-4.402060 1.796464 0.707929
-2.614990 -1.527513 -3.441047
-4.598613 -2.573963 0.502559
-1.310741 -3.881273 -1.581110
-0.359745 -1.303627 -3.470444
-5.025214 -0.004248 -1.262575
-1.265704 -0.750735 -3.734790
-4.184634 -1.834722 2.258696
-3.289301 1.177531 -2.862168
-2.328180 -2.495323 -3.070796
0.233558 -3.733130 0.590962
-2.716806 0.585011 -3.393644
-3.174443 -3.578598 -1.346157
-3.883744 -3.402444 0.034461
-2.304878 0.837983 -3.422404
-4.630464 -0.431458 -2.110046
-4.943707 0.860629 -0.740984
-3.636289 -1.289011 -3.002453
-3.449334 -1.354464 3.081400
-1.876756 -3.510405 -2.196445
-0.675810 -4.103643 0.450179
-2.938217 -2.378240 -2.922321
-4.714907 1.291574 -0.840925
-1.751529 -0.394753 -3.745717
-2.708850 -1.079161 -3.515342
-5.076255 -1.478997 0.671157
-3.190031 0.956578 -3.037226
-4.825017 0.303773 -1.601519
-2.518982 -3.967592 -0.985633
-0.269989 -1.001840 3.469599
-4.484882 -2.353327 1.335674
-0.901249 -4.118637 -0.678551
-1.802536 -1.967106 -3.440115
-3.984683 -3.317009 -0.100373
-3.031171 -1.292154 3.319496
-0.508973 -4.084916 0.175119
-4.695304 0.953242 -1.392603
-4.344666 -1.967335 1.965238
-2.956641 -3.855805 -0.823288
-4.733012 1.443937 0.035116
-4.766623 1.298608 0.559432
-0.428669 -3.301212 -2.222435
-5.005958 -0.270888 1.359344
-3.749838 0.528600 2.821119
-0.097768 -1.326021 -3.364584
-3.967275 0.543262 2.631112
-4.472110 -2.763260 0.435942
-3.349869 0.877671 -2.981760
-2.556070 -3.573747 1.844790
-4.687535 -2.503573 0.021665
-4.259688 -1.770470 -2.233006
-2.753093 -2.995658 -2.511083
-4.268516 2.002677 0.517326
-1.315351 -2.397074 3.198293
-3.867367 1.326711 -2.300628
0.185015 -2.442371 -2.702692
-0.676754 -1.304379 3.535520
-1.068501 -0.970885 -3.693360
-4.561028 0.593841 1.895520
-3.979787 -2.748456 1.695284
-2.614865 -3.316814 -2.214713
-4.423246 0.776417 -2.020490
-4.591081 -1.283719 -2.017638
