    0.0213053168
    0.0167067912
    0.0307028857
    0.0235471730
    0.0121502578
    0.0270297076
    0.0309799891
    0.0318858874
    0.0336204383
    0.0161010284
    0.0110051627
    0.0295469724
    0.0334117024
    0.0338798705
    0.0233629980
    0.0317509935
    0.0251511699
    0.0207967713
    0.0327826178
    0.0328217433
    0.0315663499
    0.0164246452
    0.0191315288
    0.0306043563
    0.0245379572
   -0.0389503416
   -0.0104947915
   -0.0329987070
   -0.0395790519
   -0.0255302319
   -0.0188288119
   -0.0236138277
   -0.0359699577
   -0.0368405821
   -0.0305048308
   -0.0086945750
   -0.0271816545
   -0.0240822849
    0.0038781458
   -0.0356716084
   -0.0392505107
   -0.0072292749
    0.0053008772
   -0.0339115930
   -0.0382542845
   -0.0345858806
   -0.0254394134
   -0.0270229540
    0.0082130113
   -0.0077209283
   -0.0373024962
   -0.0193803966
   -0.0008607010
   -0.0196707718
   -0.0187445120
   -0.0319779056
   -0.0034350032
   -0.0361982088
   -0.0030860290
   -0.0066816541
   -0.0362143216
    0.0078589813
   -0.0190718176
   -0.0306349256
   -0.0067542849
   -0.0143957442
   -0.0037924484
   -0.0393865599
   -0.0297656033
   -0.0320522069
   -0.0275626583
   -0.0381615347
   -0.0033415777
   -0.0355096611
   -0.0200213422
    0.0023721179
   -0.0198606830
    0.0056724503
    0.0040971514
    0.0001769010
   -0.0253929267
   -0.0218775738
    0.0172314033
   -0.0023826674
   -0.0348357379
   -0.0157679497
   -0.0285613907
   -0.0390825004
   -0.0241087517
   -0.0077663189
   -0.0363141945
   -0.0297790302
   -0.0209883328
   -0.0246175788
   -0.0188969254
    0.0110584555
    0.0133867003
    0.0291956732
    0.0003635155
    0.0028599073
    0.0139129637
    0.0061370030
    0.0199990918
    0.0126570875
   -0.0149916527
   -0.0189164141
   -0.0027373677
    0.0081116819
   -0.0065896499
    0.0198899791
    0.0171299254
    0.0012523113
    0.0030650718
   -0.0224538470
   -0.0120896635
   -0.0158872862
   -0.0085544707
    0.0130183587
    0.0090263959
   -0.0018030471
    0.0169381807
   -0.0121561877
    0.0138824617
    0.0006996034
   -0.0172249982
   -0.0175540749
    0.0048315856
    0.0223641516
   -0.0015498309
    0.0082855190
    0.0141137847
    0.0136804541
    0.0166421742
   -0.0118415172
    0.0191883109
    0.0139188638
   -0.0083367093
   -0.0131977808
    0.0099222487
   -0.0051111430
    0.0092996008
   -0.0025564998
   -0.0083495798
    0.0025073749
   -0.0038410142
   -0.0025401937
    0.0011309611
   -0.0001381212
    0.0025687275
   -0.0039915739
    0.0054180849
   -0.0020429599
   -0.0121700832
   -0.0001218410
    0.0053183099
    0.0094765254
    0.0005587334
   -0.0079758356
    0.0010038678
    0.0039818667
   -0.0010375921
    0.0125686775
   -0.0034199619
    0.0011621790
    0.0015890762
   -0.0095941938
   -0.0053673294
    0.0039854093
    0.0059987740
   -0.0151509859
    0.0041161963
   -0.0162279172
    0.0057941298
    0.0169095354
    0.0066302727
    0.0061529579
    0.0162117550
    0.0109322629
    0.0104665269
    0.0106931796
    0.0092251930
    0.0098923146
    0.0105758907
    0.0073029686
    0.0061725569
   -0.0110412257
   -0.0019614218
    0.0014629066
    0.0121885632
    0.0131441332
    0.0082316424
    0.0007125646
   -0.0076932047
    0.0035620967
   -0.0016163248
    0.0093104866
    0.0072977110
    0.0025957566
   -0.0014256031
    0.0063649124
    0.0129424025
    0.0037024907
    0.0043576774
   -0.0082903847
    0.0060735988
    0.0084061401
    0.0117922655
    0.0102532028
    0.0113047902
    0.0045311812
    0.0106093459
    0.0161064094
    0.0131645377
    0.0157762315
    0.0090901611
    0.0147375425
    0.0079825090
    0.0130846112
    0.0151839729
    0.0155282657
    0.0164279128
    0.0144820407
    0.0105215738
    0.0136245548
    0.0115615197
    0.0147270954
    0.0147419476
    0.0127567301
    0.0148097999
    0.0114733032
    0.0097261908
    0.0140599210
    0.0012295364
   -0.0071109126
   -0.0145268440
   -0.0046336185
    0.0087942196
   -0.0099789415
   -0.0212348587
   -0.0019500046
   -0.0185691829
   -0.0071672162
   -0.0052893185
   -0.0080003588
   -0.0132407580
   -0.0146756759
    0.0044355234
    0.0044026826
   -0.0024345341
    0.0015712243
    0.0018213592
    0.0059020030
    0.0073235098
   -0.0020867317
    0.0025685956
   -0.0017941721
   -0.0113444481
   -0.0098439838
   -0.0123831694
   -0.0014194211
   -0.0075794811
   -0.0130314795
    0.0018710168
   -0.0043331813
    0.0048512386
   -0.0076380743
   -0.0042880033
   -0.0001641775
   -0.0105700124
   -0.0025853036
   -0.0147725439
   -0.0092570166
   -0.0060930595
   -0.0128280876
   -0.0040085171
    0.0073121183
    0.0025492220
    0.0104436319
   -0.0106249227
    0.0043715171
    0.0000689749
   -0.0009203467
   -0.0181448461
   -0.0038582758
    0.0041263926
   -0.0077954811
    0.0030519093
   -0.0005293675
   -0.0050901308
   -0.0039433141
   -0.0065006349
   -0.0135095423
   -0.0062598670
   -0.0047887488
    0.0017888490
    0.0020132254
   -0.0147227840
   -0.0212023927
   -0.0057669311
   -0.0240023882
   -0.0132732261
   -0.0128760725
   -0.0116180338
    0.0005888640
    0.0036677880
   -0.0009966734
   -0.0123408221
   -0.0039322365
   -0.0059439063
   -0.0112917401
   -0.0164439042
   -0.0084312966
   -0.0066641523
   -0.0202056490
   -0.0009623255
   -0.0122615741
    0.0056900432
   -0.0204681089
   -0.0140370959
    0.0038469102
   -0.0002663832
    0.0158947374
    0.0158310022
    0.0163072805
    0.0066881238
    0.0141892304
    0.0115189197
    0.0102278058
    0.0118989637
    0.0141251970
    0.0098805794
    0.0156585983
    0.0143916405
    0.0166706817
    0.0078087680
    0.0178563471
    0.0133216469
    0.0099619502
    0.0156669992
    0.0166869240
    0.0146711329
    0.0160469519
    0.0134909871
    0.0091990932
    0.0049711897
    0.0102956975
    0.0194131191
    0.0090035587
    0.0075114510
    0.0070981481
   -0.0035094827
    0.0108952918
    0.0111778977
    0.0145666367
    0.0052101636
   -0.0082246419
    0.0098412155
    0.0124506117
    0.0010499163
    0.0041932394
    0.0074644110
   -0.0050134298
    0.0036662979
   -0.0003433802
    0.0084024090
    0.0006786255
    0.0085418711
    0.0093112974
    0.0100895686
    0.0114100236
    0.0047440962
    0.0074548499
    0.0077257050
    0.0077019226
    0.0024771247
    0.0035745694
    0.0063843467
    0.0107272527
    0.0071199963
    0.0194253781
    0.0184460212
    0.0225279668
    0.0224987244
    0.0240303674
    0.0203810027
    0.0239192843
    0.0116103418
    0.0134396100
    0.0182214392
    0.0205252686
    0.0225799103
    0.0069407891
    0.0181691303
    0.0101609501
    0.0227388466
    0.0241577197
   -0.0243482214
    0.0049617504
    0.0028910737
   -0.0262591729
   -0.0110301284
   -0.0030096246
   -0.0284689591
   -0.0212614638
   -0.0251541071
   -0.0249617789
   -0.0158133891
   -0.0215698815
   -0.0116766993
   -0.0305279398
   -0.0228518189
   -0.0255257341
   -0.0288128461
   -0.0032429322
   -0.0260504528
   -0.0244797496
   -0.0242131617
   -0.0240792143
   -0.0261904256
   -0.0176860986
   -0.0180632467
   -0.0303978722
   -0.0299919094
   -0.0106101987
   -0.0192609119
   -0.0226542809
   -0.0263449795
    0.0033202956
    0.0046601417
   -0.0195111022
   -0.0286002462
   -0.0278078636
   -0.0271878809
   -0.0128398166
   -0.0051197783
   -0.0256653110
   -0.0162800137
    0.0011184794
   -0.0216929076
   -0.0266262396
   -0.0047165833
    0.0125957171
   -0.0269330333
   -0.0007960783
   -0.0214357695
    0.0096716121
   -0.0127314219
    0.0152239534
    0.0134800618
    0.0103197556
    0.0096743527
    0.0059870745
    0.0129494861
    0.0066158709
   -0.0082828838
    0.0178437857
    0.0122437958
    0.0138383848
    0.0132316848
    0.0001036953
   -0.0065201750
   -0.0083008601
    0.0132880487
    0.0094803724
   -0.0126396873
    0.0016151404
   -0.0007329276
    0.0067073092
    0.0115637575
   -0.0022098515
    0.0112377669
    0.0033312856
   -0.0062818311
    0.0013248993
    0.0168252268
   -0.0039862184
   -0.0057444079
    0.0083926943
   -0.0167580895
    0.0190211053
    0.0081614504
    0.0075557584
    0.0000368875
    0.0018976117
   -0.0165583325
    0.0037506441
   -0.0085236425
   -0.0132797749
   -0.0003610249
    0.0138350667
   -0.0178669084
    0.0084424119
    0.0167596449
    0.0122872776
    0.0071234041
    0.0048556861
    0.0068601030
    0.0059591859
    0.0070116338
    0.0080421429
    0.0063260959
    0.0042169649
   -0.0046345619
   -0.0000092586
   -0.0123018233
   -0.0036592617
   -0.0029661080
    0.0042748724
    0.0117687518
    0.0038752168
    0.0110626747
   -0.0026490581
   -0.0064911480
   -0.0009935164
   -0.0115574431
   -0.0116374321
    0.0062826865
    0.0052149854
   -0.0034105699
   -0.0056668398
    0.0044310787
   -0.0071190999
    0.0027840678
   -0.0015364680
   -0.0054137570
    0.0042462401
    0.0023161833
    0.0140828073
   -0.0064245706
   -0.0138709618
   -0.0019067116
    0.0078982057
    0.0138807716
   -0.0133314907
    0.0145570648
    0.0045352771
   -0.0026672329
    0.0017042475
   -0.0047655489
   -0.0074979598
    0.0015130385
    0.0016120462
    0.0146673911
   -0.0004732587
    0.0122854428
    0.0032622974
    0.0095896211
   -0.0012112468
    0.0069183870
    0.0076354949
   -0.0067737465
    0.0056934666
    0.0081261873
    0.0023986722
    0.0050721830
    0.0045635682
   -0.0054904024
   -0.0067635251
    0.0042570729
    0.0083380164
    0.0076235357
    0.0053367702
    0.0075706986
    0.0074641995
    0.0038323279
    0.0059024097
    0.0035871071
    0.0032989465
    0.0062597972
   -0.0030784209
    0.0087055154
    0.0031665866
    0.0007319855
   -0.0016799228
    0.0047171069
    0.0120223960
    0.0120056613
    0.0106313913
    0.0115859098
    0.0112385949
    0.0085922959
    0.0120053781
    0.0117142598
    0.0090109322
    0.0129057433
    0.0117658957
    0.0101547269
    0.0067848894
    0.0063536667
    0.0049629966
    0.0045583912
    0.0105595596
    0.0087387801
    0.0122442153
    0.0121841840
    0.0106666369
    0.0118582385
    0.0119130701
    0.0093988498
   -0.0028482060
    0.0027523965
    0.0035406896
    0.0038340569
   -0.0056380280
    0.0057241156
   -0.0119680821
    0.0070470548
   -0.0032986663
   -0.0177780127
    0.0133555931
   -0.0143225617
   -0.0073993567
    0.0028092799
    0.0088906978
   -0.0084924448
   -0.0028696439
   -0.0165708164
   -0.0040156202
    0.0067492457
    0.0002567080
   -0.0064419197
   -0.0082162279
   -0.0048635962
    0.0044239611
   -0.0029746210
   -0.0046276364
   -0.0127582510
   -0.0059319765
   -0.0004591430
    0.0030281019
    0.0013390384
    0.0044931356
   -0.0207240902
    0.0096790457
   -0.0096918619
   -0.0053787204
    0.0053391770
   -0.0152018170
    0.0025251126
    0.0032967614
   -0.0210122213
   -0.0015740021
   -0.0109121855
    0.0025117716
    0.0049692152
   -0.0059158808
    0.0013254463
    0.0056394575
    0.0049605230
   -0.0035530209
    0.0013512878
    0.0045182202
   -0.0058918064
    0.0028855288
   -0.0008037102
   -0.0031673675
    0.0003959511
   -0.0124390776
   -0.0073436530
   -0.0143511859
   -0.0033734790
   -0.0110757219
   -0.0080568501
   -0.0064762155
    0.0027201875
   -0.0155529145
    0.0014627992
   -0.0041151976
    0.0017361474
    0.0059330878
    0.0018564481
   -0.0161606297
    0.0025748958
    0.0009123061
   -0.0062679645
   -0.0043262318
    0.0068234100
    0.0005881436
    0.0001718540
    0.0087191164
    0.0118556582
    0.0111328602
    0.0085689530
    0.0072809927
    0.0122520974
    0.0096137767
    0.0063530068
    0.0085699453
    0.0144901335
    0.0137201155
    0.0107305139
    0.0076725197
    0.0133663918
    0.0086409225
    0.0125242935
    0.0117809726
    0.0100249239
    0.0140113159
    0.0120803963
    0.0113140675
    0.0106565009
    0.0127026258
    0.0080422928
    0.0030469039
    0.0047582677
    0.0029526577
    0.0065314654
    0.0077384187
    0.0090420140
   -0.0078625178
    0.0051800526
    0.0033262295
    0.0134529568
    0.0044677193
    0.0064057861
   -0.0007251254
   -0.0112668783
    0.0056661809
    0.0053381482
    0.0075527782
    0.0072587858
    0.0072777169
    0.0081224331
    0.0054405032
    0.0057448277
    0.0071665279
    0.0073050441
    0.0070754698
    0.0067742374
    0.0156863437
    0.0177565574
    0.0089192476
    0.0187526977
    0.0179970533
    0.0157739926
    0.0100344222
    0.0103367169
    0.0153923907
    0.0127626893
    0.0171910141
    0.0169769883
    0.0202928800
    0.0196432532
    0.0183971950
    0.0149327968
    0.0141917984
    0.0077114260
    0.0197435515
    0.0090661580
    0.0118906556
    0.0165081821
    0.0151817736
    0.0177275492
    0.0176490162
    0.0097449426
    0.0153518983
    0.0183587459
    0.0192748717
    0.0187236355
    0.0192269866
    0.0181614993
    0.0041010058
   -0.0227681829
   -0.0092972385
   -0.0179372613
   -0.0215644240
   -0.0212313427
   -0.0225309174
   -0.0204976673
   -0.0202654109
   -0.0215575420
   -0.0070903718
   -0.0180231437
   -0.0235810090
   -0.0225510373
   -0.0211891467
   -0.0032827358
   -0.0001007345
   -0.0204143922
   -0.0145061014
   -0.0228543291
   -0.0073377736
   -0.0227931086
   -0.0236364276
   -0.0128359607
   -0.0198507521
    0.0007478970
   -0.0142069485
   -0.0148484840
    0.0070656234
   -0.0169003941
   -0.0040455145
   -0.0062986983
   -0.0239237260
   -0.0124305589
   -0.0233977425
    0.0088543752
   -0.0041741005
   -0.0230873652
   -0.0128033178
   -0.0160808303
   -0.0101464913
   -0.0224058575
   -0.0104650455
   -0.0232389102
   -0.0009070725
   -0.0199623595
   -0.0236210825
   -0.0210368771
   -0.0234465471
   -0.0124678835
   -0.0231940942
   -0.0240905000
   -0.0215137641
   -0.0084017708
    0.0010902776
   -0.0120317631
   -0.0168567282
   -0.0190963354
   -0.0102003831
   -0.0192445903
   -0.0238466204
   -0.0166251877
   -0.0192619526
   -0.0049337190
   -0.0215591029
   -0.0052741912
   -0.0229346010
   -0.0112367935
   -0.0099733928
   -0.0189627436
   -0.0155391788
   -0.0044440338
   -0.0156103536
   -0.0156960804
    0.0014382512
   -0.0120613168
    0.0059018682
    0.0000629493
   -0.0048192368
    0.0043360464
    0.0014163317
    0.0113798802
    0.0075514374
    0.0081288896
   -0.0175346750
   -0.0083469118
   -0.0142204815
   -0.0066347146
    0.0060718311
   -0.0042303290
    0.0041688096
    0.0022261160
    0.0084679787
    0.0090201547
    0.0034508475
    0.0040136782
    0.0080163370
    0.0004875678
    0.0044635495
    0.0083065521
    0.0075049491
    0.0056645606
    0.0082971080
   -0.0072739992
    0.0012224937
   -0.0005120371
   -0.0122453569
    0.0078908017
   -0.0051698469
   -0.0083446420
    0.0130777857
    0.0038400379
   -0.0042836578
   -0.0144592906
   -0.0128849936
   -0.0083295424
    0.0107986951
   -0.0014028142
    0.0072081502
    0.0049391557
    0.0103139627
    0.0105870919
    0.0179393035
    0.0064519943
   -0.0168894945
   -0.0137519163
    0.0054368076
    0.0088332218
   -0.0033657529
    0.0071107884
    0.0055195723
    0.0063852742
    0.0008510883
    0.0004560480
    0.0073448556
    0.0101086444
    0.0061328528
    0.0079545303
    0.0105880902
   -0.0042920848
    0.0012227986
    0.0089345825
   -0.0064899106
   -0.0053161349
   -0.0098518922
   -0.0002035226
    0.0056452924
   -0.0152307197
    0.0015392188
    0.0011415117
    0.0031542514
   -0.0061155813
   -0.0094592995
    0.0062492067
    0.0067367190
    0.0101932211
    0.0074776765
    0.0108998626
    0.0050446213
    0.0101115329
    0.0012613784
    0.0111735377
    0.0039776264
    0.0055054804
   -0.0094283729
    0.0115566938
    0.0000318457
    0.0094881369
    0.0115717403
    0.0065681403
    0.0102093736
    0.0039530755
    0.0043060888
    0.0043721914
    0.0001637086
   -0.0014507103
    0.0074120736
    0.0058081353
    0.0039231173
   -0.0035407450
   -0.0050876213
   -0.0132148936
   -0.0141164686
    0.0040547034
    0.0071446165
   -0.0079083243
   -0.0001619767
    0.0065728641
    0.0055819608
    0.0067699666
    0.0054678697
    0.0038794809
   -0.0037105550
    0.0001905816
    0.0083558120
   -0.0037033168
   -0.0050029520
    0.0011450214
    0.0061849207
    0.0055111066
    0.0114558179
    0.0051588953
    0.0025086615
    0.0017330774
    0.0099025807
    0.0018574129
    0.0093120119
   -0.0067629149
   -0.0013162009
   -0.0109327113
    0.0111244809
   -0.0031636482
    0.0021971081
    0.0028015164
   -0.0072688431
    0.0030986068
   -0.0020722695
    0.0049969045
    0.0060263477
    0.0115889758
    0.0035992518
    0.0109189789
   -0.0006304023
   -0.0007106449
   -0.0053800283
    0.0047888030
    0.0031270188
    0.0014621662
    0.0064532103
    0.0104537186
    0.0018399427
    0.0041887338
    0.0066731084
    0.0011040631
    0.0034960887
    0.0028235331
    0.0055982890
    0.0022417824
    0.0028082366
    0.0029899479
   -0.0032285261
    0.0057481589
   -0.0037575987
   -0.0010276304
    0.0040338389
    0.0068727501
    0.0046359217
    0.0027286838
    0.0013342424
    0.0043398020
   -0.0033214539
    0.0008740127
    0.0015211062
    0.0002160360
    0.0057693690
   -0.0009031697
   -0.0030099814
   -0.0017175431
    0.0086020208
    0.0099678408
    0.0100015903
    0.0066155028
    0.0099613846
    0.0103055890
    0.0067618224
    0.0097480364
    0.0098572118
    0.0092657822
    0.0075199753
    0.0096862367
    0.0100204380
    0.0095365133
    0.0051182842
    0.0106114447
    0.0099025442
    0.0102098606
   -0.0012143329
    0.0058998073
   -0.0049398643
   -0.0003424395
   -0.0105900762
   -0.0106153925
   -0.0100138923
   -0.0003106739
   -0.0166107025
    0.0019416666
    0.0031024459
   -0.0131368157
   -0.0121215395
   -0.0045410339
    0.0038713089
    0.0020817298
   -0.0076052169
   -0.0016970967
   -0.0115208566
   -0.0049912951
   -0.0072755017
    0.0025442064
   -0.0006874030
   -0.0032872511
   -0.0093106188
    0.0039239890
    0.0013186834
    0.0019171180
   -0.0074114271
    0.0112022676
    0.0026548772
   -0.0012899350
   -0.0147765336
    0.0001445869
   -0.0031067662
    0.0017102335
    0.0017306929
    0.0013964668
    0.0012697356
    0.0052094971
   -0.0132188455
   -0.0090753890
    0.0007363667
   -0.0001059976
    0.0025539460
    0.0052662127
   -0.0033611367
    0.0023208457
    0.0021818214
    0.0007907631
   -0.0023455818
    0.0104830805
    0.0018467576
   -0.0000240174
   -0.0015817854
    0.0024832838
   -0.0080750837
    0.0037550121
    0.0044891092
    0.0012558938
    0.0031922747
    0.0143932961
    0.0043644047
   -0.0009851118
    0.0023181261
    0.0048923998
   -0.0141367854
   -0.0072984964
   -0.0064940318
   -0.0107189117
    0.0047160147
   -0.0087213375
   -0.0005275900
   -0.0091628103
   -0.0048216451
   -0.0016399090
    0.0027926445
    0.0031090393
    0.0056912014
    0.0002274798
    0.0030143137
    0.0014023090
    0.0029014767
   -0.0068291666
    0.0031280257
    0.0023759937
    0.0031362999
    0.0032631350
    0.0023151760
    0.0022980880
   -0.0014977404
    0.0021489099
   -0.0090343855
   -0.0045295603
   -0.0150403847
   -0.0000490472
   -0.0112989142
   -0.0007992834
   -0.0071965506
   -0.0105660777
   -0.0098447527
    0.0051988473
    0.0136171209
    0.0041229393
   -0.0104036794
    0.0036671413
    0.0017676602
    0.0038685183
   -0.0076438972
    0.0039912776
   -0.0018066112
    0.0014703267
   -0.0103145944
    0.0026072000
   -0.0023762054
    0.0073231327
    0.0052781744
   -0.0068615583
   -0.0095003254
   -0.0138307581
    0.0004970455
    0.0012475844
    0.0059853678
   -0.0126593421
    0.0025913844
    0.0114978498
    0.0072041874
    0.0093261061
    0.0098808613
    0.0087651227
    0.0110725833
    0.0088726421
    0.0083822141
    0.0113191554
    0.0076042322
    0.0112759807
    0.0081167624
    0.0102209319
    0.0087994999
    0.0106099864
    0.0111692561
    0.0085072172
    0.0097359538
    0.0093909856
    0.0099756068
    0.0087901805
    0.0109361990
    0.0046911905
    0.0020162285
    0.0061529199
    0.0036467282
    0.0011993597
    0.0051272407
   -0.0021262801
   -0.0077244012
    0.0006415392
    0.0067345391
    0.0075720624
    0.0034709991
   -0.0003054076
    0.0024716172
    0.0046645342
    0.0057693018
    0.0061491061
    0.0059724118
    0.0057724301
    0.0058736033
    0.0056434912
    0.0060224110
    0.0063295541
    0.0065502069
    0.0055927629
    0.0050019373
    0.0054115721
    0.0062197107
    0.0056080642
    0.0032736680
    0.0043471245
    0.0100545379
    0.0113962898
    0.0116451368
    0.0146972661
    0.0130209952
    0.0155974443
    0.0082762267
    0.0113947448
    0.0131463331
    0.0131373317
    0.0157366183
    0.0122778466
    0.0107806472
    0.0127776539
    0.0080945711
    0.0148165931
    0.0100819181
   -0.0081628968
    0.0042213009
   -0.0159506945
   -0.0182474667
   -0.0016851690
   -0.0122110069
   -0.0152434315
   -0.0101957308
    0.0011590530
   -0.0143116857
   -0.0153766201
   -0.0143852082
    0.0032995390
   -0.0189480658
   -0.0188415701
   -0.0176819438
   -0.0127603576
   -0.0016613541
   -0.0055221607
   -0.0004455494
   -0.0188563276
   -0.0183404117
    0.0038052781
    0.0008304557
   -0.0103011291
   -0.0083909691
   -0.0193309475
   -0.0153254145
   -0.0096291212
   -0.0128468293
   -0.0085865112
   -0.0169417977
   -0.0175019576
   -0.0079105241
    0.0040773504
   -0.0184947256
   -0.0194956308
   -0.0156908295
   -0.0042114066
    0.0079226941
    0.0060301139
   -0.0176414982
   -0.0187399237
   -0.0096273285
   -0.0036985984
   -0.0191448862
   -0.0095578755
   -0.0195343664
   -0.0154789480
   -0.0158464179
   -0.0041797163
    0.0006741323
   -0.0095767369
   -0.0146725765
    0.0010581228
   -0.0172050684
   -0.0182547010
   -0.0182684543
    0.0066854893
   -0.0181864148
   -0.0079629020
   -0.0160741419
   -0.0191578834
   -0.0194922165
   -0.0040616364
   -0.0047681666
   -0.0138785621
   -0.0163782753
   -0.0137769051
   -0.0142530086
    0.0045981337
   -0.0178242074
   -0.0137274805
    0.0085789103
   -0.0182399706
   -0.0169969440
   -0.0185497853
   -0.0161173059
    0.0066917224
   -0.0162937983
   -0.0047369858
    0.0088747536
    0.0014234662
   -0.0046299089
    0.0065534468
    0.0006915596
    0.0039343237
    0.0015891945
    0.0083924223
    0.0034445056
    0.0043554377
   -0.0030354533
    0.0016876668
    0.0047250023
    0.0089918081
    0.0046893168
   -0.0064868683
   -0.0053120483
   -0.0101327075
    0.0049770422
   -0.0058480592
    0.0050688992
   -0.0043419882
    0.0034728163
   -0.0013447111
   -0.0042936753
    0.0077167881
    0.0040670177
    0.0000641915
   -0.0139000357
   -0.0067206807
    0.0012579885
   -0.0117191758
   -0.0001169888
   -0.0064004906
    0.0046203091
    0.0040293465
   -0.0091440926
    0.0065958078
    0.0010263100
    0.0046307446
    0.0083123392
    0.0055020988
   -0.0028615494
    0.0009919421
    0.0086244393
   -0.0064155196
    0.0070633771
   -0.0063096032
    0.0068310481
    0.0070636149
    0.0066036148
   -0.0018858502
    0.0079807718
   -0.0068168507
    0.0090195793
    0.0084167234
   -0.0078224556
   -0.0042867071
    0.0024221338
   -0.0086387832
   -0.0019325991
    0.0042405447
    0.0068323293
    0.0055578584
   -0.0032471460
   -0.0081487707
    0.0034253509
   -0.0067284328
    0.0129166923
    0.0045338450
    0.0071501431
    0.0086182229
    0.0083894826
    0.0054569855
    0.0088595685
    0.0072103682
    0.0076079600
   -0.0155680980
   -0.0041967524
    0.0091117156
   -0.0005953450
   -0.0079658031
    0.0023209046
    0.0045955649
    0.0016969166
    0.0056935211
    0.0087090552
   -0.0022894208
    0.0081098733
   -0.0077290112
    0.0048680816
   -0.0091611381
   -0.0043620317
   -0.0023419487
    0.0104424745
    0.0047623566
    0.0028421007
    0.0009057169
    0.0071338691
   -0.0039854479
   -0.0025562440
   -0.0100414379
    0.0033585996
    0.0075043714
    0.0030248670
   -0.0078151587
    0.0078077472
    0.0086157047
   -0.0097045213
    0.0067525590
    0.0015186942
    0.0089568125
    0.0078620845
   -0.0029352180
   -0.0016322030
    0.0080909303
   -0.0016317772
    0.0000749565
    0.0059489490
   -0.0030486056
   -0.0021614492
    0.0079200976
   -0.0003465596
   -0.0012692598
    0.0065447428
    0.0023759220
    0.0007052843
    0.0105017839
   -0.0034446997
    0.0046475801
    0.0058764326
    0.0069287410
    0.0036651147
    0.0041638276
    0.0030179858
   -0.0023777812
   -0.0028248347
    0.0047793176
    0.0073720829
    0.0040965064
   -0.0008578528
    0.0056555069
    0.0056919136
    0.0093766187
    0.0079157433
    0.0031020653
    0.0033273122
    0.0060305317
    0.0029848167
    0.0058378498
    0.0017589718
    0.0024717988
    0.0077560504
   -0.0012308774
    0.0000051876
    0.0009680314
    0.0034031970
   -0.0045908750
    0.0004509549
    0.0051996193
    0.0061478608
    0.0041056129
    0.0042179704
    0.0059495588
    0.0043910012
    0.0094789853
    0.0052710229
   -0.0094513728
   -0.0114411513
    0.0036170014
    0.0040776193
    0.0080713036
   -0.0017762939
   -0.0002451634
    0.0012396640
    0.0074066109
    0.0013396694
   -0.0002310232
    0.0002781433
    0.0017201616
    0.0004518051
    0.0064575216
   -0.0066372734
   -0.0073368788
   -0.0116372355
    0.0093843324
   -0.0053993732
    0.0090766810
    0.0036690479
    0.0025161874
    0.0049047351
   -0.0034415818
    0.0086533069
    0.0048963092
   -0.0063603806
    0.0006061797
    0.0038191082
    0.0085368840
   -0.0056933688
    0.0024189252
    0.0064108530
   -0.0059538686
    0.0030669072
    0.0040011242
    0.0077912796
    0.0052837238
    0.0053443957
    0.0035379137
    0.0036587533
   -0.0020814414
    0.0061802384
    0.0015976428
    0.0052525125
    0.0027761081
    0.0035584623
    0.0024979470
    0.0076641762
   -0.0006458597
   -0.0022421992
    0.0044917449
    0.0012004449
    0.0021430376
    0.0000339878
    0.0040287955
    0.0035923292
    0.0012511731
    0.0038033404
    0.0009042661
    0.0010357765
    0.0086839172
    0.0080189344
    0.0084958490
    0.0069331532
    0.0083570545
    0.0069141760
    0.0081775324
    0.0076737555
    0.0066078199
    0.0086299729
    0.0079336168
    0.0080321310
    0.0082101687
    0.0064485141
    0.0040470273
   -0.0046447833
    0.0012520125
   -0.0102711359
   -0.0001507816
    0.0047796410
    0.0017318936
   -0.0004076187
    0.0032595427
    0.0106882703
    0.0040946279
    0.0038629561
    0.0000199695
    0.0014708890
    0.0007770323
    0.0014062690
    0.0040508596
    0.0014589654
    0.0019659313
    0.0006585220
   -0.0102636418
    0.0016575960
   -0.0093098030
   -0.0104846193
   -0.0032129271
    0.0019416901
    0.0030849199
    0.0029289192
    0.0013972307
   -0.0083295874
   -0.0012832944
    0.0004221831
    0.0005920564
    0.0009422376
    0.0010642274
   -0.0003391026
   -0.0043750847
   -0.0005967291
    0.0028212225
   -0.0037330358
    0.0028898019
   -0.0103263956
    0.0033078487
    0.0054224714
   -0.0011671914
   -0.0099313403
    0.0021630417
    0.0042350361
   -0.0015886839
    0.0021565380
    0.0054568045
    0.0028704703
    0.0007749332
    0.0067402600
   -0.0089029124
    0.0026409400
    0.0011499821
    0.0018358973
    0.0012539266
    0.0005030567
   -0.0097045901
   -0.0117202435
    0.0008446972
   -0.0117223668
    0.0027251623
    0.0038656203
    0.0003512728
   -0.0063405999
    0.0033303791
    0.0044491029
   -0.0035268556
    0.0032578136
    0.0020455753
    0.0009642209
   -0.0130552822
    0.0021565016
   -0.0096094408
    0.0002203128
   -0.0037071118
    0.0010450785
   -0.0108060220
    0.0034713440
   -0.0050175915
    0.0036456972
    0.0035600151
   -0.0002263903
   -0.0000130758
   -0.0018976627
    0.0117011231
    0.0055214959
    0.0024827640
   -0.0035139614
   -0.0010024009
   -0.0087177085
   -0.0096689547
   -0.0009029848
    0.0021160633
    0.0029506612
    0.0043625906
    0.0048372263
    0.0008478076
   -0.0015805553
    0.0038674653
   -0.0000778612
    0.0102167305
    0.0107479207
   -0.0004813755
    0.0061693271
   -0.0048836230
   -0.0017341525
   -0.0074320044
   -0.0074986282
   -0.0024536885
    0.0023139881
    0.0043199408
    0.0057119479
    0.0023160904
   -0.0051953796
    0.0019257348
   -0.0059977675
    0.0033391960
    0.0023774303
    0.0023760348
    0.0025122570
    0.0010137750
    0.0026195439
    0.0082841125
   -0.0031988492
    0.0046692867
    0.0031275961
    0.0018616868
    0.0020910533
   -0.0057900209
   -0.0101145902
   -0.0062391704
    0.0019987449
    0.0018205936
    0.0039326523
   -0.0019093385
   -0.0023383341
   -0.0042537147
    0.0025641336
    0.0018723259
    0.0031211670
   -0.0043098512
    0.0017059067
   -0.0013288948
    0.0030906446
    0.0018367387
    0.0042544727
    0.0046293175
    0.0073348208
    0.0122255182
   -0.0007957810
    0.0040590497
    0.0071881063
    0.0051592904
    0.0042380650
   -0.0018778756
   -0.0114536917
   -0.0068342071
   -0.0053854874
    0.0026294290
    0.0046059239
    0.0024164459
   -0.0075721631
    0.0017190585
    0.0006620205
   -0.0138787199
    0.0033430439
    0.0019913522
    0.0096487299
   -0.0002142084
   -0.0004560161
    0.0000394504
    0.0029016812
   -0.0040554575
    0.0005575814
   -0.0012466423
   -0.0148378030
    0.0025390621
    0.0088232474
    0.0086111796
    0.0087570838
    0.0088990933
    0.0074441799
    0.0083278114
    0.0094090300
    0.0074519667
    0.0091220497
    0.0073695435
    0.0078064574
    0.0085346098
    0.0073679293
    0.0080654935
    0.0082915402
   -0.0042394537
    0.0020484631
    0.0018355844
    0.0043500429
    0.0038894979
    0.0049063617
    0.0052229034
    0.0046993751
    0.0045091584
    0.0048633721
    0.0052628457
    0.0125759704
    0.0117928057
    0.0074140321
    0.0122175775
    0.0092078953
    0.0094469626
    0.0123421395
    0.0104960468
    0.0133805573
    0.0121665179
    0.0122405084
    0.0111124528
    0.0123760744
    0.0120061088
    0.0131138395
    0.0101217680
    0.0110687307
    0.0132220720
    0.0111489298
    0.0133729735
    0.0100532641
    0.0124515012
    0.0116799529
    0.0108171915
    0.0126208926
   -0.0146322732
   -0.0161862570
   -0.0035040264
   -0.0020513948
   -0.0104751716
   -0.0143545569
   -0.0159391872
   -0.0101530830
    0.0077875638
   -0.0144818350
   -0.0072429698
   -0.0118357190
   -0.0001890690
    0.0094214996
   -0.0146110601
   -0.0079013172
    0.0049352910
   -0.0130042778
   -0.0109868110
   -0.0143689837
   -0.0096808873
   -0.0041523889
   -0.0055383041
   -0.0134650861
   -0.0125432204
    0.0059113863
    0.0042433262
    0.0012347934
   -0.0036061946
    0.0013669155
   -0.0048979534
   -0.0149738617
   -0.0037547740
   -0.0020219302
    0.0034354269
   -0.0065623080
   -0.0149145984
    0.0036611873
   -0.0160068805
    0.0012032495
   -0.0156110161
    0.0086483966
   -0.0153479182
   -0.0053233933
   -0.0135932421
   -0.0136720372
   -0.0124411399
    0.0042744169
   -0.0153210169
   -0.0157898577
   -0.0035294429
    0.0071255687
   -0.0144971691
   -0.0158232721
   -0.0070326804
   -0.0063017059
    0.0058403388
   -0.0154555671
    0.0017203469
   -0.0134754803
   -0.0144728384
   -0.0112113320
   -0.0101050682
   -0.0108542176
   -0.0154352149
   -0.0150820900
   -0.0065909645
   -0.0109330615
   -0.0153242873
   -0.0156330511
    0.0010514474
   -0.0125278001
   -0.0146312261
   -0.0049208458
   -0.0152816154
   -0.0128444710
    0.0090426837
   -0.0126760458
    0.0049724296
   -0.0058987089
   -0.0059918631
   -0.0111218467
   -0.0160686157
   -0.0139658747
    0.0067550863
   -0.0003144131
   -0.0149364149
    0.0063186215
   -0.0031433816
   -0.0116527590
    0.0015537762
   -0.0064383270
   -0.0158977008
   -0.0151244638
   -0.0148726513
    0.0045528150
   -0.0099036275
   -0.0146100227
   -0.0148982155
   -0.0129318379
   -0.0024875441
   -0.0121143545
    0.0045674914
   -0.0066178478
    0.0007542163
   -0.0132810238
    0.0066213873
   -0.0093431591
   -0.0151291985
   -0.0156678078
   -0.0052180850
   -0.0123548569
   -0.0161585254
   -0.0049837330
   -0.0056279770
    0.0050227231
    0.0069171402
   -0.0148323245
    0.0001425456
    0.0058404566
    0.0075473183
    0.0080075428
   -0.0043635992
    0.0074332683
   -0.0037642963
   -0.0098663661
    0.0038714626
    0.0075461290
   -0.0005569045
   -0.0116607694
   -0.0045691473
   -0.0003276024
   -0.0029755416
   -0.0053535027
   -0.0017802605
    0.0071769960
    0.0033332477
    0.0070516506
    0.0073117386
    0.0019409105
    0.0063630217
    0.0034230032
    0.0023171941
    0.0038356821
   -0.0135694161
   -0.0064558550
   -0.0019007453
   -0.0043792843
    0.0005667539
    0.0063708480
   -0.0123284119
    0.0066389912
    0.0049908683
    0.0023521365
   -0.0017431380
   -0.0004707350
   -0.0017230241
    0.0072052936
    0.0029682522
    0.0074356248
    0.0007634794
    0.0023194092
    0.0046521506
    0.0064198870
    0.0038920597
   -0.0125723252
    0.0040649870
   -0.0119467909
   -0.0014464058
   -0.0098169960
   -0.0007506399
    0.0004990567
    0.0048934053
    0.0072448192
   -0.0093831879
   -0.0008497355
    0.0072076868
    0.0028940617
    0.0041539416
   -0.0072260941
    0.0002797782
   -0.0036441175
    0.0053899585
    0.0058885237
    0.0040958538
   -0.0108254160
   -0.0033299167
    0.0074800620
    0.0017340257
   -0.0042200224
    0.0070701913
    0.0024697469
    0.0070826230
    0.0025535662
    0.0062452446
    0.0072756153
    0.0045853214
   -0.0003240862
    0.0051181195
   -0.0035348698
    0.0096350734
    0.0073318779
   -0.0034731082
    0.0114563229
   -0.0110639896
    0.0077190963
   -0.0080763471
    0.0025797204
   -0.0036792982
   -0.0071583922
    0.0023689391
   -0.0070761634
    0.0071502094
   -0.0111314624
   -0.0117504234
    0.0072282633
    0.0031247221
    0.0036505182
    0.0007399540
    0.0036890754
   -0.0040620890
    0.0037120815
   -0.0009257225
    0.0076442692
   -0.0048747357
    0.0072564387
    0.0069208419
   -0.0102127247
   -0.0025311888
   -0.0006380075
    0.0038457444
    0.0057768340
   -0.0003357274
    0.0030031439
    0.0026078403
    0.0103745800
   -0.0104939726
    0.0017830682
    0.0058789820
    0.0059397738
    0.0025525179
    0.0074198789
   -0.0081629922
   -0.0077643619
   -0.0001464590
   -0.0032104754
   -0.0003172906
    0.0085764925
    0.0071057502
    0.0003935615
    0.0041539071
   -0.0045534638
   -0.0050294513
    0.0071190233
   -0.0028805835
    0.0062627275
    0.0066122532
   -0.0079041307
    0.0071152072
    0.0087581388
    0.0040055061
    0.0073398596
    0.0026496041
    0.0034499914
    0.0064428034
    0.0074059209
    0.0077101434
    0.0082696076
    0.0038560933
   -0.0012917598
   -0.0081662911
   -0.0099754884
    0.0052732441
    0.0015678549
    0.0059523276
   -0.0031121318
    0.0005813362
   -0.0032603086
   -0.0068330513
   -0.0105412452
    0.0023651203
    0.0098794819
    0.0027498719
   -0.0060024431
    0.0075799691
    0.0072917348
    0.0078950146
    0.0066999553
    0.0046309186
    0.0032375502
    0.0072024076
    0.0052064732
   -0.0049056121
   -0.0002298930
    0.0044439292
   -0.0038435186
   -0.0005404648
    0.0050633111
   -0.0011547043
    0.0065156257
    0.0007089491
    0.0057037903
   -0.0086619358
   -0.0026257270
   -0.0004768877
    0.0015445289
    0.0055418414
   -0.0028955116
    0.0095096626
    0.0103641413
    0.0061258450
    0.0043898460
    0.0079233336
    0.0042759842
   -0.0057501777
    0.0023847337
    0.0042228232
    0.0055255984
    0.0010044703
    0.0008072293
    0.0076568354
    0.0062303195
   -0.0011069277
    0.0025782438
    0.0066651341
   -0.0023122557
    0.0061349012
    0.0023639187
    0.0007837248
   -0.0023153663
    0.0031964641
    0.0048428893
    0.0062517103
   -0.0004127193
    0.0029047211
   -0.0022284855
    0.0030442782
    0.0019224757
    0.0044156228
    0.0016636767
   -0.0044218329
    0.0039012738
    0.0039249028
    0.0068596216
    0.0019187106
   -0.0065729978
    0.0036481153
    0.0032410950
    0.0053984330
    0.0042157227
    0.0047197127
    0.0050170481
    0.0059212069
    0.0025766312
   -0.0000472883
    0.0031044127
    0.0031563339
    0.0035301741
    0.0026163413
   -0.0050723131
    0.0080956257
    0.0066516455
    0.0044234702
    0.0024571923
   -0.0013187938
   -0.0018292664
    0.0057524525
    0.0044393892
    0.0072864721
    0.0059343695
   -0.0012662734
    0.0059066434
    0.0054663649
    0.0051913829
    0.0013257392
    0.0009931446
   -0.0009771028
    0.0052126010
   -0.0042831433
    0.0034942452
   -0.0002831299
   -0.0032378430
    0.0047652704
    0.0014941037
    0.0039711589
   -0.0004435074
    0.0031046057
    0.0045670534
    0.0071980477
    0.0064993584
    0.0074577162
    0.0045667931
    0.0029018596
    0.0031270148
    0.0062563622
    0.0065543839
    0.0054157541
    0.0055114746
    0.0068027486
    0.0077974762
    0.0072728205
    0.0023379191
    0.0074903724
    0.0059268773
    0.0070787648
    0.0047167374
    0.0007675012
   -0.0016658227
   -0.0017222847
    0.0053655278
    0.0010177271
   -0.0034733205
    0.0022015682
   -0.0038662046
    0.0043014006
   -0.0053773243
    0.0025329979
    0.0012158585
    0.0062630479
    0.0052369056
    0.0071062673
    0.0069310100
    0.0048636977
    0.0039069142
    0.0056233129
    0.0005130075
   -0.0001258399
    0.0050776575
   -0.0045159896
    0.0025732155
   -0.0012788897
    0.0019480427
   -0.0027251342
    0.0008425724
   -0.0022465199
   -0.0028964232
    0.0075352527
   -0.0017446269
    0.0047508414
    0.0077683107
    0.0077711024
    0.0076367832
    0.0046907097
    0.0043120314
   -0.0078138531
    0.0049056425
    0.0052143457
    0.0053497097
    0.0079460545
    0.0025033292
   -0.0070040195
   -0.0041677063
    0.0007873776
    0.0026486395
   -0.0054881328
    0.0040470676
    0.0088009695
   -0.0005251509
   -0.0083121284
    0.0016549730
   -0.0003352116
   -0.0102570973
    0.0017984483
   -0.0002859620
   -0.0023822276
    0.0018640157
    0.0003612092
   -0.0001208676
    0.0040121258
    0.0047976513
    0.0027692696
   -0.0045358839
    0.0036347588
   -0.0100898775
   -0.0070941100
   -0.0003069316
    0.0016886821
    0.0038710716
    0.0009523084
    0.0019221847
    0.0032278212
    0.0027410031
    0.0074733574
   -0.0108219024
   -0.0081621330
   -0.0017748760
    0.0006997162
   -0.0013059583
    0.0003852083
    0.0021317384
    0.0004599842
    0.0015105682
    0.0037375956
   -0.0072120281
   -0.0031091859
    0.0037188501
    0.0027837217
   -0.0041084058
   -0.0079310036
    0.0009069230
    0.0028391910
    0.0037747514
    0.0016284120
    0.0015008074
    0.0018500468
    0.0027455890
   -0.0010691958
   -0.0011575100
    0.0006724493
    0.0086872526
   -0.0084303717
    0.0002092708
   -0.0074264018
    0.0046218962
    0.0018422726
   -0.0043614375
    0.0017531762
    0.0027106624
   -0.0057680752
   -0.0038297094
    0.0006906647
   -0.0118736777
   -0.0015343236
   -0.0079234042
   -0.0034710099
    0.0000659302
   -0.0054571992
   -0.0041055840
    0.0009026390
    0.0026572839
    0.0085753092
    0.0049319380
   -0.0093885928
    0.0023050121
    0.0012783544
   -0.0025031780
    0.0020290810
   -0.0071163755
   -0.0096923263
    0.0019995781
    0.0010625902
   -0.0013927089
   -0.0053475049
   -0.0082715172
    0.0013704282
    0.0007872740
    0.0020160632
    0.0040630369
    0.0040287471
    0.0019253698
    0.0030802660
    0.0096202298
    0.0025595306
   -0.0076102358
   -0.0010948334
   -0.0030099079
    0.0032112359
    0.0017794357
    0.0019530597
    0.0026449134
    0.0032741352
    0.0020249673
    0.0030962454
    0.0032916927
    0.0024576909
    0.0015959917
    0.0024300270
    0.0038266130
   -0.0029493178
    0.0034601204
    0.0013449840
   -0.0012645550
    0.0071735783
    0.0018222900
   -0.0026821571
   -0.0067390918
   -0.0013539429
    0.0033210235
    0.0023892264
    0.0036010703
    0.0017525740
    0.0026087825
   -0.0059095744
   -0.0099074040
    0.0075384794
   -0.0056150527
   -0.0106691920
    0.0000644576
    0.0019401391
    0.0008522413
    0.0028033321
    0.0012239781
   -0.0012909702
    0.0019071728
   -0.0047415840
    0.0021111304
    0.0016300380
    0.0022932345
    0.0003337437
    0.0007193739
    0.0016894306
    0.0026821165
   -0.0094214300
    0.0007244079
    0.0008691174
    0.0034030170
    0.0021868146
   -0.0025994751
    0.0005574723
    0.0023105756
    0.0012927855
    0.0019631459
    0.0016378845
    0.0040769601
    0.0033050711
    0.0040725938
   -0.0002532238
   -0.0026043111
   -0.0113754835
    0.0016394871
   -0.0003037881
   -0.0018970721
    0.0010537291
    0.0028690541
   -0.0063554795
    0.0041205471
   -0.0111937366
   -0.0049164629
   -0.0065352510
   -0.0072723828
   -0.0014234356
    0.0030212601
   -0.0008801577
    0.0040617518
    0.0023789233
    0.0007190928
    0.0028050194
    0.0009158849
    0.0018457471
    0.0017980928
   -0.0067351172
   -0.0034884996
    0.0014434201
    0.0025294702
   -0.0108872281
    0.0049774078
    0.0059141820
    0.0018419616
   -0.0027824857
    0.0035723047
    0.0025389954
   -0.0114985456
    0.0019543548
   -0.0004417731
    0.0022951146
   -0.0063162448
    0.0007310617
   -0.0081842400
   -0.0000957864
    0.0041487528
   -0.0055242055
    0.0023862186
   -0.0016459868
   -0.0110041310
    0.0020466144
   -0.0086767368
    0.0016071258
   -0.0035515394
   -0.0046766060
    0.0045597284
   -0.0056409232
   -0.0000835475
    0.0015602231
   -0.0060266320
   -0.0002586024
    0.0029322688
   -0.0033142593
    0.0003968583
   -0.0026896426
    0.0032251853
   -0.0035973861
    0.0026163840
   -0.0077894483
   -0.0057243219
    0.0034720404
   -0.0041755880
    0.0011096816
    0.0003872443
    0.0064868534
    0.0023085665
    0.0004394082
   -0.0067072663
    0.0015277015
    0.0000977055
    0.0025676490
    0.0014497616
    0.0019445475
    0.0006367046
    0.0038197497
    0.0040292362
   -0.0066729493
    0.0036089507
    0.0007790704
   -0.0120361636
    0.0012254176
    0.0021958294
   -0.0038864970
    0.0021125704
    0.0023181389
   -0.0009178538
   -0.0026782356
    0.0043220677
    0.0032388347
   -0.0014651145
   -0.0129603816
    0.0044775049
   -0.0090785011
    0.0027797215
    0.0017920195
   -0.0020577493
   -0.0003076838
   -0.0001153099
