    0.0151016400
    0.0222251234
    0.0217730306
    0.0358785136
    0.0331600948
    0.0140152266
    0.0376067190
    0.0135202147
    0.0385021523
    0.0289199171
    0.0272384272
    0.0236048296
    0.0331583643
    0.0203673545
    0.0390055465
    0.0380925982
    0.0333881560
    0.0386225396
    0.0300551806
    0.0369486097
    0.0393409761
    0.0328779491
    0.0160712280
    0.0054516989
    0.0389608436
    0.0315709654
   -0.0298764693
   -0.0347592967
   -0.0070778593
   -0.0315052684
   -0.0096300007
   -0.0335249844
   -0.0114560745
   -0.0238165687
   -0.0188545624
   -0.0264043642
   -0.0190120914
   -0.0094770724
   -0.0329381460
   -0.0394030644
   -0.0373147191
   -0.0363561239
   -0.0274320510
   -0.0314304292
   -0.0081202949
   -0.0385397879
   -0.0361681993
   -0.0347873049
   -0.0201745910
   -0.0381160630
   -0.0129202204
   -0.0218765686
   -0.0334691021
   -0.0317200746
   -0.0014121777
   -0.0374831585
   -0.0362833240
   -0.0003039430
   -0.0074636701
    0.0038888658
   -0.0286897599
   -0.0180278170
    0.0095196924
   -0.0137308146
   -0.0223975009
   -0.0173486818
   -0.0261009828
   -0.0124340880
   -0.0256126881
   -0.0067782212
   -0.0244712578
   -0.0332340839
   -0.0053182353
   -0.0343533854
   -0.0309615843
   -0.0251061832
   -0.0163107349
   -0.0135661671
   -0.0298251102
   -0.0142464889
   -0.0317410696
   -0.0251607995
   -0.0276948463
   -0.0305066017
   -0.0282064686
   -0.0263663535
   -0.0347172521
   -0.0353278272
   -0.0338853032
   -0.0396600376
   -0.0161209170
   -0.0336978867
   -0.0371570487
   -0.0051655017
   -0.0026465920
    0.0063837516
   -0.0039052435
   -0.0034479755
    0.0339629886
   -0.0088254705
    0.0022069316
   -0.0138535030
   -0.0188942346
    0.0211401322
   -0.0171381875
   -0.0052875915
   -0.0068521295
   -0.0126483562
   -0.0168926421
   -0.0037903580
   -0.0029146755
    0.0115910007
   -0.0007221079
   -0.0046706708
   -0.0115794859
   -0.0041375015
   -0.0227486201
    0.0324657170
    0.0129446211
   -0.0037173380
   -0.0008208311
   -0.0147126639
   -0.0035940461
   -0.0094253421
   -0.0105087094
    0.0284877554
   -0.0054567304
   -0.0081725787
   -0.0025391571
   -0.0021512844
   -0.0062026931
    0.0008754103
   -0.0179517285
    0.0196675543
   -0.0166956966
   -0.0004156490
    0.0012465484
    0.0097312584
    0.0062288635
   -0.0004802629
    0.0071325707
    0.0028381999
    0.0106444031
    0.0109243005
    0.0079912941
    0.0084979443
    0.0129200957
   -0.0010351708
    0.0112581574
   -0.0046236784
    0.0067817293
    0.0059977847
    0.0011838845
   -0.0050672268
    0.0048606517
    0.0070170272
    0.0080735111
    0.0008741999
    0.0097740893
   -0.0015532363
    0.0036448741
    0.0088337061
   -0.0022108491
   -0.0002678265
    0.0095175908
    0.0100049020
    0.0099693997
    0.0081885418
    0.0011238593
   -0.0122002807
   -0.0090343793
   -0.0063702952
   -0.0009765743
    0.0071147113
    0.0165152041
    0.0038098796
    0.0026908417
   -0.0056280250
    0.0027513567
    0.0019713489
    0.0169493696
   -0.0012901378
    0.0097425663
    0.0111710731
    0.0012302097
   -0.0072215678
    0.0027809496
    0.0057981025
    0.0011564938
    0.0053518932
   -0.0030905801
   -0.0010172065
   -0.0008976765
   -0.0008666560
   -0.0140196366
   -0.0056765388
    0.0007104193
   -0.0051442129
   -0.0024546756
    0.0015890537
   -0.0006192678
   -0.0026342623
   -0.0083017610
   -0.0030865679
   -0.0072975406
   -0.0021438950
   -0.0069009069
    0.0000571140
   -0.0018033486
    0.0007022596
   -0.0001422526
   -0.0030568515
   -0.0097300598
    0.0003392597
   -0.0230248952
   -0.0268888950
   -0.0148405997
   -0.0278094243
   -0.0214795558
   -0.0238936787
   -0.0290415424
   -0.0265557710
   -0.0228409411
   -0.0243981925
   -0.0175461008
   -0.0207111285
   -0.0198578383
   -0.0274839012
   -0.0282047130
   -0.0304926296
   -0.0129055763
   -0.0288741368
   -0.0279482834
   -0.0121757607
   -0.0283938945
   -0.0224704381
   -0.0255711064
   -0.0232254271
   -0.0218839255
   -0.0242404140
   -0.0278884851
   -0.0299848968
   -0.0205546662
   -0.0209032458
   -0.0157431989
   -0.0308818369
   -0.0156499084
   -0.0283337208
   -0.0152639285
   -0.0277143513
   -0.0098425382
   -0.0264115506
   -0.0206630809
    0.0168596403
    0.0189979663
    0.0115123028
    0.0166340742
    0.0141868963
    0.0156503128
    0.0201239561
    0.0189965657
    0.0147065909
    0.0156353445
    0.0141410560
    0.0181499143
    0.0253401725
    0.0155364343
    0.0238392257
    0.0238364495
    0.0183140082
    0.0353853247
    0.0334056832
    0.0177272925
    0.0251845491
    0.0191870993
    0.0154152603
    0.0211451899
    0.0146066887
    0.0241300801
   -0.0096517924
    0.0033798462
    0.0121578012
    0.0076811069
    0.0028344447
    0.0024735502
    0.0082300201
    0.0076749323
    0.0063762621
    0.0040469948
    0.0017318495
    0.0035249770
    0.0083338173
    0.0105063661
    0.0036155559
    0.0074719368
    0.0046532361
   -0.0099593413
    0.0112578681
   -0.0051035172
    0.0066294444
    0.0115980412
    0.0108283824
    0.0060093151
   -0.0031840312
    0.0053702812
    0.0031683458
   -0.0127525728
    0.0115158583
    0.0096459359
   -0.0004929323
    0.0054663371
   -0.0133389608
    0.0000901289
   -0.0035077741
    0.0047967928
    0.0002775449
    0.0114669510
    0.0112844127
    0.0114625033
    0.0089012012
    0.0099318713
    0.0114688193
    0.0017200772
    0.0112201631
    0.0091460022
   -0.0055618982
   -0.0085867232
    0.0072638464
    0.0142902034
   -0.0066746550
   -0.0157752703
    0.0115611500
    0.0103587449
    0.0101173911
   -0.0055232944
    0.0110452838
    0.0086258182
    0.0065592510
   -0.0117463708
    0.0060712378
   -0.0066096393
    0.0091649995
   -0.0071246589
    0.0072763153
   -0.0113219221
    0.0113122537
   -0.0052156335
   -0.0170880536
    0.0035147983
    0.0105826238
    0.0042895536
    0.0116796252
    0.0070511158
   -0.0008722510
    0.0014003335
   -0.0137495399
    0.0102741363
   -0.0041401645
    0.0108599590
   -0.0097344905
    0.0114097991
   -0.0111615877
   -0.0006420509
    0.0130852999
    0.0115475016
    0.0120738763
    0.0126813700
    0.0127952273
    0.0132847252
    0.0154223531
    0.0125193083
    0.0141085250
    0.0115393888
    0.0122948761
    0.0134025045
    0.0121436363
    0.0147251250
    0.0109219945
    0.0139751719
    0.0113910947
    0.0096142597
    0.0114105604
    0.0128636513
    0.0083199852
    0.0127012260
    0.0082045413
    0.0107930359
    0.0031023086
    0.0110202593
    0.0118710056
    0.0059402231
    0.0070706618
    0.0091831614
    0.0110459814
    0.0112711947
    0.0018330685
    0.0076471396
    0.0089330643
    0.0113222837
    0.0007885187
    0.0132576812
    0.0119852863
    0.0122987971
    0.0111880366
    0.0120993595
    0.0099971775
    0.0068602725
    0.0081213814
    0.0119452867
    0.0118720658
    0.0071036258
    0.0122994736
    0.0120710675
    0.0117369662
    0.0044702558
    0.0099178293
    0.0117964962
    0.0119204586
    0.0123279980
    0.0110854671
    0.0100780875
    0.0050434929
    0.0151061373
    0.0297881267
    0.0157943946
    0.0232780242
    0.0170613197
    0.0305149556
    0.0291185146
    0.0218886689
    0.0278846654
    0.0179034368
    0.0208959376
    0.0270702880
    0.0181517093
    0.0246060068
    0.0212650057
    0.0247409397
    0.0314365624
    0.0298506380
    0.0140805816
    0.0101204899
    0.0287503404
    0.0263169434
    0.0174706322
    0.0289770226
    0.0310432605
    0.0286682008
    0.0301600351
    0.0150885761
    0.0136249242
    0.0270546014
    0.0279861323
    0.0239833118
   -0.0189504608
   -0.0083436532
   -0.0156739563
   -0.0188387176
   -0.0210671996
   -0.0263358028
    0.0050646504
    0.0028143266
    0.0004640943
    0.0025849105
   -0.0288120853
   -0.0295252534
   -0.0179790602
    0.0061502125
   -0.0297783203
    0.0071725949
   -0.0075873511
   -0.0200842907
   -0.0190462557
   -0.0271897958
   -0.0252367473
   -0.0041448858
   -0.0019057273
   -0.0149789923
   -0.0107372342
   -0.0180662690
   -0.0223031229
   -0.0214474309
   -0.0047691415
   -0.0257365610
   -0.0180440918
    0.0016849411
   -0.0233382497
   -0.0189188755
   -0.0241657556
   -0.0127345303
   -0.0127763428
   -0.0048145376
   -0.0222680565
   -0.0231764149
   -0.0225166229
   -0.0089676599
    0.0014756359
   -0.0114313278
   -0.0270540916
   -0.0135708814
   -0.0055152764
   -0.0200248773
   -0.0247977771
   -0.0240495230
   -0.0275261832
   -0.0175052895
   -0.0228661020
   -0.0145681813
   -0.0135216590
   -0.0261670398
   -0.0040805695
   -0.0104119426
   -0.0214184439
   -0.0102732512
   -0.0242938508
   -0.0289960835
    0.0073505835
   -0.0308483614
   -0.0259499998
   -0.0065403054
   -0.0274947329
   -0.0035207365
   -0.0289069451
   -0.0029025915
   -0.0094664356
   -0.0051576259
   -0.0089810098
   -0.0049978041
   -0.0019969561
    0.0009431643
   -0.0026244163
   -0.0046845960
   -0.0055260698
   -0.0127268918
   -0.0134654056
    0.0158846287
   -0.0050439618
   -0.0057833555
   -0.0070466598
   -0.0037293330
    0.0148472800
   -0.0054536949
    0.0207180638
   -0.0183239716
   -0.0030210491
   -0.0069445512
   -0.0046859717
   -0.0125971408
   -0.0032797485
   -0.0101452316
   -0.0043494275
   -0.0121986618
   -0.0039315118
   -0.0044417450
   -0.0076165098
   -0.0058669654
   -0.0058650652
   -0.0019238070
   -0.0088684933
   -0.0091219048
   -0.0043444638
   -0.0021852157
   -0.0109370927
   -0.0034618318
   -0.0089839473
    0.0112397932
    0.0089213590
    0.0026014418
    0.0063863104
    0.0022943669
    0.0006089882
   -0.0076300878
   -0.0028545917
    0.0057090193
    0.0084633989
    0.0130705877
   -0.0005607329
    0.0065722140
    0.0130721537
    0.0269641560
   -0.0012966761
    0.0009255894
    0.0066456945
   -0.0009659718
    0.0022704427
   -0.0006776320
   -0.0044912251
    0.0087795241
    0.0075506731
   -0.0010628192
   -0.0025981300
    0.0149437686
    0.0098849650
    0.0079303912
    0.0102257069
   -0.0002028355
   -0.0020600687
    0.0004708079
   -0.0018710866
   -0.0093550801
   -0.0028034828
    0.0135673195
   -0.0057001210
    0.0043222172
    0.0049555791
    0.0071313110
    0.0034443071
   -0.0087896644
    0.0105840597
    0.0043138808
    0.0097836244
    0.0025912786
    0.0133804114
   -0.0032207822
   -0.0025514140
   -0.0062309520
   -0.0060879800
   -0.0016706158
   -0.0049933042
   -0.0034797201
   -0.0020354500
   -0.0013911260
   -0.0073702773
   -0.0022763456
   -0.0017492182
   -0.0061218419
   -0.0016380049
   -0.0019409872
   -0.0031549394
   -0.0060332928
   -0.0028649071
   -0.0013208696
   -0.0027706663
   -0.0027502590
   -0.0174340015
   -0.0220948332
   -0.0200353592
   -0.0129329004
   -0.0213320546
   -0.0136052137
   -0.0183293838
   -0.0170637950
   -0.0210742538
   -0.0181059656
   -0.0104375864
   -0.0128993780
   -0.0172453552
   -0.0139447189
   -0.0186360141
   -0.0215550882
   -0.0229943907
   -0.0209480954
   -0.0131580825
   -0.0170217386
   -0.0216702978
   -0.0233819346
   -0.0173290480
   -0.0078613624
   -0.0226446964
   -0.0171899771
   -0.0183057936
    0.0190520918
    0.0130758600
    0.0129278137
    0.0221157414
    0.0130262215
    0.0160106975
    0.0175516968
    0.0135544652
    0.0164129602
    0.0110830752
    0.0101331316
    0.0222700846
    0.0149047126
    0.0129234268
    0.0133759329
    0.0117398538
    0.0207758525
    0.0108157956
    0.0132773241
    0.0268420462
    0.0307198710
    0.0132128821
    0.0120874831
    0.0120486634
    0.0151347902
   -0.0018902079
    0.0070721887
    0.0029725089
    0.0011195297
    0.0054566974
    0.0047878589
   -0.0041595526
   -0.0001421838
    0.0086198558
    0.0078871288
    0.0067681355
    0.0025206288
    0.0063511366
    0.0050406450
    0.0050103053
    0.0089082277
   -0.0009740416
    0.0099139996
    0.0099490740
    0.0086960773
   -0.0073226218
    0.0091445712
    0.0071415383
    0.0091655179
    0.0087303906
   -0.0058695667
    0.0014433920
    0.0000259354
   -0.0032993595
    0.0068438702
    0.0090592475
    0.0076115291
   -0.0029875447
    0.0024728385
    0.0002494059
    0.0022379560
   -0.0039393715
    0.0090516856
    0.0020911877
    0.0090939157
    0.0085286723
   -0.0003996750
   -0.0052978118
    0.0082154124
    0.0022111742
   -0.0051565264
    0.0098341563
   -0.0064992671
    0.0084032458
    0.0042120875
    0.0022505467
    0.0070357203
    0.0088684072
   -0.0081596100
   -0.0041866392
    0.0081435010
    0.0094202726
    0.0095733580
    0.0088240595
    0.0091441470
    0.0052024657
    0.0090832887
   -0.0038509472
   -0.0039767363
    0.0056477167
    0.0080789168
    0.0017598868
   -0.0049253179
    0.0091566377
    0.0091028365
    0.0011155869
   -0.0136159574
   -0.0008299325
    0.0042527913
   -0.0071080744
    0.0089490749
    0.0094575574
    0.0092306864
   -0.0104463580
   -0.0011533579
    0.0042751124
    0.0074985669
   -0.0068935186
    0.0092077572
    0.0045306027
    0.0092356872
    0.0096268875
    0.0081437198
    0.0048839821
   -0.0029117014
    0.0003164659
   -0.0000067985
    0.0094877968
   -0.0078566705
   -0.0140008650
    0.0094889539
    0.0029124384
    0.0089141121
    0.0092267499
    0.0084278310
    0.0091820044
    0.0083839022
    0.0082667815
   -0.0092835159
    0.0095226067
    0.0110380191
    0.0087499124
    0.0115745248
    0.0116307441
    0.0109305132
    0.0104657392
    0.0103954587
    0.0121593247
    0.0081310253
    0.0115506439
    0.0109158932
    0.0099936966
    0.0100519055
    0.0107068886
    0.0111471840
    0.0116083263
    0.0054788716
    0.0072159878
    0.0047868551
    0.0010617529
    0.0034249453
    0.0001194377
    0.0058920556
    0.0040642067
    0.0088722062
    0.0084629530
    0.0094786817
    0.0090465564
    0.0094661595
    0.0063809256
    0.0075090288
    0.0091022972
    0.0014964128
    0.0092012584
    0.0092664361
    0.0042709613
    0.0065309359
    0.0070242906
    0.0095240000
    0.0095639426
    0.0049228497
    0.0092249328
    0.0059170573
    0.0045174009
    0.0094873721
    0.0096235957
    0.0088374445
    0.0080286938
    0.0073966809
    0.0082778509
    0.0090050611
    0.0052661247
    0.0087577167
    0.0040370893
    0.0070743192
    0.0080944984
    0.0077371443
    0.0087915192
    0.0097495880
    0.0174707925
    0.0145924763
    0.0235876512
    0.0185567657
    0.0239033655
    0.0209279340
    0.0248655348
    0.0163533164
    0.0210481445
    0.0256751601
    0.0109929833
    0.0229643205
    0.0215609273
    0.0152982764
    0.0178545074
    0.0251002860
    0.0257200231
    0.0229241464
    0.0201676565
    0.0143121392
    0.0152092680
    0.0079526209
    0.0237290050
    0.0257600063
    0.0239947895
    0.0255140330
    0.0250708463
    0.0172426172
    0.0189918668
    0.0196405631
    0.0170431200
    0.0123337634
    0.0139421831
    0.0200395347
    0.0249583966
    0.0256353722
    0.0096792782
    0.0141040782
    0.0185932826
    0.0130349690
    0.0244698954
    0.0155435148
   -0.0212512248
   -0.0227338412
   -0.0224337545
   -0.0099013992
    0.0062223231
   -0.0162649234
   -0.0014009508
   -0.0176628004
   -0.0017898430
   -0.0041863318
   -0.0233048755
   -0.0216388924
   -0.0199837982
   -0.0218279900
   -0.0186480606
   -0.0102607162
   -0.0194874849
   -0.0214501423
   -0.0153730182
   -0.0144641889
   -0.0048043159
   -0.0107009825
   -0.0035710366
   -0.0191149998
   -0.0202040925
   -0.0180147967
   -0.0202640718
   -0.0058109512
   -0.0057734495
   -0.0235663776
   -0.0141049823
   -0.0233449223
   -0.0168206584
   -0.0137711514
    0.0009258837
   -0.0069544097
    0.0037276548
   -0.0109008230
   -0.0147093892
   -0.0241281055
   -0.0238698456
   -0.0218806119
    0.0048756419
   -0.0073576281
   -0.0206120718
   -0.0201875997
   -0.0109785986
   -0.0234928662
   -0.0045160638
   -0.0206327116
   -0.0233235989
   -0.0241557846
   -0.0228327112
   -0.0203740491
   -0.0210613339
   -0.0051378865
   -0.0220542497
   -0.0239721677
   -0.0222606295
   -0.0169369855
   -0.0196820949
   -0.0075169751
   -0.0166805728
   -0.0230578552
   -0.0040945331
   -0.0148553173
   -0.0125390675
   -0.0155512151
   -0.0137237128
   -0.0202762454
   -0.0122397223
   -0.0179088660
   -0.0014661665
   -0.0199885399
   -0.0027060007
   -0.0139606219
   -0.0190041083
   -0.0219877049
   -0.0229912064
   -0.0031921333
   -0.0135904374
    0.0013826740
   -0.0052004240
   -0.0046215818
   -0.0123510942
   -0.0108518877
   -0.0047539747
   -0.0051790065
   -0.0003900015
   -0.0088361041
    0.0184889416
   -0.0058777659
   -0.0080774645
   -0.0012777802
   -0.0059036327
   -0.0031677533
   -0.0044075110
   -0.0073179640
    0.0214936825
    0.0044493194
   -0.0139909244
    0.0061613285
   -0.0095021001
    0.0123386228
   -0.0071003120
   -0.0034912451
   -0.0031198058
   -0.0076884292
   -0.0078174363
   -0.0013758729
   -0.0148177258
    0.0097428501
   -0.0025474511
   -0.0076563010
   -0.0033232092
   -0.0046731879
    0.0191930956
    0.0111761615
   -0.0126156300
   -0.0056160017
   -0.0049954580
   -0.0055241741
   -0.0094021757
    0.0021419199
    0.0107993180
   -0.0144383152
    0.0006962798
   -0.0043037357
    0.0212104180
    0.0131984547
   -0.0098465400
   -0.0128756507
   -0.0072671896
    0.0128435881
   -0.0114506025
   -0.0043156374
   -0.0027645798
   -0.0023541107
   -0.0096556337
   -0.0087894783
   -0.0038552209
   -0.0114219318
   -0.0104184469
    0.0238584451
   -0.0060945977
   -0.0173195149
   -0.0095760737
   -0.0046888258
   -0.0046461930
   -0.0026305767
   -0.0064235396
    0.0220923481
   -0.0066123947
    0.0154801291
    0.0034634040
    0.0027261376
    0.0058275624
    0.0023584137
    0.0087013403
    0.0070724695
    0.0017928352
   -0.0107179186
    0.0082175143
    0.0140322282
    0.0044781955
    0.0026886956
    0.0084737188
    0.0099082825
   -0.0056088124
    0.0130366755
    0.0070154126
    0.0088580438
    0.0072569583
    0.0006667419
    0.0058149659
    0.0111096085
    0.0036462162
    0.0054850542
    0.0084373818
    0.0067483640
   -0.0024309840
   -0.0011364109
    0.0076995050
    0.0078468380
   -0.0044310224
    0.0072779570
    0.0046769735
   -0.0026235481
   -0.0039604272
   -0.0012149397
    0.0058907620
    0.0028303947
    0.0067887568
    0.0069848504
    0.0122444187
   -0.0015283665
    0.0028731432
   -0.0034421533
    0.0059125264
    0.0027756340
    0.0007013155
    0.0016737850
    0.0087077044
    0.0018157709
    0.0011993642
    0.0012004785
    0.0069453294
    0.0024185558
    0.0032599643
    0.0000226441
   -0.0043363527
    0.0022731572
    0.0036224486
    0.0091736684
    0.0051762762
    0.0084532911
    0.0063192423
    0.0003883108
    0.0068468590
   -0.0002139469
   -0.0008072296
   -0.0047987773
   -0.0029567777
    0.0008277721
    0.0074040102
    0.0099070438
    0.0021071545
    0.0011768351
    0.0002002339
    0.0051584309
    0.0000702455
    0.0039700867
   -0.0015594023
   -0.0024568329
   -0.0033552202
   -0.0042180488
   -0.0024799263
   -0.0023692996
   -0.0071566976
   -0.0070553132
   -0.0061445736
   -0.0025437926
   -0.0031372164
   -0.0023711871
   -0.0029432237
   -0.0031082820
   -0.0044864365
   -0.0029169526
   -0.0037311117
   -0.0041040951
   -0.0033277252
   -0.0025710765
   -0.0033957321
   -0.0043714837
   -0.0036323140
   -0.0035691555
   -0.0162968632
   -0.0151567687
   -0.0167140559
   -0.0168616855
   -0.0100842467
   -0.0158277420
   -0.0172720890
   -0.0110504003
   -0.0142517735
   -0.0144756369
   -0.0167658738
   -0.0137648376
   -0.0165267556
   -0.0118033626
   -0.0096666527
   -0.0111076465
   -0.0154265175
   -0.0059632003
   -0.0154425483
   -0.0129595271
   -0.0128333918
   -0.0135279856
   -0.0142019261
   -0.0168052499
   -0.0062651592
   -0.0150508632
   -0.0084190869
   -0.0139234195
   -0.0135854246
   -0.0116121638
   -0.0116050596
   -0.0151919978
   -0.0134692140
   -0.0176132939
   -0.0161086183
   -0.0094806735
   -0.0128860750
   -0.0135452169
   -0.0149990674
   -0.0125177711
    0.0104275063
    0.0116946097
    0.0154066507
    0.0135106974
    0.0142329378
    0.0107266242
    0.0148949436
    0.0137100927
    0.0117043056
    0.0220508348
    0.0123691364
    0.0187027547
    0.0105316015
    0.0107499200
    0.0131652991
    0.0116755130
    0.0160922033
    0.0117846374
    0.0115648323
    0.0126668595
    0.0138699033
    0.0146504694
    0.0102758298
    0.0107099526
    0.0111725948
    0.0133619697
    0.0124492845
    0.0122259262
    0.0116545127
    0.0134204386
    0.0000915874
    0.0068971848
   -0.0068216030
    0.0054644054
    0.0020392981
    0.0031503403
   -0.0021320689
   -0.0018959094
    0.0034600893
    0.0011852605
    0.0006653331
    0.0065258715
    0.0059315146
    0.0046346132
    0.0008231109
   -0.0006460970
   -0.0004749736
    0.0041820739
   -0.0008001436
    0.0078613993
    0.0072764649
    0.0015268954
    0.0053172725
   -0.0006662537
   -0.0100551533
   -0.0061332140
    0.0065512712
    0.0074276314
    0.0073838897
    0.0078009772
    0.0070590108
   -0.0070698261
    0.0075057396
   -0.0069019277
    0.0092483969
    0.0072586008
    0.0043227369
   -0.0049434860
    0.0075435714
    0.0074344643
    0.0077524317
   -0.0115158338
    0.0077841719
    0.0070303179
   -0.0021089447
    0.0004611183
   -0.0020826849
    0.0078938162
    0.0023663948
    0.0067301528
    0.0077204410
    0.0020045916
    0.0086666534
   -0.0111144154
    0.0048436119
    0.0025521953
    0.0007293755
    0.0051758426
    0.0081638752
    0.0078005309
    0.0059757912
   -0.0044181084
    0.0074403732
    0.0060252829
    0.0055616377
    0.0066673068
    0.0035697439
   -0.0067089357
    0.0061598156
    0.0076495282
    0.0062087725
    0.0077856904
   -0.0081655695
    0.0012551221
   -0.0053015446
    0.0025902107
   -0.0051462597
   -0.0095592101
   -0.0021814355
    0.0069352155
    0.0072662801
    0.0071260326
    0.0077658195
   -0.0050733293
    0.0021342220
    0.0056508385
    0.0066128046
    0.0050501767
    0.0046884009
    0.0009297357
   -0.0005655653
    0.0057668355
    0.0020757475
    0.0064685023
    0.0026151909
    0.0090729303
    0.0018866123
   -0.0061275399
    0.0075204299
    0.0053297045
   -0.0065422854
    0.0015165741
    0.0075235874
    0.0048237724
    0.0059723981
   -0.0106345589
   -0.0004636379
    0.0083991993
   -0.0021700358
    0.0076395164
    0.0056566319
    0.0056785329
   -0.0108144491
    0.0074097921
    0.0060231872
    0.0054224791
   -0.0070058985
    0.0045607258
    0.0044963672
   -0.0045052550
   -0.0007322632
    0.0073616965
    0.0078863199
    0.0076838132
   -0.0089302254
   -0.0016613830
    0.0083868475
    0.0050390420
    0.0076386796
    0.0077576155
    0.0081654952
    0.0084558786
    0.0087573690
    0.0058539961
    0.0073741105
    0.0077983121
    0.0010888276
   -0.0035946832
    0.0079969668
    0.0075173925
    0.0033123215
    0.0076886860
   -0.0000764630
    0.0063774223
    0.0078675420
    0.0086455820
   -0.0018387259
   -0.0020291275
    0.0072557533
    0.0099484946
    0.0075678665
   -0.0028669510
   -0.0034154241
    0.0074985078
   -0.0035911489
   -0.0004715491
    0.0072873224
    0.0049954602
    0.0078005432
   -0.0103796873
    0.0072036464
   -0.0049754890
    0.0066491231
    0.0093341418
    0.0073491506
    0.0097981840
    0.0095326522
    0.0092256039
    0.0099707047
    0.0107827885
    0.0107723428
    0.0099362252
    0.0098120227
    0.0096359616
    0.0108586259
    0.0090397629
    0.0089272068
    0.0100919834
    0.0094510694
    0.0101714069
    0.0083121243
    0.0085261301
    0.0106419496
    0.0087412581
    0.0080890476
    0.0102407153
    0.0090452037
    0.0073543708
    0.0023664070
    0.0059110008
    0.0040759669
    0.0038911687
   -0.0014063644
    0.0072258654
    0.0073099650
    0.0024678798
    0.0015135157
    0.0058642232
    0.0069402941
    0.0050886193
    0.0017951737
    0.0068033250
    0.0062006073
    0.0035129189
    0.0046716807
    0.0046868567
    0.0070883205
    0.0074731635
    0.0062680312
    0.0055406661
    0.0082061592
    0.0077333571
    0.0082376411
    0.0080289960
    0.0081779349
    0.0035836149
    0.0080563016
    0.0039909954
    0.0069051289
    0.0062844270
    0.0042318988
    0.0065242243
    0.0078617260
    0.0062074583
    0.0073190006
    0.0077728371
    0.0052988449
    0.0063058572
    0.0051093498
    0.0073013602
    0.0081173254
    0.0058286263
    0.0068457044
    0.0075107716
    0.0173786604
    0.0080617101
    0.0200528200
    0.0175619350
    0.0129167203
    0.0132950766
    0.0157201082
    0.0214422213
    0.0082603115
    0.0175636822
    0.0132742388
    0.0167050479
    0.0158163462
    0.0143970455
    0.0198516960
    0.0152658199
    0.0154584061
    0.0149174563
    0.0166543059
    0.0214783310
    0.0165461944
    0.0185916838
    0.0137744289
    0.0139772459
    0.0172859372
    0.0196333266
    0.0146718813
    0.0174909299
    0.0120558478
    0.0205922578
    0.0168975413
    0.0124765943
    0.0195476147
    0.0109172766
    0.0195075136
    0.0217520354
    0.0144896440
    0.0099289756
    0.0181114459
    0.0209060430
    0.0133440077
    0.0210933791
    0.0192521093
    0.0106045911
    0.0133620740
    0.0211644734
    0.0172507853
    0.0149520199
    0.0153377374
    0.0201585348
    0.0084747498
    0.0182023071
   -0.0176406951
   -0.0166184055
    0.0086424418
   -0.0187869904
   -0.0159367020
   -0.0109264107
   -0.0146106321
   -0.0104085417
   -0.0039187226
   -0.0062262647
   -0.0147883498
   -0.0065697817
    0.0040587093
   -0.0177443238
   -0.0156357101
   -0.0151417547
   -0.0005980146
   -0.0148925261
   -0.0169955961
    0.0073717117
   -0.0068893215
   -0.0181001699
   -0.0111562852
   -0.0050696614
   -0.0165956243
   -0.0064849292
   -0.0193692949
   -0.0176199296
   -0.0034362665
   -0.0172375900
   -0.0135880674
   -0.0179913844
   -0.0189275410
   -0.0166228878
   -0.0024381620
   -0.0195503931
    0.0115517140
   -0.0061770546
   -0.0048295391
   -0.0172297152
   -0.0196895512
   -0.0194557911
   -0.0157612797
   -0.0165095977
    0.0003975744
    0.0016660417
   -0.0094650393
   -0.0156315626
   -0.0046748785
   -0.0165418781
   -0.0142025456
   -0.0065837044
   -0.0191234761
   -0.0163575119
   -0.0158713676
   -0.0180368907
   -0.0185680131
   -0.0181539950
    0.0021751504
   -0.0160629620
   -0.0171493151
   -0.0145242581
   -0.0098762358
    0.0108743576
   -0.0136825203
   -0.0129392433
    0.0060361791
   -0.0117486475
   -0.0104534726
    0.0008790044
   -0.0082133409
   -0.0166803893
   -0.0169676953
   -0.0095268289
   -0.0186114707
   -0.0033213748
   -0.0171480452
   -0.0147101817
   -0.0192030314
   -0.0071732437
   -0.0088585112
   -0.0191226603
   -0.0148495294
   -0.0149898001
   -0.0003514765
    0.0025353128
    0.0079696749
   -0.0086711731
   -0.0187526446
   -0.0083065924
   -0.0083290934
   -0.0144251084
    0.0001046208
   -0.0159305023
   -0.0113691817
   -0.0052430454
   -0.0188035859
   -0.0090306980
   -0.0172663292
   -0.0076309938
   -0.0105437054
   -0.0132821323
   -0.0167240212
   -0.0136999112
   -0.0038550022
   -0.0178437352
   -0.0099612583
   -0.0138922536
   -0.0069038525
   -0.0046016994
   -0.0033941624
    0.0012736013
   -0.0066981987
   -0.0066839943
   -0.0052190056
   -0.0071883393
    0.0044910296
   -0.0069868834
   -0.0026164214
   -0.0037504617
   -0.0054558187
   -0.0026991799
   -0.0110541932
   -0.0039231383
    0.0061277638
    0.0048388970
   -0.0001651627
   -0.0055774160
   -0.0072931657
   -0.0074519069
    0.0107541704
   -0.0033105258
   -0.0041594117
   -0.0027753028
   -0.0066623443
   -0.0049269133
   -0.0067909522
   -0.0046201768
   -0.0051853611
   -0.0005459488
   -0.0050666536
   -0.0045138803
   -0.0053212950
   -0.0063291281
   -0.0050121785
   -0.0037471847
    0.0114882568
    0.0189389587
   -0.0119721535
   -0.0128151357
    0.0054542358
   -0.0066974282
   -0.0062795317
   -0.0082505210
   -0.0035774814
    0.0000676019
    0.0159029502
   -0.0009464102
   -0.0049958549
   -0.0055320182
   -0.0047686198
   -0.0040944067
   -0.0036682030
   -0.0086919652
   -0.0042723344
   -0.0112892655
   -0.0123933213
   -0.0044746675
   -0.0044621686
   -0.0019790497
   -0.0083975132
   -0.0022083087
   -0.0078603741
   -0.0045323540
   -0.0125929009
    0.0054284972
   -0.0042737219
   -0.0089661918
   -0.0064325957
   -0.0046766186
    0.0111090481
    0.0012606278
   -0.0032371479
   -0.0058715490
   -0.0067938520
   -0.0045055514
    0.0138300318
   -0.0128945859
   -0.0079183964
   -0.0133296117
   -0.0035449814
   -0.0097881281
   -0.0076921811
    0.0119938318
   -0.0079076008
   -0.0050838981
   -0.0067710912
    0.0048150612
   -0.0034359892
   -0.0034846106
   -0.0040513634
   -0.0074013796
   -0.0060538946
   -0.0042411393
   -0.0010685826
   -0.0047197141
    0.0066100167
   -0.0042289201
   -0.0004695038
   -0.0027647185
    0.0054691782
    0.0037078350
   -0.0050924755
    0.0044762041
    0.0013337310
    0.0105468614
    0.0065696048
   -0.0043218272
    0.0013729355
    0.0088674574
    0.0077291061
   -0.0029785278
    0.0111295851
   -0.0084375862
   -0.0009177360
    0.0033819135
    0.0038291006
    0.0141918429
    0.0028207692
   -0.0026507032
   -0.0014125789
   -0.0028519094
   -0.0065872284
    0.0011318391
    0.0013585717
    0.0091187338
   -0.0094327470
    0.0182913000
   -0.0016178355
    0.0060470088
   -0.0049304558
    0.0099245041
    0.0077567421
    0.0093596823
   -0.0016996373
    0.0128135724
    0.0052286885
   -0.0028620357
    0.0047266659
   -0.0010252861
    0.0143426156
    0.0099550549
    0.0054259734
    0.0022486741
    0.0103017106
   -0.0022019924
    0.0151682125
   -0.0039288874
   -0.0053826729
    0.0046812950
   -0.0053559912
    0.0076356049
    0.0011085487
    0.0054423559
    0.0083362389
    0.0049932233
    0.0038566664
    0.0051773996
    0.0083368515
   -0.0022246977
    0.0092666344
    0.0060659696
    0.0075260619
    0.0059158103
   -0.0005049491
    0.0059714721
   -0.0010206085
   -0.0004283087
    0.0014107043
    0.0005133824
    0.0012398403
    0.0050358504
    0.0058969229
   -0.0010505152
    0.0056457957
   -0.0013527260
   -0.0029282590
    0.0035815815
    0.0020992536
    0.0033800174
    0.0002805229
   -0.0003015087
    0.0043986934
    0.0033910425
   -0.0032123737
   -0.0052329951
   -0.0033153296
   -0.0037517960
   -0.0032700933
   -0.0037798482
   -0.0037900437
   -0.0035892700
   -0.0042640781
   -0.0032304233
   -0.0046047858
   -0.0042298364
   -0.0011876893
   -0.0067732939
   -0.0105652624
   -0.0082216913
   -0.0100336725
   -0.0063591480
   -0.0121151959
   -0.0133187694
   -0.0120707280
   -0.0038132748
   -0.0106660315
   -0.0117122255
   -0.0083291144
   -0.0110383216
   -0.0102164459
   -0.0137475216
   -0.0113589502
   -0.0136997981
   -0.0081439419
   -0.0106898741
   -0.0074462257
   -0.0109903641
   -0.0137690687
   -0.0126222601
   -0.0137593480
   -0.0110787802
   -0.0043484590
   -0.0103590684
   -0.0139696009
   -0.0085819184
   -0.0132694365
   -0.0136149328
   -0.0114315904
    0.0105481436
    0.0123054402
    0.0126653925
    0.0107591757
    0.0104887924
    0.0131986401
    0.0118495659
    0.0117794660
    0.0121707780
    0.0117444468
    0.0141872247
    0.0135815080
    0.0104906346
    0.0118288080
    0.0132496465
    0.0019953735
    0.0021337831
   -0.0011525442
    0.0028090856
    0.0007767398
    0.0035504945
    0.0038199407
    0.0009698803
    0.0017750607
    0.0035476335
   -0.0012751416
    0.0073637799
   -0.0054960752
   -0.0002663576
    0.0069242191
    0.0058987090
    0.0063048125
    0.0019722173
    0.0064638791
    0.0016335142
    0.0048452853
    0.0012561604
    0.0053856433
   -0.0035124147
    0.0057783678
    0.0046790877
    0.0058777124
   -0.0017397750
    0.0058829278
    0.0053925036
    0.0077920140
    0.0059368387
    0.0090887498
   -0.0034107727
   -0.0017471950
    0.0024918233
    0.0061290640
    0.0052274370
    0.0063950083
   -0.0027092313
    0.0067074815
    0.0063593980
   -0.0014880597
    0.0063053428
    0.0025009793
   -0.0001633331
   -0.0047730644
    0.0064604512
    0.0062085662
   -0.0049963046
    0.0084151058
   -0.0063842778
    0.0051492382
   -0.0056847966
    0.0083133109
    0.0067047398
    0.0077973287
    0.0039913464
    0.0070509438
    0.0016040047
    0.0041446672
    0.0022067268
    0.0035887510
    0.0049531865
   -0.0055677157
    0.0043837100
    0.0062699901
   -0.0059016392
    0.0064655809
   -0.0034528284
    0.0063346661
   -0.0018625570
    0.0066820251
    0.0050700305
    0.0063664199
   -0.0056135549
    0.0052947863
    0.0080038090
    0.0060594469
    0.0064871419
    0.0066825409
    0.0038352694
    0.0030396988
    0.0067182263
    0.0016623901
   -0.0070487091
    0.0046642826
   -0.0014863758
    0.0047456026
    0.0041762189
    0.0058827636
    0.0066322435
    0.0066678550
    0.0055047528
    0.0039958543
    0.0026752774
    0.0064846294
    0.0047369058
   -0.0035545517
    0.0024726890
    0.0059962679
    0.0053070407
    0.0012536044
    0.0057961824
   -0.0046707841
    0.0061601176
    0.0066504278
    0.0068397702
    0.0081049708
    0.0063684476
    0.0066811005
    0.0066049660
    0.0012725742
   -0.0021648041
    0.0028993117
   -0.0001893655
    0.0070483888
    0.0020015061
   -0.0056115593
    0.0067528007
    0.0025658726
    0.0063504124
   -0.0036124596
    0.0043785960
    0.0059143814
   -0.0003076407
    0.0006363587
    0.0062979665
    0.0021275098
    0.0066418547
    0.0073401300
    0.0049848897
    0.0065990114
    0.0071943274
   -0.0001862284
    0.0019296144
   -0.0057099892
    0.0042747924
    0.0008740672
    0.0071311442
   -0.0035785464
    0.0045315235
    0.0062361639
   -0.0099841960
    0.0066631323
    0.0059415749
   -0.0090142434
    0.0025518464
    0.0070074007
    0.0031334486
   -0.0069430267
   -0.0049216336
    0.0045316456
   -0.0026342463
    0.0017699550
    0.0042991490
    0.0020527694
    0.0067354004
   -0.0049924277
    0.0011444422
    0.0026717143
    0.0067022905
    0.0060476347
   -0.0024039701
    0.0058956344
    0.0032611451
    0.0073543258
    0.0059741968
    0.0065602043
    0.0068022717
    0.0045487762
    0.0001761910
   -0.0078912029
    0.0063251877
    0.0074873163
    0.0011330612
   -0.0019728016
   -0.0076038202
   -0.0010285047
    0.0043969354
   -0.0039714990
    0.0049682736
    0.0063769838
    0.0029909402
    0.0066865568
    0.0079655687
    0.0003147511
    0.0069975433
    0.0059757631
    0.0024812760
    0.0060236977
   -0.0037262136
    0.0068049978
    0.0060836246
    0.0083456832
    0.0067767157
    0.0048880936
   -0.0013666752
    0.0064737688
    0.0023113281
   -0.0001075563
    0.0090421681
    0.0088481844
    0.0077934371
    0.0085015772
    0.0084666779
    0.0094277785
    0.0075296060
    0.0082061471
    0.0092449319
    0.0094922895
    0.0080958582
    0.0090145293
    0.0077536960
    0.0090965766
    0.0088570288
    0.0084661930
    0.0097199583
    0.0079338605
    0.0035648414
    0.0020827210
    0.0048289464
    0.0035001605
    0.0025835514
    0.0045503631
    0.0031187162
    0.0056469742
    0.0021499779
    0.0047160973
    0.0058217274
    0.0054689110
    0.0049946521
    0.0059770941
    0.0053402492
    0.0067740997
    0.0068730777
    0.0050560924
    0.0061476033
    0.0054522846
    0.0141642154
    0.0107568640
    0.0124527762
    0.0085640301
    0.0157588734
    0.0146182198
    0.0161732943
    0.0176863813
    0.0115942332
    0.0182844307
    0.0139872779
    0.0182352147
    0.0133953554
    0.0173211554
    0.0151200123
    0.0093344258
    0.0169496036
    0.0140933204
    0.0154343480
    0.0148479201
    0.0165933005
    0.0099634432
    0.0171679076
    0.0135033486
    0.0147697540
    0.0122377867
    0.0116086321
    0.0105184984
    0.0173657450
    0.0161661451
    0.0131265545
    0.0113225325
    0.0037827793
   -0.0138989816
   -0.0001697698
   -0.0053005765
   -0.0099682395
   -0.0111307608
   -0.0041540237
   -0.0016941599
   -0.0071743395
   -0.0089667752
   -0.0151311946
   -0.0014044531
    0.0033411125
   -0.0150488238
   -0.0051554130
   -0.0059181877
   -0.0130722698
   -0.0057360921
   -0.0049234267
    0.0042681648
   -0.0154182667
   -0.0134526747
    0.0064700426
    0.0023075400
   -0.0074960805
    0.0112743655
   -0.0051951955
   -0.0146582254
    0.0074275663
   -0.0028441808
    0.0011497611
   -0.0091488063
   -0.0157326268
    0.0050943313
   -0.0106615650
   -0.0117251037
   -0.0067448260
    0.0042658410
   -0.0114511781
   -0.0040705802
    0.0060281622
   -0.0113399436
   -0.0153545121
   -0.0104741658
   -0.0063392232
   -0.0106624346
   -0.0138536717
    0.0043126726
   -0.0133964713
   -0.0121546974
    0.0079227878
   -0.0130997127
   -0.0156381264
   -0.0030954395
   -0.0157518385
   -0.0159473222
   -0.0147627427
   -0.0096654006
   -0.0053034083
    0.0073764588
   -0.0128328698
   -0.0108071430
   -0.0016981671
   -0.0158061216
   -0.0026444072
    0.0036033726
    0.0038543536
   -0.0092550588
   -0.0083668752
   -0.0102679867
   -0.0154853970
   -0.0130203281
   -0.0137316024
   -0.0151453919
    0.0006861008
    0.0072075955
   -0.0151187251
    0.0052812665
   -0.0149303983
   -0.0076662022
   -0.0162730766
   -0.0118652696
   -0.0162352746
   -0.0106675943
    0.0018542406
   -0.0134720020
    0.0003803573
    0.0012935025
   -0.0113862742
    0.0041941419
   -0.0061370685
    0.0033079104
   -0.0152877736
   -0.0149209497
   -0.0155474933
   -0.0126493661
   -0.0097133818
   -0.0080510024
    0.0018642709
   -0.0113055057
   -0.0048131591
   -0.0109385536
   -0.0079297029
   -0.0062717302
    0.0007431496
   -0.0011269744
   -0.0069478692
   -0.0121736512
   -0.0155538933
   -0.0163218132
   -0.0145042851
   -0.0089781714
   -0.0082267889
   -0.0139111780
   -0.0156606863
   -0.0116704624
    0.0005653424
   -0.0046763554
   -0.0152135444
   -0.0113356251
   -0.0007750506
   -0.0156589946
    0.0006316956
    0.0102082837
   -0.0156439129
   -0.0007237686
   -0.0088892754
   -0.0051941571
   -0.0060155919
   -0.0157969304
   -0.0148244448
   -0.0153166360
    0.0028408382
   -0.0047235259
   -0.0145881357
   -0.0143579347
    0.0004040042
   -0.0086461751
   -0.0075833395
   -0.0111699683
   -0.0039394178
   -0.0041859388
   -0.0040786578
   -0.0036748708
   -0.0056269964
   -0.0121625904
   -0.0020330059
   -0.0010255948
   -0.0065490643
   -0.0044940700
   -0.0044968330
   -0.0073460271
   -0.0065788054
   -0.0035290265
   -0.0124558576
    0.0010100576
    0.0104951505
   -0.0117757276
   -0.0070901466
   -0.0044511104
   -0.0051993534
   -0.0037709505
   -0.0034214884
    0.0134959284
   -0.0035373493
    0.0145222970
   -0.0097232690
    0.0057661554
    0.0044713037
   -0.0105937005
   -0.0050988047
   -0.0088624182
   -0.0080828932
    0.0138025398
   -0.0039297744
   -0.0036029368
   -0.0100063463
   -0.0024294989
    0.0002545581
   -0.0011211061
   -0.0061622657
   -0.0054633777
   -0.0077810148
   -0.0039679820
   -0.0046780708
   -0.0061331780
    0.0015505061
   -0.0068555844
    0.0017117957
    0.0085701762
   -0.0102120388
   -0.0036720603
   -0.0005797289
   -0.0052993806
   -0.0043454721
    0.0030170032
   -0.0092133147
   -0.0050049613
   -0.0036791338
   -0.0037850401
    0.0039371993
    0.0073008544
    0.0026675899
   -0.0039457431
   -0.0082172262
   -0.0058024992
   -0.0038789412
   -0.0067074484
    0.0137896303
   -0.0111241152
   -0.0078628239
   -0.0055443605
   -0.0045831150
   -0.0085375554
    0.0096837024
   -0.0012575574
   -0.0041360152
    0.0009799674
   -0.0037575259
   -0.0039914888
   -0.0004422524
   -0.0030806265
    0.0131881008
   -0.0098006397
   -0.0056676027
   -0.0037388061
   -0.0006614030
    0.0032574707
   -0.0117398747
   -0.0106011819
   -0.0021556050
   -0.0077706844
   -0.0044396879
   -0.0084686350
   -0.0016002105
   -0.0049959786
   -0.0046257507
   -0.0067030850
   -0.0039089641
   -0.0059305788
   -0.0052199397
    0.0068131371
   -0.0099626062
    0.0086696327
    0.0177840590
   -0.0061102677
   -0.0034613280
   -0.0037998941
   -0.0068156354
   -0.0049855616
   -0.0019870230
    0.0087906203
   -0.0050929946
   -0.0085891432
   -0.0042248946
   -0.0086099914
   -0.0057249773
    0.0009029869
   -0.0029448602
   -0.0081988854
    0.0114873734
   -0.0063919999
   -0.0017762934
   -0.0060107428
   -0.0057973821
   -0.0001496279
   -0.0092162773
   -0.0036938842
   -0.0059665822
   -0.0088908291
   -0.0043102411
   -0.0078164427
   -0.0089499266
   -0.0018590032
   -0.0049093513
   -0.0043040049
   -0.0038730898
   -0.0041245589
   -0.0084913012
    0.0109136860
   -0.0092272536
    0.0045937186
   -0.0047139606
    0.0103842800
   -0.0077880109
   -0.0001229690
   -0.0037614036
   -0.0046328218
   -0.0037626843
   -0.0021453965
   -0.0091264376
    0.0047615425
   -0.0066060875
   -0.0050549961
   -0.0048726793
   -0.0027002240
    0.0022028753
   -0.0048944617
    0.0054390405
   -0.0038109505
    0.0105976342
   -0.0040847223
   -0.0052718455
   -0.0065716771
   -0.0082039734
    0.0029738797
   -0.0112882047
    0.0056047622
    0.0063400904
   -0.0044476560
   -0.0039088381
   -0.0072651506
    0.0163097603
    0.0045741580
    0.0042645817
    0.0067037361
    0.0018701822
   -0.0036507745
    0.0138959616
    0.0066828815
    0.0031872481
    0.0041392772
    0.0099766652
    0.0003474727
   -0.0030720826
    0.0112747880
    0.0110358513
    0.0105917261
    0.0018582853
   -0.0022520878
    0.0035884036
    0.0030143892
    0.0087524166
    0.0096762912
    0.0053207898
    0.0035538006
    0.0102861331
   -0.0082056041
    0.0108697026
   -0.0031236494
    0.0067331558
    0.0114701207
    0.0156373119
    0.0034538278
   -0.0006089843
   -0.0056017629
    0.0007898056
   -0.0021483123
    0.0057661747
    0.0081678175
    0.0013735493
    0.0140235129
   -0.0070976004
    0.0049619818
    0.0036866039
    0.0016669859
    0.0046519233
    0.0051624677
    0.0092152274
    0.0072749981
   -0.0022275706
    0.0125083284
    0.0091305095
   -0.0042131698
    0.0033164113
    0.0102545970
    0.0018505006
    0.0043886381
    0.0134982410
    0.0057721172
   -0.0040281155
    0.0079965644
    0.0035083561
    0.0052875867
    0.0047805985
    0.0050615392
    0.0040429743
   -0.0024891528
    0.0059651029
    0.0095324080
    0.0012620591
    0.0001911374
    0.0106410414
    0.0085234346
    0.0088837710
    0.0050488396
   -0.0045773482
    0.0068112665
    0.0080468938
    0.0023917357
    0.0100874189
    0.0077845377
    0.0021620974
    0.0063472347
    0.0104837792
    0.0046564611
    0.0090263802
    0.0001421928
    0.0001756627
   -0.0059288770
    0.0011226094
    0.0132776326
   -0.0014328545
   -0.0012253432
    0.0009472783
    0.0046397196
    0.0042937372
    0.0138295889
    0.0064371278
    0.0027315268
    0.0133846170
    0.0073296559
    0.0105406504
    0.0069982484
    0.0018735586
    0.0093792587
    0.0074987185
    0.0133216560
   -0.0002420101
    0.0083797059
    0.0006647110
    0.0034917074
    0.0054170241
    0.0078140985
    0.0083712035
    0.0028479223
    0.0012184311
   -0.0043687897
   -0.0023946595
   -0.0096520828
   -0.0084080490
   -0.0093513164
   -0.0102870579
   -0.0035105021
   -0.0019557897
   -0.0043267259
   -0.0101635608
   -0.0077580212
   -0.0111766450
   -0.0080963706
   -0.0106358020
   -0.0076337420
   -0.0109668319
   -0.0093293354
   -0.0103591879
   -0.0080310509
   -0.0071892955
   -0.0091160459
   -0.0089868628
   -0.0091953948
   -0.0039670229
   -0.0104955772
   -0.0083126706
   -0.0090460377
   -0.0110253773
   -0.0042825336
   -0.0110954609
   -0.0090477059
   -0.0102696404
   -0.0098839467
   -0.0106971962
   -0.0061267778
   -0.0070071810
   -0.0020077736
   -0.0061379248
   -0.0099457734
   -0.0112078364
   -0.0109435152
   -0.0106745020
   -0.0107358535
   -0.0109905953
   -0.0109791565
    0.0057686942
    0.0070138009
   -0.0074912034
    0.0056871587
    0.0052036123
    0.0066251380
    0.0054773390
    0.0058611284
   -0.0002578012
    0.0025845342
    0.0044816927
    0.0043442756
    0.0014384375
   -0.0057153936
   -0.0062262549
    0.0045812799
    0.0051898651
   -0.0002410071
   -0.0074011520
    0.0012787692
    0.0009071794
    0.0060468955
    0.0060054028
    0.0035049462
   -0.0031968148
    0.0091944905
   -0.0053631683
    0.0015234618
    0.0009970664
    0.0038089014
    0.0009313694
    0.0005777336
   -0.0019152441
    0.0059759350
    0.0007078785
   -0.0068561854
    0.0057903455
    0.0082671024
    0.0004312195
    0.0074405449
    0.0053382609
    0.0052597814
   -0.0062945201
    0.0049028627
   -0.0052903317
   -0.0041070405
    0.0000914379
    0.0017588771
    0.0047639533
   -0.0004212904
    0.0055302237
    0.0057806664
    0.0056830536
    0.0050795335
    0.0064663374
    0.0043816729
    0.0055650542
    0.0053079907
    0.0056093841
   -0.0060256916
    0.0040886916
    0.0052174427
    0.0052976083
   -0.0055391448
    0.0031480802
   -0.0001999775
    0.0057745398
   -0.0059825000
    0.0061566269
    0.0033461058
    0.0053951927
    0.0036572762
   -0.0031721950
   -0.0025543876
    0.0047878469
   -0.0031013304
    0.0006702758
    0.0038425428
   -0.0047681019
    0.0060037222
    0.0020588060
    0.0051331583
    0.0051379685
    0.0053524625
   -0.0010244964
    0.0055610946
   -0.0008350670
    0.0055986107
    0.0080117498
    0.0052440169
    0.0056644021
    0.0057554914
    0.0062731886
    0.0080480592
    0.0057978542
    0.0049939793
    0.0079637943
   -0.0037705749
    0.0044966228
    0.0075226703
    0.0056207745
    0.0002090150
    0.0069922794
    0.0034372979
   -0.0065052444
    0.0060548664
    0.0038474805
   -0.0025994074
   -0.0044688989
    0.0048182794
    0.0045177876
    0.0058300520
    0.0041727629
    0.0029046117
    0.0025638711
   -0.0058674561
    0.0053710826
    0.0025593810
   -0.0034365592
    0.0041180013
    0.0072818227
    0.0068575814
    0.0047013940
   -0.0016755233
    0.0056767997
    0.0056269289
    0.0057473747
    0.0049573337
    0.0021756445
   -0.0033942862
    0.0057798868
    0.0042945776
    0.0059067599
    0.0052504891
   -0.0012639519
    0.0043340973
   -0.0079754158
    0.0019532985
    0.0074209450
    0.0036989423
   -0.0017075572
    0.0053004536
    0.0065485728
    0.0052478876
    0.0012503958
    0.0044683860
    0.0047011921
    0.0040269205
    0.0020843666
    0.0067577090
    0.0046616818
    0.0015874389
    0.0072461010
    0.0050386269
   -0.0013304453
    0.0037471605
    0.0077633507
    0.0013290486
   -0.0044483085
    0.0063137793
    0.0041822349
    0.0057001783
    0.0041151659
    0.0053073253
    0.0009382202
    0.0040350820
    0.0065199961
    0.0055906890
    0.0044445079
    0.0058883405
    0.0056725175
    0.0047030197
    0.0045378110
    0.0044307820
   -0.0055490861
    0.0063772637
    0.0049399473
    0.0013487811
    0.0088616862
    0.0054318196
   -0.0025014896
    0.0026107136
   -0.0081170424
    0.0090596001
    0.0025657745
    0.0058603182
    0.0058689331
    0.0051343466
    0.0064344615
    0.0051724957
    0.0003750383
    0.0021770174
    0.0033606035
    0.0056308294
    0.0054955441
   -0.0010903856
   -0.0000385076
    0.0024368123
    0.0057556249
    0.0058385764
   -0.0023242033
    0.0044768118
    0.0057624745
    0.0086507350
    0.0053434975
    0.0042881967
    0.0021491824
    0.0047814388
    0.0055110611
    0.0039685269
    0.0076644775
    0.0022861761
    0.0028434140
   -0.0029588697
    0.0050383855
    0.0033619103
    0.0069348477
   -0.0044510518
   -0.0033058578
   -0.0002047698
    0.0081461124
    0.0055072353
    0.0017219665
    0.0051851445
    0.0041656765
   -0.0042179336
    0.0043341045
    0.0069583788
    0.0019541101
   -0.0017538160
    0.0043914823
    0.0062049381
    0.0057463817
    0.0046752772
    0.0031820436
    0.0054388840
    0.0036224465
   -0.0001031047
   -0.0023501516
    0.0007970098
    0.0053711223
    0.0073812082
   -0.0038410454
   -0.0030035815
    0.0023533822
    0.0044901920
    0.0039169131
   -0.0010951908
    0.0055277325
    0.0061876366
    0.0061904987
    0.0051621352
    0.0057550692
    0.0054626123
    0.0046690986
    0.0034532155
    0.0037307608
    0.0024937469
    0.0057966586
    0.0058527738
   -0.0005175389
    0.0035280984
    0.0071925685
    0.0003141698
    0.0032014431
   -0.0059270327
    0.0064874819
    0.0056078707
    0.0060738394
   -0.0025408996
    0.0047894380
    0.0066100066
    0.0027043076
    0.0071595839
    0.0020506416
    0.0057751703
    0.0053939963
   -0.0039985217
    0.0004800855
    0.0021172583
   -0.0020593001
    0.0038339164
    0.0017208876
    0.0000828548
    0.0051375182
    0.0060390122
   -0.0006787081
    0.0058082442
    0.0049933907
    0.0057148686
    0.0060166462
    0.0046474666
    0.0056154170
   -0.0013736723
    0.0042106323
    0.0049174976
    0.0021106718
    0.0025575117
   -0.0034690186
    0.0026311706
    0.0057070737
    0.0057179267
