    0.0275431041
    0.0326406568
    0.0250019769
    0.0354460941
    0.0261493450
    0.0201882555
    0.0274773036
    0.0253555589
    0.0294101373
    0.0354393082
    0.0284514685
    0.0338164246
    0.0383151071
    0.0323973665
    0.0337525927
    0.0318093498
    0.0232754250
    0.0361706946
    0.0170296543
    0.0375763521
    0.0337573825
    0.0128987218
    0.0204813527
    0.0234223651
    0.0386080608
    0.0260503591
    0.0108449796
    0.0268579616
    0.0306032701
    0.0352465451
    0.0165010071
   -0.0092444964
   -0.0007682342
   -0.0071920564
   -0.0061532474
   -0.0001546253
   -0.0116683738
    0.0120399677
   -0.0127556102
   -0.0132786269
   -0.0139654247
   -0.0072221098
   -0.0153070368
   -0.0119746312
    0.0024939472
   -0.0082677532
    0.0168466344
    0.0031964850
    0.0002377959
    0.0039039316
    0.0177344896
    0.0046662446
    0.0179352377
    0.0014369590
   -0.0060607330
   -0.0108199902
    0.0109808095
   -0.0030167932
   -0.0002946377
   -0.0178108469
   -0.0096764060
    0.0054721271
   -0.0182531039
    0.0138471518
   -0.0100786118
   -0.0157273785
   -0.0000095094
   -0.0060324870
    0.0158892654
   -0.0141018306
   -0.0008764407
    0.0037679347
   -0.0129936254
   -0.0041915881
    0.0156535606
   -0.0018234828
    0.0103904722
   -0.0051413687
    0.0055924057
   -0.0020868368
    0.0035732236
    0.0048184495
   -0.0069259757
   -0.0164887775
   -0.0132773301
   -0.0124852988
    0.0168947633
   -0.0180059686
    0.0071929145
   -0.0053562206
   -0.0047962083
   -0.0035225043
    0.0062208171
   -0.0079841572
   -0.0064784120
   -0.0165624130
    0.0111542479
   -0.0035069582
    0.0019785925
    0.0063829374
    0.0089074932
    0.0060764640
   -0.0011295428
   -0.0000453774
    0.0116165686
    0.0122053828
    0.0016707589
    0.0006999091
    0.0031263675
    0.0046141480
    0.0071555241
    0.0044921039
    0.0046019489
    0.0060455307
    0.0046338572
    0.0080253511
    0.0152953152
    0.0060583292
    0.0058202322
    0.0105130667
   -0.0035894818
    0.0137936368
    0.0055121543
    0.0130342519
    0.0160254346
    0.0048231402
    0.0133922906
   -0.0093432147
    0.0043737534
    0.0054381604
    0.0083738142
   -0.0021988279
   -0.0058155578
    0.0026007052
    0.0000296759
   -0.0046491664
    0.0081337934
    0.0140428697
    0.0111990587
    0.0024194806
    0.0084056101
    0.0111183582
    0.0059629150
    0.0105202997
    0.0112759710
    0.0009665799
    0.0122197882
    0.0163208216
    0.0105424724
    0.0105395054
    0.0093039185
    0.0098631742
    0.0128033573
    0.0166651100
    0.0082728242
    0.0102991999
    0.0081123728
    0.0157752658
    0.0097726699
    0.0139360888
   -0.0014358596
    0.0107476585
    0.0140217846
    0.0097354264
   -0.0050540422
    0.0067450991
    0.0156092328
   -0.0419110565
   -0.0287905648
   -0.0430478454
   -0.0359816102
   -0.0284141323
   -0.0290211529
   -0.0415956764
   -0.0419846062
   -0.0373870934
   -0.0149916254
   -0.0172565470
   -0.0166057509
   -0.0275725938
   -0.0420256881
   -0.0174714552
   -0.0083779431
   -0.0418791722
   -0.0073492040
   -0.0385796507
   -0.0362414328
   -0.0281115757
   -0.0255798752
   -0.0392607262
   -0.0406807166
   -0.0392422036
   -0.0436914907
   -0.0428539420
   -0.0416433028
   -0.0435536193
   -0.0228141465
   -0.0272272008
   -0.0287237756
   -0.0334313503
   -0.0277280034
   -0.0310687303
   -0.0190257594
   -0.0212501683
   -0.0420608506
   -0.0312977687
   -0.0213448739
   -0.0326799724
   -0.0378017417
   -0.0375473582
   -0.0400258447
   -0.0406442196
   -0.0262876214
   -0.0430977116
   -0.0419558994
   -0.0434821843
   -0.0397010173
   -0.0385740060
   -0.0319697917
   -0.0187997266
   -0.0237880059
    0.0031096850
   -0.0380888213
   -0.0410695360
   -0.0157187696
   -0.0408439353
   -0.0197236878
   -0.0433249175
   -0.0139662229
   -0.0254421759
   -0.0359924048
   -0.0250063083
   -0.0295985891
   -0.0179023497
   -0.0366027174
    0.0036968843
   -0.0316458185
   -0.0346192480
   -0.0090680696
   -0.0422276009
   -0.0343486140
   -0.0262691100
   -0.0119626497
    0.0113654381
    0.0090521911
   -0.0153095606
    0.0040275707
    0.0153845852
    0.0107414484
    0.0075155110
    0.0117448639
    0.0112661772
    0.0100788575
    0.0044423997
    0.0034523477
    0.0018966000
    0.0149165159
   -0.0003073243
    0.0095906104
   -0.0034702884
    0.0118785668
   -0.0227857145
    0.0037832781
    0.0032440774
    0.0081271407
   -0.0243260293
    0.0123113839
    0.0127494126
   -0.0057741306
    0.0162663195
    0.0154048654
    0.0152066903
    0.0175372501
    0.0133519755
    0.0105926432
    0.0068497278
    0.0141652320
    0.0161673752
    0.0174931874
    0.0179947264
    0.0158018421
    0.0188487708
    0.0185362926
    0.0164155203
    0.0180063080
    0.0029179834
    0.0175292613
    0.0088401095
    0.0082934658
    0.0167673258
    0.0178369129
    0.0135847714
    0.0177455564
    0.0171553278
    0.0081231690
    0.0177489888
    0.0076554559
    0.0162581194
    0.0152762298
    0.0168605199
    0.0165484343
    0.0180693369
    0.0157577559
    0.0149393576
    0.0117433473
    0.0136957864
    0.0179810806
    0.0053643424
    0.0170792584
    0.0162909937
    0.0178098216
    0.0127580877
    0.0166805323
    0.0164498624
    0.0063589948
    0.0163258287
    0.0139329565
    0.0146610860
    0.0090065544
    0.0134398114
    0.0162916323
    0.0164970131
    0.0155169741
    0.0013939571
    0.0017600957
    0.0042519851
    0.0044345316
    0.0044860510
    0.0043529106
    0.0031812261
    0.0027980600
    0.0045024699
    0.0063980663
    0.0034908429
    0.0035417058
    0.0028698524
    0.0019368798
    0.0020793260
    0.0083817265
    0.0093604780
    0.0116998625
    0.0044751161
    0.0056138674
    0.0024876724
    0.0036256569
    0.0032806268
    0.0026050775
    0.0028127268
    0.0043902537
    0.0031238348
    0.0036244090
    0.0014737223
    0.0030440355
    0.0029413300
    0.0032173815
    0.0050176019
    0.0037919939
    0.0018862906
    0.0044139075
    0.0025894265
    0.0038370058
    0.0028500205
    0.0034233743
    0.0030633282
    0.0063248044
    0.0020680286
    0.0015961976
    0.0035097319
    0.0021020340
    0.0028434240
    0.0050758692
    0.0085470440
   -0.0040255440
   -0.0128598845
   -0.0048308041
   -0.0001683816
    0.0075245965
    0.0082195900
    0.0090235952
    0.0013119964
    0.0034662988
   -0.0166091135
    0.0005287563
    0.0078796449
    0.0020646626
    0.0092784828
   -0.0135949835
   -0.0012604153
   -0.0086437181
    0.0012071800
   -0.0164341365
   -0.0017361106
    0.0044363451
   -0.0149867451
    0.0063064946
    0.0027045377
   -0.0001932952
    0.0059486392
    0.0031575806
    0.0079472923
    0.0065996040
    0.0089173346
    0.0134459989
    0.0085356622
    0.0063819678
    0.0092109857
    0.0059886389
    0.0058033849
    0.0084999254
    0.0054682488
    0.0037449112
    0.0069265460
    0.0071204535
    0.0074243533
    0.0040565902
    0.0047705828
    0.0055475385
    0.0085227258
    0.0064690932
    0.0066941552
    0.0058581648
    0.0144907964
    0.0124702437
    0.0078460621
    0.0157334396
    0.0095811402
    0.0114743254
    0.0067825490
    0.0057018519
    0.0144681471
    0.0078353076
    0.0120594269
    0.0125193660
    0.0071287531
    0.0110101571
    0.0099124216
    0.0089509057
    0.0146922495
    0.0133066919
    0.0065843322
    0.0085577712
    0.0064155288
    0.0079653788
    0.0127387370
    0.0094956067
    0.0120900848
    0.0222352967
    0.0250882695
    0.0213676370
    0.0120198188
    0.0272653167
    0.0240131421
    0.0068644357
    0.0148337534
    0.0213691589
    0.0255999960
    0.0220005314
    0.0223888503
    0.0208198550
    0.0223672484
    0.0200298695
    0.0189694588
    0.0289969400
    0.0239698933
    0.0213870340
    0.0213187273
    0.0207247185
    0.0133465300
    0.0286801510
    0.0263454962
    0.0105989638
    0.0211555851
   -0.0084612169
    0.0065117898
   -0.0026926025
   -0.0080261260
    0.0058822119
    0.0157917699
   -0.0060962914
    0.0012408780
   -0.0094643627
   -0.0103565769
    0.0007367844
    0.0022383857
   -0.0092174472
   -0.0085513156
    0.0170563304
    0.0033887241
    0.0019647479
    0.0133308760
   -0.0047700175
   -0.0098779609
    0.0062294137
   -0.0050261010
    0.0079678080
   -0.0039188474
    0.0111019206
   -0.0028399591
   -0.0083190152
   -0.0120098859
    0.0018447470
    0.0016190561
   -0.0052494747
   -0.0031486286
   -0.0071099199
    0.0003692924
   -0.0053499131
    0.0039320056
   -0.0080967806
   -0.0060686665
   -0.0066321069
    0.0011928702
    0.0029421420
   -0.0063295374
   -0.0110410814
   -0.0100229482
   -0.0027608094
    0.0085390506
   -0.0043632275
   -0.0007277654
   -0.0088574713
   -0.0119442392
   -0.0103455726
   -0.0028532775
   -0.0050907613
    0.0010726868
    0.0149399584
   -0.0116690860
   -0.0117856888
   -0.0051331888
   -0.0083964128
    0.0008483137
    0.0039073832
   -0.0029146259
    0.0150185386
   -0.0101519459
    0.0001493832
   -0.0041009935
    0.0129362528
   -0.0062159971
   -0.0086720068
   -0.0056228650
   -0.0010352373
   -0.0094347737
    0.0040414434
    0.0099360113
   -0.0117911325
    0.0076180276
   -0.0060445880
   -0.0068209438
    0.0103416270
    0.0074964376
   -0.0027522460
    0.0073602368
    0.0015887822
    0.0000567209
   -0.0007586728
    0.0100255384
   -0.0033817981
    0.0004373614
    0.0055673745
    0.0051965453
    0.0078720242
   -0.0086633838
   -0.0031112939
   -0.0102096657
    0.0096932513
    0.0051604460
   -0.0000326201
    0.0064825480
    0.0033655401
    0.0002017613
    0.0074152292
    0.0027246171
    0.0108894942
    0.0046149322
    0.0033040653
    0.0074747271
   -0.0011092757
   -0.0001549777
    0.0031930440
   -0.0019357491
    0.0069125970
    0.0077954497
    0.0100365781
    0.0117121677
    0.0017873209
    0.0075185056
    0.0126049824
    0.0003385190
    0.0029093934
    0.0124709836
    0.0073423916
    0.0089074905
   -0.0005289536
    0.0118910728
    0.0054653093
    0.0074926392
    0.0103213716
    0.0066536446
    0.0101387982
   -0.0017281875
    0.0086036347
    0.0112242588
    0.0114735158
    0.0105099580
    0.0076856764
   -0.0263762994
   -0.0078874135
   -0.0168618233
   -0.0101737487
   -0.0015275926
   -0.0082042143
   -0.0347836254
   -0.0159388009
   -0.0130354415
   -0.0337066158
   -0.0331696375
   -0.0206192510
   -0.0303083857
   -0.0151146459
   -0.0310674531
   -0.0170636856
   -0.0326241964
   -0.0326566364
   -0.0211641477
   -0.0319539522
   -0.0296477230
   -0.0329829598
   -0.0312374595
   -0.0298788416
   -0.0344320512
   -0.0341386949
   -0.0116008310
   -0.0262184736
   -0.0327407421
   -0.0343597218
   -0.0193071853
   -0.0192686115
   -0.0297937822
   -0.0216161397
    0.0003883080
   -0.0324513990
   -0.0333623523
   -0.0212605425
   -0.0262332248
   -0.0264324377
   -0.0331728727
   -0.0325003585
   -0.0329961871
   -0.0234039442
   -0.0336477236
   -0.0307663210
   -0.0221634044
   -0.0189573170
   -0.0203299191
   -0.0293363925
   -0.0144396674
   -0.0217800799
   -0.0304200857
   -0.0298277427
   -0.0232196712
   -0.0335950304
   -0.0172820115
   -0.0024861593
   -0.0217634473
   -0.0319266504
   -0.0332932991
   -0.0340156049
   -0.0287032719
   -0.0130528777
   -0.0340290289
   -0.0274906778
   -0.0309310267
   -0.0289434889
   -0.0081423910
    0.0023850766
    0.0090712679
    0.0072579478
   -0.0036117758
   -0.0205284540
    0.0025281673
    0.0085242504
   -0.0063566516
    0.0017764158
   -0.0032136708
   -0.0197591528
    0.0082941671
   -0.0031615631
    0.0070294142
   -0.0136825636
    0.0081957997
    0.0067569741
    0.0023171663
    0.0018144572
    0.0107445665
    0.0107012215
    0.0106237600
    0.0081218312
    0.0031092658
    0.0074124621
    0.0119727636
    0.0100649044
    0.0106972797
    0.0142329970
    0.0137884651
    0.0078835101
    0.0124651163
    0.0031856496
    0.0086931383
    0.0032724080
    0.0030121641
    0.0132327053
    0.0065480052
    0.0138544015
    0.0111840603
    0.0105305781
    0.0119499324
    0.0128679405
    0.0124730175
    0.0100243180
    0.0099934309
    0.0132517779
    0.0110771702
    0.0101865221
    0.0144747112
    0.0021277388
    0.0116125759
    0.0124873505
    0.0112264233
    0.0074294577
    0.0116606532
    0.0147030148
    0.0137677428
    0.0148428599
    0.0118263912
    0.0142499190
    0.0122947425
    0.0047127947
    0.0129456403
    0.0030414933
    0.0020881706
    0.0024308153
    0.0016047592
    0.0020006947
    0.0056161791
    0.0017803415
    0.0028211918
    0.0121620042
    0.0023325597
    0.0033299121
    0.0032961211
    0.0023427455
    0.0087582183
    0.0032862004
    0.0039936320
    0.0035412962
    0.0036731236
    0.0027385865
    0.0073807288
    0.0063927614
    0.0022435785
    0.0032102761
    0.0023715253
    0.0033678438
    0.0062105236
    0.0024269269
    0.0018218735
    0.0043100463
    0.0040814668
    0.0093853984
    0.0015687594
    0.0038668391
    0.0026198125
    0.0033097969
    0.0019374062
    0.0033211508
    0.0019957966
    0.0019755559
    0.0061122415
    0.0030647298
    0.0074568757
    0.0029956930
    0.0028942801
    0.0037479759
    0.0022616762
    0.0027111014
    0.0048029372
    0.0024613164
    0.0035933261
    0.0031861806
    0.0020428685
    0.0042347165
    0.0019937556
    0.0021921437
    0.0018825362
    0.0040847218
    0.0033713999
    0.0041272822
    0.0027481216
    0.0017921334
    0.0019204440
    0.0035062521
    0.0036658718
    0.0032605612
    0.0034176925
    0.0094599181
    0.0028392259
    0.0033005506
    0.0056975695
    0.0027140394
    0.0029322971
   -0.0018257286
    0.0017089836
   -0.0160233295
   -0.0099092381
    0.0000235905
    0.0001354132
   -0.0049686455
   -0.0054852941
   -0.0171292166
   -0.0112661365
   -0.0118889450
    0.0057813674
   -0.0053824838
    0.0012849630
    0.0014349822
    0.0016393802
   -0.0025185877
   -0.0002549932
    0.0058961803
   -0.0063977743
    0.0024503064
    0.0049240098
    0.0035891973
    0.0026070209
    0.0039903129
    0.0027374834
    0.0094347677
    0.0106641303
    0.0125221390
    0.0063085369
    0.0083637183
    0.0092700908
    0.0081832144
    0.0127957774
    0.0076674441
    0.0053928808
    0.0090424858
    0.0068703073
    0.0101298751
    0.0073584515
    0.0050866983
    0.0037577946
    0.0038849509
    0.0042956045
    0.0055859626
    0.0056060153
    0.0053166259
    0.0045782616
    0.0059531429
    0.0041363896
    0.0043731668
    0.0052289489
    0.0048040484
    0.0092094410
    0.0087723069
    0.0084812106
    0.0072392205
    0.0075882942
    0.0079999437
    0.0044324083
    0.0093601964
    0.0085970654
    0.0051505945
    0.0130547507
    0.0109746514
    0.0099764717
    0.0091722531
    0.0064967091
    0.0096828058
    0.0074435660
    0.0074241309
    0.0084946702
    0.0141490737
    0.0057469035
    0.0117372086
    0.0208380360
    0.0129531460
    0.0143934736
    0.0115974058
    0.0134915015
    0.0203252677
    0.0077763250
    0.0084828745
    0.0152797471
    0.0175587201
    0.0216497103
    0.0162719122
    0.0113352020
    0.0188141944
    0.0191551883
    0.0174507869
    0.0097335585
    0.0198861706
    0.0201531303
    0.0192437437
    0.0222539623
    0.0205277381
    0.0220421216
    0.0214130742
    0.0095053036
    0.0208396490
    0.0093456465
    0.0025125331
    0.0084941508
    0.0164804507
   -0.0016529319
   -0.0053615061
   -0.0061746957
   -0.0062748077
    0.0034676216
    0.0006686140
    0.0001767004
    0.0019596637
   -0.0049746532
    0.0093913805
   -0.0042130102
    0.0015858725
    0.0013644953
   -0.0062740587
   -0.0028606893
   -0.0048069088
    0.0152245713
   -0.0052079810
    0.0066063838
    0.0050986011
   -0.0027084134
   -0.0077265701
    0.0025646523
   -0.0039555230
   -0.0075367365
   -0.0039419002
    0.0075623320
    0.0010330390
    0.0059988221
   -0.0004304374
    0.0083560269
    0.0049108776
   -0.0002352941
    0.0117989580
   -0.0023977946
    0.0018833008
   -0.0003281786
    0.0146099657
    0.0039207423
   -0.0070057986
   -0.0037796514
    0.0005801559
   -0.0051130925
   -0.0077396960
    0.0059298404
   -0.0063391999
    0.0006301940
   -0.0049557774
    0.0003936574
   -0.0073249342
    0.0049239931
   -0.0013294388
    0.0023007318
    0.0058610007
   -0.0031587520
   -0.0007079021
   -0.0047663386
   -0.0005153129
   -0.0004992925
   -0.0017271331
    0.0057825211
   -0.0052486439
   -0.0019326454
    0.0064134492
   -0.0054626389
   -0.0070458622
   -0.0006151745
    0.0040450891
   -0.0009365202
   -0.0007718289
    0.0006948429
   -0.0058339152
    0.0036606278
    0.0097733812
    0.0111519631
    0.0031253748
    0.0008350762
   -0.0013867533
    0.0019669001
    0.0000041059
    0.0037699503
    0.0035542005
    0.0007828338
   -0.0071403574
    0.0003829084
    0.0113107271
   -0.0019363769
    0.0161370368
   -0.0025007316
    0.0114410103
   -0.0032441936
   -0.0065767687
   -0.0060763988
   -0.0068580870
    0.0108496705
   -0.0026049180
   -0.0063283271
   -0.0032329114
    0.0018389638
   -0.0039570053
   -0.0027894907
    0.0080157593
    0.0055657246
    0.0025009442
    0.0070648946
    0.0037312964
    0.0022840923
   -0.0075807295
    0.0064937450
    0.0052268970
    0.0032560141
    0.0039825218
   -0.0045586866
   -0.0052819766
    0.0030459169
   -0.0046895354
   -0.0085803812
    0.0034099499
   -0.0031009836
    0.0028401312
   -0.0037599393
    0.0074083075
    0.0010005561
   -0.0023825111
   -0.0037986770
   -0.0056777263
    0.0019240307
    0.0005598225
   -0.0018764820
    0.0059777209
   -0.0006371869
   -0.0000264062
    0.0018472512
    0.0017017366
    0.0050874664
   -0.0006790080
    0.0051845946
   -0.0000289597
    0.0003481849
    0.0015277508
    0.0014578080
    0.0048657121
    0.0055243599
    0.0039615641
   -0.0074015527
   -0.0082197579
    0.0025876732
   -0.0072216086
    0.0023176616
    0.0000330507
   -0.0012993725
    0.0074655356
    0.0069191425
    0.0017763827
    0.0082853516
    0.0089772339
    0.0065762078
    0.0074463084
    0.0030313189
    0.0069827230
    0.0072769720
    0.0073667538
    0.0074036116
   -0.0025817342
    0.0099050355
    0.0075426881
    0.0104448258
    0.0091801909
    0.0079503529
    0.0066893815
    0.0075637722
    0.0104062359
    0.0071735153
    0.0034246565
    0.0078106540
    0.0087418481
    0.0087643695
   -0.0005669853
    0.0081910017
    0.0121522244
    0.0077594571
    0.0077805941
    0.0109649642
    0.0072981392
    0.0089840184
    0.0059651256
    0.0087674945
    0.0009420643
    0.0041205643
    0.0081557216
    0.0030537436
    0.0114275125
    0.0106516416
   -0.0001820357
    0.0051172968
   -0.0212715072
   -0.0164966675
   -0.0245222018
   -0.0160763959
   -0.0263144491
   -0.0259687657
   -0.0255345835
   -0.0147056430
   -0.0123929292
   -0.0257467596
   -0.0230658868
   -0.0206617836
   -0.0245455212
   -0.0228103938
   -0.0262655896
   -0.0271968871
   -0.0263658271
   -0.0204150226
   -0.0116711178
   -0.0126801739
   -0.0264283699
   -0.0191090906
   -0.0238946168
   -0.0072505548
   -0.0187464735
   -0.0260991861
   -0.0171481032
   -0.0170714654
   -0.0232260350
   -0.0254144995
   -0.0194214119
   -0.0183635796
   -0.0227194775
   -0.0212441765
   -0.0254194828
   -0.0215948873
   -0.0137971666
   -0.0104325748
   -0.0236607319
   -0.0171999769
   -0.0276056297
   -0.0230775037
   -0.0236329271
   -0.0028881944
   -0.0276071133
   -0.0235935966
   -0.0244397117
   -0.0109363087
   -0.0263534485
   -0.0172699428
   -0.0173756408
   -0.0219778808
   -0.0084031677
   -0.0194839574
   -0.0234294256
   -0.0233334416
   -0.0268942879
   -0.0248973161
   -0.0197340160
   -0.0268819762
   -0.0281028559
   -0.0179151196
   -0.0215511742
   -0.0079927025
   -0.0189155132
   -0.0263660413
   -0.0185178325
   -0.0093242083
   -0.0210664611
   -0.0281132701
   -0.0232757103
   -0.0219437603
   -0.0106989902
   -0.0218620060
   -0.0274502382
   -0.0132472513
   -0.0153009129
   -0.0275341893
   -0.0101484009
   -0.0263513368
   -0.0101524543
   -0.0077825954
   -0.0085744046
   -0.0123107371
   -0.0113443522
   -0.0201452032
   -0.0113179886
   -0.0197978800
   -0.0200793934
   -0.0139278188
   -0.0101232780
   -0.0226626266
   -0.0164327338
   -0.0243226433
    0.0043218488
   -0.0257660681
    0.0012264595
   -0.0269529710
   -0.0065934398
   -0.0104993597
   -0.0250061233
    0.0011560443
   -0.0210095471
   -0.0247653111
   -0.0239356479
   -0.0164075494
   -0.0232939411
   -0.0152745580
   -0.0034581425
    0.0012542839
   -0.0033418864
    0.0039719355
   -0.0041036844
    0.0009376363
    0.0055450050
    0.0013138032
   -0.0001830344
   -0.0117501205
    0.0081167669
   -0.0035694511
    0.0080218147
    0.0022604453
   -0.0085411677
    0.0013623804
    0.0028554170
    0.0000463450
   -0.0006361356
    0.0033573275
    0.0058501536
    0.0051387225
   -0.0061010529
   -0.0018092255
   -0.0112641434
   -0.0044642006
   -0.0031686156
    0.0041876532
    0.0001636067
    0.0048676414
    0.0052035935
    0.0014756095
    0.0069970354
   -0.0098340600
    0.0060645608
   -0.0164888838
   -0.0022989636
   -0.0148712595
    0.0105289621
    0.0099986966
    0.0098390736
    0.0111050905
    0.0068628116
    0.0036647926
    0.0115815687
    0.0128703547
    0.0092383938
    0.0124723524
    0.0088731653
    0.0080806413
    0.0097184219
    0.0111184959
    0.0112543306
    0.0107929724
    0.0064310697
    0.0064762419
    0.0057352430
    0.0098558292
    0.0117937026
    0.0072687587
    0.0096116753
    0.0124422593
    0.0104332220
    0.0069845679
    0.0092238551
    0.0076673276
    0.0057767662
    0.0117922897
    0.0105574929
    0.0117317694
    0.0112964418
    0.0116350053
    0.0102056167
    0.0076137301
    0.0123239533
    0.0123385955
    0.0120278447
    0.0097720318
    0.0115761076
    0.0097523712
    0.0065373329
    0.0081505932
    0.0118252125
    0.0092122640
    0.0071941112
    0.0121882364
    0.0113933990
    0.0096251956
    0.0047191973
    0.0085053549
    0.0028044263
    0.0033709252
    0.0020005657
    0.0046439734
    0.0033021218
    0.0034543608
    0.0024539293
    0.0023072514
    0.0030346487
    0.0035321059
    0.0019042951
    0.0047966351
    0.0028306605
    0.0032383554
    0.0029690306
    0.0021481902
    0.0021328013
    0.0060063297
    0.0049490242
    0.0031083458
    0.0024496852
    0.0040787615
    0.0022422072
    0.0027948472
    0.0028241133
    0.0027601733
    0.0054822654
    0.0038904635
    0.0034729904
    0.0022676286
    0.0082318274
    0.0041644299
    0.0023950438
    0.0032101741
    0.0100780687
    0.0022068303
    0.0029775323
    0.0047115836
    0.0029919764
    0.0029523750
    0.0046236796
    0.0092404145
    0.0031154027
    0.0033648630
    0.0041239998
    0.0055970609
    0.0017929651
    0.0026913826
    0.0082471071
    0.0051114787
    0.0050992851
    0.0041929677
    0.0044795470
    0.0029167868
    0.0036645687
    0.0019835179
    0.0066563938
    0.0020339163
    0.0068466753
    0.0075747869
    0.0057892596
    0.0050141364
    0.0028390816
    0.0030925279
    0.0027978505
    0.0026280179
    0.0025253341
    0.0027348399
    0.0081505106
    0.0025871253
    0.0023801798
    0.0024676673
    0.0042132832
    0.0072123453
    0.0027240163
    0.0025327136
    0.0127159253
    0.0021507734
    0.0028790692
    0.0024289344
    0.0057377815
    0.0103450681
    0.0063798272
    0.0039562692
    0.0089652555
    0.0022474656
    0.0065022015
    0.0024799221
    0.0050818089
    0.0022259306
    0.0019478112
    0.0072633521
    0.0026352145
    0.0047096028
    0.0102912495
    0.0028988810
    0.0045602526
    0.0018003970
    0.0073078879
    0.0022062305
    0.0044075246
    0.0052354065
    0.0021984907
    0.0042894193
    0.0024327011
    0.0018742764
    0.0026156652
    0.0043880407
    0.0053165545
    0.0062161849
    0.0024924555
    0.0023565640
    0.0029365058
    0.0027204755
    0.0074447233
    0.0044490428
    0.0029577376
    0.0024874557
    0.0042847225
    0.0017720859
    0.0068026592
    0.0035343474
    0.0072554887
    0.0062191159
    0.0028587346
    0.0020642546
   -0.0112489862
   -0.0001367228
    0.0031885614
    0.0007469553
    0.0009612985
    0.0034341249
   -0.0145654535
   -0.0003643392
    0.0019060082
    0.0017965563
   -0.0040374852
   -0.0047167052
   -0.0053539250
   -0.0013732262
    0.0026808416
   -0.0137877801
    0.0024080999
    0.0028462688
   -0.0013543903
    0.0015200634
   -0.0000666865
   -0.0052140908
    0.0014794785
    0.0006271707
   -0.0091587630
   -0.0075799167
   -0.0016536148
    0.0038005035
   -0.0006744173
    0.0021130023
   -0.0008054183
   -0.0035845967
    0.0039782729
   -0.0037937526
    0.0037534841
    0.0057830274
    0.0071868510
    0.0078472603
    0.0112180382
    0.0075514063
    0.0067232409
    0.0060832190
    0.0086899146
    0.0081411180
    0.0090241864
    0.0052501699
    0.0080332290
    0.0059751547
    0.0085103992
    0.0076141850
    0.0073030301
    0.0067320139
    0.0073027821
    0.0056303576
    0.0084974307
    0.0045133535
    0.0039507341
    0.0043667347
    0.0043890171
    0.0040490466
    0.0033829067
    0.0036171380
    0.0040547064
    0.0036928850
    0.0034508233
    0.0039832141
    0.0036181259
    0.0042251592
    0.0044758106
    0.0039671939
    0.0042917611
    0.0089709993
    0.0083848294
    0.0070291996
    0.0073863774
    0.0095490789
    0.0069424870
    0.0082955302
    0.0095952396
    0.0105390235
    0.0055790240
    0.0110875068
    0.0048061367
    0.0067579086
    0.0058987932
    0.0069103894
    0.0064790427
    0.0053339561
    0.0059074524
    0.0094644963
    0.0082279864
    0.0062281862
    0.0049427048
    0.0096637264
    0.0069347692
    0.0052011942
    0.0082113962
    0.0054547453
    0.0077481789
    0.0075574656
    0.0057230237
    0.0102461004
    0.0077250626
    0.0096885643
    0.0070062962
    0.0146587594
    0.0052968708
    0.0145184016
    0.0128159196
    0.0147082954
    0.0156591764
    0.0150867059
    0.0139752252
    0.0085263611
    0.0177058964
    0.0065018906
    0.0156057970
    0.0172110675
    0.0148293530
    0.0169026180
    0.0152757456
    0.0158815135
    0.0154061668
    0.0157598680
    0.0058226831
    0.0154141140
    0.0094542266
    0.0170617703
    0.0045413526
    0.0068073125
    0.0088065219
   -0.0027914287
   -0.0016691430
   -0.0047817058
    0.0130318503
    0.0035002935
    0.0004414224
    0.0013696794
   -0.0044272175
   -0.0024551415
    0.0047101492
   -0.0018139424
   -0.0003035979
   -0.0040836302
    0.0011842655
    0.0125123288
   -0.0017281567
    0.0017232164
   -0.0033115615
    0.0000051028
    0.0026046873
    0.0013432012
   -0.0030012840
    0.0035391887
    0.0012097930
   -0.0017241366
    0.0078299599
   -0.0017748312
    0.0093851746
    0.0008097867
    0.0006884761
    0.0083378218
   -0.0022986966
   -0.0040353744
    0.0071523099
    0.0125891685
   -0.0008187466
   -0.0034971387
    0.0016838817
    0.0028840212
   -0.0032769159
   -0.0010332177
    0.0033233082
    0.0070166252
   -0.0050032731
    0.0061259818
    0.0021526070
    0.0049772950
    0.0146475924
   -0.0036130539
    0.0111824886
   -0.0042958088
    0.0050186886
    0.0103132686
   -0.0034660358
    0.0019251567
    0.0018334490
    0.0034993670
    0.0002966427
    0.0032313779
   -0.0021469194
    0.0135202764
    0.0005803433
   -0.0010009884
   -0.0047642547
   -0.0021925267
    0.0094373618
    0.0053934156
    0.0134345362
    0.0114078872
    0.0006161358
   -0.0048846995
    0.0122645884
   -0.0043152143
    0.0018875554
   -0.0052898366
   -0.0027054817
   -0.0004886309
    0.0092495585
    0.0034138610
    0.0001532278
    0.0018470788
   -0.0040442397
   -0.0023509881
    0.0103421563
   -0.0031096787
    0.0041964085
   -0.0038678334
    0.0022833784
    0.0008239768
   -0.0022917156
   -0.0017564048
   -0.0031779097
    0.0000547056
    0.0047014275
   -0.0007265408
    0.0032617635
   -0.0027309320
    0.0022927464
    0.0047229834
    0.0023442400
   -0.0018742374
    0.0015152693
   -0.0004434633
    0.0018732636
    0.0038231324
   -0.0037398029
    0.0011187360
    0.0029306948
   -0.0003974297
   -0.0064678761
    0.0033945625
    0.0020754844
   -0.0020770854
    0.0049557153
   -0.0038884236
    0.0022588276
    0.0027673868
   -0.0040439675
   -0.0026658937
   -0.0037250492
   -0.0027646291
    0.0009763562
   -0.0008066696
   -0.0076621854
    0.0040392684
    0.0017301802
    0.0026543134
    0.0016425854
    0.0001810596
   -0.0023182153
   -0.0030959088
   -0.0066155450
   -0.0061468973
    0.0018141850
    0.0019881138
    0.0001216820
   -0.0007635051
    0.0040552724
    0.0022631538
   -0.0012329036
   -0.0047196868
    0.0017424394
    0.0010840612
    0.0019157175
    0.0016105963
    0.0024251640
    0.0031830932
    0.0056064847
    0.0077400288
    0.0041352010
    0.0071000032
    0.0064406951
    0.0080498504
    0.0069799569
    0.0097498965
    0.0074485004
    0.0032878603
    0.0090113278
    0.0085551303
    0.0065956216
    0.0079160831
    0.0064933812
    0.0002477301
    0.0029186654
    0.0042459873
    0.0041434653
    0.0025327576
    0.0017892399
    0.0029809166
    0.0064693319
    0.0104074413
    0.0086930759
    0.0103297203
    0.0104154998
    0.0045098407
   -0.0015352455
    0.0083010416
    0.0089070804
    0.0072241927
    0.0048390162
    0.0059019824
    0.0065968708
    0.0061746226
    0.0092990105
    0.0010447079
    0.0068202258
   -0.0009605366
    0.0054521407
    0.0060387080
    0.0044022908
    0.0047773448
    0.0078480706
    0.0029029515
    0.0042840000
    0.0040923310
    0.0063177967
   -0.0005448394
    0.0035776418
    0.0017069735
    0.0065356245
    0.0064036211
    0.0101166822
    0.0088490687
    0.0081856081
    0.0064334780
    0.0080579110
    0.0084565288
    0.0061722041
    0.0076843121
    0.0067996210
    0.0100905983
   -0.0176173651
   -0.0206571385
   -0.0202971305
   -0.0098527867
   -0.0003445983
   -0.0201226527
   -0.0153970502
   -0.0225458372
   -0.0143415558
   -0.0153396676
   -0.0182047038
   -0.0200085040
   -0.0146713202
   -0.0213626468
   -0.0202654382
   -0.0145650086
   -0.0110554550
   -0.0182952496
   -0.0230661497
   -0.0161618921
    0.0000503481
   -0.0142094145
   -0.0230323081
   -0.0115924131
   -0.0200149078
   -0.0191308044
   -0.0220406506
    0.0018289498
   -0.0222823785
   -0.0151385759
   -0.0174118690
   -0.0196635852
   -0.0181604374
   -0.0089357946
   -0.0157328028
   -0.0154800750
   -0.0155002478
   -0.0197619600
   -0.0192669603
   -0.0087165175
   -0.0176452525
   -0.0169908524
   -0.0079616194
   -0.0184189984
   -0.0111534148
   -0.0222227063
   -0.0148971132
   -0.0177928537
   -0.0193961527
   -0.0098740398
   -0.0222362612
   -0.0212115875
   -0.0119472043
   -0.0125856126
   -0.0197154702
   -0.0218761097
   -0.0208803757
   -0.0230086417
   -0.0078468422
   -0.0143645194
   -0.0104345193
   -0.0218821466
   -0.0218185188
   -0.0190834892
   -0.0091417611
   -0.0191977463
   -0.0134052218
   -0.0197575547
   -0.0192690542
   -0.0081341882
   -0.0158652283
   -0.0223098190
   -0.0054678458
   -0.0036072530
   -0.0225555896
   -0.0132040034
   -0.0155222238
   -0.0181792029
   -0.0103628846
   -0.0146186134
   -0.0010940068
   -0.0045002608
   -0.0127885322
   -0.0184529454
   -0.0213620471
   -0.0206213792
   -0.0107177917
   -0.0082273299
   -0.0115041704
   -0.0232380522
   -0.0215978676
    0.0037983615
    0.0006693924
    0.0046931288
   -0.0000251186
    0.0069958299
   -0.0045160252
   -0.0004419166
    0.0064116764
    0.0006564471
    0.0018597008
    0.0079000031
    0.0007596324
    0.0080426925
    0.0046941771
    0.0042441000
   -0.0103772087
    0.0015004945
   -0.0003484288
    0.0020020406
    0.0064694924
    0.0033439589
   -0.0129861761
    0.0005959757
   -0.0008160047
    0.0023207026
    0.0011115393
   -0.0033578266
   -0.0000288413
   -0.0031736091
    0.0038943601
   -0.0028111975
    0.0018476337
   -0.0109201559
   -0.0062619036
    0.0020607616
    0.0031404004
    0.0024560728
    0.0030693976
    0.0000981673
    0.0001811154
   -0.0037520812
   -0.0119946725
    0.0034647985
   -0.0092898534
    0.0029600106
    0.0021974235
    0.0077016331
    0.0079360894
    0.0094332428
    0.0069760828
    0.0056028551
    0.0082374243
    0.0082614610
    0.0077601223
    0.0094528757
    0.0085614098
    0.0087128189
    0.0095726097
    0.0077615042
    0.0085159847
    0.0093944746
    0.0087014777
    0.0099803440
    0.0081068951
    0.0059611892
    0.0067682444
    0.0079857899
    0.0096376578
    0.0089429474
    0.0081618332
    0.0098966411
    0.0088959269
    0.0096698137
    0.0087863668
    0.0086792259
    0.0085989826
    0.0092701583
    0.0079337060
    0.0038180713
    0.0028202893
    0.0022078020
    0.0031306438
    0.0020982501
    0.0019257656
    0.0021132245
    0.0077088636
    0.0028341222
    0.0024744698
    0.0032218902
    0.0062450699
    0.0020837976
    0.0019455062
    0.0018742846
    0.0026664039
    0.0032597473
    0.0039383278
    0.0020156487
    0.0022998559
    0.0025082668
    0.0063539330
    0.0022143006
    0.0034397667
    0.0025154346
    0.0079827681
    0.0042612461
    0.0048131018
    0.0027382771
    0.0032421826
    0.0020829006
    0.0022472063
    0.0021079524
    0.0021345882
    0.0027835112
    0.0064000743
    0.0099208331
    0.0041759643
    0.0018674030
    0.0053245099
    0.0043642516
    0.0015295450
    0.0045263027
    0.0020320472
    0.0020493692
    0.0042576734
    0.0019300621
    0.0031515462
    0.0084831954
    0.0019939229
    0.0025111244
    0.0024149938
    0.0020400640
    0.0019462266
    0.0018616985
    0.0021085063
    0.0047299357
    0.0020652280
    0.0019895528
    0.0028020478
    0.0096568972
    0.0025902553
    0.0041117169
    0.0037592431
    0.0044858048
    0.0015314355
    0.0042856872
    0.0019474165
    0.0073806335
    0.0063754245
    0.0042533873
    0.0041244088
    0.0024882528
    0.0019718392
    0.0028021133
    0.0046672107
    0.0026220899
    0.0062493765
    0.0051970021
    0.0030071834
    0.0020588696
    0.0034339003
    0.0023976789
    0.0029677277
    0.0053951630
    0.0043104907
    0.0041623429
    0.0022227851
    0.0020235771
    0.0018926214
    0.0047949351
    0.0036071852
    0.0056648555
    0.0020720788
    0.0019898904
    0.0037290362
    0.0026016367
    0.0021123355
    0.0069858184
    0.0049733719
    0.0033389283
    0.0021976319
    0.0050286713
    0.0042096312
    0.0044769525
    0.0087332699
    0.0047326618
    0.0021018984
    0.0077370970
    0.0051616838
    0.0048075667
    0.0030120576
    0.0041536710
    0.0013001556
    0.0020680484
    0.0056161814
    0.0019016576
    0.0019187617
    0.0066211697
    0.0021286935
    0.0019054819
    0.0008791549
    0.0019477657
    0.0020318941
    0.0064520037
    0.0062841635
    0.0021256410
    0.0101765735
    0.0020675904
    0.0053935184
    0.0026928634
    0.0021746803
    0.0062443033
    0.0025542350
    0.0022389643
    0.0021080395
    0.0092936631
    0.0070921362
    0.0047344795
    0.0024606361
    0.0028723838
    0.0033109202
    0.0051573848
    0.0029480026
    0.0058742060
    0.0029319484
    0.0041558755
    0.0037605166
    0.0029644099
    0.0020518698
    0.0045134399
    0.0026179039
    0.0018354096
    0.0029203389
   -0.0026846862
   -0.0058221610
   -0.0018224047
   -0.0012790414
   -0.0043648901
    0.0011514804
   -0.0033892611
   -0.0004786608
   -0.0060188526
   -0.0000036723
    0.0001797191
   -0.0024379940
   -0.0055151596
    0.0000782331
   -0.0075275621
   -0.0005380285
   -0.0016764342
    0.0001623636
   -0.0009069276
   -0.0052948930
   -0.0007283011
    0.0015607406
   -0.0038513498
   -0.0002868877
   -0.0067118879
   -0.0029463653
    0.0010169243
    0.0003349715
    0.0074237343
    0.0058317345
    0.0076764238
    0.0073421531
    0.0080287922
    0.0060891917
    0.0054924427
    0.0063988877
    0.0070679908
    0.0078126896
    0.0085300854
    0.0033132418
    0.0033819651
    0.0032404899
    0.0035059044
    0.0033907929
    0.0030442596
    0.0028774639
    0.0034452992
    0.0035291941
    0.0030974775
    0.0034140325
    0.0030142631
    0.0033150913
    0.0092391969
    0.0072507839
    0.0054141439
    0.0073027489
    0.0071308825
    0.0057892016
    0.0069873558
    0.0050909945
    0.0076307101
    0.0073942216
    0.0081634086
    0.0056275284
    0.0056753566
    0.0058311595
    0.0078807509
    0.0051520861
    0.0059763347
    0.0133859223
    0.0140378211
    0.0114911844
    0.0127820030
    0.0092623214
    0.0078032696
    0.0097403712
    0.0090668347
    0.0126399696
    0.0066821692
    0.0121956833
    0.0111380613
    0.0132660525
    0.0063294452
    0.0117819625
    0.0118428461
    0.0101323781
    0.0127943442
    0.0128599760
    0.0061248879
    0.0135941772
    0.0087060253
    0.0132352277
    0.0102776507
    0.0124325295
    0.0108616257
    0.0141783083
    0.0068005586
    0.0100053257
    0.0128521280
    0.0137890092
    0.0051902009
    0.0094609569
    0.0121629452
    0.0140313344
    0.0136948094
    0.0078088149
    0.0001636945
   -0.0029188661
   -0.0012320338
    0.0013589224
   -0.0010729437
   -0.0024295561
    0.0012511769
   -0.0003250202
   -0.0019491398
    0.0020526743
    0.0088983044
    0.0029191004
    0.0017532040
   -0.0004658475
   -0.0007759437
   -0.0019017532
    0.0070408571
   -0.0017476392
    0.0053873563
   -0.0031020580
    0.0021536491
    0.0005338682
    0.0070614459
   -0.0022984856
   -0.0018256277
    0.0025874750
    0.0045257364
   -0.0028195921
    0.0044714580
   -0.0013193736
    0.0053344951
    0.0014099673
    0.0014458140
   -0.0024189221
   -0.0017551420
    0.0001563830
   -0.0029181436
    0.0107509506
    0.0054282059
    0.0043684529
    0.0014179432
    0.0008430123
    0.0035409241
   -0.0030367338
    0.0081816377
   -0.0023819339
   -0.0015541431
    0.0014631309
    0.0078257180
    0.0028442803
   -0.0031801493
   -0.0023505239
    0.0085931272
    0.0081983659
    0.0011257494
    0.0016409590
    0.0053018232
   -0.0023034125
    0.0073577145
    0.0002214269
    0.0016156825
   -0.0015313844
   -0.0006804151
   -0.0015134377
    0.0032087569
    0.0000147422
    0.0097386970
    0.0046228605
   -0.0031360379
   -0.0003684250
   -0.0017393766
    0.0025289484
   -0.0026612388
    0.0021802845
    0.0035332362
    0.0016008743
    0.0030736904
    0.0082514058
   -0.0013914833
    0.0011957128
    0.0008039606
    0.0034726729
    0.0117646686
    0.0098194913
    0.0107115801
    0.0126162314
   -0.0020230348
    0.0015519146
   -0.0003020635
    0.0007248400
   -0.0025080808
   -0.0000258975
    0.0096934357
   -0.0009146992
   -0.0020805523
    0.0010096089
    0.0023189828
    0.0002615953
    0.0061030217
    0.0014874605
   -0.0031687746
   -0.0004947502
   -0.0034640007
    0.0018724569
    0.0022407233
    0.0068255608
   -0.0026416133
    0.0000085567
    0.0015379814
   -0.0015470409
    0.0086696704
    0.0064253245
    0.0068290027
    0.0093974726
    0.0075548174
   -0.0030901497
    0.0027655810
   -0.0011270444
    0.0126988649
   -0.0023149405
    0.0072421565
    0.0003090384
   -0.0002343623
    0.0054964303
   -0.0001978431
   -0.0008269895
   -0.0022864257
    0.0031590098
    0.0008623329
    0.0003911594
   -0.0019524732
    0.0069046933
   -0.0031107679
   -0.0016348053
    0.0039796731
    0.0056756130
   -0.0023767922
    0.0054899262
    0.0009235809
    0.0099612354
    0.0011209233
    0.0061788598
    0.0021985970
   -0.0006726318
    0.0071208152
    0.0015150295
    0.0005983953
   -0.0010717096
   -0.0006263902
   -0.0005495010
    0.0009432088
    0.0021053879
   -0.0016460498
   -0.0029356173
   -0.0017908971
   -0.0023251171
    0.0022378903
    0.0046847944
   -0.0055206695
   -0.0023067901
   -0.0033457095
   -0.0008741674
    0.0016632270
    0.0007490610
   -0.0025540026
    0.0022168004
    0.0013824332
    0.0005604860
   -0.0009298714
    0.0012826951
    0.0036785588
    0.0028283507
   -0.0016593148
    0.0028854214
   -0.0049147796
    0.0033870777
   -0.0020954334
    0.0021012790
   -0.0064244273
   -0.0013555499
   -0.0005258800
    0.0009249985
    0.0020037512
    0.0046328211
   -0.0022265181
    0.0014680172
    0.0011353546
   -0.0037478683
   -0.0051050293
    0.0017902285
   -0.0029555387
    0.0033650784
   -0.0053911091
    0.0028257829
   -0.0051425426
   -0.0022326721
    0.0019827266
    0.0025225058
    0.0003396695
    0.0026709236
   -0.0028769835
   -0.0000379275
   -0.0015099255
    0.0001876865
    0.0012912785
    0.0003461287
   -0.0050709313
    0.0037363634
    0.0016000198
   -0.0056979396
    0.0031851466
    0.0013439669
   -0.0023521252
   -0.0006548654
    0.0009194128
   -0.0045115709
    0.0009316432
   -0.0023973144
    0.0009625596
    0.0083192067
    0.0034121468
    0.0004248832
    0.0028247088
    0.0070641707
    0.0051791255
    0.0069329570
    0.0061904102
    0.0074657434
    0.0082038181
    0.0055604161
    0.0058047460
    0.0081780706
    0.0064902841
    0.0064481156
    0.0083723341
    0.0028340988
    0.0082234845
    0.0048189069
    0.0038455726
    0.0009001458
    0.0059373140
    0.0076173422
    0.0069114342
    0.0033345896
    0.0055699352
    0.0054947813
    0.0041319498
   -0.0004179849
    0.0055712250
    0.0067729606
    0.0067936417
    0.0058212588
    0.0081003480
    0.0071307279
    0.0033126691
    0.0013262003
    0.0063266297
    0.0041185455
    0.0011519194
    0.0069043322
    0.0002601746
    0.0063676542
    0.0052130557
    0.0010284517
    0.0062778410
    0.0026937620
    0.0082091787
    0.0015211001
    0.0066308077
    0.0073414367
    0.0061502987
    0.0070846083
    0.0030683855
    0.0073065913
    0.0020871766
    0.0035569996
    0.0050888786
    0.0069387901
    0.0055788460
    0.0048934195
    0.0047262997
    0.0039444268
    0.0057399155
    0.0049645266
    0.0054238019
    0.0073002103
    0.0080684442
    0.0077816382
   -0.0001591581
    0.0007348005
   -0.0001483085
    0.0039546954
    0.0078276340
    0.0038986373
    0.0034388390
    0.0014546743
    0.0060629700
    0.0083104729
    0.0066609174
    0.0083597344
    0.0072217595
    0.0056604352
    0.0057250049
    0.0070029538
    0.0049073732
    0.0042764370
    0.0056577756
    0.0040107995
    0.0023886150
    0.0062071733
    0.0057647135
    0.0063451059
   -0.0009625544
    0.0042867118
    0.0038560602
    0.0057835597
    0.0062350310
    0.0047958339
    0.0064222417
    0.0075522626
    0.0064549648
    0.0068686828
    0.0042025372
    0.0054187927
    0.0073116463
    0.0036854434
    0.0042710253
    0.0058675743
    0.0063444754
    0.0079717395
    0.0052610552
    0.0055414317
    0.0056988387
   -0.0089928018
    0.0023141464
   -0.0138303518
   -0.0041977370
   -0.0123990153
   -0.0113886158
   -0.0034339571
   -0.0171935940
   -0.0134370799
   -0.0183662705
   -0.0140755557
   -0.0181242503
   -0.0149968882
   -0.0124051608
   -0.0184786741
   -0.0100592740
   -0.0125038810
   -0.0138096332
   -0.0126653549
   -0.0137599469
   -0.0120511003
   -0.0097089792
   -0.0132854976
   -0.0131622795
   -0.0134082216
   -0.0080928992
   -0.0109548730
   -0.0089635583
   -0.0133772264
   -0.0175103290
   -0.0114430033
   -0.0147958032
   -0.0125349077
   -0.0110305251
   -0.0006317987
   -0.0092606676
   -0.0170463306
   -0.0135812393
   -0.0095390233
   -0.0101228563
   -0.0193844650
   -0.0136962650
   -0.0139152091
   -0.0174003752
   -0.0190416639
   -0.0111761621
   -0.0168174694
   -0.0170793429
   -0.0186071098
   -0.0141585444
   -0.0132714112
   -0.0194659226
   -0.0175442797
   -0.0145055251
   -0.0180432855
   -0.0141498887
   -0.0194113297
   -0.0059584497
   -0.0143534210
   -0.0079111770
   -0.0191553265
   -0.0169804644
   -0.0163421281
   -0.0157873774
   -0.0175973537
   -0.0102263957
   -0.0102572139
   -0.0178903382
   -0.0184214949
   -0.0122651375
   -0.0186155910
   -0.0081919244
   -0.0136232349
   -0.0160803617
   -0.0151084781
   -0.0133283844
   -0.0189368107
   -0.0183732889
   -0.0181362985
   -0.0146040976
   -0.0177732334
   -0.0180293859
   -0.0117488017
   -0.0155244598
   -0.0117804978
   -0.0193185248
   -0.0075385431
   -0.0182300067
   -0.0134888902
   -0.0149690058
   -0.0185665187
   -0.0130208564
   -0.0163312318
   -0.0143002634
   -0.0128900888
   -0.0170409202
    0.0026098696
   -0.0170627293
   -0.0130307864
   -0.0124468739
   -0.0191306754
   -0.0184358979
   -0.0144260256
   -0.0183759869
   -0.0090325940
   -0.0125736821
   -0.0122035630
   -0.0181383887
   -0.0033577404
   -0.0096448321
   -0.0175920349
   -0.0172062699
   -0.0126583747
   -0.0193985687
   -0.0030981992
   -0.0113541466
   -0.0192890644
   -0.0087797277
   -0.0154474917
   -0.0128104279
   -0.0075452133
   -0.0158127835
   -0.0166079860
   -0.0108450848
   -0.0018167563
   -0.0172454488
    0.0000376010
   -0.0156831408
   -0.0000481329
    0.0043765163
    0.0028809030
    0.0002808631
    0.0007824350
   -0.0089724537
   -0.0057957856
   -0.0007531612
    0.0019329136
    0.0040067315
   -0.0007694280
   -0.0084935030
   -0.0011369203
   -0.0043828397
   -0.0023752198
   -0.0093620263
    0.0023054566
    0.0002996344
    0.0000981806
    0.0010448022
    0.0042640976
   -0.0085054992
   -0.0040945119
    0.0013582965
   -0.0021783994
   -0.0011589627
   -0.0061323881
   -0.0016932116
    0.0045939675
   -0.0034265761
   -0.0088132401
   -0.0064163930
   -0.0011712387
   -0.0050010035
   -0.0001583015
   -0.0106695924
   -0.0054536967
   -0.0031397541
   -0.0005603080
   -0.0016907125
   -0.0132729193
    0.0034866271
    0.0023500529
   -0.0105321014
    0.0010503757
   -0.0036741545
   -0.0023172553
    0.0049368686
    0.0061403338
    0.0001540604
   -0.0125996288
   -0.0033445582
   -0.0041404956
    0.0029676186
   -0.0005972252
    0.0035762482
    0.0062259649
   -0.0019461743
   -0.0050588902
   -0.0025478624
   -0.0075667983
    0.0010848536
    0.0037355764
    0.0010063794
   -0.0033053884
   -0.0002131029
   -0.0073314282
   -0.0005390047
    0.0003921567
   -0.0006736740
    0.0003973745
    0.0008248659
   -0.0035191285
    0.0016678354
   -0.0069966108
   -0.0017378573
   -0.0001676773
   -0.0115564451
    0.0011776654
    0.0004816052
   -0.0088488725
    0.0018250529
   -0.0149034265
   -0.0066817366
   -0.0005607690
    0.0048580305
   -0.0070790838
   -0.0027609822
    0.0047328109
    0.0000251978
    0.0008307344
   -0.0013496325
   -0.0144851707
   -0.0056923553
   -0.0018169045
   -0.0042536236
   -0.0055042252
    0.0071487099
    0.0019839979
    0.0025600804
    0.0046885671
    0.0022525734
    0.0043706404
    0.0034479992
    0.0027129149
    0.0045752694
    0.0042056244
    0.0024246592
    0.0046848634
    0.0020128948
    0.0016492713
    0.0077313883
    0.0017767443
    0.0019389263
    0.0034409757
    0.0023390894
    0.0039608171
    0.0011472272
    0.0021490971
    0.0021903287
    0.0037958790
    0.0016783744
    0.0019450568
    0.0036823878
    0.0063048388
    0.0023155401
    0.0016740173
    0.0016756784
    0.0020129282
    0.0017998255
    0.0054998484
    0.0059309661
    0.0019542938
    0.0046697724
    0.0036014099
    0.0031419945
    0.0067424602
    0.0024802635
    0.0066496366
    0.0044572148
    0.0030979811
    0.0069023456
    0.0007787221
    0.0019891134
    0.0027894530
    0.0038563992
    0.0057377242
    0.0020509206
    0.0021697142
    0.0023550701
    0.0022653490
    0.0020664301
    0.0060241807
    0.0062082065
    0.0023994610
    0.0042314504
    0.0075373118
    0.0021818307
    0.0018888625
    0.0062637111
    0.0069345134
    0.0019425956
    0.0022327558
    0.0037264031
    0.0035593823
    0.0030891793
    0.0019264135
    0.0073370405
    0.0058428979
    0.0019329715
    0.0022653425
    0.0042665198
    0.0049827137
    0.0030960596
    0.0037559598
    0.0024742163
    0.0006020228
    0.0017209259
    0.0072148529
    0.0035602273
    0.0028606553
    0.0026327589
    0.0057999543
    0.0076407965
    0.0018573255
    0.0019672147
    0.0021612039
    0.0008243729
    0.0049624448
    0.0044947434
    0.0061544153
    0.0015955939
    0.0027819666
    0.0013120993
    0.0022517280
    0.0027170903
    0.0020114996
    0.0026955842
    0.0015502351
    0.0021774723
    0.0025085681
    0.0016977386
    0.0023967177
    0.0037222195
    0.0029384156
    0.0033019072
    0.0029475881
    0.0036555531
    0.0025628110
    0.0066078361
    0.0022480862
    0.0024179105
    0.0035493650
    0.0054335277
    0.0049289084
    0.0024643101
    0.0043542639
    0.0017050459
    0.0022009035
    0.0031735433
    0.0052512828
    0.0021771084
    0.0070781694
    0.0067381601
    0.0025225562
    0.0050396649
    0.0021150076
    0.0044707678
    0.0044560075
    0.0020710235
    0.0038961621
    0.0055996691
    0.0031651790
    0.0067093566
    0.0028806576
    0.0055737402
    0.0041537735
    0.0012932442
    0.0021116941
    0.0020231898
    0.0021496733
    0.0017643436
    0.0014505458
    0.0023802159
    0.0014591785
    0.0022375557
    0.0019189166
    0.0046425937
    0.0018683876
    0.0023425637
    0.0051393842
    0.0019912201
    0.0016887830
    0.0023035092
    0.0020766969
    0.0042405514
    0.0017431292
    0.0026828325
    0.0050146965
    0.0050067831
    0.0029782930
    0.0071541010
    0.0048149448
    0.0039710148
    0.0038486628
    0.0019495260
    0.0067102195
    0.0021686765
    0.0029654392
    0.0034539299
    0.0022742743
    0.0018805478
    0.0028144177
    0.0021940386
    0.0024783064
    0.0023448345
    0.0025935727
    0.0021619349
    0.0018488895
    0.0040700293
    0.0037621096
    0.0039189564
    0.0015470554
    0.0020100229
    0.0031276382
    0.0018549404
    0.0065725336
    0.0020444706
    0.0020192171
    0.0027083862
    0.0042324612
    0.0017317656
    0.0022273545
    0.0018730119
    0.0033838564
    0.0021813941
    0.0062619760
    0.0045686534
    0.0067348924
    0.0022009031
    0.0043889317
    0.0033076520
    0.0044218907
    0.0044263298
    0.0031194449
    0.0021276817
    0.0061837488
    0.0021011550
    0.0027586894
    0.0020555256
    0.0044050300
    0.0027876308
    0.0062312127
    0.0076033022
    0.0037061556
    0.0057649137
    0.0024486029
    0.0049259948
    0.0019206573
    0.0038148279
    0.0020743153
    0.0023846449
    0.0055587307
    0.0065844613
    0.0011285534
    0.0016349085
    0.0069468739
    0.0026493893
    0.0041364979
    0.0018963171
    0.0025831302
    0.0040697784
    0.0019381758
    0.0025219262
    0.0047620112
    0.0018744189
    0.0063976928
    0.0023795017
    0.0021613872
    0.0019063920
    0.0020102631
    0.0019402937
    0.0075934966
    0.0018411585
    0.0025559194
    0.0072206196
    0.0030313045
    0.0016051877
    0.0019605749
    0.0042016966
    0.0035430853
    0.0019015176
    0.0046553436
    0.0034648443
    0.0018028956
    0.0022415154
    0.0032261033
    0.0018525974
    0.0019972760
    0.0052361360
    0.0014179120
    0.0049398948
    0.0015951066
    0.0060508516
    0.0021821180
    0.0051689521
    0.0010054246
    0.0025704598
    0.0042000853
    0.0042283336
    0.0043578140
    0.0013920710
