    0.0240943775
    0.0333659081
    0.0375963597
    0.0394467632
    0.0487999675
    0.0334021486
    0.0425429702
    0.0333356918
    0.0290347154
    0.0396226660
    0.0494951226
    0.0399408531
    0.0282651933
    0.0197894491
    0.0332862354
    0.0363792321
    0.0424443278
    0.0234738151
    0.0407718328
    0.0481237941
    0.0417418961
    0.0451482462
    0.0430032020
    0.0324565995
    0.0464008317
    0.0263098224
    0.0218805386
    0.0363921653
   -0.0180282087
   -0.0252607900
   -0.0284956344
   -0.0291483744
   -0.0262531515
   -0.0179783628
   -0.0255081483
   -0.0010353198
    0.0002404996
   -0.0218569959
   -0.0263287998
   -0.0247982339
    0.0178580011
    0.0146712305
   -0.0140224740
    0.0108946437
   -0.0149836357
   -0.0249716128
   -0.0164177337
   -0.0243797452
   -0.0181733397
   -0.0078114537
   -0.0211430746
   -0.0196578182
    0.0052154649
   -0.0079548553
   -0.0132679069
   -0.0288134971
   -0.0065460847
   -0.0112615126
   -0.0212800442
   -0.0063387470
    0.0014565935
   -0.0276046650
   -0.0181138172
   -0.0241581279
   -0.0129335863
   -0.0265574251
   -0.0222644326
    0.0003558749
   -0.0280207176
   -0.0220491731
   -0.0224513995
   -0.0172674395
   -0.0180140193
   -0.0133518736
   -0.0278512820
   -0.0214200252
   -0.0152152445
   -0.0263034725
   -0.0091637746
   -0.0225538330
   -0.0259999606
   -0.0057630843
   -0.0019060514
   -0.0276219006
    0.0093633150
   -0.0208282823
    0.0110276719
   -0.0293432318
   -0.0052042026
   -0.0043019777
   -0.0028336149
   -0.0293781817
   -0.0252071327
   -0.0231405132
   -0.0219388903
   -0.0215379897
   -0.0074281766
    0.0163990484
   -0.0127026589
   -0.0184109613
   -0.0186579535
    0.0020683946
   -0.0157538013
   -0.0187370375
   -0.0195042633
   -0.0111996623
   -0.0196856334
   -0.0266362674
   -0.0173669496
   -0.0179430914
   -0.0208966340
   -0.0143133254
   -0.0173395205
   -0.0145038522
   -0.0167773114
   -0.0161410967
   -0.0146117791
   -0.0182307400
   -0.0083034197
   -0.0209367760
   -0.0154634560
   -0.0201897720
   -0.0052930661
   -0.0195472044
   -0.0142073681
   -0.0185855788
   -0.0086739803
   -0.0108433476
   -0.0176445126
   -0.0086038173
   -0.0045826625
   -0.0181713594
   -0.0068506294
   -0.0166001862
   -0.0248120878
   -0.0061203402
   -0.0192579607
   -0.0191571294
   -0.0095532686
    0.0080690776
   -0.0113387775
   -0.0141316257
   -0.0199305066
   -0.0178568329
   -0.0197863398
   -0.0144664301
   -0.0211670520
   -0.0099062113
   -0.0188062088
    0.0094801666
    0.0099547141
   -0.0088276671
   -0.0269099730
   -0.0173276952
    0.0082665285
   -0.0216147522
   -0.0101319695
    0.0091554563
   -0.0223249562
   -0.0200153860
   -0.0054117752
   -0.0185259012
   -0.0207754913
   -0.0123950217
   -0.0026510079
   -0.0212995247
   -0.0058081429
    0.0087335605
   -0.0199076351
   -0.0141530802
    0.0008936284
   -0.0093417733
   -0.0010083466
   -0.0129043848
   -0.0200790909
   -0.0135685997
   -0.0177073669
   -0.0056226145
   -0.0050335328
    0.0049844677
   -0.0017903859
   -0.0224740134
   -0.0189528644
   -0.0139210816
    0.0080471366
   -0.0112415398
   -0.0023583334
   -0.0198237567
   -0.0236174183
    0.0093427915
   -0.0071511977
   -0.0150856810
   -0.0167706901
    0.0118043383
    0.0245328693
   -0.0087940790
   -0.0055724878
   -0.0128048573
   -0.0231289067
   -0.0266178743
   -0.0220414862
    0.0003285236
   -0.0106939326
   -0.0075983178
    0.0222233308
   -0.0076985469
   -0.0023740890
   -0.0193643507
    0.0020458570
   -0.0114173090
   -0.0015269322
   -0.0210392545
    0.0000049478
    0.0012442330
   -0.0040599071
   -0.0145344148
    0.0005668182
    0.0232127801
   -0.0182873887
   -0.0047334879
   -0.0000399495
    0.0001576347
    0.0069912134
    0.0060863116
    0.0019921196
   -0.0018889979
   -0.0089745229
    0.0002172371
    0.0078446460
    0.0037715423
   -0.0115769157
   -0.0049021392
    0.0048262218
    0.0045989076
   -0.0005747787
    0.0085325632
    0.0075464389
    0.0034121354
    0.0087613221
    0.0004529072
   -0.0021179419
   -0.0075541300
   -0.0018560464
   -0.0148033247
   -0.0232611566
   -0.0192836403
   -0.0231039374
    0.0041273074
   -0.0141053360
   -0.0208851822
    0.0035844715
   -0.0086621843
   -0.0117139000
   -0.0133998297
   -0.0019829262
   -0.0029783497
   -0.0008892394
   -0.0069762904
   -0.0122611847
   -0.0263101209
    0.0015934342
    0.0019099774
    0.0030344575
   -0.0047331743
    0.0037421855
   -0.0038921866
   -0.0089691922
   -0.0097942809
   -0.0133686415
   -0.0055169087
   -0.0260721562
   -0.0112807255
   -0.0105183222
   -0.0025378937
    0.0012099216
    0.0042610604
   -0.0104958902
    0.0098015835
   -0.0260947780
   -0.0120533837
   -0.0168558348
   -0.0206389066
   -0.0034086186
    0.0081688022
   -0.0221615440
   -0.0090134898
    0.0286860919
    0.0222707528
    0.0243366412
    0.0255649600
    0.0314341940
    0.0160307664
    0.0174501360
    0.0146841516
    0.0200623222
    0.0195165190
    0.0220676259
    0.0219078358
    0.0189872454
    0.0232574748
    0.0233343858
    0.0293772724
    0.0310720476
    0.0249136993
    0.0196431981
    0.0179026607
    0.0195408134
    0.0269122053
    0.0149452387
   -0.0137926777
    0.0067205041
   -0.0165803520
    0.0010397031
   -0.0152286847
    0.0159027574
   -0.0246768037
    0.0026518725
   -0.0057861818
   -0.0057214295
   -0.0206971848
   -0.0156793763
   -0.0270882280
    0.0091899848
   -0.0047180260
    0.0078147823
   -0.0007630259
   -0.0113235880
   -0.0242572925
   -0.0017274588
   -0.0205185423
   -0.0028699969
   -0.0100274616
   -0.0059878912
    0.0020403705
    0.0001276564
    0.0013841853
   -0.0074328472
    0.0167703463
    0.0099389073
   -0.0108583509
   -0.0097635687
    0.0023703725
   -0.0008438135
   -0.0233675996
    0.0019954696
   -0.0041348352
   -0.0233465926
   -0.0042316709
   -0.0158692649
    0.0019946997
   -0.0084945917
    0.0033586882
   -0.0004164060
    0.0023412046
   -0.0034942575
   -0.0162726601
   -0.0003813510
    0.0040360547
    0.0114768538
    0.0130064887
    0.0070716230
    0.0091859909
    0.0069285742
    0.0079680091
    0.0114739131
    0.0125112385
    0.0075290633
    0.0088412116
    0.0103827656
    0.0081049948
    0.0116720115
    0.0048868636
    0.0114304581
    0.0106509299
    0.0086778010
    0.0087082666
    0.0015846660
   -0.0083963173
    0.0081332509
    0.0017062977
   -0.0002522585
   -0.0219872676
   -0.0119547256
   -0.0159601272
    0.0065640384
    0.0014164291
   -0.0118993222
   -0.0069090603
   -0.0083116345
   -0.0184699632
   -0.0030444400
   -0.0096381473
   -0.0074419429
    0.0081646083
   -0.0206175484
   -0.0021605386
    0.0069441404
   -0.0188271953
   -0.0072981970
   -0.0210594365
   -0.0195923728
   -0.0118335364
   -0.0146515846
    0.0022319513
   -0.0146356111
    0.0105751961
   -0.0183418236
   -0.0240819732
   -0.0269906481
   -0.0271854111
   -0.0108149761
   -0.0243080975
    0.0010427667
   -0.0134282980
   -0.0116900623
   -0.0158088089
   -0.0215240391
   -0.0229390834
   -0.0085436493
   -0.0136622691
    0.0041141458
    0.0025038115
   -0.0196928752
    0.0039589134
   -0.0136860389
   -0.0126136136
   -0.0017004575
   -0.0059958000
   -0.0039898363
   -0.0102937435
    0.0102857017
    0.0085539326
    0.0161657197
    0.0156786996
    0.0141356040
    0.0141589593
    0.0128295680
    0.0128498629
    0.0164359269
    0.0162397712
    0.0132499044
    0.0133642780
    0.0058318899
    0.0150267215
    0.0074106114
    0.0130772938
    0.0113941685
    0.0129616394
    0.0124919424
    0.0160818080
    0.0098871640
    0.0070547315
    0.0096101749
    0.0082707025
    0.0094500603
    0.0091198105
    0.0115974357
    0.0122528544
    0.0094740067
    0.0095591719
    0.0270177017
    0.0352624179
    0.0206153689
    0.0168736089
    0.0324697752
    0.0254236780
    0.0206154026
    0.0213937794
    0.0327689908
    0.0226350668
    0.0186918098
    0.0182702561
    0.0183841018
    0.0263011972
    0.0344022837
    0.0383815276
    0.0177041453
    0.0195562820
    0.0264289752
    0.0270783273
    0.0265131977
    0.0280116905
    0.0238485297
    0.0302483269
    0.0049205151
   -0.0055822682
   -0.0214104387
   -0.0114576102
   -0.0071117382
   -0.0191723499
   -0.0204918721
   -0.0133932782
   -0.0217680670
   -0.0141925568
   -0.0213133362
   -0.0017763286
    0.0013442645
   -0.0011616907
   -0.0188034401
   -0.0180382014
   -0.0197827541
   -0.0213437332
   -0.0214486834
   -0.0064864863
   -0.0215353980
    0.0110738411
   -0.0181230558
   -0.0186188369
    0.0042191856
   -0.0152008346
   -0.0200969647
   -0.0179721240
   -0.0177535346
   -0.0217045467
   -0.0192925797
   -0.0205087478
   -0.0199606332
   -0.0114191667
   -0.0178078967
    0.0182501988
   -0.0196248605
    0.0081402834
    0.0119209378
   -0.0188895785
    0.0027875694
   -0.0152913896
   -0.0005350598
   -0.0090203361
    0.0067551515
   -0.0176989456
   -0.0096287434
   -0.0159601954
   -0.0203919395
   -0.0206483714
    0.0054098941
   -0.0151467615
    0.0028033681
   -0.0098183259
   -0.0201462135
   -0.0026605550
   -0.0065544435
   -0.0189125350
   -0.0105369933
   -0.0160598604
   -0.0146741368
    0.0027866371
   -0.0096396866
   -0.0036017968
   -0.0169422128
   -0.0017620348
   -0.0145206905
   -0.0173303726
   -0.0121698470
   -0.0169567550
   -0.0132919274
   -0.0171389305
   -0.0100489158
   -0.0092777205
   -0.0140810844
   -0.0085148594
   -0.0158894128
   -0.0175864244
   -0.0107861282
   -0.0154224368
   -0.0161603856
   -0.0105684411
   -0.0154012771
   -0.0156687524
   -0.0069432853
   -0.0077921377
   -0.0171839764
   -0.0125541147
   -0.0090039605
   -0.0164588070
    0.0062663720
    0.0016529918
   -0.0113635917
   -0.0180198044
   -0.0147052126
   -0.0120718980
   -0.0049623729
   -0.0145508658
   -0.0138030167
    0.0023823332
   -0.0182300804
   -0.0117649058
    0.0048656476
    0.0043061949
   -0.0070016360
   -0.0179425962
   -0.0188164615
   -0.0098424762
   -0.0201380542
   -0.0171962580
   -0.0200294070
    0.0053066769
   -0.0149693266
   -0.0170969776
    0.0057832136
   -0.0180508817
   -0.0031744285
   -0.0138813758
   -0.0114683467
   -0.0081288665
   -0.0023940324
    0.0117027972
   -0.0020857979
    0.0054140420
    0.0146501061
   -0.0082111569
    0.0080104489
   -0.0073434154
   -0.0182124670
   -0.0072307055
   -0.0152862675
   -0.0000055623
   -0.0020679745
   -0.0084042491
   -0.0162928659
   -0.0024895315
    0.0115757355
   -0.0066627268
   -0.0060488941
    0.0103956149
   -0.0029604914
   -0.0134058011
    0.0074791989
    0.0146810744
    0.0042803257
   -0.0009523698
   -0.0096012234
   -0.0011467094
   -0.0065739676
   -0.0012049586
   -0.0045398736
    0.0119220953
   -0.0000794125
    0.0012923395
    0.0047601987
    0.0001804938
    0.0045725648
   -0.0076257841
   -0.0022300421
    0.0060700017
   -0.0041044906
    0.0014377874
    0.0036778478
   -0.0055120040
   -0.0030772362
    0.0044869089
   -0.0017480684
   -0.0149086405
   -0.0063580408
   -0.0147256436
   -0.0000324271
   -0.0037548313
   -0.0159268239
   -0.0050513561
   -0.0113812400
   -0.0173749551
   -0.0027135609
   -0.0138012164
   -0.0048114702
    0.0062504813
   -0.0017882607
   -0.0229532475
   -0.0001345336
    0.0043179252
    0.0021162873
    0.0037886636
   -0.0209736151
   -0.0063552155
    0.0011222873
   -0.0106165456
   -0.0066369115
   -0.0055310437
   -0.0217836261
   -0.0101263429
   -0.0096708064
    0.0070836901
   -0.0112861226
   -0.0022381955
   -0.0064322744
    0.0025997129
   -0.0140206241
   -0.0029985214
   -0.0193564279
    0.0056987101
    0.0058108272
   -0.0163928835
   -0.0036701065
   -0.0164366227
    0.0035083322
    0.0068925277
   -0.0020916771
   -0.0175062112
    0.0029189241
    0.0018503859
   -0.0011691879
    0.0148439092
    0.0185237303
    0.0181339366
    0.0169731475
    0.0224492024
    0.0169651756
    0.0224694232
    0.0181392457
    0.0178774574
    0.0217445964
    0.0148833289
    0.0166226700
    0.0155444284
    0.0200816217
    0.0289984006
    0.0338289037
    0.0190400968
    0.0172829850
    0.0146127153
    0.0133010993
    0.0143635880
    0.0143361681
    0.0211024394
    0.0149409601
    0.0280319945
    0.0135404403
   -0.0029026111
    0.0031351197
   -0.0079430236
    0.0044739012
    0.0008587698
   -0.0077292511
   -0.0039746748
    0.0078061843
    0.0073182288
   -0.0081181431
    0.0091335537
   -0.0109296896
   -0.0088398673
    0.0032113375
   -0.0051926458
   -0.0123371639
   -0.0081185116
   -0.0080677246
   -0.0007405785
   -0.0019459579
   -0.0216122100
   -0.0035728540
    0.0046451719
   -0.0059388407
    0.0072220684
   -0.0215493112
   -0.0001409630
    0.0037825069
   -0.0049978579
    0.0020267085
   -0.0047583290
    0.0059332319
    0.0001731179
   -0.0101919577
   -0.0025057241
   -0.0229500853
    0.0019815327
   -0.0128930262
   -0.0120290909
    0.0010149082
   -0.0084450016
   -0.0029626093
   -0.0110385409
   -0.0082336076
    0.0045117559
   -0.0091266252
    0.0027749034
   -0.0112352316
   -0.0053836286
   -0.0159102783
    0.0010644184
   -0.0100309523
    0.0016603875
    0.0056981321
    0.0093891047
    0.0094282864
    0.0091710631
    0.0085211707
    0.0045498196
    0.0049225032
    0.0087431954
    0.0056088622
    0.0072336218
    0.0065946242
    0.0086134845
    0.0092909523
    0.0084483191
    0.0088593560
    0.0082025619
    0.0082837468
    0.0093330895
    0.0089235642
    0.0085106910
    0.0072597793
    0.0058518309
    0.0039586713
    0.0081921728
    0.0088564277
   -0.0169242130
   -0.0073885591
    0.0086676774
    0.0027260777
    0.0062223470
   -0.0075164589
   -0.0118439963
    0.0042470526
    0.0043454280
    0.0078896385
   -0.0152968125
    0.0017330112
   -0.0074848587
   -0.0082271223
   -0.0158489689
   -0.0023109933
    0.0031806398
    0.0036669898
    0.0036410551
   -0.0130190220
   -0.0028559617
   -0.0191685086
   -0.0076194547
   -0.0184886389
    0.0002224875
   -0.0016026072
   -0.0021019046
   -0.0172041708
    0.0028095862
    0.0059558207
    0.0049459369
    0.0065509715
   -0.0030775845
    0.0017016048
   -0.0094343346
   -0.0177880180
   -0.0029571914
   -0.0031789446
   -0.0110681805
   -0.0130788205
   -0.0120057966
    0.0079773239
   -0.0049964161
   -0.0221421553
   -0.0086252578
   -0.0098088684
    0.0078048741
    0.0025012041
    0.0124875898
    0.0119994405
    0.0127916064
    0.0131555949
    0.0103836336
    0.0110043126
    0.0105765777
    0.0126086584
    0.0080321812
    0.0128927220
    0.0087402936
    0.0124017016
    0.0096865975
    0.0118000440
    0.0081305174
    0.0117906467
    0.0055519049
    0.0059758126
    0.0065355213
    0.0079725689
    0.0089073634
    0.0081725909
    0.0068077916
    0.0057364365
    0.0084470567
    0.0082518739
    0.0051508625
    0.0076644486
    0.0082024882
    0.0076494606
    0.0048819925
    0.0082770149
    0.0051120228
    0.0063271997
    0.0088195243
    0.0176763836
    0.0160873184
    0.0299118962
    0.0268257501
    0.0280359869
    0.0213450666
    0.0294405398
    0.0157539454
    0.0243726392
    0.0239827329
    0.0219680208
    0.0226607829
    0.0170133899
    0.0291507125
    0.0162619150
    0.0271486594
    0.0214937380
    0.0218535460
    0.0257541460
    0.0209289146
    0.0230679917
    0.0185155502
    0.0256109814
    0.0205391403
    0.0216380071
    0.0229609593
    0.0186246894
    0.0292319886
    0.0151200553
    0.0227437719
    0.0219341647
   -0.0078374711
   -0.0105783737
    0.0012614060
   -0.0141422574
    0.0086143843
    0.0034704358
    0.0036667274
   -0.0122949198
   -0.0122424130
   -0.0083477450
   -0.0164310810
    0.0054931293
    0.0050779533
    0.0088695638
   -0.0143524955
   -0.0026645664
   -0.0149557761
   -0.0163561490
   -0.0139992569
   -0.0162062157
   -0.0160858607
   -0.0145064317
   -0.0167386651
   -0.0145024705
   -0.0153500062
   -0.0166164147
    0.0045694204
   -0.0095482933
   -0.0018734248
   -0.0136902559
   -0.0077488369
   -0.0159704773
   -0.0126130579
   -0.0151136282
   -0.0059303083
   -0.0022777282
   -0.0110730425
   -0.0164138176
    0.0086154846
   -0.0159889716
   -0.0146859257
   -0.0023296715
   -0.0158429929
   -0.0150825662
   -0.0102404312
   -0.0166501391
    0.0038777145
   -0.0160681162
   -0.0050790154
   -0.0154343936
    0.0016395324
   -0.0158964255
   -0.0132947913
   -0.0045368269
    0.0115784031
   -0.0154944950
   -0.0113620217
    0.0163208681
    0.0028671210
   -0.0155552169
   -0.0159284493
    0.0057210224
   -0.0162504321
    0.0072795324
   -0.0150773027
   -0.0053076406
   -0.0107836633
   -0.0096210871
   -0.0163266823
   -0.0133749870
   -0.0102323570
   -0.0131151431
   -0.0133808089
   -0.0162774244
   -0.0159437021
   -0.0149415100
   -0.0110200882
   -0.0141070891
   -0.0163105326
   -0.0066825598
   -0.0001973343
    0.0009168450
    0.0050316735
   -0.0156696330
    0.0142413286
   -0.0153367999
   -0.0178911507
   -0.0062702486
   -0.0138627365
   -0.0090037118
   -0.0048571581
   -0.0113487396
   -0.0058044572
   -0.0151950846
   -0.0090467645
   -0.0109459953
   -0.0141660888
   -0.0011692643
   -0.0125347614
   -0.0121689871
   -0.0095672067
   -0.0043226602
   -0.0154046374
   -0.0123821262
   -0.0189637962
   -0.0144442634
   -0.0067079587
   -0.0103097954
   -0.0078069337
   -0.0095994824
   -0.0143978965
   -0.0045865671
   -0.0110990297
   -0.0125643563
   -0.0102447304
   -0.0146863193
   -0.0193514318
   -0.0139942711
   -0.0117097583
   -0.0028934364
   -0.0077171665
   -0.0128320348
   -0.0070869292
   -0.0091638315
   -0.0136848691
   -0.0139641683
    0.0028531890
   -0.0142212866
   -0.0168297730
    0.0039473164
   -0.0144555576
   -0.0131399669
   -0.0147274631
   -0.0047491902
   -0.0128423557
   -0.0159313029
   -0.0165544834
   -0.0123406734
   -0.0013659905
   -0.0183956149
   -0.0069623400
   -0.0149579443
   -0.0136536789
   -0.0092853539
   -0.0133926827
   -0.0044855759
   -0.0127250262
   -0.0045845030
    0.0044501004
   -0.0136388251
   -0.0076857994
   -0.0033969945
   -0.0087717265
   -0.0063613179
   -0.0141654592
   -0.0072910349
   -0.0043293842
   -0.0132714283
   -0.0089007552
    0.0008161385
   -0.0148475414
   -0.0100489290
   -0.0143856568
   -0.0081591674
    0.0038394719
   -0.0032085243
   -0.0147638476
   -0.0062366050
   -0.0055495081
   -0.0087454019
   -0.0154217378
    0.0036687292
   -0.0158241552
   -0.0082621461
   -0.0098560751
   -0.0092628539
   -0.0109268152
   -0.0101633822
   -0.0116241164
   -0.0129995345
   -0.0087047081
    0.0021992110
   -0.0128603572
    0.0123025526
    0.0028625680
   -0.0022702966
   -0.0102303618
    0.0218724347
    0.0103783631
    0.0149022611
    0.0107210611
   -0.0163285954
   -0.0092881624
    0.0215841907
   -0.0031239759
   -0.0123069626
   -0.0026860417
   -0.0073249038
   -0.0062974360
   -0.0017403728
    0.0283391922
    0.0002887625
   -0.0055855382
   -0.0151781090
    0.0048108568
    0.0092335812
   -0.0108504463
    0.0067911396
   -0.0065674945
   -0.0072810799
    0.0002503913
   -0.0041797403
   -0.0015349393
    0.0072481679
   -0.0104023919
   -0.0010961794
   -0.0014251207
    0.0109227698
    0.0114324779
    0.0021158005
    0.0131542328
    0.0040140808
    0.0002593956
    0.0047151746
    0.0028217574
    0.0096658580
    0.0041845535
   -0.0165231072
   -0.0154266187
    0.0033782228
    0.0044790372
    0.0087230646
    0.0157813675
    0.0093395545
    0.0045175432
    0.0109912139
   -0.0058516635
   -0.0042991565
   -0.0054778655
    0.0011689043
   -0.0009685936
    0.0008597340
    0.0023454490
    0.0021578246
   -0.0013591712
   -0.0022889435
   -0.0038154893
   -0.0045655696
   -0.0000980490
    0.0031691839
   -0.0067198331
    0.0017005909
   -0.0030040851
   -0.0003797156
   -0.0025175482
   -0.0010094346
   -0.0012943614
   -0.0076216080
   -0.0033871958
    0.0031881468
    0.0041680527
   -0.0061571088
   -0.0149653147
   -0.0144775940
   -0.0072361966
   -0.0067958035
   -0.0009358719
    0.0008097585
   -0.0033934021
   -0.0081903984
   -0.0048798229
    0.0034017950
   -0.0173986243
   -0.0094456369
   -0.0091872705
    0.0044469653
   -0.0103206063
   -0.0007277435
   -0.0147898478
   -0.0012268125
    0.0003586245
   -0.0062016946
   -0.0039931500
   -0.0017898568
    0.0010190796
    0.0066746648
   -0.0180979514
   -0.0090940012
   -0.0101642301
    0.0053831147
    0.0060058837
    0.0050058124
    0.0035147295
   -0.0089023538
   -0.0074890434
   -0.0138444760
   -0.0002078582
    0.0044441090
    0.0025394778
   -0.0095807383
    0.0009516908
   -0.0192178371
   -0.0028686858
   -0.0141136479
   -0.0084759057
    0.0017585912
   -0.0045502531
   -0.0030401324
   -0.0031707851
   -0.0079989431
   -0.0164144788
   -0.0098758538
   -0.0115248623
   -0.0055154926
   -0.0181019559
   -0.0068592481
    0.0021524946
   -0.0118495520
    0.0050951503
   -0.0159584659
   -0.0004348634
    0.0013971237
   -0.0035388155
    0.0050926627
   -0.0066334071
    0.0016795726
   -0.0049480586
    0.0003599660
   -0.0028723765
   -0.0033996770
   -0.0000533833
   -0.0055647885
    0.0036841496
    0.0012221052
    0.0062582709
    0.0037397501
    0.0030278943
   -0.0114857259
    0.0030372395
    0.0043481626
   -0.0119416722
    0.0029636403
   -0.0005031814
    0.0157237763
    0.0184784846
    0.0203090675
    0.0185896063
    0.0138109277
    0.0259571665
    0.0152618690
    0.0141873876
    0.0234727177
    0.0192180597
    0.0141682032
    0.0168613090
    0.0216676212
    0.0156278649
    0.0133107238
    0.0310039917
    0.0255664773
    0.0174217447
   -0.0080711111
   -0.0061477332
   -0.0066773410
    0.0058923311
    0.0029359987
   -0.0152500917
    0.0019043535
    0.0037110935
   -0.0163369495
   -0.0053458980
    0.0045841677
   -0.0066775402
    0.0000787526
   -0.0116559265
    0.0032122090
    0.0053515732
   -0.0119842116
    0.0060714964
    0.0062509790
   -0.0136642841
   -0.0041034473
   -0.0145343208
   -0.0116708123
   -0.0043308208
    0.0047000700
    0.0012390412
   -0.0098914209
   -0.0106028907
   -0.0192183676
   -0.0106682603
    0.0109585829
   -0.0090150900
   -0.0036191563
    0.0102999883
   -0.0104790300
    0.0046205997
    0.0101937768
   -0.0131307059
   -0.0137053731
    0.0063576296
    0.0076003310
   -0.0134197882
    0.0052410475
    0.0065433014
    0.0054014838
    0.0099430503
    0.0042091605
    0.0030582655
    0.0049756178
   -0.0081096171
   -0.0091013484
    0.0059911987
   -0.0006104851
    0.0006531056
    0.0113284237
   -0.0069402417
    0.0030155888
   -0.0003812360
   -0.0131708258
    0.0109810354
   -0.0002690906
   -0.0124295833
    0.0038583209
   -0.0031656487
    0.0114573218
   -0.0069014234
   -0.0048858135
    0.0040925835
   -0.0086202416
   -0.0048446204
    0.0066626053
    0.0032227086
   -0.0154456337
   -0.0070920226
    0.0057290847
    0.0049858564
   -0.0051767587
    0.0065285739
    0.0064002557
    0.0043901837
    0.0062659644
    0.0069168821
    0.0070364829
    0.0070076817
    0.0068604504
    0.0065108084
    0.0056031795
    0.0072330732
    0.0067219440
    0.0067683607
    0.0070060450
    0.0071526954
    0.0062333748
    0.0056423638
    0.0056587471
    0.0055434984
   -0.0055234998
   -0.0113550252
   -0.0118937055
    0.0022917990
    0.0036574637
    0.0027549502
   -0.0146830682
   -0.0139822623
   -0.0032685206
    0.0027781217
   -0.0123266313
   -0.0011747618
   -0.0110297504
   -0.0078985290
   -0.0050934974
    0.0041724806
   -0.0023984726
   -0.0078785508
   -0.0139862960
   -0.0000212277
    0.0016528117
    0.0034700076
   -0.0172652981
   -0.0041912138
    0.0041131515
   -0.0020952431
   -0.0173714785
   -0.0133854405
   -0.0034436215
    0.0038732264
   -0.0159144161
    0.0040459162
   -0.0076645479
    0.0058707706
   -0.0058971438
   -0.0043240738
   -0.0080827220
   -0.0108567149
    0.0020317746
    0.0061846596
   -0.0151195389
   -0.0110537435
   -0.0177733333
   -0.0095304343
   -0.0017503225
   -0.0088949936
   -0.0100326340
    0.0052015540
   -0.0080374286
   -0.0100948100
    0.0049828550
   -0.0072092297
   -0.0148180145
    0.0048164663
   -0.0147661016
   -0.0100491151
   -0.0045003339
   -0.0056306812
   -0.0126514733
   -0.0074851296
   -0.0171671650
    0.0055050117
    0.0044491855
    0.0006116227
   -0.0102571469
    0.0095300789
    0.0093532244
    0.0097398500
    0.0083112357
    0.0083347307
    0.0085033727
    0.0093385083
    0.0081218966
    0.0074275430
    0.0104215961
    0.0079656542
    0.0100251686
    0.0089168588
    0.0103123461
    0.0094008628
    0.0102873378
    0.0091030981
    0.0100979969
    0.0100346924
    0.0068165753
    0.0066839947
    0.0052897481
    0.0065940765
    0.0062618994
    0.0066251890
    0.0068751087
    0.0055405280
    0.0051069898
    0.0069526071
    0.0068090594
    0.0049354184
    0.0061547613
    0.0067021992
    0.0066111384
    0.0060829126
    0.0065402853
    0.0065267940
    0.0066176594
    0.0234279273
    0.0241440091
    0.0259220975
    0.0214662972
    0.0241734307
    0.0172008127
    0.0168877329
    0.0238715593
    0.0232720614
    0.0203383409
    0.0198998786
    0.0225583599
    0.0159036972
    0.0150451525
    0.0213780301
    0.0182610911
    0.0153945002
    0.0141530465
    0.0252022182
    0.0201897220
    0.0230866409
    0.0260430398
    0.0214110536
    0.0173632126
    0.0159510914
    0.0203929902
    0.0236501594
    0.0191122119
    0.0221598131
    0.0207775238
    0.0229918859
    0.0004929780
   -0.0118045402
   -0.0036504402
    0.0035584429
    0.0048413775
   -0.0118227370
   -0.0066503025
   -0.0077594098
   -0.0095911800
   -0.0129396836
   -0.0051081413
    0.0123360675
   -0.0034391644
   -0.0130088961
   -0.0041329666
   -0.0040264051
   -0.0128670904
   -0.0128522476
    0.0103822749
    0.0004732541
   -0.0108476041
    0.0032203084
   -0.0113419649
   -0.0015064616
   -0.0079054405
   -0.0120240065
   -0.0026738689
   -0.0007674711
   -0.0109784872
   -0.0127531953
   -0.0124621802
   -0.0130036405
    0.0058840454
   -0.0087646942
   -0.0102345248
   -0.0005942628
   -0.0124519135
    0.0013047553
   -0.0123202107
   -0.0073702649
   -0.0115111664
    0.0059380124
   -0.0128635762
   -0.0054453581
   -0.0087936113
   -0.0047225691
    0.0008123262
   -0.0022427310
   -0.0125549486
   -0.0057975277
   -0.0117044921
   -0.0106767243
   -0.0128974836
   -0.0129807594
   -0.0124715014
    0.0103414267
   -0.0105817591
    0.0053230221
   -0.0052771423
   -0.0054909760
    0.0072423853
   -0.0127568706
    0.0096477320
    0.0097160953
   -0.0128710809
    0.0132233963
   -0.0131057926
    0.0037108516
   -0.0096336150
    0.0069851111
   -0.0128992442
    0.0080327867
   -0.0122183929
    0.0055406576
   -0.0092899210
   -0.0040498271
   -0.0131295233
   -0.0003451480
    0.0029279828
   -0.0121950345
   -0.0120692790
   -0.0025262511
   -0.0130988117
   -0.0124159380
   -0.0050231272
    0.0054788716
   -0.0079774082
   -0.0117763856
   -0.0127492771
    0.0021375054
   -0.0115365934
   -0.0076096504
   -0.0113693107
   -0.0049146748
   -0.0092847479
    0.0005066848
    0.0122812041
    0.0110808515
   -0.0131760312
   -0.0079185041
    0.0030061375
   -0.0061597468
   -0.0111300660
   -0.0114808357
   -0.0020047892
   -0.0038210259
   -0.0057551067
   -0.0047503559
   -0.0083297878
   -0.0074174458
   -0.0119355939
   -0.0099075426
   -0.0107545026
   -0.0137809902
   -0.0076159287
   -0.0106187935
   -0.0070613769
   -0.0118402677
   -0.0062688840
   -0.0119824094
   -0.0099727677
   -0.0111900396
   -0.0117202789
   -0.0080983682
   -0.0097991632
   -0.0071738513
   -0.0108323900
   -0.0135118511
   -0.0100716872
   -0.0061673009
   -0.0112054725
   -0.0123012041
   -0.0090959864
   -0.0038181450
   -0.0075000884
   -0.0057825363
   -0.0117641052
    0.0024237281
    0.0022982190
   -0.0112221504
    0.0014237947
   -0.0050785821
   -0.0108807780
   -0.0098600140
    0.0013102142
   -0.0055558685
    0.0011311910
   -0.0079076419
   -0.0008198533
   -0.0122612129
   -0.0057879166
   -0.0060142182
   -0.0056726342
   -0.0121433158
   -0.0137703956
   -0.0047381496
   -0.0079815558
   -0.0079853853
   -0.0037169542
   -0.0095833797
   -0.0092880191
   -0.0033621212
   -0.0016536811
    0.0006907469
   -0.0085797172
   -0.0061275711
   -0.0091166466
   -0.0105824055
   -0.0026309259
   -0.0121017217
   -0.0056823632
   -0.0085427725
   -0.0101367023
   -0.0052787642
   -0.0107977867
   -0.0064021752
   -0.0080144314
   -0.0095043702
   -0.0037961857
   -0.0065720824
   -0.0095691076
   -0.0025199730
   -0.0097360499
   -0.0114518415
   -0.0102033609
   -0.0037847159
   -0.0075375828
   -0.0101319617
   -0.0044604438
   -0.0062434200
    0.0030286116
   -0.0062218928
   -0.0105970153
   -0.0081924885
   -0.0131706326
   -0.0113479994
    0.0133840093
   -0.0098722996
    0.0004785582
    0.0097639649
   -0.0116526128
   -0.0059929545
    0.0133376544
   -0.0041466967
    0.0024605449
    0.0002372215
   -0.0081038552
    0.0104829392
   -0.0032383238
    0.0149966639
   -0.0112439830
    0.0072289026
    0.0094968104
    0.0094536454
    0.0122635853
   -0.0024301438
    0.0060941616
    0.0125249869
   -0.0098778644
   -0.0106990888
    0.0038707179
   -0.0068695193
    0.0107855927
    0.0143331103
    0.0020099538
    0.0078964937
    0.0124574699
    0.0030398564
    0.0195169476
    0.0051285970
    0.0043113448
   -0.0127724988
    0.0066204174
    0.0052184453
   -0.0058471564
   -0.0078774765
    0.0134750236
    0.0027357615
   -0.0106286075
   -0.0130470424
    0.0107071822
   -0.0025050781
    0.0003494105
   -0.0014677324
    0.0095015290
    0.0029006137
    0.0072204180
    0.0172003291
    0.0147434432
   -0.0023947756
   -0.0098089620
   -0.0095263694
    0.0083218666
    0.0028177298
   -0.0109115923
   -0.0131464101
   -0.0068289502
    0.0110536168
   -0.0029446536
    0.0033908524
    0.0010039072
    0.0203286512
    0.0096724379
    0.0083887068
   -0.0018719017
    0.0098252566
    0.0004162560
    0.0020712195
   -0.0048737691
   -0.0007607695
   -0.0001549025
    0.0035573515
   -0.0066434030
   -0.0027657988
   -0.0043077599
   -0.0077848309
    0.0000214204
   -0.0061268008
    0.0043138649
    0.0004251741
    0.0027572593
    0.0016769926
   -0.0105908741
    0.0040200867
   -0.0040379794
   -0.0098916223
    0.0048643725
    0.0012243346
    0.0032823924
   -0.0073368821
   -0.0083455359
    0.0038723138
    0.0026890477
   -0.0090685579
   -0.0065142452
   -0.0023946081
    0.0021660840
   -0.0035484317
    0.0027565231
   -0.0118118949
   -0.0044959840
   -0.0022635854
   -0.0015673202
   -0.0035822375
   -0.0037447286
   -0.0107613659
    0.0037625782
   -0.0059734978
    0.0014284818
    0.0001315160
   -0.0138676201
   -0.0144376055
   -0.0085125065
   -0.0097306134
    0.0001092670
    0.0033999339
   -0.0048277727
   -0.0108651378
   -0.0107886777
    0.0026665731
    0.0035966796
    0.0026087343
   -0.0130234518
   -0.0048850650
   -0.0117236200
    0.0029714562
   -0.0051517727
   -0.0015528689
    0.0041969749
    0.0019689480
    0.0034670277
    0.0044656994
    0.0003731750
    0.0051510575
    0.0032026364
   -0.0018896142
   -0.0070522101
    0.0035971868
   -0.0038108285
   -0.0087870590
    0.0030243186
   -0.0046220462
   -0.0036644933
   -0.0015571864
   -0.0002150501
   -0.0092332435
   -0.0085080690
    0.0007368395
   -0.0147569354
   -0.0020926795
   -0.0092288090
    0.0055673782
   -0.0013368364
   -0.0104420025
    0.0045215268
    0.0003076107
   -0.0076454488
    0.0050233861
   -0.0034271044
    0.0022730263
   -0.0098731772
   -0.0040847547
   -0.0032690014
   -0.0083390635
    0.0048914349
   -0.0071602634
   -0.0002475204
   -0.0045832173
    0.0044243825
    0.0020440893
   -0.0006128397
    0.0031906330
    0.0013720975
   -0.0009950655
    0.0144945463
    0.0135063371
    0.0176878550
    0.0129708277
    0.0131034307
    0.0146211594
    0.0190534478
    0.0172854018
   -0.0083120933
   -0.0080218549
   -0.0029747061
   -0.0022103109
   -0.0062202921
    0.0092916178
    0.0012312296
    0.0085845084
   -0.0083772734
   -0.0079308998
   -0.0025344358
   -0.0067816574
    0.0045852219
    0.0058823229
    0.0007143249
    0.0004069263
    0.0058758235
   -0.0019593033
    0.0025292033
   -0.0118493544
    0.0000052744
    0.0032282342
   -0.0118951723
    0.0008186437
   -0.0010716450
    0.0063365498
    0.0047367132
    0.0080518436
   -0.0014138912
    0.0056390433
    0.0016192872
    0.0055968900
    0.0073050442
    0.0063117344
    0.0082463190
    0.0060248328
    0.0079308992
   -0.0001392327
    0.0055766787
    0.0045384906
    0.0084660498
    0.0065165771
    0.0091960354
    0.0008768575
   -0.0047477643
    0.0027070259
   -0.0145760746
   -0.0101344158
    0.0029611202
    0.0062715172
    0.0019509274
   -0.0035801032
   -0.0020150028
    0.0088093608
   -0.0095836729
    0.0031249237
    0.0012049937
    0.0060822711
    0.0036556549
   -0.0088149194
   -0.0113202050
   -0.0009037710
   -0.0042322878
    0.0002882023
    0.0095885286
    0.0008895110
    0.0036326155
    0.0055125284
   -0.0095643962
   -0.0020804728
   -0.0047014669
   -0.0000219151
   -0.0075935709
    0.0053006006
    0.0052856603
    0.0039454346
    0.0063728161
    0.0060425787
   -0.0020958630
    0.0055847425
    0.0055494095
    0.0053599941
    0.0048332387
    0.0050232233
    0.0055115939
    0.0056608224
    0.0047455208
    0.0053325461
   -0.0082111503
    0.0009026847
    0.0023933398
    0.0004855836
   -0.0142121055
    0.0024176881
    0.0000507185
    0.0030117574
    0.0003351694
   -0.0025695971
   -0.0050669712
   -0.0027157982
   -0.0084059991
   -0.0043774881
   -0.0057541258
   -0.0116741815
    0.0046174307
    0.0034895247
   -0.0042280329
    0.0047340825
   -0.0006123752
   -0.0105693525
    0.0034782826
    0.0024735847
   -0.0042478506
   -0.0010019842
   -0.0094048060
   -0.0014399452
    0.0057332435
   -0.0074963251
    0.0029895482
   -0.0068412781
    0.0020344393
   -0.0061840497
   -0.0037894512
    0.0004531344
   -0.0041947349
    0.0037396151
    0.0040095311
    0.0048471345
   -0.0096001528
   -0.0044885668
    0.0030688777
    0.0047390212
   -0.0017629120
   -0.0086172454
   -0.0002956581
   -0.0071667321
    0.0039221349
    0.0025566701
    0.0040598215
   -0.0051213462
   -0.0054734580
   -0.0098974107
   -0.0007416524
    0.0020759111
    0.0031113870
    0.0008471371
   -0.0080401525
    0.0051597388
   -0.0034020134
   -0.0120039559
   -0.0114475180
    0.0016101334
   -0.0009916289
    0.0040785267
   -0.0006825048
    0.0019698632
   -0.0046809252
   -0.0011140927
   -0.0032672685
   -0.0092904411
   -0.0016354663
    0.0037155853
   -0.0091398763
    0.0051736139
    0.0045002080
   -0.0102290642
   -0.0034425358
   -0.0084426298
   -0.0119826865
   -0.0007248960
    0.0029549140
    0.0002049342
    0.0054708826
    0.0034102850
    0.0043001642
   -0.0031156495
    0.0013940137
   -0.0089796342
   -0.0148999637
   -0.0010750387
   -0.0049312619
    0.0001238979
    0.0074083075
    0.0072304583
    0.0074842411
    0.0073163204
    0.0084502950
    0.0084908098
    0.0080166601
    0.0080662851
    0.0082033506
    0.0053612401
    0.0049782396
    0.0054918776
    0.0055031541
    0.0048439601
    0.0056057423
    0.0056185323
    0.0173796908
    0.0149577473
    0.0161154124
    0.0181794968
    0.0144050448
    0.0193254555
    0.0161444048
    0.0169014208
    0.0218137270
    0.0160955562
    0.0207976653
    0.0159879376
    0.0148012839
    0.0179804436
    0.0169219752
    0.0163553317
    0.0184403460
    0.0133782665
    0.0147619760
    0.0173023389
    0.0153977362
    0.0142445735
    0.0134702963
    0.0161773294
    0.0188268823
    0.0205066518
    0.0167110970
    0.0213689143
    0.0146984727
    0.0160187903
   -0.0055305050
   -0.0071796334
   -0.0104977074
   -0.0091057930
   -0.0093154123
   -0.0092515275
    0.0108075148
   -0.0030115116
   -0.0029733076
    0.0015206527
   -0.0027433525
    0.0139092583
   -0.0105473540
    0.0031634718
   -0.0094464838
    0.0085679371
   -0.0106068320
    0.0011463509
   -0.0094928281
   -0.0105783077
   -0.0097862136
   -0.0096502496
   -0.0100541743
    0.0028554247
   -0.0010506205
    0.0040979162
   -0.0021105319
   -0.0106274765
    0.0068421492
   -0.0067946207
   -0.0069231673
   -0.0003981628
   -0.0080782870
   -0.0091083935
   -0.0074052330
    0.0103007807
   -0.0061722660
   -0.0082569621
   -0.0043274731
    0.0046230532
    0.0091640166
    0.0128534988
    0.0010249631
   -0.0053032776
    0.0027793023
   -0.0010349882
    0.0019654449
   -0.0031316696
   -0.0050337404
   -0.0103819955
   -0.0022832353
   -0.0105799195
    0.0010515441
   -0.0008437033
    0.0007337263
   -0.0091773049
    0.0061011971
   -0.0100552157
    0.0069716760
   -0.0081084308
    0.0053360522
   -0.0097120823
   -0.0065756567
    0.0124119644
    0.0061115627
   -0.0055781956
   -0.0095128720
   -0.0018639536
   -0.0094908879
   -0.0013220561
   -0.0103522497
   -0.0105927684
    0.0048140305
   -0.0076148272
    0.0043703067
    0.0018891105
   -0.0105338003
    0.0033441029
   -0.0105326100
    0.0030134714
   -0.0068408918
    0.0015381063
   -0.0105230391
   -0.0023289926
   -0.0090241129
   -0.0054883959
   -0.0100672416
   -0.0102813803
    0.0115752600
    0.0117385643
   -0.0049204414
   -0.0095598553
   -0.0088188946
   -0.0096121887
   -0.0093473488
    0.0122622359
   -0.0106592993
   -0.0099330304
   -0.0048366078
   -0.0092621850
   -0.0002531278
    0.0013270541
    0.0041681026
   -0.0081901555
    0.0018010309
   -0.0036507910
   -0.0047610422
   -0.0016883610
   -0.0102529103
   -0.0106432359
   -0.0103220719
   -0.0106155122
   -0.0021047486
    0.0072109325
   -0.0106275472
   -0.0103996037
   -0.0105599666
   -0.0106709737
   -0.0040874471
   -0.0104301336
   -0.0062538464
   -0.0104511943
   -0.0044646480
   -0.0083242546
   -0.0058320241
   -0.0102118283
   -0.0103809926
   -0.0069679047
    0.0052005735
   -0.0101787091
   -0.0099367066
   -0.0043010113
   -0.0105708868
   -0.0031867394
   -0.0012237532
    0.0110886835
   -0.0054567404
   -0.0102065740
   -0.0101694739
   -0.0080397402
    0.0116487197
   -0.0088898591
   -0.0059181303
   -0.0105283387
    0.0071763632
   -0.0056326722
   -0.0101328847
   -0.0077855236
   -0.0090968770
   -0.0085084207
    0.0015893835
   -0.0083011905
   -0.0097785606
   -0.0034812912
   -0.0103262113
   -0.0097408339
   -0.0065792973
   -0.0092345197
   -0.0055407905
   -0.0079405096
   -0.0064589982
   -0.0088418044
   -0.0098033212
   -0.0100210518
   -0.0056670309
   -0.0070404532
   -0.0003676657
   -0.0084925416
   -0.0050926371
   -0.0042926925
   -0.0071957160
   -0.0070245278
   -0.0069515460
   -0.0066593626
   -0.0049614154
   -0.0074211499
   -0.0094587379
   -0.0101936103
   -0.0095340568
    0.0008665238
   -0.0048309110
   -0.0058937101
   -0.0052994029
   -0.0101514854
   -0.0099271008
   -0.0124702191
   -0.0061814350
   -0.0068992832
   -0.0091176627
   -0.0023190663
   -0.0042238721
   -0.0068408865
   -0.0013083011
   -0.0032034988
   -0.0012578398
   -0.0088401827
   -0.0073877133
   -0.0094451725
   -0.0112454769
   -0.0002980935
   -0.0077804812
   -0.0064220494
   -0.0072410649
   -0.0111262918
   -0.0078330334
   -0.0056612901
   -0.0028744956
   -0.0066712851
   -0.0045359648
   -0.0060835679
   -0.0032445430
   -0.0080070557
   -0.0071697430
   -0.0047727561
   -0.0076731286
   -0.0097697048
   -0.0095258147
   -0.0126054659
   -0.0062639273
   -0.0091449712
   -0.0094513290
   -0.0082963270
   -0.0110579875
   -0.0051320945
   -0.0067463290
   -0.0076698340
   -0.0095354345
   -0.0029635101
   -0.0025796657
   -0.0017775033
   -0.0105764956
   -0.0085729859
   -0.0096225893
   -0.0031068230
   -0.0036342632
   -0.0003832324
   -0.0089680050
   -0.0010936134
   -0.0024936902
   -0.0101434135
   -0.0013447435
   -0.0016238135
   -0.0069484717
   -0.0018274735
   -0.0095036267
   -0.0084232102
   -0.0009759926
   -0.0081434654
   -0.0092508079
   -0.0063538694
    0.0005026522
   -0.0084489765
   -0.0094284676
   -0.0090618503
   -0.0055994396
   -0.0099016253
   -0.0048040998
   -0.0084829938
   -0.0016273396
   -0.0047712086
   -0.0089854877
   -0.0037764817
   -0.0092159011
    0.0015250511
   -0.0085666432
   -0.0033424159
   -0.0092524491
   -0.0094266005
   -0.0113807430
   -0.0084291146
   -0.0091129869
   -0.0060412081
   -0.0087225833
   -0.0064470890
   -0.0014743088
   -0.0105503821
   -0.0109476029
   -0.0089851440
   -0.0104687080
   -0.0037409351
    0.0016959724
    0.0095482209
    0.0100734070
    0.0023427581
    0.0100539019
    0.0192823916
    0.0097906123
    0.0083346081
    0.0024356706
    0.0039635959
    0.0149812499
    0.0009635478
    0.0122832780
    0.0112614744
   -0.0069252389
    0.0183999918
    0.0075119221
   -0.0088623543
    0.0095760509
    0.0097724548
    0.0119067917
   -0.0045312839
    0.0088418209
   -0.0108763743
   -0.0009276705
   -0.0011708053
    0.0090698771
   -0.0006383228
   -0.0070473050
    0.0058443526
    0.0094335364
   -0.0035026756
    0.0147452508
   -0.0028043081
    0.0009656477
    0.0062806000
   -0.0083954752
   -0.0094411443
    0.0117193907
    0.0083515117
    0.0068032044
    0.0065523112
   -0.0046602961
    0.0112344624
   -0.0074622976
    0.0109859730
   -0.0014091440
    0.0085483320
    0.0143447457
    0.0081798180
   -0.0075805684
    0.0031378793
    0.0047749201
    0.0018070065
    0.0020040539
   -0.0002400381
    0.0106693785
   -0.0005336711
   -0.0094576582
    0.0137701856
    0.0019096633
    0.0037989070
    0.0065620619
    0.0064936710
    0.0187339497
    0.0133869702
    0.0062335721
    0.0041368640
    0.0036477590
    0.0112113511
    0.0038815393
    0.0005574248
    0.0129054331
   -0.0080133882
   -0.0057295774
    0.0112740906
    0.0083561287
    0.0127798786
   -0.0036172625
   -0.0082551195
    0.0060386447
    0.0083734624
    0.0008729564
    0.0057400807
    0.0019703409
    0.0206846703
   -0.0054016192
    0.0137913143
    0.0131636175
    0.0083032764
    0.0042520271
   -0.0077458901
    0.0127514112
    0.0049759571
    0.0097710443
    0.0035071897
    0.0032169348
    0.0028015166
   -0.0020605197
    0.0086263022
    0.0039622224
    0.0029578944
   -0.0037173036
    0.0002798196
   -0.0006515955
    0.0025441768
    0.0001486005
   -0.0026395319
    0.0007267328
    0.0025443338
    0.0035751607
    0.0016798086
    0.0042004194
   -0.0101128405
   -0.0021334497
    0.0023402676
   -0.0027632592
   -0.0108285045
   -0.0020128959
    0.0038335365
   -0.0046222290
   -0.0018374982
    0.0037163435
   -0.0100469173
    0.0013014963
    0.0000591726
   -0.0013941399
    0.0011739697
    0.0043094881
    0.0009107951
   -0.0058499440
    0.0024020973
   -0.0036941208
   -0.0018185246
   -0.0049811735
    0.0031941870
    0.0011176064
   -0.0107767661
   -0.0091749939
   -0.0077900532
    0.0026006834
    0.0036259228
   -0.0021174708
   -0.0074038324
   -0.0050402564
    0.0041637443
   -0.0019216927
    0.0016466476
    0.0015324954
    0.0011176617
    0.0025689233
   -0.0061631161
   -0.0046742024
   -0.0013620906
    0.0032457950
    0.0025822021
    0.0038064262
    0.0035796120
   -0.0025346379
   -0.0113201751
   -0.0092264848
    0.0011659952
   -0.0003112138
   -0.0034154562
   -0.0056559324
   -0.0019091314
    0.0034996342
    0.0015105225
   -0.0029127535
    0.0001288043
    0.0013426558
    0.0030959389
   -0.0079133354
   -0.0058981437
    0.0036874426
   -0.0032865705
    0.0013484447
    0.0013910177
   -0.0094614786
    0.0038049750
    0.0038201545
   -0.0049785606
   -0.0014743896
    0.0028419247
   -0.0094191131
   -0.0010390528
    0.0033990293
   -0.0078020805
    0.0017259205
   -0.0008411128
   -0.0013462442
   -0.0009245363
   -0.0021316920
   -0.0075132216
    0.0025198792
    0.0035374976
   -0.0043797898
    0.0008859638
   -0.0029963622
   -0.0093118821
   -0.0085466759
   -0.0016441432
   -0.0024381034
    0.0024650490
    0.0024984284
    0.0012842820
   -0.0111703542
    0.0020987427
    0.0012998636
   -0.0066783594
    0.0006275867
    0.0019625189
    0.0000567201
    0.0017604976
   -0.0084766003
    0.0015913198
   -0.0068170818
   -0.0010531122
    0.0014057772
   -0.0124227321
    0.0033000198
    0.0009944642
    0.0018982666
    0.0030423388
   -0.0052976689
   -0.0113489261
    0.0032045500
   -0.0060090968
    0.0011228803
   -0.0095802046
    0.0026931482
    0.0024868899
    0.0028880760
    0.0011492741
   -0.0051237436
   -0.0081503257
    0.0028915836
   -0.0095884526
    0.0040194343
   -0.0101010077
   -0.0042143633
   -0.0015173633
   -0.0053945688
   -0.0054121474
    0.0000484567
   -0.0044742445
   -0.0008601129
   -0.0089088382
   -0.0019733835
    0.0027541146
   -0.0105750164
   -0.0073992267
    0.0040890620
   -0.0023846380
    0.0020083009
   -0.0022359219
   -0.0014797411
   -0.0071576470
   -0.0033768172
   -0.0024072547
   -0.0031197235
   -0.0049975639
    0.0018452046
    0.0069668751
    0.0066386331
    0.0065281195
    0.0070074397
   -0.0054805128
   -0.0062615281
    0.0036261173
    0.0006022249
    0.0015423132
    0.0077261947
    0.0039862062
    0.0035927972
   -0.0010101606
    0.0023138638
    0.0074482578
   -0.0045568844
    0.0046856977
    0.0018882965
    0.0042244016
    0.0015662433
   -0.0033869005
   -0.0017707869
   -0.0012469278
    0.0037828377
   -0.0053770462
    0.0035628096
    0.0070009696
   -0.0016030023
   -0.0070969960
   -0.0084372717
    0.0073229252
   -0.0004967365
    0.0067949285
    0.0002416510
   -0.0019768775
    0.0012695220
   -0.0001697050
   -0.0110304749
   -0.0032284545
   -0.0030981974
   -0.0008490460
   -0.0044237516
    0.0053010821
    0.0081154762
    0.0069007880
    0.0054739739
    0.0071012433
    0.0069919008
   -0.0004253298
   -0.0102352953
   -0.0044780700
    0.0056286086
   -0.0114031754
   -0.0002428720
    0.0048094124
    0.0032065922
    0.0043295638
    0.0041613802
    0.0044893015
    0.0049834276
   -0.0002217432
    0.0026190451
   -0.0068247906
    0.0068593776
    0.0070370687
    0.0031149144
    0.0019956296
    0.0071123398
    0.0065921184
    0.0061141101
    0.0062640816
    0.0064671634
   -0.0081334849
   -0.0011794975
    0.0027925746
    0.0060843194
    0.0051101302
   -0.0061675208
   -0.0042721593
    0.0024630757
   -0.0061057445
    0.0064678502
   -0.0031635556
   -0.0010117609
    0.0010416310
    0.0053222715
    0.0073981907
   -0.0006539740
    0.0037903723
   -0.0033564698
    0.0033712095
    0.0006611148
   -0.0101625194
   -0.0071917041
    0.0058097770
    0.0054820057
    0.0021221037
   -0.0023190950
    0.0061878514
    0.0044167612
    0.0058669857
   -0.0066705114
   -0.0023935314
   -0.0060866882
   -0.0036711327
    0.0072821156
    0.0052254452
    0.0010929185
   -0.0093381723
    0.0047533383
    0.0066685363
    0.0010731418
    0.0019902053
    0.0047635085
   -0.0054405713
   -0.0026640071
    0.0006728627
    0.0063018677
    0.0014925500
    0.0060020248
    0.0019671510
   -0.0051528136
    0.0052127927
    0.0024454027
   -0.0056902498
    0.0006023265
    0.0047441957
    0.0038755048
    0.0043070787
    0.0040541084
   -0.0038353239
   -0.0007647812
   -0.0058155820
    0.0005766084
    0.0025001218
    0.0035494654
   -0.0013552231
   -0.0055333624
    0.0033191800
    0.0004999639
   -0.0017347401
   -0.0058398523
    0.0014491178
   -0.0012017991
    0.0006166335
    0.0001102904
   -0.0113293239
   -0.0077089123
   -0.0016242712
   -0.0007376359
    0.0027454350
   -0.0099589056
    0.0004453555
    0.0045331669
    0.0000015078
    0.0033870930
   -0.0025207594
   -0.0058448814
    0.0034083332
    0.0036929590
   -0.0039494667
    0.0039676919
    0.0014517892
   -0.0039910073
    0.0012532106
    0.0021397089
    0.0036017022
   -0.0023267103
   -0.0088803334
   -0.0051232251
   -0.0054263441
    0.0017534692
   -0.0034334024
    0.0015191877
    0.0033401533
   -0.0054803408
    0.0030167772
   -0.0036530141
    0.0022058381
   -0.0064814211
    0.0013203837
   -0.0048550626
    0.0044514577
    0.0034650665
    0.0039488625
   -0.0003558533
   -0.0059029759
   -0.0022682375
    0.0035446782
    0.0040111592
    0.0031004217
   -0.0014061835
    0.0027866906
   -0.0007256461
   -0.0026677797
    0.0037949603
    0.0011637790
   -0.0023914318
   -0.0027027921
    0.0015191887
    0.0035731305
    0.0009806250
   -0.0002785694
    0.0041811345
   -0.0045375697
   -0.0120823044
    0.0007313879
    0.0042934849
   -0.0041238906
   -0.0088319719
   -0.0053149290
   -0.0041006497
    0.0030294072
    0.0041357173
    0.0031828140
    0.0037389019
    0.0044244253
    0.0043723207
   -0.0041498327
    0.0039229179
    0.0012455585
   -0.0071995542
   -0.0023866999
    0.0027423471
   -0.0100260742
    0.0012658790
    0.0042209473
    0.0027694808
   -0.0047921235
    0.0031661837
    0.0048296141
   -0.0070768850
    0.0003620307
    0.0028064811
    0.0038988285
   -0.0058281909
   -0.0109413713
   -0.0046134347
    0.0019208962
   -0.0039969203
    0.0039020989
   -0.0047307991
    0.0023035172
    0.0044242716
   -0.0015632315
   -0.0048298514
    0.0021995152
    0.0021103658
   -0.0091640825
   -0.0006666850
   -0.0092687644
   -0.0096786428
    0.0012296382
    0.0025185809
    0.0005838460
   -0.0015540686
   -0.0075709445
   -0.0032549895
   -0.0100942204
