3.383882 1.207367 -1.441319
4.080911 1.328216 0.664041
3.591072 1.750050 -0.973115
3.369243 1.917313 -0.978174
2.705588 2.433250 -0.113196
3.591677 1.543450 -1.145862
3.678047 1.975968 0.525267
3.702588 1.496108 1.078537
4.077562 1.117658 0.803926
3.748702 1.795329 -0.729769
2.486142 2.415348 0.223781
4.041132 1.692114 0.078113
4.288364 0.966590 0.290683
3.911587 0.795419 1.105239
2.303379 1.855478 -1.224807
4.144238 1.453145 -0.311864
3.352110 2.072591 0.772768
3.981792 0.914152 -1.008012
2.868652 2.099514 0.986824
2.773036 2.413135 0.259488
2.608345 2.165955 -0.915887
2.981781 2.279082 0.629961
2.981043 2.181900 -0.826756
3.499002 1.533769 1.222555
3.324846 2.279431 0.219816
3.504946 1.254135 1.356498
2.478612 1.378619 1.552106
3.807637 1.604707 -0.870815
3.963752 -0.659948 -1.141878
2.562529 -1.050152 1.878503
3.704437 -1.556840 0.555186
3.386517 -1.672423 -0.880906
3.077687 -1.060850 -1.711574
2.928355 -0.266036 2.012745
2.444793 -1.322360 1.730300
4.152535 0.038493 0.960130
3.232094 0.516815 -1.789554
2.046426 -1.556775 1.534506
2.651459 -1.689077 -1.357021
2.561089 -1.838386 1.186128
4.296684 0.489067 -0.170853
3.766151 0.694018 1.275931
4.292674 -0.627801 0.330023
4.244111 0.350877 0.619547
4.259258 -0.659950 -0.456772
3.625236 -1.039499 -1.331571
3.916054 -0.532639 1.261442
3.630211 -0.982407 1.365185
2.996778 -0.292383 -1.986256
2.471834 0.397591 -2.058506
4.141921 -0.994355 -0.420240
3.458414 -0.527232 -1.704039
2.245268 0.974146 -1.838277
3.690468 0.010767 -1.570229
2.657833 0.076038 2.082928
3.227684 -1.896771 -0.593518
3.333040 0.221873 1.808659
3.904188 -0.248198 1.340497
2.868563 -0.512742 1.995944
4.199774 -0.195277 -0.865857
2.353919 0.816427 1.919254
3.648466 -1.375169 0.981898
4.249338 -0.848886 0.010170
2.263190 -1.106823 1.873532
4.170084 -0.487820 0.849391
3.896022 -1.361713 -0.498769
4.041358 -1.018142 -0.708592
3.656718 0.343926 1.542028
3.703452 -1.467930 0.750088
2.078597 -0.804004 -1.999319
4.133051 -1.096221 0.129966
4.154269 -0.728806 0.731850
2.125323 -0.274207 -2.116495
3.059581 -0.012488 1.969550
3.020547 -1.900007 0.836229
2.665159 -0.521337 2.045349
3.825776 -0.414277 1.404043
3.438532 -1.121153 -1.445050
3.030302 0.207583 -1.959396
3.111016 -0.656064 -1.868050
3.755382 -1.213506 1.020946
2.739894 0.437791 2.002421
4.340908 -0.107193 -0.437275
3.047827 -1.985131 0.585552
3.329872 0.755245 -1.628684
3.663246 -0.697001 1.481728
3.460351 0.744314 1.540938
3.569405 -1.742148 -0.324706
2.929546 0.411493 1.954109
3.678575 0.165697 1.562663
3.917826 0.102611 -1.316947
3.428981 -1.873138 0.077246
2.910843 -0.925161 -1.848786
2.657095 -2.087413 -0.640782
3.909588 -0.910394 1.068348
2.824103 -0.532673 -2.004778
4.219125 -0.253938 0.811980
2.993489 1.058178 -1.628429
2.372839 0.140046 -2.111570
0.606186 0.282635 2.341398
1.135260 -0.847131 2.218862
1.712134 1.184724 -1.892511
1.576994 -0.316162 2.265207
0.794204 -0.335965 -2.355472
1.935260 -0.551437 2.080677
1.452517 0.359119 2.287112
1.787573 -0.847358 -2.050691
-0.361446 0.045216 2.010141
0.680756 0.452315 -2.322065
1.620801 -0.686167 -2.170677
0.332077 0.343501 -2.280278
1.122595 0.207223 2.360081
1.980639 -0.255463 2.112730
1.256404 0.008743 -2.354724
1.934766 -0.241194 -2.136881
1.025836 -0.059866 -2.376838
1.514591 -0.142605 -2.298792
1.031435 -0.579794 2.309117
1.607175 0.563579 2.201001
0.496609 -0.330677 2.322352
0.979516 0.189108 -2.370173
0.716409 -0.583304 2.303144
1.628468 0.803171 2.116418
1.735886 -0.929419 2.037167
1.522866 -0.084412 2.299076
0.622793 0.131440 -2.357843
1.419383 0.694825 2.213852
1.462152 0.396649 -2.278333
1.271940 -0.661889 -2.262099
0.380348 -2.714274 1.829555
-0.359429 -2.936947 1.532263
1.693493 -1.521940 1.823449
1.407431 -2.555815 1.539725
1.037624 -1.712182 -2.167842
-0.309186 -0.837065 2.296438
0.264223 -2.889199 -1.678376
-0.433162 -1.796320 2.216895
0.593432 -1.446849 2.334154
-0.254096 -2.654304 1.831481
-0.460586 -3.437108 -0.490215
-0.152673 -2.534211 1.941597
1.530214 -1.975238 1.814456
-0.177847 -1.673519 -2.302637
1.074455 -1.448630 -2.198907
0.796880 -1.087087 2.300388
-0.407562 -2.259597 2.044985
-0.361560 -1.551357 2.287020
1.875596 -2.294065 1.287790
1.648614 -1.362588 -1.879749
-0.284104 -3.533425 -0.043000
-0.512434 -3.474687 -0.007450
1.053654 -2.540099 -1.773105
-0.467173 -0.291392 -2.095552
1.451768 -1.518665 1.997953
-0.206360 -3.508266 0.432811
0.321240 -1.068749 2.372987
0.185142 -2.623116 -1.909903
-0.337880 -3.511081 -0.225369
0.342161 -0.768418 2.335502
-0.059851 -1.625284 2.328061
0.499210 -2.897447 1.643935
1.160633 -1.200852 -2.176448
2.043895 -1.670673 1.427191
0.714369 -2.336656 2.027886
0.806159 -2.963413 -1.481635
0.578396 -0.718080 2.298730
-0.385554 -2.862571 -1.603255
-0.119229 -3.531136 -0.379688
0.360354 -1.442339 -2.362342
1.878577 -2.032875 1.466315
0.349335 -3.224395 -1.247251
0.710396 -2.596515 1.860038
0.659612 -3.077266 -1.392239
0.895059 -2.236765 -2.027167
0.805650 -0.904710 2.281585
0.616961 -2.243513 -2.099049
1.140873 -1.456172 2.170378
0.560548 -2.873245 -1.656256
0.840239 1.972255 -2.168450
1.505038 1.924653 -1.880989
1.095184 1.974422 2.080706
0.095066 0.446498 -2.254710
-0.336965 1.388138 2.300045
0.616230 1.215791 -2.350472
1.138703 2.646688 -1.658927
-0.059179 2.034274 2.206117
1.237005 1.705221 2.101251
-0.066865 1.085105 -2.357212
-0.173702 0.534088 -2.248371
1.803664 1.586438 -1.753599
0.613419 1.989471 -2.212354
0.359106 1.344399 -2.372410
-0.301066 1.609667 2.279359
-0.273269 3.340453 0.889089
1.981616 2.195266 1.280435
0.954035 1.421465 2.259926
0.221853 2.380148 2.063250
-0.075511 1.899655 -2.250539
-0.073424 0.517220 2.259683
-0.411748 0.136362 2.029026
-0.177662 0.836072 -2.315000
1.556319 1.353462 1.978508
1.063955 0.992054 2.224827
0.838669 1.711170 -2.245498
2.048522 1.784262 1.434062
0.427333 2.084984 2.199231
1.476519 1.236600 -2.035024
0.233895 0.855125 2.355733
0.895450 2.500159 1.879580
0.260079 1.843982 2.289462
0.000581 2.724961 1.806027
-0.171950 0.993890 2.334967
0.913373 2.335224 -1.978074
0.145328 2.852532 -1.704144
0.421647 2.393800 -2.047684
0.276216 1.488814 2.361438
0.401043 2.722811 -1.817196
2.055826 1.829462 -1.405241
0.373439 0.866612 -2.353770
1.250731 1.419941 2.144314
2.087268 -3.005348 -0.474225
1.906258 -3.017473 0.813151
0.485906 -3.648537 0.679860
0.795703 -3.600866 -0.813259
1.626575 -3.188159 -0.952966
1.361822 -2.908548 1.350464
1.999497 -2.349735 -1.081699
1.181546 -3.106173 -1.293137
0.804670 -3.739644 -0.482989
1.702500 -3.327679 0.672685
2.387050 -2.380668 -0.153262
2.146810 -2.663120 0.735221
0.430331 -3.481813 0.953691
0.931626 -3.479971 0.982985
2.135195 -2.968835 0.393920
0.538904 -3.772590 0.306500
0.878662 -3.716217 0.540283
1.361483 -3.339465 0.984576
0.157094 -3.687427 0.269070
-2.249901 -2.569065 1.599444
-2.595144 -2.115052 -1.663113
-2.634816 -1.550743 -1.844438
-2.151969 -2.489900 -1.724430
-1.249826 -1.863488 -2.275194
-1.048571 -0.857689 -2.355953
-0.730735 -1.663622 2.284153
-1.432162 -0.691701 2.318084
-2.863566 -2.278284 -1.264337
-1.063802 -2.046965 2.208884
-1.184293 -1.134753 2.379757
-1.424852 -3.151948 -1.292427
-1.086281 -2.530332 1.949614
-0.927139 -2.337683 -2.057528
-1.344221 -1.960859 2.238214
-2.412374 -2.287337 1.701167
-0.969684 -2.943783 -1.571140
-2.088748 -2.594324 1.675015
-1.847606 -2.289066 -1.990750
-1.622193 -1.910784 -2.217637
-0.550228 -0.511245 -2.199033
-3.028322 -1.905295 1.305920
-1.781661 -2.922055 1.492474
-2.544246 -2.497594 -1.427188
-2.388131 -2.085640 -1.834064
-3.122913 -1.936979 -1.139793
-1.320405 -2.790269 -1.736242
-2.465985 -1.591491 -1.957512
-1.638182 -2.155876 -2.116504
-2.445232 -1.112943 2.015104
-0.711327 -2.830424 1.637886
-0.745275 -0.466528 2.232177
-2.016332 -1.741405 -2.153325
-2.205033 -1.671684 -2.088209
-1.159007 -2.925889 -1.604839
-2.708375 -2.249092 -1.470013
-0.947347 -3.293365 1.046496
-1.864672 -1.936152 2.146251
-3.443167 -1.789151 -0.396869
-0.758672 -0.454863 -2.231048
-1.971649 -1.690546 2.182942
-0.780049 -1.911834 2.225272
-1.693035 -0.873611 2.305276
-2.554322 -2.047579 1.732915
-0.826323 -3.441931 0.608886
-1.019593 -1.052049 -2.371728
-2.356854 -1.696029 2.000312
2.029337 2.986405 -0.738161
1.214428 3.693105 0.398633
1.632452 3.438464 0.611363
1.643893 3.565241 -0.054521
2.133722 3.028561 -0.448863
0.177583 3.514269 -0.694240
0.620693 3.594098 0.777673
0.964534 3.223068 1.251943
0.654288 3.783223 0.142820
0.494661 3.767960 -0.007953
1.382545 3.519341 -0.713000
1.054606 3.770301 -0.131433
1.016657 3.542048 0.859516
1.424732 3.593956 0.492035
1.317581 3.707743 -0.125418
2.011507 3.254584 0.222298
2.109884 3.130856 -0.259531
1.881042 2.905745 1.011146
1.572287 2.992628 -1.204849
0.517836 3.647747 -0.629607
0.891390 3.657516 0.659795
1.814727 3.427810 0.253031
0.358128 3.456621 0.911576
-1.856217 1.471255 2.255119
-0.520403 3.155803 -1.227871
-2.021213 1.108092 2.208486
-0.565953 2.905432 1.572246
-1.063872 1.635915 -2.340972
-0.600800 3.502604 0.365334
-0.706756 0.576193 2.251700
-2.131374 2.661761 -1.607793
-1.811334 2.236286 -2.041622
-2.414514 1.882722 1.895569
-1.042744 1.035731 -2.371339
-0.541017 1.743838 -2.241418
-0.594471 0.123279 2.043943
-3.374221 1.776977 -0.597404
-0.884744 2.574766 -1.935492
-0.849757 3.252820 -1.192181
-2.682167 2.061216 -1.602729
-1.805064 1.737283 -2.224476
-0.873145 0.610056 -2.286654
-1.657630 2.606194 1.859404
-0.843865 1.122143 2.359688
-1.891304 2.428591 1.903727
-1.904137 1.812504 2.173090
-1.489014 2.346327 -2.063895
-0.798731 2.982400 -1.555259
-1.978403 2.591525 1.750225
-2.783619 2.121196 -1.462987
-1.451182 2.238641 2.125319
-0.596898 3.527330 0.124219
-3.344171 1.935010 0.535900
-1.377586 1.956596 -2.248557
-2.215144 1.656473 -2.076799
-1.468474 2.915293 1.631199
-2.043089 2.496543 -1.789813
-0.763617 0.765621 -2.306906
-2.418858 2.454157 1.578218
-1.721056 2.407303 -1.975388
-0.780873 0.763966 2.309336
-0.443360 2.596019 -1.807576
-2.074723 1.148257 -2.187953
-2.675747 2.261502 -1.486213
-1.914951 1.949499 -2.126690
-0.639198 3.032174 -1.451140
-1.121226 2.828224 1.748384
-1.176525 2.977184 -1.597709
-2.584644 1.931145 1.750299
-0.825347 1.606874 -2.326037
-2.797301 1.973768 1.530056
-2.870696 2.210877 -1.294501
-0.961512 3.392589 -0.940307
-2.915390 -3.259700 0.219214
-2.730776 -2.737719 -1.182944
-3.240488 -2.229244 0.718168
-1.259340 -3.385951 -0.963073
-2.942250 -2.607493 -1.040106
-2.068526 -3.614100 0.623303
-3.175560 -2.924209 0.183602
-1.945847 -3.300020 1.146614
-1.304422 -3.532575 0.752778
-0.995045 -3.574443 -0.294066
-1.788777 -3.406366 -1.044111
-2.629994 -3.331518 -0.686611
-2.399765 -2.790724 -1.371993
-3.405611 -2.095304 0.089028
-3.069750 -2.802501 0.718818
-1.886562 -3.424855 1.009830
-2.874307 -2.782297 1.015529
-3.666764 -0.751330 1.334512
-3.006341 -0.902207 1.862560
-3.563268 -1.514664 0.597327
-3.563030 1.071445 -1.303301
-3.320032 1.313949 1.380778
-1.765670 0.302585 -2.363289
-2.701504 -0.914533 -2.012758
-2.523629 -0.106993 -2.281300
-3.585580 -1.401957 0.785844
-3.702658 0.545523 -1.419355
-2.868589 0.456139 2.115167
-3.208261 -0.679551 1.826132
-3.150728 -0.522843 1.920079
-2.160698 0.560647 -2.302397
-3.483234 -0.571023 1.631592
-3.085622 0.330921 2.019546
-3.204425 0.566113 1.892141
-3.538083 1.583882 0.678822
-1.964680 0.220933 -2.370664
-3.532940 0.564148 1.609859
-3.396895 -1.618041 0.750950
-1.985513 0.876820 -2.223666
-3.276492 -0.207859 1.897460
-1.926446 -0.169290 -2.370081
-1.983298 -0.797595 2.225260
-2.878493 -0.453245 2.094759
-2.514425 0.740757 -2.177847
-3.464486 -1.279249 -1.165684
-2.362067 1.029354 2.104712
-3.704241 -1.464683 -0.098189
-2.252614 0.153178 2.344707
-1.433812 0.324123 -2.323767
-0.770084 0.153816 -2.112090
-0.768832 -0.068700 -2.111960
-3.012675 0.084960 -2.082230
-1.455205 -0.354978 -2.312058
-3.334265 1.394709 -1.285356
-2.646473 -0.739829 -2.107810
-2.795148 0.751109 2.069457
-2.505111 -0.417342 2.245535
-1.856010 -0.341168 2.349653
-1.645187 0.152759 2.367404
-3.185782 -0.213003 -1.961219
-2.755162 -0.098512 2.201417
-3.616393 -1.176959 1.052385
-3.378174 -1.409340 1.126330
-2.089343 -0.307502 2.343736
-3.391768 1.517104 -1.064060
-2.442443 -1.077367 2.020640
-2.583535 0.999708 -2.053466
-3.225376 -1.295387 -1.423280
-3.298870 -0.586169 -1.790982
-3.354529 -0.813939 1.645721
-3.056316 -0.091574 2.053970
-1.763771 3.336089 -1.191986
-2.682791 2.739559 1.191623
-1.816978 3.821620 0.160857
-1.939115 3.759895 0.414893
-1.667525 3.664181 -0.743109
-2.599977 3.369772 -0.673188
-3.316775 2.367473 -0.070443
-1.844108 3.533309 0.944759
-0.874567 3.645751 -0.064413
-1.761092 3.833808 -0.023314
-1.050728 3.517562 -0.782260
-3.221436 2.703711 0.243302
-2.484359 2.626376 1.381606
-2.873824 3.282168 -0.251782
-2.492760 2.772816 -1.317580
-1.417074 3.581265 0.860535
-2.152035 3.319199 -1.105610
-2.236114 3.428686 0.929928
-2.879700 2.995020 0.782562
-0.802662 3.570930 0.323042
-4.137434 -0.997490 -0.510846
-3.912646 1.019387 -0.967417
-3.751127 -1.340336 0.449339
-4.227861 0.472912 0.986246
-4.244158 0.747542 -0.791273
-4.171750 -0.819156 0.721997
-4.482399 -0.526079 0.287449
-4.599923 0.007486 -0.204281
-4.122776 1.010080 -0.705632
-4.066020 1.109067 0.656633
2.427873 2.081612 1.373586
3.012730 2.458539 -0.813054
2.836276 1.644185 1.692744
3.707701 1.135373 -1.555232
3.956334 2.039348 -0.574590
4.436429 1.337409 -0.385166
4.547015 0.959281 -0.188292
3.845939 1.343834 1.380434
4.074730 2.017353 0.248893
3.259119 1.634849 1.594642
4.522348 0.850707 0.400608
3.064466 1.445066 1.743589
3.814909 1.177082 1.465124
3.183895 1.880208 1.462495
3.618281 2.283612 -0.644675
2.857868 2.630379 0.369385
2.919444 1.457960 -1.767005
4.346410 0.998915 -0.860257
4.453057 1.398967 0.115981
3.990211 1.650476 -1.041898
3.491461 1.797917 -1.375455
3.790591 1.790768 -1.145400
3.823840 1.506048 -1.319758
3.869168 1.914349 -0.924943
2.942011 0.942728 -2.089171
3.474618 0.170838 -2.088817
3.460169 -1.731134 1.342488
4.507172 -0.761106 -0.646015
3.786775 -0.058245 1.891283
3.123109 -1.112110 -2.034174
3.250039 -2.315075 -0.120854
2.164595 -0.157320 2.429462
3.522095 -2.090266 0.589416
2.335258 -0.281782 -2.423807
3.275032 -1.740313 -1.477476
2.442753 0.748869 2.272413
2.550041 0.894394 2.201180
2.345520 0.817423 -2.251553
3.921833 -1.271321 1.330465
2.559134 -2.133325 -1.296366
2.565496 -1.766676 1.742111
3.906450 -1.790246 0.577756
3.365667 -2.120758 0.771928
2.628142 0.377224 -2.356326
3.417487 -2.138144 -0.638573
3.214033 1.102706 1.886847
2.345140 -0.912652 -2.289763
3.006701 -2.404470 0.183315
3.321742 0.772650 2.006542
2.549017 -0.437697 2.390515
2.862646 -2.036402 -1.338302
2.723328 -2.265015 -1.000678
2.415527 -0.829253 2.314047
3.463936 -1.961572 0.993637
2.455176 -1.222924 -2.147057
2.949684 -2.005755 1.340211
3.748233 -1.400566 1.413331
3.319186 -0.216775 -2.185192
2.635741 -0.836342 2.286191
2.355412 1.654058 1.684157
3.105965 -2.349868 0.352282
4.162069 0.580758 -1.352803
3.563322 0.996076 1.736434
2.078192 -1.452531 2.011648
4.680757 0.065153 0.141381
4.398366 -1.071183 0.622362
3.495733 0.465484 -2.016496
3.589556 -0.116935 2.035220
4.663774 0.259611 -0.028520
4.325740 -1.323496 0.371511
2.184048 0.234308 2.408079
2.240265 -0.514361 2.395982
3.102728 -2.204607 0.873366
2.884988 -1.812065 1.607186
4.178438 0.455779 1.386168
2.687978 -2.463840 -0.362813
4.487107 0.174375 -0.934438
2.572455 0.124020 2.401411
3.227707 -1.329492 -1.859504
3.573324 0.314471 2.003876
4.083575 -0.155694 1.606171
0.351943 -0.366506 2.638666
1.186181 0.683539 -2.614120
0.658864 0.050753 -2.707436
1.286227 -0.399709 -2.666565
2.092700 1.175889 -2.140653
1.359875 0.623497 -2.605450
1.628557 1.115642 2.367188
1.817234 -1.039860 2.351448
1.943244 0.994001 2.305135
1.246032 -0.327336 2.681306
0.449033 0.059797 -2.679354
1.117765 0.418632 2.677117
0.595994 -0.160891 -2.697765
1.117980 0.131970 2.708105
0.554222 -0.137577 2.693708
1.476224 0.436589 2.621936
1.757735 0.367278 2.556401
1.813948 -0.361241 -2.542530
1.762836 0.461035 -2.538874
0.972663 -0.443873 -2.685423
2.022637 -0.914295 2.314379
1.054268 0.852496 2.573680
1.687141 -0.680403 -2.520913
-0.121269 -1.753995 2.644470
0.764482 -2.517702 2.312742
1.183025 -1.524214 2.514790
1.596216 -1.559831 -2.305416
0.898578 -2.918422 -1.991127
1.893337 -2.685360 1.525003
0.283361 -1.363728 -2.713896
1.598627 -2.153651 -2.128819
0.753984 -2.718615 -2.189053
1.169074 -1.117146 2.539137
-0.241877 -3.875393 0.252963
0.359746 -3.645479 1.186070
0.024150 -2.491081 2.389427
-0.255807 -1.417734 2.673343
2.281742 -2.217283 1.423394
1.960602 -2.299889 -1.757029
1.548805 -2.954038 -1.583262
0.141118 -1.991757 2.602536
0.249780 -2.101553 -2.566790
0.291959 -3.693460 -1.089713
-0.019903 -1.249840 -2.710888
-0.408997 -2.429678 -2.350725
0.171186 -3.833464 0.691921
-0.167820 -3.787365 -0.765720
0.166009 -2.988992 -2.051317
0.247609 -1.158952 -2.719182
0.275897 -0.808934 -2.690152
0.334272 -2.667106 -2.288302
-0.331065 -0.937821 -2.654915
0.637030 -1.125709 -2.683151
-0.131292 -0.792766 2.668687
-0.045698 -3.853333 -0.561558
0.571995 -1.795404 -2.628186
1.778554 -1.382651 -2.206054
-0.516635 -3.768146 0.555612
-0.089210 -1.334125 2.701662
0.997455 -3.218091 -1.642653
2.426219 -2.370853 1.033373
0.606673 -2.414600 2.400677
0.073627 -2.872773 2.143629
0.203400 -3.386572 -1.621944
1.372328 3.067035 -1.617108
0.316435 2.673502 2.281250
0.624988 3.176517 1.822693
2.144156 1.970355 -1.783747
-0.199326 2.227942 -2.476611
-0.116309 3.554634 -1.302543
0.277121 2.102430 -2.563591
0.137656 0.498262 -2.627399
1.135050 1.296244 2.567570
0.256792 0.921974 -2.706329
0.396023 2.836251 -2.162877
0.601148 2.508387 2.354274
0.193027 2.019279 2.591294
-0.406258 1.260966 -2.640496
1.524129 1.399585 2.390641
1.959420 2.157292 1.877444
-0.238717 2.407671 -2.386050
1.007624 1.624814 2.574556
-0.303832 3.676550 0.967568
0.927769 2.125739 -2.462017
0.096517 1.371138 -2.710264
1.143627 2.973990 1.849090
-0.038906 3.894717 0.158091
0.369274 3.207036 1.824876
-0.333843 2.944077 2.000685
0.888236 1.234337 -2.642083
0.511810 2.662866 2.273465
0.756233 1.822435 2.596188
0.949540 2.315088 -2.375403
0.476650 2.313884 -2.467737
1.338038 3.114729 1.584413
1.766663 -3.422856 0.975347
1.019990 -3.605159 1.197562
0.443302 -3.907959 -0.670315
2.002832 -3.451163 0.577262
0.655961 -3.928533 -0.673537
2.413175 -2.783451 0.661783
2.227058 -3.217309 0.524910
0.357910 -4.014656 -0.047908
2.081530 -3.012758 -1.044704
1.317799 -3.610487 1.076370
1.438708 -3.856081 0.464762
2.385766 -2.947074 -0.537990
2.044055 -3.111399 1.003819
1.133048 -3.951551 -0.464705
1.394764 -3.261642 -1.404378
-1.222872 -1.571364 2.689658
-2.846787 -1.589934 2.107793
-1.693307 -1.286278 2.668539
-0.691728 -3.435947 -1.420765
-0.870836 -3.141165 1.846980
-1.144540 -1.439791 -2.706203
-0.966059 -3.004619 -1.995304
-1.752987 -1.805645 -2.581508
-1.354337 -1.027048 2.710723
-1.450365 -3.068484 -1.927526
-1.436528 -1.621215 2.669768
-0.597492 -3.084482 -1.840651
-0.761606 -3.804012 -0.526615
-1.831028 -2.981098 1.920700
-0.506385 -0.243454 -2.467565
-1.598272 -3.232643 1.721268
-1.222458 -3.657946 -1.095084
-2.801995 -2.683298 -1.572599
-1.804561 -3.426184 -1.382466
-0.670253 -0.683287 -2.627372
-1.083734 -2.839412 -2.144094
-0.909420 -3.504871 1.366193
-1.680617 -1.975580 -2.548812
-1.091757 -2.806567 2.169633
-0.743172 -3.006377 1.956963
-0.887280 -0.362795 -2.581383
-0.634977 -2.569473 2.266834
-2.220673 -1.720510 -2.451691
-0.594756 -3.821834 -0.124872
-0.990076 -2.282829 2.473976
-2.984455 -2.024141 1.846728
-2.656329 -1.804880 2.194088
-1.010130 -3.589861 -1.227391
-2.207598 -1.022645 -2.514217
-1.092304 -3.159455 1.851150
-0.989261 -0.853268 2.694927
-0.596344 -3.755594 -0.603800
-3.685651 -1.879870 -0.783791
-1.273988 -1.265176 2.716658
-3.087105 -1.667644 -1.874141
-1.565201 -1.068146 2.690724
-1.349428 -3.576829 -1.252843
-1.029097 -3.830736 -0.536708
-1.371342 -3.154161 1.849032
-0.806177 -1.374623 -2.686285
-0.683421 -3.618398 1.072243
-1.342041 -3.470301 1.440078
-2.834832 -2.323199 1.823941
1.576890 3.081885 1.464219
1.251519 3.964285 0.247654
1.465049 3.707729 -0.839325
1.033368 3.925874 0.593843
1.939228 3.615507 -0.362192
1.786030 2.958328 1.413336
1.918746 3.668596 -0.124345
1.141812 3.996415 -0.170886
1.504596 3.624272 0.953349
2.030096 3.155069 1.041510
0.195802 3.886051 -0.435694
1.163095 3.797875 0.849452
0.285361 3.957748 0.174461
1.562161 3.867676 0.174085
2.393728 3.148417 0.263551
2.491633 2.683245 0.701345
1.412398 3.888103 -0.406303
1.453162 3.605496 -1.017514
0.542028 3.859760 0.760667
0.839644 3.628125 1.181615
0.685196 3.799749 0.914802
0.772385 3.765600 -0.981129
1.738050 3.776029 0.207260
0.185819 3.889257 0.407874
2.352389 3.174811 -0.380185
0.342826 3.778358 0.845428
-2.237425 2.413251 2.180733
-2.885130 2.580349 1.576734
-0.744287 2.302215 -2.460957
-2.878539 2.698397 -1.473911
-2.801251 2.432877 1.775706
-1.118399 2.264031 -2.508864
-1.167041 2.673597 -2.294764
-1.345663 3.594729 -1.298546
-3.454536 2.367632 -0.843303
-2.509981 1.579900 -2.321287
-3.636526 2.259726 0.270466
-0.566564 1.977639 -2.546625
-2.131876 1.735021 -2.478587
-2.288958 2.966789 -1.733581
-1.925965 2.303368 2.365067
-1.585139 1.511240 2.666827
-2.117491 1.838921 2.460195
-0.696646 2.293242 2.456778
-2.320870 2.596577 -2.022885
-0.439038 2.868945 2.041121
-0.779046 0.335453 -2.548881
-2.836032 1.891479 -2.015828
-1.121465 3.418087 1.593122
-2.679853 1.729939 -2.182145
-0.931757 3.587971 1.310336
-0.678886 0.364400 2.542514
-1.285780 3.023712 2.024983
-1.868941 3.191752 -1.718806
-1.658535 2.432657 2.375643
-0.890554 3.231156 -1.806997
-1.415575 2.534806 -2.361554
-0.754308 3.492864 -1.433198
-1.637635 2.971293 2.015306
-2.319199 1.435789 -2.441186
-1.750286 2.674659 2.211687
-0.547583 0.161192 2.437119
-1.495175 3.162835 1.863542
-1.093414 1.600265 2.691959
-1.732913 1.494566 -2.639760
-2.627086 2.577812 1.823973
-1.675370 2.002454 -2.547510
-0.750708 2.807794 2.169085
-2.345376 1.300316 2.436976
-0.474973 2.287873 -2.408621
-1.340607 3.383685 -1.627514
-1.278683 2.049785 -2.584565
-0.543941 3.245757 -1.706686
-0.693254 1.920307 2.588237
-0.526253 2.574567 2.273515
-0.677958 1.282108 -2.679528
-2.986570 2.289658 1.682842
-2.019165 1.635226 2.539354
-1.758634 3.062815 1.896408
-2.573848 -3.264215 -1.263305
-2.517503 -3.817097 -0.292924
-2.818355 -3.635021 0.339722
-3.177741 -3.285010 -0.400522
-2.511238 -3.698312 0.701047
-1.630164 -3.554313 1.239914
-2.497379 -3.210677 1.357257
-1.817197 -3.995428 -0.232352
-2.754106 -3.112358 -1.261574
-1.634660 -3.851093 0.762875
-1.268125 -3.794730 0.757880
-1.653439 -4.006104 -0.125011
-3.291565 -3.179695 -0.240207
-1.879679 -3.945714 0.475134
-2.855395 -3.520617 0.610996
-1.319243 -3.963962 -0.117072
-3.472920 -2.690150 -0.532297
-2.340356 -3.897573 -0.223502
-1.867275 -4.006533 -0.011661
-2.402550 -3.755424 -0.680539
-2.972257 -3.170481 0.987036
-2.337588 -3.433818 1.230163
-2.729140 -2.892468 -1.429240
-1.635395 -3.959796 -0.433336
-3.564677 -2.624326 -0.170761
-1.899241 0.326372 -2.704363
-3.157487 0.799522 2.266483
-4.085834 1.589381 -0.201071
-3.776447 1.463209 1.302712
-3.660634 1.895780 -0.840776
-3.153980 -0.838544 -2.226822
-2.392989 1.141501 -2.428345
-4.084524 1.021387 -1.219171
-4.016317 1.222757 -1.161169
-4.147792 -1.401588 -0.311947
-2.189765 -0.545076 -2.636418
-3.620756 -1.566989 -1.313995
-3.192099 -0.736723 2.242046
-2.872732 -1.238701 -2.178440
-1.962296 0.760870 2.620132
-3.608594 0.993595 1.852110
-3.829314 -1.437878 1.160485
-3.844205 1.466173 -1.193494
-4.083992 -0.935824 -1.228334
-2.433135 0.711291 -2.572395
-3.287754 1.446682 -1.837734
-1.551591 -0.258545 -2.686069
-3.269138 0.204583 2.321106
-1.668669 -0.109681 2.709192
-3.808114 1.027494 -1.620852
-3.844929 0.259927 -1.847379
-3.510472 1.230400 1.804115
-1.896469 -0.428880 -2.679456
-4.050551 0.835913 -1.402433
-4.065707 1.332440 0.927883
-3.733117 1.734354 1.007272
-3.851203 1.732108 -0.752406
-3.274336 -1.458705 -1.778098
-3.903201 -1.090143 -1.398450
-2.946051 0.681965 2.409526
-1.686288 0.566348 -2.662401
-3.148768 1.590662 1.824306
-3.358214 1.304953 1.884290
-2.586014 1.004381 2.436826
-2.475907 0.550152 2.599533
-2.585233 -0.853369 -2.465741
-3.968576 1.702494 0.429669
-3.231831 -1.243837 -1.968972
-0.869575 0.228059 -2.525734
-3.160825 0.050068 2.389260
-2.974824 -0.486219 2.425537
-3.980098 -1.658958 0.170571
-3.824044 -1.366806 -1.253846
-1.798315 4.035572 0.371308
-2.374495 3.866141 0.494272
-1.828620 4.069189 -0.025526
-1.133554 4.002119 0.125611
-3.234572 3.097732 0.544176
-3.081236 3.342324 0.488236
-3.396303 2.927454 -0.221522
-2.242901 3.982314 0.082509
-3.156006 2.793053 -1.009353
-1.375587 4.047803 0.193035
-2.867543 3.175764 1.081997
-1.345624 3.990599 0.482518
-3.456826 2.620151 0.461467
-1.519319 3.953779 -0.665220
-2.387617 3.375953 1.288383
-2.827246 3.633919 -0.352421
-4.356402 0.667822 -1.134466
-4.477955 -0.330854 -1.072268
-4.559544 -0.115326 1.005769
-4.332345 1.258066 0.533808
-4.826270 -0.146640 -0.247097
-4.242263 -1.345048 -0.089399
-4.359245 -0.980553 -0.759552
-4.334818 -0.776807 1.013461
-4.592869 -0.900169 0.127489
-4.400430 -1.181723 0.002988
-4.202292 -0.924241 1.055268
-4.606506 0.617715 0.755820
-4.726590 -0.332453 0.564353
-4.520539 -0.851856 -0.584153
-4.380571 0.132269 1.259178
-4.700787 0.521036 0.588212
-4.323053 -0.614472 -1.142000
-4.254627 -1.061537 0.830562
-4.559513 1.071447 0.106024
4.485094 1.295421 0.998946
3.390970 1.603763 -1.843040
3.597073 2.686419 0.210540
4.076906 2.282518 -0.544792
3.575459 2.531785 -0.810796
3.584224 1.961594 -1.529248
3.702254 2.624125 -0.264100
4.674377 1.041058 -0.689083
3.782752 2.156607 1.191466
4.386475 1.903064 -0.573149
4.627105 1.612396 0.120528
4.522627 1.722957 -0.465039
4.080821 1.417445 1.474688
3.474153 2.645836 -0.646279
4.677806 1.082086 0.660316
3.388518 2.498644 1.042154
3.415057 2.027030 -1.570136
4.091402 1.825728 1.199647
4.337012 2.089345 -0.192017
4.625735 1.517453 -0.416122
2.740193 2.312199 -1.497217
4.713774 1.258933 -0.377837
4.367284 2.064163 -0.006285
3.185702 2.017910 1.669776
4.401670 1.681088 0.856994
3.249048 2.192927 -1.498089
2.922368 1.944994 1.783532
3.381815 2.668113 0.690885
4.463335 1.092503 1.119959
3.919105 1.967683 1.258560
4.366484 1.722741 -0.882079
4.656282 -0.679227 -1.182139
3.682738 -0.591318 -2.283238
3.471357 0.691001 -2.322104
3.515009 -1.150979 2.190246
4.437860 0.757249 1.415759
4.833284 0.236978 0.862161
4.121245 0.593526 1.880805
2.903959 -0.615725 2.607790
4.363935 -1.132586 1.407577
3.657143 -0.289799 2.343536
3.707160 -1.921917 -1.434928
4.927489 0.323051 0.429271
4.967447 0.274722 0.087795
2.497588 1.560093 2.163337
3.882190 -1.318822 -1.832425
4.482899 -0.066096 -1.592493
4.463308 -1.717551 -0.006641
3.315209 -1.907275 -1.759070
2.993404 -0.983987 2.481925
3.540173 -2.513881 0.069931
3.402324 -2.449506 -0.803878
2.249910 -0.932994 2.605376
3.804667 -2.180257 0.870468
4.390578 -1.573350 0.872841
4.396785 -1.784829 -0.257874
3.693197 -2.058264 1.258273
2.803241 1.179233 -2.357563
3.966188 -0.562848 -2.086297
4.454682 0.016603 1.627484
2.793644 -0.866096 2.570755
3.453510 -0.143308 2.460729
3.653228 -1.698254 1.725792
3.192841 -0.754139 -2.486273
3.280755 -2.625362 0.226978
3.247399 0.133406 -2.540478
3.960700 0.206457 -2.120172
4.598944 -1.071762 1.028865
4.066639 -2.000099 -0.772531
4.045009 0.935556 1.796051
4.129980 -1.855014 0.945870
4.156755 -1.504706 -1.379196
4.945487 -0.278100 -0.482095
4.322502 -1.893151 -0.038164
4.030411 -1.548215 1.497198
4.328343 -0.816676 -1.638269
4.077670 -2.131974 -0.194032
3.952333 0.681478 2.002223
3.428871 -1.704538 1.879833
4.611982 -0.358177 1.370489
2.580224 -1.365636 -2.403028
4.002097 0.502120 2.021181
2.908691 -1.631343 -2.170442
2.762085 -2.570118 -1.057975
4.155219 -0.085617 1.971649
4.502969 0.888076 -1.214700
2.747586 -1.405573 2.352854
4.669562 -1.153481 0.746411
2.658456 1.864075 -1.864635
2.726970 1.090826 2.419376
2.331896 -1.803801 2.137676
2.945177 -2.104975 1.727710
4.592947 0.508141 1.291591
4.214066 -1.988223 -0.294836
4.515553 0.641984 -1.357751
3.889814 -1.493851 -1.695547
4.777308 -0.468471 1.001531
2.871154 -0.356115 -2.653941
2.417360 -0.035939 -2.730675
3.352989 -1.864112 1.779716
2.910957 -2.650242 0.737935
2.975517 -0.306033 2.632104
3.566071 -0.959856 -2.243279
2.334286 -0.669755 -2.674459
4.198340 -1.992332 0.364197
3.423740 -1.648104 -1.929748
2.670990 -2.249849 1.638251
4.230532 -0.880824 1.727121
3.837474 -1.249460 1.914572
4.168325 -1.993397 -0.494127
4.888010 -0.675417 -0.486654
3.224288 0.671454 -2.441511
4.437793 0.249757 1.617072
3.925242 0.769397 -1.988768
3.286627 -1.520609 2.098520
3.191302 1.574208 -1.954444
2.606134 -1.321182 2.422383
-0.143818 -0.183702 -2.867417
1.777839 0.703714 -2.845157
1.945163 -0.965754 2.718940
1.133148 0.827593 2.933069
1.807202 0.890266 2.782062
1.992285 -0.290318 -2.849539
2.263307 0.504088 -2.695439
0.401006 -0.201231 3.011447
1.786181 0.217545 -2.922970
1.410784 0.008100 -3.018871
1.100256 -0.907485 -2.921134
2.036309 1.146011 -2.597687
1.246160 -0.354209 -3.022757
0.709503 0.550552 -3.000329
1.658113 0.179504 2.961038
2.005721 0.814840 -2.734187
0.244923 0.100049 -2.984298
1.760546 -0.540566 -2.892612
-0.371342 0.044515 -2.777528
2.213685 -0.924060 2.615873
1.978486 0.511823 2.818918
1.208700 0.380887 3.019557
1.802401 0.434510 2.892531
1.268686 0.501834 -2.994635
0.814109 -0.609691 3.000263
1.592309 1.126553 -2.755839
1.816422 -0.221519 -2.915847
0.916779 0.021405 3.059768
-0.191294 -2.486793 -2.750354
0.819456 -0.775212 2.965435
-0.445253 -0.052535 -2.761635
1.344239 -1.106960 2.835407
1.380438 -2.050505 -2.691897
0.713418 -3.592585 -1.840584
1.761722 -2.872729 -2.032072
-0.214170 -1.936504 2.942132
-0.515003 -2.960578 2.401459
2.590860 -2.860447 -0.942830
1.508675 -1.381757 2.759113
0.239225 -1.499449 3.045329
-0.359684 -4.072278 0.905942
0.427721 -1.321121 3.049049
-0.240802 -0.715574 -2.988940
-0.330348 -4.167231 -0.546507
2.220612 -1.901579 2.187015
1.654582 -1.696112 2.645309
-0.360002 -1.477065 2.996270
2.149452 -3.210498 -1.234523
0.149382 -1.869624 -2.986133
0.106211 -0.783703 -3.029749
-0.388215 -0.928978 2.990872
1.966876 -2.111142 2.325641
1.440277 -3.631866 -1.385739
-0.439539 -0.341582 2.866271
2.139409 -2.986715 1.552909
0.525250 -0.899046 -3.027177
1.063861 -1.325530 -2.932262
1.089327 -2.614801 -2.564258
0.832628 -1.502865 2.978328
-0.082299 -3.388312 -2.123677
0.081733 -1.914882 2.973804
2.003030 -3.235970 1.404026
-0.217060 -4.233841 -0.078296
0.833505 -1.397153 -2.986894
0.191962 -2.949418 -2.512738
1.441708 -3.434575 1.684088
1.525778 -2.700895 2.314309
0.073302 -3.149041 2.358256
1.791580 -1.431826 2.602006
1.411870 -2.945265 -2.203151
1.223413 -3.363841 1.908496
1.847433 -1.794352 -2.508382
0.026509 -2.738948 -2.641103
-0.057677 -3.961582 -1.299647
0.265030 -1.149356 3.058785
0.601488 -2.492423 2.745549
2.377038 -2.097022 -1.953055
2.384047 -2.895724 1.310688
0.382086 -4.229536 -0.412416
0.131212 -3.565459 -1.943794
-0.324973 -1.455285 -3.004485
-0.142655 -3.146401 -2.339086
0.653177 -3.264995 2.214614
-0.004006 -2.765267 2.623456
0.439769 -0.707664 -3.009902
-0.244568 -4.167796 0.615252
-0.345727 -1.143403 3.010790
1.982702 -2.811745 1.894497
2.747245 -2.864378 0.320746
2.200067 -2.722164 -1.745283
0.625802 -2.290835 -2.827897
-0.069985 1.592029 3.017803
0.449977 0.927510 3.041348
-0.358952 1.224541 -3.000029
1.108550 0.922831 2.922517
0.748082 3.035862 -2.390850
0.082562 0.954711 3.046401
0.905350 3.954453 -1.142349
0.980981 2.948898 2.395726
0.530061 2.556508 2.724856
0.917060 0.810599 2.960138
2.426406 2.991732 -1.168350
-0.093060 4.109391 -0.866649
2.423926 2.221113 1.884872
-0.249495 4.129957 -0.707874
-0.395615 0.583197 -2.929596
0.464006 1.385093 -3.046030
2.492977 2.784251 -1.331491
1.577252 1.370371 -2.748199
0.510938 0.738959 3.014102
1.441062 1.609487 2.784945
0.783740 1.487916 2.997490
0.515318 1.904059 2.964005
1.631888 1.517176 2.707488
2.673436 2.880184 0.783562
0.837221 2.712205 2.589538
0.774421 1.816077 -2.948617
-0.376614 0.802682 2.970925
1.829952 2.200146 -2.415212
0.082151 4.006590 1.194583
-0.348951 1.619540 -2.971862
0.684664 3.591848 -1.849046
0.546732 1.831148 -2.977493
-0.275699 2.186193 -2.847802
1.252470 2.311432 -2.663863
-0.167486 2.610059 -2.681376
-0.009293 2.918340 2.515261
0.753630 3.600063 1.820398
0.353500 1.252055 3.057458
0.723985 2.596755 2.676687
1.525441 1.707198 -2.730548
2.172038 2.367325 2.065479
2.182759 2.408044 -2.031629
1.233360 2.610713 -2.525066
0.411797 4.225229 -0.383152
0.801855 3.223212 2.221198
0.821728 2.720129 -2.588388
0.869146 3.259925 -2.168791
1.462005 2.447787 -2.511165
1.344662 3.412163 -1.797212
-0.375850 3.593880 -1.794729
-0.205389 0.406077 -2.922604
-0.001998 0.482876 2.966111
2.043939 1.631205 -2.435060
1.977566 1.897599 2.420798
1.651240 2.979283 2.047823
2.514902 2.043804 1.865599
2.360585 1.727163 2.143758
1.135507 3.027581 2.281498
1.802657 3.032493 1.884516
0.900089 1.651117 2.953480
0.231413 2.423412 -2.802144
2.557729 -3.215116 -0.402247
1.078336 -3.979314 -1.064980
2.175664 -3.716515 0.270353
1.550340 -3.952233 -0.827249
0.892861 -4.127908 0.810557
1.178001 -4.127356 -0.697507
1.565792 -3.631928 1.312317
2.011975 -3.517005 1.054086
2.289673 -3.348389 0.872929
2.539974 -3.314991 -0.001858
1.627909 -3.813843 1.017873
0.527345 -4.173404 -0.675931
2.562277 -3.080309 0.647288
0.893159 -4.038145 1.003561
2.404496 -3.474876 0.259954
2.111627 -3.794569 0.019734
2.249757 -3.512232 0.677743
1.977817 -3.694733 -0.820671
2.182370 -3.671463 -0.440926
2.692265 -3.040216 0.028860
2.422881 -3.429776 -0.353329
0.800966 -4.232748 0.498553
-3.678554 -2.547152 -1.104715
-1.658831 -2.655062 -2.631440
-1.144332 -0.982715 -3.054147
-0.589394 -1.518873 -2.981937
-1.256260 -2.675824 2.661905
-0.916119 -2.891821 -2.514770
-1.533278 -3.489758 1.962282
-2.228703 -3.367789 1.851222
-2.693045 -2.409834 2.352345
-0.696622 -2.746103 2.577019
-1.793041 -2.800697 -2.514706
-2.411848 -3.543340 1.485386
-0.509356 -0.690495 -2.947081
-2.500786 -1.296905 2.757314
-2.115798 -1.710822 -2.862492
-3.704515 -2.551963 1.037643
-1.989791 -1.549550 -2.926213
-0.647811 -3.691866 1.647085
-0.627925 -1.406559 3.000346
-1.099223 -3.586479 -1.873605
-1.102618 -3.757469 -1.629353
-2.794502 -1.730509 2.537971
-1.069273 -3.250839 -2.239453
-1.689284 -3.317009 2.118526
-2.374741 -3.305802 -1.835273
-3.872600 -2.622381 -0.000558
-0.826725 -0.261549 2.901072
-1.725329 -2.027663 -2.885844
-2.439541 -1.186906 -2.788720
-1.287686 -4.174491 -0.562117
-1.422702 -4.191306 -0.409028
-0.835944 -4.189284 0.346398
-0.646590 -4.062915 -0.837447
-1.823924 -1.999616 2.873719
-2.312913 -1.923720 -2.740413
-1.755207 -0.862366 2.989831
-3.338037 -2.286964 1.858959
-1.458217 -4.057177 0.970421
-1.872537 -3.734574 1.516338
-0.662563 -2.525564 2.693353
-3.632434 -2.049655 -1.604053
-0.493250 -0.096707 2.782657
-3.257555 -1.860735 -2.137380
-0.952596 -1.354202 3.045878
-0.890810 -2.624243 -2.675952
-2.991668 -2.950059 -1.705189
-3.162010 -1.619503 2.287366
-2.473669 -2.656417 2.340136
-1.573985 -3.178486 2.273397
-2.250825 -1.865090 2.780612
-0.801425 -0.794282 -3.013338
-1.779625 -1.813898 2.930455
-1.740553 -1.452971 -2.994747
-1.352087 -2.921298 -2.502333
-0.691823 -0.332998 -2.902961
-1.469017 -2.634075 -2.670611
-1.099975 -3.932947 -1.309567
-0.818889 -1.999661 2.922724
-1.226998 -4.163524 0.625436
-0.816488 -0.923698 3.028448
-3.019647 -2.608474 1.976347
-3.489335 -2.366956 1.610747
-2.566159 -2.494631 -2.384044
-0.806190 -4.194886 -0.254461
-2.550242 -1.892715 2.638500
-3.619210 -2.220136 1.519265
-2.881511 -1.906591 -2.433897
-0.885735 -3.787928 -1.554195
-0.678118 -3.464920 -1.959099
-1.394503 -3.221323 2.259090
-1.454049 -3.620951 1.809409
-2.131731 -2.459340 2.606074
-1.871849 -3.843820 1.314393
-2.114321 -3.478574 -1.776024
-4.048384 -2.227914 0.117951
-1.623329 -3.944739 1.208119
-0.809510 -4.032539 1.011690
-2.105821 -1.174466 2.916595
-1.379987 -3.955489 -1.247503
-1.641519 -3.991563 -1.086698
-0.629789 -2.088653 -2.866026
-3.176488 -2.939859 -1.496698
-1.942354 -3.362049 -1.992687
1.874200 3.412215 -1.350302
2.135384 3.342775 -1.169461
2.278409 3.283743 -1.051543
1.930241 3.954113 0.016849
0.713129 4.224929 0.456548
2.604948 3.267000 0.265378
1.662756 3.714330 -1.165901
0.921087 4.200595 -0.549646
2.473737 3.143077 -0.893164
2.058995 3.816095 0.424704
1.105272 4.095304 -0.806516
1.581309 4.127493 -0.042219
2.325189 3.628191 0.203541
1.654060 3.797767 1.049059
0.998128 4.032542 0.974501
2.770766 2.992360 -0.021263
2.586481 3.285724 -0.305597
1.908645 3.726470 -0.913286
-1.519506 1.927486 -2.951297
-1.705043 2.202962 2.840037
-2.382055 1.782091 -2.738356
-2.373192 3.561407 -1.526865
-2.902462 2.955644 -1.795482
-0.517068 0.827444 -2.970860
-3.026501 2.731257 1.871548
-0.660161 3.609555 1.841774
-1.194194 0.440782 -2.960328
-2.589499 1.886979 -2.609624
-2.546538 3.350350 -1.679399
-2.211011 1.882948 -2.787337
-1.890251 3.092552 -2.295785
-0.877368 1.443586 3.039985
-0.519148 3.529858 -1.900624
-1.714618 3.735104 1.635723
-0.548455 1.447946 2.993039
-1.812839 3.777534 -1.528843
-3.614786 2.742790 0.949904
-1.068106 1.004124 -3.051970
-2.993038 1.766309 -2.371857
-0.832473 0.894198 3.027674
-2.014909 1.037393 -2.927075
-1.543157 2.554024 -2.721119
-3.365004 2.805337 -1.371438
-2.056069 3.183630 2.154965
-1.435997 1.620406 3.018389
-0.926256 1.628438 3.024172
-0.564701 0.058617 2.774588
-0.445615 1.695144 -2.940913
-1.034780 4.265848 -0.189474
-0.486050 1.967745 2.892514
-1.005558 2.757509 2.638484
-1.178527 4.219370 -0.571982
-1.879311 1.334826 -2.966963
-0.988747 3.737139 1.723973
-0.774433 4.181527 -0.648670
-0.622657 1.218853 -3.015881
-0.533614 1.126573 2.997978
-0.497280 3.808831 1.488125
-3.764274 2.732360 -0.414697
-1.221329 1.007679 3.051994
-1.947570 3.660517 -1.650568
-1.404299 3.900479 1.440255
-1.369951 3.799799 1.619317
-0.876160 4.178932 0.707298
-1.450660 3.672885 1.794150
-0.836338 3.569738 1.928605
-0.764682 3.748220 1.672685
-1.257500 1.997408 2.955578
-1.110579 1.858021 -2.991215
-3.948714 2.174628 -0.743756
-1.642266 3.072182 -2.378482
-3.419649 2.140106 1.819344
-0.649798 4.233964 -0.000783
-0.970658 2.254446 -2.872511
-2.640518 3.126981 -1.857941
-3.216926 2.205789 -2.016682
-0.823911 1.165560 3.043213
-0.926829 4.259886 0.194433
-1.423036 3.162933 -2.341707
-1.240845 1.196305 3.058302
-2.177327 3.439824 -1.825383
-2.804330 2.113240 2.405289
-0.417856 4.162899 -0.377983
-1.475268 2.147724 -2.894609
-2.436908 2.072917 -2.635165
-3.293507 2.794676 1.492536
-1.440446 1.853669 2.977214
-1.806427 2.386682 -2.746585
-3.724434 2.664854 -0.761552
-2.617468 3.163855 1.837961
-1.168878 0.622132 -3.002169
-2.515908 1.613335 2.704013
-2.125689 3.646275 1.573082
-3.544926 2.658990 1.221655
-1.875432 2.304748 2.762711
-3.406305 -3.276992 -0.666124
-1.909570 -4.195902 0.452389
-2.541919 -3.588572 1.327500
-2.932950 -3.674193 -0.842094
-3.312905 -3.474541 -0.491072
-2.740248 -3.958279 -0.395625
-3.650303 -3.050536 0.225282
-3.430710 -3.328344 -0.486652
-2.653891 -3.909851 -0.708764
-2.135174 -3.997884 0.930581
-2.780368 -3.971690 0.153087
-2.312782 -4.118977 0.462018
-3.186153 -3.566144 -0.604253
-2.725539 -3.961358 0.417825
-3.387696 -3.449061 -0.261351
-2.592076 -3.893865 0.819069
-2.676881 -3.732542 -1.035655
-2.142908 -4.004242 -0.913969
-1.708550 -4.102763 -0.787757
-3.520124 -0.239110 2.556194
-2.401055 0.337885 2.996956
-2.297424 -0.697343 2.938173
-3.974744 1.687976 1.473740
-4.311026 1.375262 1.253605
-4.422684 -0.881350 -1.398759
-1.667840 0.188838 -3.050157
-1.868960 -0.656026 -2.980325
-3.848330 -0.256242 -2.308145
-4.396111 -0.989407 1.371742
-2.245296 -0.084778 -3.033296
-3.932528 -1.088281 1.950491
-2.499845 0.163006 -2.989933
-3.118057 0.094963 2.789263
-3.293335 -1.276429 2.363269
-4.348073 -1.450053 -0.982099
-3.516442 -1.549617 2.025709
-2.995696 0.708027 -2.761620
-1.802888 0.343576 -3.044116
-3.555020 1.823026 1.818289
-4.076574 1.419305 1.595507
-4.541738 -0.587736 -1.336353
-1.074421 -0.051517 -2.955846
-3.633666 -0.768402 2.360368
-4.484661 -1.097105 1.091805
-3.393253 1.673302 -2.083339
-1.045149 -0.037001 2.948305
-1.870572 0.608608 -3.006247
-3.623708 0.994054 2.311185
-4.007661 1.868590 -1.184441
-1.350227 0.250406 -3.009569
-4.193866 -1.685570 -0.975486
-3.082615 0.551190 -2.758153
-4.576639 -1.261301 0.548930
-3.324721 -0.922535 2.509780
-3.579214 -0.885379 -2.357788
-3.084520 -0.313902 2.782602
-2.534015 -0.526716 2.931222
-4.014421 -1.634727 1.388986
-4.217056 1.910231 0.553006
-1.629579 -0.452035 3.011689
-2.511345 0.000703 2.989852
-0.894961 0.185177 2.899778
-2.721541 -0.841475 2.801804
-3.992886 0.539684 2.136914
-2.864428 0.503183 2.853053
-2.723255 -0.202965 -2.926111
-4.302964 1.662665 -0.871494
-2.650202 1.320349 2.663715
-2.707671 -0.291686 2.922019
-4.345962 -1.592005 -0.729728
-3.246940 -0.129753 -2.722976
-1.539350 0.568566 -2.996383
-4.483032 -1.277049 -0.871674
-1.543386 0.595962 2.991831
-2.630362 0.521524 2.921896
-3.675153 0.108779 -2.463168
-3.329953 -1.021304 -2.466621
-2.066026 0.527758 3.013527
-2.867550 1.148543 2.667636
-1.134963 -0.244294 2.959232
-4.200157 -1.863146 -0.527866
-4.501770 1.066836 1.153446
-4.313952 0.032422 -1.829300
-2.403722 0.992222 2.856187
-2.826296 3.913328 -0.450049
-3.103690 3.722717 -0.326811
-2.486537 4.083881 0.507400
-1.820351 3.983942 -1.140775
-1.883287 3.982829 1.131464
-3.373417 3.330008 0.570712
-2.732936 3.922171 0.618118
-2.212496 3.897041 -1.151081
-2.861176 3.517518 1.163018
-1.421327 4.248313 -0.491297
-3.285263 3.301721 0.828898
-2.342443 4.170937 0.366588
-2.283745 4.004971 0.923484
-2.135286 4.256184 -0.165023
-1.635830 4.137779 0.862589
-2.210222 4.240676 0.118109
-2.049513 4.079018 -0.902830
-1.941691 4.241442 -0.488626
-2.199766 4.201768 -0.431409
-4.748266 1.182902 -0.319670
-4.965140 0.611438 0.478101
-4.667399 0.864956 1.002176
-4.867609 -0.886724 0.183076
-4.949024 0.372224 -0.708562
-4.983676 0.491880 -0.520852
-4.769855 1.162894 0.260802
-4.685779 -0.927803 -0.790423
-4.620288 0.911729 -1.042946
-4.941784 0.823728 0.205673
-5.057688 -0.193399 0.298814
-4.759165 -0.338830 -1.083875
-4.949214 0.243876 0.752227
-4.979597 -0.593065 0.235528
-4.868217 0.874550 0.501868
-4.849409 -0.715329 -0.630536
-5.014935 0.171677 -0.564235
-4.963459 -0.544749 0.426270
-4.735821 1.149636 0.470152
3.799332 2.728522 0.741152
3.918278 2.779897 0.236426
3.033959 3.055940 -0.574538
3.061680 2.672625 1.386554
3.788440 2.811933 0.488490
3.172290 2.240851 -1.812566
4.071228 1.919396 1.543583
3.149881 2.879126 -1.004110
4.136994 2.623697 -0.243163
4.060841 2.309454 1.163631
4.609087 2.061931 0.458044
3.583152 2.683873 1.083882
3.769902 1.920533 1.774145
3.519863 1.916261 1.912217
3.361248 2.610208 -1.348844
4.510089 1.907416 0.983646
4.650598 1.520874 1.078578
4.220718 1.565168 1.622253
3.456332 2.972297 0.449580
3.215601 2.523692 1.522906
3.708356 2.712277 0.902479
3.310879 3.062808 -0.086181
4.240383 2.374499 -0.779761
4.829763 1.668484 -0.407755
3.521447 2.009001 -1.852131
4.607838 2.121734 -0.234906
4.076863 2.684084 0.075850
4.015998 2.185918 1.358998
4.298768 2.443564 0.436467
3.202115 2.583478 -1.455922
3.952767 2.642204 0.710513
3.734698 0.639895 -2.553009
3.380772 -2.895957 0.389567
4.610628 -0.243796 -1.920159
3.184333 1.172731 -2.601928
5.089862 0.464258 0.953014
2.844918 -2.591584 -1.636550
5.162398 -0.976488 0.189376
3.110253 -0.275389 -2.912780
3.999563 -0.994723 -2.324904
4.006284 -2.128866 1.435563
3.438045 0.042981 -2.798230
4.443921 1.349393 1.539684
2.668031 0.599194 -2.930534
3.403770 -2.288569 -1.769147
2.577181 0.543400 2.954467
4.990983 -0.481488 1.275542
2.399915 -1.605749 2.635808
2.737775 -1.994082 -2.327155
4.235488 1.303858 -1.835209
4.329205 0.386482 2.172244
3.163418 -1.000552 -2.758147
2.856317 1.274600 2.645882
4.670237 -1.741728 -0.849517
4.834533 -0.074699 -1.613784
5.077953 -1.155433 0.415553
3.701138 -1.573151 2.232289
5.072821 -0.340398 -1.123130
4.681985 0.086092 -1.825857
3.148751 -2.932844 -0.641083
3.617235 -2.716227 0.733867
3.245962 -2.608254 -1.401267
3.674099 -2.583317 1.029157
4.880498 0.658305 1.339507
4.897616 -1.228784 -0.998287
4.897633 -1.558017 0.378606
5.277828 -0.190861 -0.340041
4.548648 -2.078108 -0.272503
4.987766 0.168576 1.311834
3.649443 -1.679643 -2.191810
2.941775 -0.136302 -2.961930
3.167788 -2.840216 -0.945177
3.579301 1.227455 -2.395935
2.906747 -2.080019 -2.211732
3.865177 -0.178720 2.579364
2.959571 -0.422693 2.940116
4.682575 -0.429295 -1.804096
5.292633 -0.039690 0.176924
3.112183 0.569317 2.840349
3.451317 -2.699947 1.023208
3.746633 -0.185764 -2.649309
3.340885 -2.896448 -0.486789
3.871124 -1.209627 2.324704
4.124427 -2.136062 -1.266722
3.361355 -2.307078 1.773079
3.443632 -2.729597 -0.953962
2.874425 1.844320 2.256196
3.137495 -2.991250 0.310359
4.506248 0.782586 1.847574
2.865755 0.246374 2.958755
5.157189 -0.785059 -0.604877
4.732187 0.842140 -1.496094
2.796764 -2.164710 2.163182
3.194504 1.671457 -2.288039
3.452652 1.575529 2.239503
3.511511 -2.566467 1.255620
4.641063 1.320542 -1.246071
3.986546 -2.270562 -1.238458
5.250590 0.278049 -0.383176
4.975706 -1.457349 -0.094901
2.601345 1.706737 -2.422352
4.225346 -2.172067 1.034253
2.975716 1.636708 -2.391368
2.437421 -1.185519 2.833069
2.899876 1.465565 -2.527072
4.216133 -1.018120 -2.135780
2.843642 0.437676 2.934680
3.826015 -2.296574 -1.396120
5.176205 -0.108781 -0.852964
4.456245 0.583216 -1.986732
3.801710 -1.675003 2.090901
3.474718 -2.882564 0.082542
4.314770 0.038882 -2.234733
3.843797 -2.626731 -0.576334
4.542638 -2.059652 0.417745
5.125718 -0.696584 -0.813106
5.249395 0.441353 -0.067576
4.311790 -0.795702 2.130212
4.235764 -1.682453 -1.679315
2.624588 -2.097270 2.260391
3.878869 0.753082 -2.427258
4.687561 -1.810441 0.638095
2.537921 -0.006537 -3.025742
4.660974 -1.745409 0.868421
4.984027 -0.606541 -1.246338
2.671670 -0.410968 2.995438
2.852549 1.000059 2.771884
4.096526 1.494493 -1.824130
4.381630 1.290398 -1.675200
4.179562 -2.389975 -0.544238
3.726350 -0.542838 -2.624584
5.111127 0.280525 -0.979857
1.456212 0.908760 3.226157
1.771891 -0.885233 -3.172342
1.539743 -1.007681 -3.190850
2.441053 0.900064 -2.894990
2.363345 0.692839 2.991548
1.608209 0.858928 -3.210767
2.118597 0.681059 -3.101091
2.341660 -0.091031 3.083595
1.739206 0.355097 -3.276735
1.079868 -0.901875 -3.278213
1.853933 -0.420664 3.241560
1.116042 -0.280765 -3.383483
0.118089 -0.337482 3.290493
1.135895 0.871309 3.274508
2.249242 -0.660302 3.058562
1.933238 0.323902 -3.224943
0.919558 -0.621431 3.345637
2.082870 0.415502 -3.162500
2.007434 -1.335369 2.935581
2.365235 -0.464620 -3.040538
1.240152 -0.623038 -3.329158
0.752845 -0.301604 -3.384267
1.908898 0.084998 -3.248801
2.267492 -0.429555 3.090270
2.152720 0.199022 -3.157972
1.833074 -0.760302 3.186896
0.108041 -0.109805 3.302407
2.160895 -0.508554 -3.123449
1.868366 0.562682 -3.210815
0.017985 -1.770842 3.347445
2.298778 -1.852188 -2.592995
1.916050 -2.584344 2.588234
0.013498 -3.664475 2.338294
0.343042 -2.915696 2.933559
0.398945 -3.317748 -2.654733
0.376096 -1.421805 3.388258
-0.034193 -4.546986 -0.569685
-0.379001 -4.447138 -0.838811
2.150475 -2.063421 2.646886
-0.440266 -4.323322 1.190466
0.594084 -3.469972 2.502791
1.244783 -1.730746 3.191384
-0.230731 -2.251690 -3.205769
1.026015 -4.420372 0.722974
1.520924 -3.359659 -2.271102
-0.457545 -4.281606 -1.285868
-0.518904 -2.740078 2.946909
1.582939 -4.086778 1.151103
0.750857 -0.877672 -3.338862
2.376404 -3.358294 -1.472330
2.451059 -3.335366 1.391102
2.683811 -3.420870 0.678263
0.657223 -1.050448 -3.365328
0.099715 -0.386766 -3.299100
1.856313 -3.501292 -1.877978
0.186846 -2.786728 -3.008642
1.515017 -2.808691 2.691905
0.306399 -3.714086 -2.289756
1.207741 -2.287857 -3.059873
1.606526 -2.442844 -2.835109
0.709307 -3.788511 2.147942
1.235245 -4.022882 1.591207
-0.180900 -4.306660 -1.335857
0.111547 -2.623185 -3.088023
2.029122 -3.265431 -1.987999
0.342668 -2.463784 -3.154293
-0.118100 -2.016263 -3.286194
-0.252973 -3.814170 2.130536
-0.371730 -1.516994 -3.337265
1.630757 -3.334221 2.228052
2.964983 -3.153709 -0.310657
1.185533 -2.072312 -3.135024
1.023217 -3.427157 -2.435525
0.982690 -1.774666 3.258356
2.752913 -3.344048 -0.668214
-0.162527 -2.758569 3.001793
-0.373695 -2.352053 -3.148570
2.465752 -3.632725 0.715680
0.162791 -3.129470 2.801391
2.346333 -2.657166 -2.197380
0.076701 -3.892670 2.076407
-0.363028 -2.287340 3.173340
2.745779 -2.570789 1.787748
1.368088 -2.062986 -3.074161
1.654168 -3.665380 1.837228
1.329037 -2.914290 2.711374
0.745702 -2.085986 -3.237288
0.075462 -3.555713 -2.451567
-0.449190 -3.115169 -2.735979
-0.257059 -4.566038 0.209242
2.582376 -3.329442 -1.162458
2.360738 -2.423168 2.322094
1.824961 -2.798368 -2.523226
0.152567 -0.731780 -3.366876
1.204177 -1.451474 3.238064
1.967198 3.761693 -1.412277
-0.442247 1.404625 -3.323538
1.790163 1.888561 -2.946906
1.438102 3.858665 1.741146
0.049889 0.675197 -3.354624
-0.062430 2.096569 -3.263741
2.518268 2.817701 1.935799
0.772027 1.969208 3.267922
0.813622 3.247340 -2.649213
1.837794 1.781647 2.944775
0.702245 1.100807 3.367569
1.339570 4.030244 -1.521029
0.879960 2.080749 -3.219956
2.733373 2.507629 1.906054
0.293943 0.617861 -3.350445
1.255091 3.668143 2.101082
-0.361758 4.485078 0.602435
1.957822 3.235280 -2.110211
0.911354 4.500562 0.424409
0.420139 2.584398 -3.097654
2.347501 2.020701 -2.539324
1.421676 4.200275 -1.064579
0.405750 0.881669 -3.381716
-0.342838 1.154387 -3.348892
0.704709 3.545517 2.411910
0.764639 1.346919 3.356283
0.447732 4.538271 0.577916
2.171576 3.604307 1.425306
1.650031 2.363190 2.865940
1.356774 3.677186 -2.038032
2.002419 3.599445 1.636679
2.276623 1.651627 -2.686162
2.768397 3.070948 -1.288436
2.038846 2.389226 -2.628083
1.666427 2.770890 2.654737
-0.040423 0.454111 -3.306383
2.040284 2.648157 2.493119
-0.376702 4.018449 -1.788381
-0.227971 2.201971 3.212797
0.252053 1.479866 -3.387949
1.637951 4.120577 1.024502
1.981184 2.047062 2.794895
-0.287191 1.139767 3.357949
0.010460 0.354995 3.286630
2.452995 2.553224 2.197495
0.093873 2.738000 -3.025523
0.932606 2.775556 2.929727
0.408461 2.781182 -3.002252
1.558738 3.712219 1.867549
1.963516 2.103062 -2.788164
1.756182 3.154050 2.329992
2.779607 2.699760 1.690840
2.656214 2.687185 -1.872805
-0.240499 2.876132 2.914883
0.021279 1.155647 3.392538
-0.163881 1.337055 -3.372519
0.789151 4.121195 -1.641154
1.028744 3.150857 -2.667117
0.451369 0.595356 3.340398
-0.393955 0.584407 3.283676
0.446979 1.597024 -3.369869
0.734925 4.459603 0.808684
1.545236 1.499108 3.125926
1.859126 2.344322 2.761395
0.371226 3.249527 -2.705255
2.664564 3.445891 -0.790963
2.550471 2.168657 2.299173
2.105339 2.840279 -2.319897
0.844913 2.401350 -3.120923
2.169378 2.964544 -2.171341
1.646655 -4.292486 -0.507558
0.959291 -4.519011 -0.108037
2.677185 -3.517302 0.245115
2.044425 -4.105133 0.382903
1.935166 -4.208903 -0.033123
-3.423352 -3.377140 1.284323
-2.796335 -1.492128 -2.973701
-1.110751 -3.604496 -2.370880
-1.012270 -3.344041 2.607456
-1.807830 -2.048208 -3.223662
-3.347143 -2.767212 2.075529
-1.568439 -2.676890 3.022232
-2.110608 -4.315636 0.888563
-0.765205 -4.153923 1.573242
-1.915560 -4.199831 1.352777
-1.858063 -4.072531 -1.633050
-1.423540 -1.413247 -3.382427
-4.128408 -2.632656 -0.850546
-1.835856 -3.031505 2.767508
-1.532961 -1.573497 3.357295
-3.499034 -3.511539 0.832141
-0.791839 -4.256458 1.368846
-1.884282 -4.281249 1.172518
-0.880336 -2.729374 3.005630
-2.565103 -1.174659 -3.105093
-4.302973 -2.200244 0.861897
-0.967354 -4.428142 0.943096
-0.750515 -2.343755 -3.161368
-0.664481 -3.001602 -2.816715
-2.303662 -3.111110 2.554161
-3.524721 -3.033229 -1.607884
-2.049484 -3.015939 -2.718644
-1.751842 -4.262391 -1.288735
-1.414120 -0.972286 3.386254
-2.074517 -2.772203 -2.861475
-1.503285 -3.561822 -2.393217
-1.691636 -3.612153 -2.307986
-1.313218 -3.381425 -2.577826
-0.659715 -3.534313 2.385818
-1.466410 -1.319641 3.384547
-0.920768 -4.553742 0.181219
-1.817116 -2.561673 -3.035324
-2.119326 -3.918270 -1.765355
-3.846489 -2.078560 -1.903130
-1.140004 -0.365816 -3.303651
-0.807750 -0.352271 -3.279508
-2.412088 -1.282435 -3.166877
-0.787834 -2.133005 -3.236645
-1.650922 -3.915119 -1.947900
-3.111623 -3.605726 -1.374383
-2.443233 -2.405884 -2.904004
-1.681363 -1.113128 -3.362384
-0.549730 -1.955164 -3.247127
-1.160336 -4.404018 1.044493
-1.393646 -4.472944 0.771340
-2.012870 -4.138570 -1.430050
-0.810372 -0.951516 -3.372871
-2.927168 -1.909962 2.820960
-1.036238 -1.291419 -3.394732
-3.662858 -3.040737 1.374911
-1.155245 -3.116406 -2.786576
-3.087719 -2.664725 2.383715
-3.997951 -2.870920 -0.849231
-0.763015 -4.348471 1.128626
-2.923424 -3.750226 -1.362095
-1.526349 -4.541934 -0.244858
-1.520696 -4.002182 1.847743
-4.015143 -3.029390 -0.243575
-2.697053 -3.859591 1.420104
-2.216958 -3.273991 -2.460020
-2.037754 -2.094444 3.157049
-3.319371 -3.472341 -1.294448
-3.004323 -2.146272 -2.697404
-2.193159 -1.402015 3.237142
-3.039982 -3.601601 1.476699
-0.584644 -3.393075 -2.501341
-3.356317 -1.713058 -2.554864
-2.833163 -2.899173 -2.414947
-3.667466 -2.294377 2.026121
-1.279354 -1.972854 3.301990
-2.438673 -1.256222 3.157243
-3.662196 -2.555335 1.864306
-0.567281 -0.378047 3.249570
-1.310259 -3.663352 2.306233
-1.748019 -1.631319 3.320122
-3.791477 -3.345739 -0.007727
-2.032036 -3.489867 -2.333524
-1.301597 -1.556786 3.375567
-3.613251 -3.357594 -0.920533
-2.087068 -3.754957 2.011844
-0.958386 -2.615276 -3.068823
-4.138258 -2.836325 -0.165424
-1.553036 -3.311297 2.613286
-1.239920 -4.340991 1.221334
-1.022143 -1.942141 3.307042
-1.721650 -3.084615 -2.755928
-2.227882 -2.964510 2.690051
-1.023801 -2.396114 3.166785
-3.736948 -3.295944 -0.704442
-1.862529 -2.195639 3.168469
-1.316528 -3.968011 -1.924593
-3.076037 -1.820679 2.745888
-1.678772 -4.493082 -0.508302
-1.737993 -4.170978 1.494580
-1.413335 -3.881452 2.036031
-1.388873 -4.424881 -0.955152
-2.965125 -3.384202 1.861221
-3.010291 -2.870513 2.305071
1.722019 4.244658 0.608618
1.327624 4.432725 0.329124
2.314850 3.958587 -0.241897
1.070917 4.497161 -0.110016
1.371044 4.310635 -0.781850
1.846083 4.092549 0.866085
2.489922 3.798865 -0.244249
2.322401 3.761415 -0.850595
-1.026995 1.690877 3.364417
-1.067619 1.751788 -3.356338
-0.819135 2.851072 2.962315
-1.603306 2.919559 -2.904344
-0.844613 2.193526 3.242246
-0.886411 4.603992 0.019231
-2.033475 3.449226 2.400856
-1.224637 4.560808 -0.590535
-2.304660 1.174708 -3.194204
-0.701668 1.827830 3.315145
-1.012080 2.932468 -2.930673
-0.539669 2.087604 -3.230351
-3.790784 2.948203 -1.235441
-2.056367 4.132573 1.483321
-1.192007 3.503188 2.512941
-2.552610 3.095516 -2.454341
-4.209089 2.641736 0.321382
-0.692609 3.029320 -2.839448
-0.836210 3.766264 2.225109
-1.372844 0.702928 -3.353391
-2.406815 3.087685 2.538452
-2.550503 3.583867 -1.988247
-0.466705 0.923910 3.319981
-3.244652 2.728878 2.199045
-1.798852 3.095806 2.753817
-1.829111 4.243675 1.379842
-2.827777 3.676751 1.626439
-1.727244 4.461927 0.814621
-3.265684 2.201972 -2.462944
-3.067685 3.671933 1.342319
-0.629475 3.598742 2.368505
-1.602765 4.188895 1.579080
-2.530358 4.143259 1.022125
-2.608914 3.990725 1.300261
-1.561365 4.507019 0.731988
-3.548773 3.402383 -0.984187
-1.531744 4.475564 -0.875252
-1.725470 3.287689 -2.629752
-3.494709 3.377947 -1.154336
-1.868006 4.001685 -1.804671
-0.541304 4.429202 0.927720
-2.867176 3.895576 -1.176810
-0.919331 4.599543 0.214843
-3.220167 2.761198 -2.199831
-0.969340 2.495470 3.144426
-1.414359 3.805911 2.182791
-0.483731 0.279004 3.202413
-1.602413 1.064017 -3.365140
-3.459664 2.968157 1.761322
-1.217430 4.296127 1.432395
-1.536474 3.675924 2.310801
-0.482892 2.715593 2.978517
-3.284640 2.029980 -2.509099
-0.955898 4.564525 0.544890
-2.040264 1.007238 -3.272254
-3.910253 2.497133 -1.496729
-1.803338 3.505752 2.422039
-1.471094 4.264078 -1.464540
-2.728173 3.566511 -1.871487
-0.747949 1.618944 3.352857
-0.896405 0.979318 -3.383137
-2.736039 2.732287 -2.589844
-1.841109 2.423607 -3.099149
-0.850050 3.423973 -2.567045
-0.402414 4.488557 -0.538244
-2.102510 3.368018 -2.447969
-0.678899 3.893124 -2.041298
-4.032044 2.835963 -0.752351
-1.338064 1.302938 -3.393071
-2.645793 2.531421 -2.748988
-1.127860 2.488419 -3.151911
-0.488129 3.319654 2.588219
-0.471505 1.914985 -3.258925
-2.378227 3.952927 -1.588559
-1.979635 4.075812 -1.631894
-4.014223 2.528389 -1.253876
-4.048503 2.974475 0.044050
-3.169049 3.666504 1.194776
-3.154708 2.142349 2.576781
-3.595668 -3.568060 0.303108
-3.089068 -4.036431 -0.353792
-3.106894 -3.972499 -0.566488
-2.827746 -4.034708 -0.880309
-2.880704 -4.047404 0.778562
-2.942272 -4.130294 0.359620
-3.314459 -3.882268 -0.191523
-2.636269 -4.127988 0.887830
-2.382246 -4.385698 0.263009
-2.640885 -1.077033 3.115953
-4.637123 0.316481 -1.942962
-4.773705 0.765996 1.595419
-4.446699 0.935211 -2.016998
-1.024314 -0.220516 3.285330
-4.387213 1.715319 -1.537344
-4.255665 1.243877 2.090540
-4.412553 1.814646 1.375359
-4.125439 1.573549 2.018195
-4.046371 0.322135 2.589013
-3.518752 -0.588731 -2.901606
-3.673702 -1.514038 2.422015
-2.698220 -0.643534 3.224120
-3.400018 1.149392 2.820515
-3.034349 1.200132 -2.971831
-1.583964 0.651943 3.332557
-5.089666 0.509808 -0.955218
-4.998485 -0.056123 1.306545
-3.676478 0.477997 2.840765
-4.635089 -1.926278 -0.084216
-4.399114 -0.484896 -2.201055
-2.097620 -0.767757 3.294737
-4.601034 1.630355 1.230949
-4.822000 0.569707 1.584009
-3.735283 -0.062331 -2.834937
-4.076292 1.220081 2.292186
-2.238638 0.775954 3.297312
-4.194164 0.657547 2.394124
-4.409743 2.284902 -0.116299
-2.946566 -0.543094 -3.169252
-4.878295 -0.767328 1.344472
-3.092995 -0.649173 -3.093594
-4.154920 1.934152 1.643469
-2.842455 1.325532 -2.989652
-3.832219 -0.069480 2.768142
-4.186516 -1.630827 -1.835181
-3.707863 -0.593334 -2.784017
-4.979890 0.575523 -1.242131
-5.018783 -0.662028 -1.048099
-4.767368 1.670236 -0.668880
-2.332344 -0.904863 -3.232560
-3.657968 -0.508412 2.834171
-4.478573 -1.815129 -1.129256
-4.465241 2.079332 -0.780519
-4.208166 -0.419760 -2.416885
-2.504101 0.688930 3.274477
-4.354207 0.812582 -2.177876
-2.999361 0.344458 -3.189026
-4.408061 2.001753 1.102059
-4.603928 -1.466841 1.331367
-4.271277 2.169182 1.098595
-3.052483 1.417977 -2.869662
-3.372296 0.556371 -3.001127
-2.239287 0.336741 3.365622
-4.160652 -1.291245 -2.122586
-4.814739 0.155725 1.679634
-4.515434 -1.769684 1.116788
-4.522920 -1.011177 -1.836804
-2.791957 -0.650315 -3.196860
-5.043939 1.057071 -0.623983
-3.738457 0.880183 2.706493
-1.703168 -0.298670 3.379644
-1.870484 -0.331784 -3.379855
-4.675896 -0.852673 1.686230
-3.893832 1.543551 -2.271488
-5.054671 -0.398443 1.081638
-3.822127 -1.855603 2.032077
-4.377663 1.617751 1.652102
-3.522318 0.680656 2.895928
-4.329547 0.160870 -2.334701
-3.768536 -1.084921 2.580876
-2.439325 -0.789495 3.246737
-4.219559 0.333758 -2.430899
-4.473576 1.879872 -1.157761
-2.470565 0.292587 3.335173
-4.330699 2.278093 -0.663901
-4.884346 1.314482 0.888129
-2.083976 0.528463 -3.356988
-3.475732 -1.592762 2.508825
-2.339942 1.129690 3.184027
-1.703771 -0.231834 -3.385657
-3.762508 1.785397 2.211214
-4.923631 -0.365344 -1.420406
-4.206761 -1.525469 1.900998
-5.036821 1.203465 -0.338693
-4.364731 -2.024955 -1.018182
-5.089737 0.049522 1.065255
-3.329365 1.682508 -2.588090
-4.437667 -1.452471 -1.643177
-2.573352 -0.334424 -3.303640
-0.780904 -0.077418 3.221842
-4.303289 -0.610125 2.274937
-3.432578 -1.040100 -2.815744
-4.538086 -0.219502 2.080094
-3.189998 3.870167 -0.678061
-3.177859 3.834510 0.786022
-3.462160 3.691511 0.358097
-2.738423 4.074819 0.950021
-2.213000 4.444093 -0.465162
-1.955264 4.467641 0.575478
-2.597052 4.275184 0.617607
-2.772553 4.228152 -0.464440
-2.670757 4.293448 0.398653
-5.283727 -0.255242 0.370647
-5.166526 -0.537233 0.647499
-5.306875 -0.293198 -0.053923
-5.264456 0.513113 0.341177
-5.187433 -0.124785 -0.803208
-5.112992 1.033438 -0.232051
-5.297163 0.468892 -0.035320
4.099337 2.559153 1.271298
4.783091 1.969633 0.968728
4.537078 2.232683 -1.105617
4.623433 2.507371 0.054037
5.088799 1.761091 -0.026270
4.105551 2.829611 -0.742120
4.734268 2.163684 0.797986
3.917791 2.546686 1.468114
3.493209 3.256735 -0.100754
4.395997 2.280096 1.262437
3.354276 3.152181 0.858817
3.930013 2.418595 -1.601857
4.263652 2.143131 -1.561206
3.752693 2.735861 -1.354714
3.400290 2.684345 -1.640596
4.273317 2.359274 -1.326865
3.999473 2.734667 -1.110536
5.148790 1.583297 -0.170732
4.854797 1.912007 -0.873638
4.773584 2.322227 -0.016525
4.999306 1.947071 0.148612
5.056015 1.751467 -0.423013
4.817332 1.739879 -1.137933
3.593036 2.541644 -1.700991
4.095607 2.762577 0.923515
3.934938 3.030760 0.381492
4.849125 2.204594 -0.165569
3.653162 3.187856 -0.230839
4.435607 2.066037 -1.435057
4.899965 2.080526 0.380050
4.521926 -0.674185 -2.392955
5.307045 -1.467219 -0.110818
3.253905 -2.511707 2.089014
3.576092 -1.318519 -2.820564
3.255944 -1.266110 -2.970193
4.612089 -1.819696 -1.636181
3.328627 2.102027 2.279873
5.411553 -0.575871 1.005475
5.124373 -0.426479 1.691191
5.010923 0.355308 1.844009
5.504255 -0.573111 -0.648384
3.348279 2.347321 -2.004001
2.799461 -1.810024 -2.820927
5.200249 0.489331 1.477448
3.285712 -1.338163 2.930565
3.672135 1.760862 2.393554
4.008077 -2.498902 1.534668
4.889134 0.358113 -2.013319
3.420359 -3.133013 -0.786894
3.405596 -2.351102 -2.188270
3.833552 -1.738299 2.451455
4.362116 -1.887864 -1.884659
2.923032 -1.476093 -2.973328
4.349035 0.832052 2.438608
5.557860 -0.304118 -0.502911
5.460979 0.483218 -0.766764
5.574626 -0.494607 0.164586
4.003533 -2.729294 -1.100724
5.235272 0.911819 -1.140610
3.300697 -0.457689 3.156940
3.593148 -0.619322 3.021354
5.598151 -0.218670 -0.115681
5.175982 -1.668404 -0.450261
3.282075 -3.168847 0.838235
2.792326 -0.382688 -3.288769
5.237715 1.262447 -0.674937
5.246017 -1.170705 1.051134
5.124911 -1.700535 -0.629424
4.706349 -0.495748 -2.243030
5.486513 0.535549 0.600149
5.342204 1.103758 -0.478032
3.651823 2.151980 2.044328
4.852191 0.357470 2.060838
4.941852 -0.816029 1.861498
4.989323 0.537436 -1.822255
3.616878 0.577695 2.980016
5.521864 0.171941 -0.677508
5.547747 -0.668621 -0.190375
4.853686 -0.714351 2.016511
3.065598 -1.805611 -2.759324
4.298226 0.075598 2.644079
3.105993 -2.148647 2.501525
3.793139 0.820952 -2.825372
4.910693 0.044521 -2.031532
3.407095 0.938257 -2.964692
3.145699 -1.155959 3.045507
3.382331 1.622517 2.638120
3.510458 -2.966089 1.177770
4.203490 1.380430 2.283358
5.197478 -1.689181 -0.105537
4.016768 1.276772 -2.490175
4.887265 -2.157670 -0.166748
4.680842 -0.999941 2.121288
4.573808 1.745629 -1.556572
4.345402 1.226693 2.252193
4.530863 -0.689171 2.380796
3.598730 -1.505385 2.721074
5.069088 -0.200531 1.808720
3.734431 -1.551714 -2.624780
4.403567 0.194225 -2.548547
4.627537 -2.423772 0.398557
3.658190 -2.431627 1.943130
4.505455 1.008631 -2.215569
3.106654 -0.598551 3.195606
5.535592 0.480491 0.328025
5.427462 0.208000 1.022508
3.781909 -2.762496 -1.326718
2.949586 1.485239 -2.863333
3.198980 -2.077118 -2.525791
3.636316 1.152623 -2.778506
5.068533 -1.253659 1.396072
3.192546 1.144151 -2.960961
3.409853 -2.159232 -2.367833
3.344776 0.475864 3.110139
5.038212 -1.931989 0.300336
5.000732 -0.886386 -1.743465
3.599927 -3.008433 0.954138
3.678288 -1.993295 -2.360716
3.831792 1.975076 -2.100000
4.276700 1.810992 -1.861526
5.362072 -0.938322 -0.917943
3.551930 -3.181270 -0.028998
3.858918 -1.325456 -2.667061
4.356859 -1.867311 1.909763
4.950312 -2.020714 0.487664
5.179444 1.467268 -0.447467
4.198215 -2.697229 -0.813576
3.500912 -1.682982 -2.669340
5.401258 -0.940109 0.771253
2.929280 -1.083477 3.124182
4.764447 0.205347 2.193149
3.280269 1.077035 2.959373
5.321932 0.559137 1.168439
4.703150 -1.474077 -1.819603
4.180124 0.762753 -2.597811
5.034964 -0.513217 -1.816612
5.487052 -0.968229 -0.003698
2.929475 0.773079 -3.158097
4.284235 -2.204688 1.624463
4.349283 -2.652622 -0.531884
3.485707 -2.796821 -1.546253
4.262118 -2.572963 1.020053
5.548933 -0.480311 -0.456050
2.957267 1.911343 2.580194
4.076343 -2.565155 -1.337571
4.513451 -2.413647 0.856396
2.927818 -2.320192 -2.407253
4.288396 -2.747238 0.203463
3.073036 0.266374 3.222736
3.498201 -2.713178 1.674693
5.201026 -1.168249 -1.173440
3.929009 -2.243387 -1.946131
5.345964 -0.832036 1.053438
3.391512 -0.951076 -3.028215
3.359318 -0.242772 -3.154227
4.718652 -2.362476 0.014096
3.360142 -2.685367 -1.809029
5.024584 -1.266205 -1.471373
3.588608 1.437620 2.656196
3.718004 -3.015866 0.732321
3.524761 -3.027619 -0.997174
5.504535 -0.879404 -0.183220
4.056514 -2.896333 -0.341782
3.966378 0.053444 2.870903
3.950867 0.405188 2.839850
3.902393 1.904565 2.114280
3.796101 -0.343363 -2.959274
4.164104 -2.123869 -1.856132
3.518756 -1.843332 -2.558636
5.122588 -1.628839 -0.796351
4.443113 1.734222 -1.747284
5.073908 -1.898311 0.113499
4.353333 -0.690378 -2.538134
4.029653 -2.934052 0.012528
4.535138 1.261714 2.037253
1.864945 0.528374 3.575191
0.357379 0.156996 3.694702
1.909825 -0.225329 3.598164
1.603676 -0.685272 3.613896
1.956768 -0.544586 3.551788
2.501921 1.530926 3.010804
1.383795 -0.108392 3.708887
1.951756 -1.261817 -3.369404
2.203088 0.849208 3.401552
0.617099 -0.445343 -3.703595
1.030985 -0.597907 -3.692503
1.145922 0.852647 3.630175
1.742530 -0.837701 3.552662
1.439200 0.908669 3.585263
1.064135 0.380585 -3.715783
2.397103 0.020538 3.432025
2.417526 -0.742408 3.345330
2.474327 -1.148142 3.203554
0.910083 -0.654147 3.685141
1.531343 0.783416 -3.600593
1.389894 0.429334 3.682437
2.591963 1.167205 3.124635
1.065070 0.111166 3.734678
1.771231 0.755316 3.557161
2.593397 0.456630 -3.306811
2.490968 -0.208543 3.384566
2.084571 -0.031477 -3.551183
1.883000 0.094759 3.609880
1.268050 0.693078 -3.654817
1.743356 0.814901 -3.550366
0.621471 -2.731059 3.387208
2.132045 -2.061540 3.083583
0.397126 -1.216227 -3.734650
1.539877 -1.606218 3.467465
0.991083 -4.851173 0.222100
2.884432 -3.803556 -0.076956
2.657590 -3.538848 1.574838
1.507612 -3.521431 -2.626146
2.828337 -2.490063 -2.326022
-0.376949 -1.623590 -3.671605
-0.408473 -0.105321 3.523526
2.934951 -3.564461 -0.958256
0.033087 -2.895255 -3.331226
3.145515 -3.068415 -1.348253
0.024908 -4.166766 -2.274712
-0.057177 -3.692296 2.779654
1.634798 -3.039534 -2.923940
1.871474 -4.414382 -0.934441
0.027297 -3.963614 2.517544
0.227701 -4.426085 -1.897075
-0.038472 -2.110671 -3.620518
0.977784 -2.760041 3.309794
1.131022 -1.629628 3.596434
-0.116023 -0.711464 -3.694262
-0.286744 -4.501986 -1.694171
1.233998 -2.609288 -3.306963
1.827497 -3.211955 2.700995
2.849990 -3.305255 -1.591590
-0.334963 -0.939293 3.692481
2.719389 -3.092180 -2.014785
0.550244 -3.355656 3.038029
0.884755 -4.128233 -2.226844
1.425175 -3.073899 2.996769
1.630369 -3.735680 2.349601
0.682217 -3.227594 -3.107096
-0.351254 -3.867174 2.566896
2.994611 -3.209262 1.462680
2.219820 -3.065841 2.535399
1.751895 -3.679730 -2.331927
3.211525 -3.403134 -0.251941
2.430922 -2.192503 2.832105
2.994212 -2.842532 1.865109
-0.436052 -0.047409 -3.500078
2.245790 -3.342016 -2.284155
0.741246 -1.874440 -3.638859
-0.429575 -1.855730 3.628818
1.510492 -2.404717 3.289364
0.204439 -0.569645 -3.685963
1.543222 -3.571204 2.562970
0.676592 -2.994858 3.247716
0.910302 -2.636562 -3.380051
0.111375 -1.740857 3.700130
2.406290 -4.094814 0.864317
0.219806 -4.141088 -2.314127
0.603457 -4.356957 -1.968728
0.571691 -0.689615 -3.685648
1.899632 -2.390714 3.111291
0.457801 -1.613706 -3.708270
0.156911 -4.008830 -2.472586
2.254454 -3.963561 1.461706
0.139821 -4.583688 1.598662
1.249970 -1.980093 3.503758
-0.428757 -4.305016 1.993304
2.430536 -4.177304 -0.394295
-0.365732 -1.511579 3.684441
2.138959 -4.386062 0.295361
2.172530 -4.336818 0.516551
0.346197 -2.901574 -3.328756
0.636654 -4.348452 1.975200
0.767187 -1.629052 3.671742
-0.225196 -2.295994 3.551674
0.632664 -4.521131 -1.669972
1.497092 -2.477247 -3.267316
0.265910 -1.874175 3.678662
2.476946 -3.378751 2.014578
-0.276046 -4.650120 1.371553
0.999373 -2.267208 3.494617
0.626021 -1.707532 -3.680973
1.168693 -1.912349 -3.541394
0.769499 -3.390130 -2.979480
0.966113 -1.226349 3.660111
0.535118 -3.611431 2.841389
2.425611 -2.718070 -2.593890
0.756594 -4.395672 -1.866126
2.528882 -3.753383 -1.431278
3.005165 -2.987900 1.708644
-0.345866 -3.740913 2.692888
0.803040 -1.822658 3.638288
-0.443423 -4.767341 0.934196
0.963125 -2.203316 -3.521513
2.377684 -4.024321 -1.129298
0.218723 -1.879876 -3.678192
2.252727 -2.186727 2.965873
-0.231740 -0.702270 3.681369
0.366985 -2.286014 3.575772
1.731537 -2.011287 -3.313815
-0.486889 -3.093200 3.153812
0.533246 -2.132265 -3.607150
3.019253 -3.543852 0.739271
0.857401 -4.429323 1.773008
0.110239 -1.087516 -3.737194
0.337696 -0.523846 3.675135
1.043918 -1.959125 3.563664
0.328761 -1.022534 3.733336
0.874998 1.866989 3.624282
-0.044267 3.704901 2.756880
0.943592 4.729982 0.996883
2.438821 3.321910 -2.153722
0.130026 3.787605 -2.692215
0.838708 4.856680 0.466535
3.068004 3.644573 -0.048454
1.372763 4.497925 1.339999
1.448935 4.193550 1.880512
0.682428 3.563860 -2.859787
0.517550 3.964978 -2.496793
2.797015 3.552713 1.379029
1.035602 2.981471 -3.188186
1.973103 4.351768 -1.011572
1.278080 4.786493 0.102309
0.019599 1.498964 3.720838
3.068662 3.490223 -0.855162
0.592798 4.570525 1.569844
0.102985 0.860927 -3.722502
1.489528 4.372234 1.527387
1.109348 4.671217 1.070617
2.731643 3.117907 -2.023230
1.524906 1.125860 3.512833
1.194417 4.469782 -1.533589
-0.395197 0.523250 3.623567
0.248467 3.013240 3.267711
0.815484 2.610988 3.413525
0.430316 4.866794 -0.680551
1.639122 2.007104 -3.373078
0.872542 0.919870 -3.676450
1.504352 3.669181 2.504074
2.488842 3.105327 2.300257
1.153536 1.708573 -3.590817
2.475937 4.095448 -0.764037
0.150007 2.587546 -3.469433
1.906211 2.101062 3.224745
0.905845 4.205537 2.116377
-0.132579 1.138727 3.720671
-0.293726 0.906438 3.690081
2.971913 2.505486 2.195750
0.369219 4.777173 1.064226
2.761303 2.051510 2.628889
-0.061183 4.581016 -1.556638
0.657720 1.765412 3.672765
2.594908 3.265920 -2.040555
0.507922 1.038982 -3.727392
1.762516 4.360110 -1.286389
1.147976 2.280736 3.462347
0.219190 4.841895 0.824556
2.716721 3.606675 -1.431057
0.494813 4.712603 -1.242453
0.609793 0.937438 3.713130
2.192947 2.230899 -3.018383
1.866547 3.042902 2.816675
2.257465 1.849571 -3.082249
0.816493 3.385474 2.975952
0.085971 3.244421 3.123889
1.316770 4.673764 -0.852134
1.232748 2.434960 3.386483
-0.136117 0.814636 3.701332
3.124347 2.459128 2.021289
0.490352 3.551471 2.892890
2.375793 2.107671 2.933348
0.114169 4.556653 -1.632035
-0.280174 4.583489 1.491686
3.190091 3.175157 1.173885
2.117055 4.360869 0.668526
1.374312 3.864048 2.361961
1.835624 2.936451 -2.900933
0.672959 3.825364 -2.622741
1.442094 4.664976 0.708801
-0.331916 4.159945 -2.204563
1.942848 1.960438 -3.242085
1.846684 4.572447 -0.047890
-0.290465 1.337385 -3.698962
0.082383 1.816112 3.684391
2.253891 3.837597 1.719249
0.714427 4.655342 -1.335886
2.468133 3.779584 1.533523
-0.068035 2.474341 3.500216
0.671816 0.697779 3.682063
2.338237 2.650329 -2.734449
1.138185 4.429114 1.649395
1.389275 2.645341 -3.250777
2.562528 2.207354 2.753376
0.864873 3.345514 -2.995333
3.232067 3.387888 -0.490592
0.985628 1.310775 3.663694
2.150977 4.382123 0.428452
1.961971 4.496397 0.356846
1.728208 3.929544 2.073386
2.230822 2.424937 -2.919153
-0.016763 1.272191 -3.730140
2.980146 2.680691 2.070281
2.676082 1.863225 2.760517
2.758668 2.634863 -2.362955
1.880299 2.735616 -2.988424
2.057165 2.436906 3.025235
0.887414 3.516862 2.859511
1.682671 1.605812 3.427202
-0.010990 4.885791 0.541948
2.061416 2.602208 -2.949299
2.399339 1.896622 2.973998
0.379886 2.215750 -3.595125
-2.193003 -4.080617 2.116849
-2.408923 -3.733123 2.429021
-3.101844 -4.030432 -1.450385
-1.117988 -4.433631 1.822800
-1.626319 -3.621074 2.788060
-3.669517 -3.078253 -2.035433
-2.825906 -4.212099 -1.419584
-3.357426 -4.057415 0.949089
-3.585725 -3.433431 -1.752255
-3.154149 -4.318555 0.409444
-1.133759 -1.051474 -3.737882
-3.409889 -2.395326 -2.740495
-3.696413 -3.495588 -1.496717
-2.785234 -2.823712 2.944697
-1.347691 -0.468293 3.670044
-1.995412 -3.607336 2.715662
-3.338829 -4.121858 -0.777763
-1.922904 -2.839803 3.262283
-1.860334 -3.724896 2.643786
-2.940343 -4.367133 0.810969
-0.778319 -1.373546 3.712703
-3.523308 -3.392893 1.883825
-1.049678 -4.428347 -1.828644
-3.013174 -3.075423 2.644028
-1.710069 -4.477320 -1.660822
-3.641144 -3.981231 0.138325
-1.342002 -4.533834 1.623525
-2.808287 -1.536903 3.346750
-2.974234 -4.087667 1.498975
-3.138148 -2.099659 3.047359
-3.296172 -2.650264 2.704440
-2.755508 -1.992988 -3.290251
-3.474882 -3.887949 1.151481
-1.975963 -4.363686 -1.773373
-0.596047 -1.126378 3.693882
-1.070738 -1.582775 3.715376
-1.767345 -1.680745 -3.657907
-3.902787 -3.349544 -1.348084
-4.612038 -2.570861 0.492391
-3.285753 -2.552237 -2.763852
-2.301593 -1.365618 3.562428
-1.099781 -3.160605 3.164275
-2.918974 -4.460295 -0.357467
-0.809613 -4.059339 2.343792
-2.283849 -4.330986 1.663687
-0.976785 -4.708379 1.189735
-3.528401 -3.338088 -1.940546
-1.121788 -4.867178 -0.551280
-1.752362 -2.386873 3.489356
-2.531807 -2.342635 3.283558
-3.895819 -1.946270 2.450976
-2.889150 -4.310736 1.092192
-0.984404 -4.882074 0.398266
-2.564582 -4.596308 0.566347
-3.220324 -4.157321 -0.944347
-3.588263 -1.964985 2.748405
-0.845832 -0.598049 -3.681099
-1.318159 -1.361836 -3.732445
-4.235272 -2.396465 1.773507
-1.915985 -4.077241 2.232750
-2.573803 -2.777135 3.075277
-1.079220 -2.974849 -3.273301
-2.558101 -3.281875 -2.760832
-2.299608 -4.672571 -0.674996
-0.736159 -4.716187 1.097454
-2.398584 -3.083651 -2.972364
-3.064047 -3.479260 -2.257990
-0.955544 -4.677453 -1.274510
-1.445982 -4.898415 -0.067423
-1.380101 -1.931026 3.655971
-1.590485 -2.599424 3.430973
-3.182036 -4.204593 0.872785
-1.068597 -3.669282 -2.778708
-4.092026 -2.725288 -1.756247
-2.862089 -3.941191 1.862925
-0.648497 -1.758701 -3.654682
-4.367334 -3.091536 0.361589
-4.708323 -2.380911 -0.262599
-2.123133 -2.567189 3.337940
-3.848181 -1.989425 -2.488930
-2.022800 -4.675241 -0.989991
-1.586510 -1.035133 -3.715456
-3.501466 -2.691528 -2.505795
-4.157755 -3.262994 -0.856712
-1.083437 -2.186019 3.597624
-2.631177 -4.159751 1.712951
-0.753501 -4.291213 -2.013518
-1.577757 -3.974173 -2.440815
-2.405392 -3.663621 -2.502093
-1.987852 -3.578579 -2.743453
-0.614060 -2.571018 3.420551
-4.525135 -2.301457 -1.230620
-4.501160 -2.780896 0.598339
-2.394872 -2.575394 -3.245372
-2.914129 -3.786590 2.031291
-0.884008 -3.796032 2.644991
-1.612949 -1.067751 3.713496
-1.905076 -1.192812 -3.668972
-3.128748 -2.886129 2.690709
-2.544465 -3.127977 2.878610
-3.705743 -3.517588 1.445767
-1.548623 -4.772431 -0.929176
-2.427634 -4.180347 1.832992
-1.078582 -0.495512 3.677554
-1.878186 -4.595042 1.326257
-1.274392 -4.622054 1.432341
-1.658627 -2.248756 -3.548464
-1.692488 -4.372904 1.859232
-2.916005 -4.032531 -1.664737
-3.472444 -3.086097 2.248407
-3.225213 -3.764485 1.750925
-1.033450 -1.932681 -3.658158
-4.282089 -2.477624 -1.628237
-1.814697 -2.072676 3.573133
-2.847356 -3.318144 -2.566456
-4.059912 -2.794424 1.746528
-0.491581 -0.179280 -3.540490
-4.256766 -3.105004 -0.878275
-3.271405 -3.537813 2.000041
-3.053113 -3.924187 1.698643
-4.587716 -2.374097 -0.960187
-1.213286 -3.025419 3.246276
-1.037781 -0.422550 -3.662094
-4.162373 -3.204476 0.973726
-2.204284 -2.090678 3.476798
-3.929991 -2.884089 1.866059
-1.072289 -1.380961 3.732404
-3.273996 -3.937151 -1.391951
-0.609051 -4.864170 -0.059224
-1.666124 -4.806829 -0.716816
-3.756069 -3.107543 1.895211
-2.986984 -1.652381 3.238589
-1.504836 -1.728759 3.683506
-1.228062 -4.905483 0.142052
-1.224636 -1.253991 3.738757
-3.622644 -3.938683 0.589397
-0.952577 -1.206104 3.732886
-2.630666 -2.431583 -3.207479
-2.576714 -3.384763 2.669285
-2.679803 -1.894677 3.348284
-1.301806 -2.942028 -3.290493
-4.130220 -2.118536 2.093212
-1.637575 -3.066713 3.189831
-2.564554 -3.578220 2.502792
-1.827814 -1.080930 3.682437
-0.975173 -4.014533 -2.417781
-4.039366 -3.233739 1.243659
-0.831156 -1.046218 -3.721682
-0.674513 -2.580864 -3.425964
-4.368151 2.807571 1.013986
-1.324416 2.932060 3.316691
-3.351835 3.288840 2.188655
-3.268965 2.097184 -2.945488
-1.709490 3.109681 -3.173071
-2.256835 1.142604 3.568766
-3.069372 1.884081 -3.133204
-0.556821 2.915687 -3.278685
-2.150109 2.521421 -3.355221
-1.631613 2.128793 -3.592856
-4.129736 2.444819 1.880241
-2.588945 4.641658 0.370538
-0.455215 4.623555 1.374767
-0.528917 4.634721 -1.381765
-2.250067 4.750740 0.494417
-2.252261 1.726641 -3.533844
-0.656386 1.909510 -3.642662
-0.965706 4.257101 -2.166533
-3.270293 2.975764 2.519057
-1.884572 3.806326 2.590611
-0.770310 4.887871 0.591592
-3.919191 3.314934 -1.360134
-2.398872 4.106941 -2.007998
-1.913792 3.185303 3.082467
-3.123048 3.509553 -2.187458
-1.424924 4.929761 -0.310440
-1.762153 2.224501 3.546684
-4.565364 2.646263 -0.452098
-3.555394 3.102920 -2.141393
-4.364859 2.854059 -0.948177
-3.903801 2.665071 2.060138
-1.827951 2.553439 -3.423380
-0.431256 3.042666 3.184190
-2.938941 2.672495 -2.936706
-1.668467 4.298567 -2.047282
-1.227521 2.106957 3.630678
-2.911669 3.897228 1.909968
-0.652192 4.747220 1.123575
-3.420032 2.164515 -2.808280
-1.616373 1.466045 3.700983
-0.716461 1.259243 3.715616
-1.815147 4.884356 0.239658
-3.105529 2.781069 2.769234
-0.801936 4.757449 -1.146214
-0.643271 3.529659 2.894150
-2.877940 2.490866 3.055640
-4.092093 2.298483 2.024324
-1.756273 3.431552 -2.947664
-1.044242 0.355788 -3.639040
-0.480296 2.705649 3.365341
-2.390099 2.422756 -3.311134
-1.882545 3.234642 -3.058097
-0.656638 2.415614 3.508365
-3.294220 4.041554 1.162296
-0.686821 4.919707 0.215068
-2.502311 4.660475 -0.501416
-3.662230 3.843678 0.842773
-2.212317 4.774759 -0.395352
-2.720219 4.597750 0.197137
-0.938204 3.420410 3.012718
-0.540560 0.735982 -3.660567
-2.594933 1.864332 3.383541
-1.274850 4.638146 -1.497208
-0.518799 0.386661 3.594093
-2.093645 3.332608 -2.930607
-4.414683 2.951209 0.497046
-4.212179 2.769232 1.459960
-3.662379 3.607590 -1.376830
-0.600708 4.274389 2.080287
-4.142230 3.212888 -0.989504
-4.459003 2.933842 0.122114
-3.066740 2.886682 -2.734473
-4.227529 2.555005 -1.630211
-1.400346 1.622165 3.708510
-2.285475 4.718376 -0.626513
-1.574016 4.863194 0.692551
-2.656818 3.915719 -2.094343
-0.960342 3.942293 2.551299
-2.529979 4.684275 -0.103197
-0.795944 4.724867 1.240800
-1.520787 4.719322 1.245961
-1.292276 4.743018 -1.227742
-2.264822 4.661593 -0.913342
-1.001883 1.303145 3.736361
-2.234139 3.041683 -3.073955
-3.060249 3.655127 2.083357
-2.507711 4.526783 1.067922
-2.980963 4.167725 1.368455
-2.237046 1.501464 -3.563990
-2.144262 2.170913 3.473221
-3.568529 3.241335 1.994932
-1.836110 1.709462 3.641102
-3.225821 4.285909 -0.446216
-2.936103 2.067235 -3.167679
-0.680652 3.259471 -3.096844
-0.658722 3.700020 2.751918
-2.531487 4.388075 1.405269
-1.739175 4.904810 -0.060043
-1.075979 3.373460 -3.052576
-2.390139 4.148841 1.951855
-2.961291 1.982154 3.175078
-2.005175 4.166840 -2.125507
-3.589640 2.725715 -2.387899
-1.083795 0.626523 -3.693211
-0.749333 1.631890 -3.695899
-2.053694 4.602990 1.290395
-2.419655 4.452508 -1.363882
-2.161836 3.869742 -2.426694
-1.362958 2.944949 -3.307612
-2.977584 4.359676 -0.845066
-0.960926 4.398776 -1.951846
-3.446853 4.057123 0.762783
-1.030530 1.751472 -3.699482
-2.425505 2.618195 3.219163
-1.620985 1.791775 3.663641
-0.699185 2.614605 -3.439474
-2.059597 4.836938 0.116899
-0.655220 4.469729 1.774680
-0.557425 3.687789 -2.743335
-0.492467 1.015305 3.678113
-4.358120 3.016852 -0.617918
-3.082859 4.390546 -0.347905
-3.143924 3.188977 2.463955
-0.520758 3.855051 2.574125
-3.763796 3.623782 -1.138437
-2.680218 1.469259 -3.398692
-0.944165 2.879764 -3.342576
-2.440319 3.443626 2.706380
-3.507795 4.098114 -0.249405
-1.643976 3.833137 2.621398
-3.255528 4.190053 -0.808793
-2.119668 3.846964 2.468542
-2.300075 1.810865 3.505127
-4.265952 3.252949 0.243364
-1.711437 4.027985 2.395918
-2.687786 1.372910 3.401137
-2.886242 3.219395 2.629853
-1.140018 4.477855 1.825345
-5.084649 1.770834 -0.769050
-5.096771 1.889759 -0.294547
-5.519703 -0.593144 0.450766
-3.786398 -0.509107 3.159317
-4.248043 1.396491 -2.538295
-3.004595 0.713799 -3.496069
-4.434798 1.659581 2.175373
-5.257593 -0.608865 1.425624
-5.392538 -0.903665 -0.793333
-4.296946 0.936154 2.691878
-3.265082 -0.459842 -3.430525
-5.395765 0.442667 1.152660
-4.837517 0.566275 2.201861
-4.312416 -0.807172 -2.695211
-3.108026 -0.851793 3.411931
-4.925594 -1.218217 1.737330
-4.513623 -0.171539 -2.628145
-4.911081 -0.434318 2.112231
-4.554956 -1.432078 2.137707
-1.132435 -0.312042 -3.651655
-2.430350 -1.059207 -3.529911
-3.964637 -1.737730 -2.531815
-4.385536 -1.361710 -2.378197
-4.934745 -1.790843 -1.093594
-1.534759 0.285096 -3.717523
-4.089203 2.057355 2.223352
-4.846391 2.283680 0.173494
-4.792563 -0.093622 -2.318618
-5.011324 1.733090 -1.090060
-3.994788 0.889046 2.951179
-3.167848 -0.152075 3.499087
-5.284759 1.075158 -1.090275
-5.477575 0.226824 -0.933708
-3.767166 -0.064144 3.216141
-4.616614 2.392598 -0.920950
-4.963674 0.892207 1.905368
-3.655718 0.575569 3.236827
-4.934554 -1.053163 -1.830477
-5.146204 0.691178 1.663610
-5.466785 -0.362051 0.908712
-4.042541 0.909242 -2.910084
-1.985350 0.260181 -3.731301
-3.251105 0.695733 -3.409105
-3.239858 0.375706 -3.460047
-5.150706 -0.054677 1.776671
-3.795587 -1.033169 -3.016306
-5.044261 0.593421 1.882881
-4.768445 -2.201005 -0.722804
-3.143976 0.651864 3.458929
-5.369232 -0.373033 -1.229174
-3.857206 -0.221357 -3.152057
-5.232930 -0.237994 1.594159
-2.829465 0.526742 -3.579158
-5.029729 -0.650452 -1.863578
-3.317117 0.763309 3.367580
-5.593371 0.258458 -0.088609
-5.179389 -1.568964 -0.627936
-5.473718 -0.812470 -0.461265
-4.712662 -0.104116 2.415620
-3.115294 0.179431 -3.520527
-3.747481 -1.805246 -2.651848
-5.464995 -0.120836 -0.986567
-5.537690 0.015514 -0.684594
-4.811540 1.956449 -1.264845
-3.981942 -1.798234 2.473557
-4.411397 2.328433 -1.495040
-4.186240 1.521789 2.525463
-4.126401 0.081574 2.975464
-5.252527 -1.533587 0.126397
-5.030504 0.105181 1.984173
-3.633981 1.627356 2.883888
-4.066694 -0.764627 2.911807
-4.787603 1.415320 -1.877319
-5.436120 -0.650405 0.855750
-4.590319 -1.747256 -1.830905
-4.581068 -1.124586 2.288609
-4.966073 2.049544 -0.545989
-3.451232 -1.093629 -3.190421
-0.715231 0.092888 3.559759
-4.662475 -1.503293 1.940236
-5.582078 -0.042543 -0.366541
-3.399131 -1.509840 3.037572
-2.095280 -0.250236 -3.721533
-3.305126 0.233415 3.444361
-3.601874 -1.031606 3.132642
-5.348019 0.430414 -1.293704
-5.512074 -0.755208 0.168021
-5.296243 0.878036 1.216595
-5.196661 -1.641128 -0.205645
-5.598938 0.079984 0.115006
-5.349503 1.385756 0.014144
-3.512833 0.856518 -3.253973
-5.523877 -0.214286 -0.712088
-4.139393 2.219333 2.009122
-2.645944 -0.885076 -3.538353
-4.051774 -1.136019 -2.794703
-4.829559 -1.960495 -1.087349
-1.657553 -0.569309 -3.684810
-4.979054 -0.877177 1.851508
-5.543996 -0.608342 -0.073694
-5.265293 0.675024 1.411307
-3.507592 -0.065439 -3.356416
-4.651887 2.174171 1.278107
-4.633580 2.544421 -0.127429
-2.745381 -0.329205 3.615355
-4.545516 -1.574078 -2.045238
-4.404780 2.338827 1.490345
-5.433640 0.804528 0.797100
-3.152919 -0.613970 3.448737
-1.205651 0.028599 -3.682133
-3.477775 0.502736 -3.340235
-5.163281 0.293124 1.736930
-3.729507 0.200387 3.235677
-4.943578 2.003311 -0.788153
-3.239386 -1.465777 -3.134835
-4.819189 1.680017 -1.593442
-5.481115 0.974564 0.064710
-4.173562 1.110388 2.736542
-3.493657 -0.405855 3.335439
-4.827527 -1.786689 1.363365
-4.840601 -1.730941 -1.407594
-1.941900 -0.053040 -3.738024
-4.563308 0.604006 -2.522715
-1.862072 0.132803 3.738790
-1.735980 -0.043907 -3.737022
-5.044354 -0.311567 -1.931724
-5.204782 -0.944129 -1.357373
-4.903376 0.215479 2.167857
-4.299760 -1.037428 -2.623734
-2.376886 0.643875 3.654300
-3.771952 -1.246343 2.947372
-1.631955 -0.567834 3.683551
