    0.0159911699
    0.0337293219
    0.0363395513
    0.0316104910
    0.0141352314
    0.0117994579
    0.0346730965
    0.0298643370
    0.0254175502
    0.0061834021
    0.0128614848
    0.0091976777
    0.0102097779
    0.0360409970
    0.0188832281
    0.0070742661
    0.0261228320
    0.0335724514
    0.0326694120
    0.0297542816
    0.0234103413
    0.0302520527
    0.0235287810
   -0.0032445133
   -0.0252897141
   -0.0221257458
   -0.0199846531
   -0.0209444335
   -0.0350727797
   -0.0292724909
   -0.0371939153
   -0.0027649608
   -0.0154654538
   -0.0043373289
    0.0129377011
   -0.0154398941
   -0.0055578068
   -0.0313184893
   -0.0339625888
   -0.0318944181
   -0.0391574003
   -0.0215837610
   -0.0386735047
   -0.0375315870
   -0.0245015063
   -0.0208855316
   -0.0311210396
   -0.0041946248
   -0.0286505806
    0.0099354848
   -0.0082061464
    0.0030934686
   -0.0315477702
   -0.0006141786
   -0.0036378375
   -0.0353924385
   -0.0392306393
   -0.0386304200
   -0.0313433806
   -0.0381815187
   -0.0095560837
   -0.0333615327
   -0.0130305040
   -0.0354585871
   -0.0259974818
   -0.0146795278
   -0.0170547956
    0.0040612919
   -0.0346508798
    0.0054512411
   -0.0158576311
   -0.0336176508
    0.0014594839
   -0.0202390052
   -0.0228233788
   -0.0252851443
   -0.0347225666
   -0.0000209865
   -0.0314375293
   -0.0366045379
   -0.0389199312
    0.0114137478
    0.0082456774
    0.0086797542
    0.0195710293
   -0.0101589823
    0.0081954832
    0.0085296403
    0.0120224030
    0.0017779744
    0.0093898162
    0.0235089541
    0.0074586730
    0.0173245170
    0.0122548352
   -0.0201713837
    0.0078409355
   -0.0055320026
    0.0207714073
    0.0142393784
    0.0085346820
    0.0136553481
   -0.0038487547
    0.0104143297
    0.0253607696
    0.0077593561
    0.0087728869
    0.0087501174
   -0.0027210264
    0.0224811872
   -0.0006922324
    0.0084242924
    0.0148909006
    0.0168809047
    0.0229703545
    0.0106519466
   -0.0144204019
    0.0078316676
    0.0085372571
   -0.0034981610
    0.0083259560
    0.0083799137
    0.0268869083
    0.0024808756
    0.0090669662
   -0.0015566398
   -0.0019611756
    0.0067898707
    0.0002691387
    0.0027571179
   -0.0014276123
   -0.0020979926
    0.0005229446
   -0.0246138243
   -0.0005678124
    0.0073809739
   -0.0018485261
    0.0003392572
   -0.0013844352
    0.0080082637
    0.0044475410
   -0.0204341604
   -0.0012819065
   -0.0010482446
   -0.0004500572
    0.0018572454
    0.0027401405
   -0.0015210328
    0.0044998108
   -0.0011991903
    0.0041126422
    0.0073883439
    0.0102460118
    0.0020969962
    0.0102970062
    0.0144767543
    0.0081995515
    0.0149886444
    0.0117962100
    0.0099042526
    0.0092820103
    0.0103465567
    0.0068545505
    0.0092114001
    0.0059881035
    0.0080777114
    0.0118588873
    0.0075696870
    0.0107913101
    0.0094765999
    0.0082062940
    0.0053650230
    0.0066189552
    0.0125571019
    0.0014988451
    0.0147200471
    0.0089915586
    0.0071851423
    0.0130650790
    0.0107666830
    0.0107047318
    0.0099936119
    0.0094609250
    0.0106911198
    0.0102936859
    0.0096424181
    0.0138630807
    0.0086166788
    0.0091873843
    0.0100206488
    0.0094841617
    0.0116610279
    0.0130136588
    0.0122006139
    0.0115185971
   -0.0060925054
   -0.0084274024
   -0.0089213503
   -0.0078071816
   -0.0085448468
   -0.0053203568
   -0.0042773560
   -0.0180992713
   -0.0062439328
   -0.0068556388
   -0.0056251527
   -0.0054507689
   -0.0081764775
    0.0009968894
    0.0015385672
   -0.0092273857
   -0.0055978895
   -0.0134859415
   -0.0039975274
   -0.0024907121
   -0.0115381770
   -0.0053150103
   -0.0029716414
    0.0025623215
   -0.0061413249
   -0.0057721100
   -0.0097269406
    0.0014156525
    0.0002519406
   -0.0111160655
   -0.0075775806
   -0.0052269793
   -0.0197888055
   -0.0077951055
   -0.0102686593
   -0.0052600109
   -0.0207668598
   -0.0058994060
   -0.0036566503
   -0.0011738957
   -0.0051242219
    0.0000613187
   -0.0031129300
   -0.0019625552
   -0.0129039360
   -0.0030498205
   -0.0012297410
    0.0003262565
    0.0002547479
    0.0007977153
    0.0000471653
   -0.0090715808
    0.0008158429
   -0.0098262939
   -0.0014621437
   -0.0250851009
   -0.0086895791
   -0.0201984175
    0.0028849937
    0.0037611992
    0.0084572765
    0.0046959628
    0.0064518994
    0.0084953163
    0.0024802530
    0.0020096992
    0.0064932552
    0.0038387451
    0.0084637767
    0.0081522777
    0.0072407696
    0.0047541190
    0.0069012034
    0.0066106227
    0.0018959877
   -0.0077167511
   -0.0042919061
   -0.0074291559
   -0.0023256949
   -0.0024185458
   -0.0038890765
   -0.0040737907
   -0.0009629940
   -0.0038575512
   -0.0043733594
    0.0003340187
    0.0027749808
   -0.0018526540
   -0.0045659703
   -0.0060818844
   -0.0045823111
   -0.0018325670
   -0.0015145989
   -0.0028755628
   -0.0000776054
   -0.0099667995
   -0.0045553561
   -0.0042900791
   -0.0024952547
   -0.0048031052
   -0.0018739642
   -0.0014889014
   -0.0038288014
   -0.0072921015
   -0.0044179718
   -0.0013594645
   -0.0040796349
   -0.0038995683
   -0.0041362644
   -0.0066098806
   -0.0043449553
   -0.0010129111
   -0.0045110380
   -0.0052718791
   -0.0043906066
   -0.0014192935
    0.0005525089
   -0.0137169026
   -0.0047371044
   -0.0060783055
    0.0006553518
   -0.0042546619
   -0.0016154911
   -0.0033072794
    0.0017396240
   -0.0078901463
   -0.0059890051
   -0.0078176316
   -0.0125249422
   -0.0104026680
   -0.0074463264
   -0.0073133897
   -0.0138448246
   -0.0082063355
   -0.0138203071
   -0.0082800695
   -0.0218218631
   -0.0077670470
   -0.0103694822
   -0.0057573316
   -0.0076383613
   -0.0059266878
   -0.0074246468
   -0.0066420441
   -0.0107498839
   -0.0002424006
    0.0015985738
    0.0019989177
   -0.0000743588
    0.0002162237
   -0.0016434917
    0.0015363327
    0.0012132000
   -0.0052660601
    0.0027670225
    0.0001740803
    0.0015386261
   -0.0012967185
    0.0011853321
    0.0020971956
   -0.0023558982
    0.0012343403
    0.0012849622
    0.0005271894
    0.0015435847
    0.0003421546
    0.0011610254
    0.0005347315
    0.0006083538
   -0.0008290252
    0.0030740728
   -0.0017932090
    0.0014548409
   -0.0003497462
    0.0029245133
   -0.0018756916
   -0.0006625592
    0.0017437364
   -0.0015954985
   -0.0021550884
   -0.0006658584
   -0.0010591596
    0.0046701991
   -0.0030700186
   -0.0006628662
   -0.0032790164
    0.0064678293
   -0.0035145742
   -0.0007679519
    0.0105707614
    0.0012755899
    0.0078833601
    0.0060231111
    0.0005217632
    0.0017299435
    0.0005752572
    0.0064165029
    0.0035754855
   -0.0018212969
    0.0050022799
    0.0055915420
    0.0034619031
    0.0056210320
    0.0000208825
    0.0040808835
    0.0030716876
    0.0044428869
    0.0028864595
    0.0056055423
    0.0035284237
    0.0052435575
    0.0063206197
    0.0043556833
    0.0054978874
    0.0013623449
    0.0046089691
    0.0186026209
    0.0172070764
    0.0134417513
    0.0247060957
    0.0077653012
    0.0227458802
    0.0084041981
    0.0193922555
    0.0284526715
    0.0218921419
    0.0147503517
    0.0244961191
    0.0270684576
    0.0156749950
    0.0259196278
    0.0204662189
    0.0171840480
    0.0096302517
    0.0206820654
    0.0283358056
    0.0267335975
    0.0218365180
    0.0112426382
    0.0120394353
    0.0235912265
    0.0154404108
    0.0284204264
    0.0076547895
    0.0254634002
    0.0171286317
   -0.0234067938
    0.0014916217
   -0.0211214168
   -0.0133541721
    0.0081861699
   -0.0027982115
   -0.0232867217
   -0.0285093471
   -0.0240017404
   -0.0173315339
   -0.0081822376
    0.0055635522
   -0.0293668487
   -0.0003534886
   -0.0286309519
   -0.0052034193
   -0.0295250418
   -0.0097755992
   -0.0250513075
   -0.0109621775
   -0.0293901965
   -0.0131638256
   -0.0265490330
   -0.0097752789
   -0.0208474191
   -0.0256210032
   -0.0173135185
   -0.0239179800
   -0.0227604833
   -0.0221501800
   -0.0068423395
   -0.0273953974
   -0.0015152311
   -0.0290416128
   -0.0035495192
   -0.0024526115
   -0.0031608894
   -0.0227031465
   -0.0229274442
   -0.0231593475
   -0.0235983871
   -0.0038934386
   -0.0171618722
   -0.0258771240
   -0.0206876598
   -0.0082074535
   -0.0144542711
   -0.0153875373
   -0.0250151517
   -0.0251524830
   -0.0284673792
   -0.0024223598
   -0.0238686877
   -0.0033385238
    0.0048457970
   -0.0170678870
    0.0048395170
   -0.0256731538
   -0.0225560324
   -0.0067909674
   -0.0137081183
    0.0107803129
   -0.0137962094
    0.0139703262
   -0.0010437532
    0.0045198473
    0.0074472295
    0.0066438807
    0.0208676992
    0.0075373716
    0.0095206243
    0.0228442823
    0.0025723161
    0.0175182165
    0.0116487736
    0.0118848856
   -0.0047636982
    0.0074223146
    0.0043024089
    0.0066473731
    0.0126493033
    0.0068575057
    0.0053832902
    0.0067702102
    0.0069042156
    0.0069508919
    0.0073369964
    0.0173224965
    0.0064319334
    0.0069893823
    0.0215626574
    0.0072447235
    0.0070309014
    0.0005638213
    0.0249495807
    0.0192918933
    0.0114229849
    0.0095513174
    0.0173984513
    0.0070036453
    0.0069048801
    0.0085129259
    0.0063063079
    0.0031498428
   -0.0014146521
    0.0011135382
    0.0011633187
   -0.0012607376
   -0.0008176161
   -0.0005457618
    0.0005909357
    0.0043796807
   -0.0002128660
    0.0019897063
    0.0010100818
    0.0061525339
    0.0001914379
    0.0065283669
   -0.0007350839
   -0.0009719523
    0.0037348692
   -0.0000219680
   -0.0006461730
   -0.0029044063
   -0.0043921030
    0.0000964645
    0.0020256090
   -0.0011180924
   -0.0002729965
    0.0020810291
   -0.0013901225
    0.0061225410
   -0.0010570074
   -0.0014281908
   -0.0007140250
    0.0007038998
    0.0087031184
    0.0087505974
    0.0013755258
    0.0093606310
    0.0077184241
    0.0049850922
    0.0074508569
    0.0081952223
    0.0099129734
    0.0057113445
    0.0078942188
    0.0061784115
    0.0055832349
    0.0044831659
    0.0061811666
    0.0091079379
    0.0072080368
    0.0088138530
    0.0092660853
    0.0090301054
    0.0090500571
    0.0070545560
    0.0097809106
    0.0101757762
    0.0068392667
    0.0082437769
    0.0092901700
    0.0068611874
    0.0061518108
    0.0096862447
    0.0086782803
    0.0073015512
    0.0094667650
    0.0108382165
    0.0062635199
    0.0071463416
   -0.0084912892
   -0.0059562195
    0.0007711905
    0.0003610470
   -0.0058270274
   -0.0057202594
   -0.0034179976
   -0.0102821130
   -0.0056701288
    0.0017204497
   -0.0051125541
   -0.0072046618
   -0.0126616587
   -0.0030736395
   -0.0102523096
   -0.0125976809
   -0.0048903159
   -0.0027925760
   -0.0050409122
    0.0008142110
   -0.0040927189
   -0.0040439070
   -0.0041650665
   -0.0022751101
   -0.0078461803
   -0.0139239929
    0.0005565045
   -0.0035913931
   -0.0091578427
   -0.0083995913
   -0.0072531186
   -0.0052102411
    0.0012816231
   -0.0014278069
   -0.0077628726
   -0.0063409765
   -0.0210870044
   -0.0050237916
   -0.0044597573
   -0.0095806120
   -0.0170402206
    0.0004694884
   -0.0060025867
   -0.0003939549
   -0.0015557263
   -0.0049633100
   -0.0010679403
   -0.0106693917
   -0.0006777137
   -0.0013969488
   -0.0003243791
   -0.0046926096
   -0.0025940155
   -0.0004293585
   -0.0039394462
   -0.0185914045
   -0.0035929759
   -0.0122915437
   -0.0004983194
   -0.0105376637
    0.0058821442
    0.0059923208
    0.0060999382
    0.0038112493
    0.0063805896
    0.0053352919
    0.0055466441
    0.0058801151
    0.0035173503
    0.0019641501
    0.0048270030
    0.0040794838
    0.0028699495
    0.0041341833
    0.0003378350
   -0.0019355569
   -0.0068053652
   -0.0020412378
   -0.0029392269
   -0.0009070132
   -0.0044807800
   -0.0019231461
   -0.0036755223
   -0.0023382229
   -0.0048688844
   -0.0020221501
   -0.0027335883
   -0.0038567529
   -0.0030074741
   -0.0023381907
   -0.0033361691
   -0.0023953544
   -0.0033684781
   -0.0056231544
   -0.0069721763
   -0.0032908284
   -0.0032538642
   -0.0022973522
   -0.0019173898
   -0.0020135185
   -0.0050007558
    0.0004300428
   -0.0043376901
   -0.0027378074
   -0.0002940377
    0.0002841855
   -0.0036118544
   -0.0106104904
   -0.0035655874
   -0.0014357846
   -0.0058905364
   -0.0023095213
   -0.0040112044
   -0.0011349680
    0.0007939359
   -0.0010262443
   -0.0089163566
   -0.0022330665
   -0.0033333353
   -0.0036377446
   -0.0056287229
   -0.0006451886
   -0.0055662167
   -0.0011356050
   -0.0014836213
   -0.0012633233
   -0.0015417449
   -0.0069865881
   -0.0034474110
    0.0024529354
   -0.0034912731
   -0.0027811340
   -0.0028863006
    0.0048197969
    0.0019626943
   -0.0028788476
   -0.0030037748
   -0.0032248157
   -0.0022235909
    0.0018753199
   -0.0111564650
   -0.0072520545
   -0.0132212036
   -0.0062463241
   -0.0154026827
   -0.0143693282
   -0.0240698919
   -0.0066449045
   -0.0202241862
   -0.0187753606
   -0.0154540918
   -0.0084149713
   -0.0168471702
   -0.0186081172
   -0.0062559712
   -0.0083770881
   -0.0113427075
    0.0007995865
    0.0007948582
   -0.0012595021
    0.0010344072
    0.0005133818
    0.0010394101
   -0.0018866328
   -0.0029052753
    0.0001749468
   -0.0042347581
   -0.0014444660
    0.0007670152
   -0.0004716157
   -0.0002767163
   -0.0006822222
    0.0003898225
    0.0000438595
    0.0001516636
   -0.0015337333
    0.0006797899
   -0.0006462299
    0.0005805336
   -0.0004043451
    0.0011905081
    0.0012380356
    0.0002462616
   -0.0003234679
   -0.0016385591
   -0.0028030581
    0.0002255418
    0.0012246269
    0.0006939043
   -0.0000009705
    0.0003149684
   -0.0023680098
    0.0001547142
   -0.0006854088
   -0.0026197105
    0.0000962951
    0.0008113694
    0.0006629295
   -0.0018921098
   -0.0011829399
    0.0005364759
   -0.0004655066
   -0.0021604758
    0.0002521970
    0.0002611755
   -0.0018573229
   -0.0019419204
   -0.0005764259
   -0.0007917427
    0.0010096710
   -0.0085833420
    0.0024042270
    0.0009877391
    0.0012682589
   -0.0005399281
   -0.0040102811
    0.0075260917
    0.0035026757
    0.0025633338
   -0.0060651079
    0.0046735671
    0.0003591073
   -0.0005246887
    0.0052766439
    0.0015384456
    0.0029291898
    0.0043418381
    0.0017368591
    0.0046031031
    0.0006667667
    0.0041208600
    0.0013373728
    0.0032534537
    0.0001887605
    0.0040783253
    0.0050814785
    0.0005680367
    0.0034305346
    0.0022335392
   -0.0002364197
    0.0019067934
    0.0035251008
    0.0148413231
    0.0172855744
    0.0167982391
    0.0148371051
    0.0228393489
    0.0211922767
    0.0167690650
    0.0124874110
    0.0219710779
    0.0191959231
    0.0143369309
    0.0132441585
    0.0209937668
    0.0195050276
    0.0143206578
    0.0087270272
    0.0178411355
    0.0131248275
    0.0184088083
    0.0230218840
    0.0229175714
    0.0191289425
    0.0226514964
    0.0156188389
    0.0213600179
    0.0102161015
    0.0211721082
    0.0176364464
    0.0156585999
    0.0203864979
    0.0089273899
    0.0064243186
    0.0156687821
    0.0188342286
    0.0229196385
    0.0223123106
    0.0180351773
   -0.0120593505
    0.0009220934
   -0.0219811370
   -0.0143669786
   -0.0060418669
   -0.0063721646
   -0.0210024851
   -0.0021645252
   -0.0205064640
   -0.0025757167
   -0.0165043369
    0.0124055292
   -0.0131797350
   -0.0180052302
    0.0099638249
    0.0001817618
    0.0003961986
    0.0082433253
    0.0058249122
   -0.0059619190
   -0.0205420639
   -0.0223434036
   -0.0201648639
   -0.0215511522
   -0.0222310032
   -0.0117434670
   -0.0035814973
   -0.0039391122
   -0.0097258387
   -0.0216433574
   -0.0171543201
   -0.0205278466
   -0.0160910760
   -0.0231620329
   -0.0214626258
   -0.0212583409
    0.0020677203
   -0.0226250578
    0.0058930641
   -0.0110265349
   -0.0227329560
   -0.0043786717
   -0.0172491044
   -0.0130997625
    0.0063582910
   -0.0088085201
   -0.0021960890
   -0.0114433938
   -0.0188625246
    0.0117588784
   -0.0175803551
   -0.0223806679
   -0.0197877248
   -0.0111133397
   -0.0219030309
   -0.0032408983
   -0.0139048775
   -0.0206686324
   -0.0228304116
   -0.0048349048
   -0.0191714713
   -0.0128212982
   -0.0214421942
   -0.0078313288
   -0.0104833631
   -0.0231490261
   -0.0215581022
   -0.0150142758
   -0.0177803347
   -0.0048856538
    0.0060019177
    0.0170852964
    0.0100987299
    0.0060937414
    0.0089430573
    0.0061646311
    0.0088306233
    0.0097309333
    0.0082089458
    0.0059380666
    0.0131601594
    0.0051660113
    0.0060424073
   -0.0018999811
    0.0064215433
    0.0053409318
    0.0060872177
    0.0010382673
    0.0066468786
    0.0056393563
    0.0072829308
   -0.0007848236
    0.0083742196
   -0.0089323576
    0.0082064385
    0.0063123311
    0.0131034095
    0.0141426343
    0.0060243709
   -0.0003404886
    0.0052793335
    0.0050961349
    0.0030504286
    0.0089985908
    0.0059934745
    0.0050216453
   -0.0029831484
    0.0090996881
    0.0071785574
    0.0089481205
    0.0020848075
    0.0058195259
    0.0166435587
    0.0138871555
    0.0056407813
    0.0065056912
    0.0005635882
    0.0070030103
    0.0098675818
    0.0083847738
    0.0058917439
    0.0077362713
    0.0018001901
    0.0161189792
    0.0084207844
    0.0060088288
    0.0142572266
    0.0041460590
    0.0060177782
   -0.0000084277
    0.0098952956
    0.0106386737
    0.0061427917
    0.0158220804
    0.0071422089
    0.0143890301
    0.0086211589
    0.0095724907
    0.0064857591
    0.0060854780
    0.0066747595
    0.0061939758
    0.0107446186
    0.0065236706
    0.0118893382
    0.0059748908
    0.0059059650
    0.0061228445
    0.0152411776
    0.0127057798
    0.0055496021
    0.0068551719
    0.0062772407
    0.0055054672
    0.0020143499
    0.0027553978
    0.0013954831
   -0.0132174558
    0.0051742409
   -0.0000032609
    0.0008570788
    0.0024422170
   -0.0013982512
    0.0014907667
   -0.0005838771
    0.0056594940
   -0.0006358792
   -0.0003633937
   -0.0015018714
   -0.0172477341
   -0.0009514534
    0.0001851976
   -0.0005944902
   -0.0010282162
    0.0022850637
    0.0003078204
   -0.0008979951
   -0.0012893481
    0.0003693146
   -0.0014218583
   -0.0009667933
   -0.0023245494
   -0.0011245164
   -0.0013766993
   -0.0066174788
    0.0008131761
   -0.0004531550
   -0.0006132468
    0.0003272298
   -0.0132129340
    0.0033235163
   -0.0004234376
    0.0017709247
   -0.0036076388
    0.0015043542
    0.0016791253
    0.0056009394
   -0.0020471645
   -0.0128770092
   -0.0156534778
    0.0007703987
   -0.0013563311
    0.0018788038
    0.0002558870
    0.0031854331
    0.0055528646
    0.0081139826
    0.0065196893
    0.0029312424
    0.0071487682
    0.0066828241
    0.0080966509
    0.0061955359
    0.0028538522
    0.0063067679
    0.0074390213
    0.0059013811
    0.0050109978
    0.0067813059
    0.0049850288
    0.0063768629
    0.0088924175
    0.0073215315
    0.0063424202
    0.0040484515
    0.0085296150
    0.0096439147
    0.0073538051
    0.0089138559
    0.0073980272
    0.0089367465
    0.0071048746
    0.0075900570
    0.0080806347
    0.0064039255
    0.0064064138
    0.0084414037
    0.0072241769
    0.0072170018
    0.0076066175
    0.0091080783
   -0.0184229849
   -0.0047339756
   -0.0053009313
   -0.0071934135
    0.0001957075
   -0.0056524935
   -0.0089832718
    0.0004239409
   -0.0066194168
   -0.0047950828
   -0.0001514238
   -0.0031217057
   -0.0031326991
   -0.0066085779
   -0.0024916926
    0.0005571734
   -0.0150539170
   -0.0045441129
   -0.0077377208
   -0.0120193182
   -0.0083057178
   -0.0072213656
   -0.0042717461
   -0.0036990030
    0.0003066728
   -0.0064586100
    0.0004202376
   -0.0072872244
    0.0011287358
   -0.0045931727
   -0.0064495241
   -0.0078594357
   -0.0094339550
   -0.0089692841
   -0.0061847444
   -0.0102365187
   -0.0091571703
   -0.0038321366
   -0.0004446021
   -0.0064813749
   -0.0017529201
   -0.0084441030
   -0.0205810709
   -0.0050616562
   -0.0051589624
   -0.0066956330
    0.0002884738
   -0.0016559787
   -0.0062174975
   -0.0058527398
   -0.0061789329
   -0.0047814361
   -0.0025654666
   -0.0031619700
   -0.0024479556
   -0.0040564562
   -0.0051037974
   -0.0072730846
   -0.0088811381
   -0.0107754624
   -0.0043094006
   -0.0069337498
   -0.0078300902
   -0.0060771816
   -0.0068549760
   -0.0039590589
   -0.0011267573
   -0.0109251477
   -0.0008980588
   -0.0042273045
   -0.0024370196
   -0.0013091364
   -0.0048573057
   -0.0021524891
   -0.0014239781
   -0.0126610605
   -0.0070171770
    0.0053520771
    0.0048507519
    0.0057806083
    0.0048982699
    0.0048198296
    0.0055860037
    0.0052476812
    0.0047510222
    0.0038021973
    0.0051526598
    0.0041103946
    0.0045698629
    0.0058343390
    0.0045211466
    0.0055221604
    0.0041567191
    0.0028790521
    0.0020202396
   -0.0020249163
   -0.0022591557
    0.0055998340
   -0.0021478120
    0.0015091040
   -0.0014589108
    0.0009519955
    0.0015047769
   -0.0004976496
   -0.0023251155
   -0.0006527278
   -0.0030076759
    0.0031902201
   -0.0067404135
   -0.0022248291
   -0.0088405730
   -0.0002014175
   -0.0025268262
   -0.0024527119
    0.0011435580
   -0.0033739391
    0.0020403628
   -0.0046166398
   -0.0022538237
    0.0000172376
    0.0031757422
   -0.0011529917
   -0.0068479003
   -0.0006173840
   -0.0005774169
    0.0019413979
    0.0024232196
   -0.0001462294
   -0.0056924551
   -0.0009449476
   -0.0025685254
   -0.0012739913
   -0.0013847699
   -0.0032825565
   -0.0035202635
    0.0012207472
   -0.0025994798
    0.0002790509
   -0.0118968691
    0.0002577139
   -0.0053612192
   -0.0013198974
   -0.0049188717
    0.0022138354
    0.0013006247
   -0.0014426079
   -0.0021473684
    0.0023271437
   -0.0026834629
    0.0032846369
   -0.0031204296
   -0.0043150942
   -0.0016883468
   -0.0024857879
   -0.0012517670
   -0.0021447114
    0.0033671112
   -0.0004502661
    0.0018758037
   -0.0012207195
   -0.0025081686
   -0.0052862283
   -0.0026509057
   -0.0018576335
   -0.0015277205
   -0.0017842148
    0.0020571085
   -0.0022399732
   -0.0025026362
   -0.0017122945
    0.0028861717
    0.0008562505
   -0.0035461798
   -0.0015584944
   -0.0027479835
   -0.0053674822
   -0.0002887714
   -0.0011580695
   -0.0006292188
   -0.0011260603
   -0.0030375586
   -0.0016895879
   -0.0024278862
   -0.0024282004
   -0.0000853155
   -0.0008239399
   -0.0024910889
   -0.0018521896
   -0.0026176254
   -0.0052481755
   -0.0030908561
   -0.0024212345
   -0.0049651146
   -0.0057219629
    0.0042520989
   -0.0017090202
   -0.0011948218
   -0.0045597289
   -0.0016663075
    0.0024697675
   -0.0004453518
   -0.0012324921
   -0.0042497896
   -0.0010917135
    0.0011577281
   -0.0042453923
   -0.0059026539
   -0.0023034883
   -0.0021634691
   -0.0010166292
   -0.0039422451
   -0.0016231281
   -0.0016452066
   -0.0053499597
   -0.0084540700
   -0.0070142260
   -0.0069701173
   -0.0129207477
   -0.0121106828
   -0.0093307177
   -0.0092353389
   -0.0087496212
   -0.0090691348
   -0.0143574596
   -0.0074292674
   -0.0067255909
   -0.0150580592
   -0.0128003796
   -0.0184421153
   -0.0005646482
    0.0000386429
    0.0005360804
   -0.0009649605
    0.0002909437
   -0.0022733106
   -0.0014820198
    0.0004824149
   -0.0002771289
   -0.0010380992
   -0.0004229892
   -0.0004447168
   -0.0002988119
    0.0005606457
   -0.0000695597
   -0.0004334442
    0.0004833665
    0.0005765643
   -0.0010859696
   -0.0002359462
   -0.0018126004
   -0.0000414955
   -0.0004986101
   -0.0002202924
   -0.0014931358
   -0.0004247118
   -0.0005968332
   -0.0000443005
   -0.0012691917
   -0.0013620026
   -0.0007448710
   -0.0018749087
    0.0054554126
    0.0031375622
    0.0022992221
   -0.0022990894
    0.0005418265
    0.0015479606
   -0.0032991695
    0.0046273950
    0.0031807499
    0.0029721794
   -0.0020102070
    0.0005234559
    0.0022218420
    0.0016822249
    0.0014076101
    0.0011769393
    0.0008313213
    0.0035443123
    0.0014974074
    0.0016726696
    0.0033493657
    0.0022239315
    0.0026812575
    0.0031872923
    0.0023194246
    0.0020606614
    0.0041092990
    0.0021076092
    0.0007504499
    0.0030641453
    0.0042626908
    0.0044988400
    0.0076510189
    0.0141658659
    0.0170204099
    0.0138935467
    0.0155932384
    0.0172106189
    0.0160860066
    0.0125417126
    0.0120535167
    0.0101898300
    0.0184566649
    0.0170066931
    0.0157250106
    0.0161434490
    0.0188628842
    0.0174813021
    0.0187476894
    0.0167133361
    0.0150083749
    0.0119027707
    0.0190388168
    0.0164459923
    0.0074294069
    0.0137815345
    0.0154073426
    0.0174766400
    0.0188256784
    0.0183973767
    0.0170004924
    0.0173064799
    0.0089870499
    0.0084793294
    0.0073177579
    0.0122117369
    0.0130657527
    0.0051136413
    0.0069431884
    0.0037727199
   -0.0178846664
   -0.0168328823
   -0.0138457821
    0.0006407853
   -0.0177558486
   -0.0156330832
   -0.0070972619
   -0.0173573150
   -0.0090223299
   -0.0049276870
   -0.0101855333
   -0.0163105609
   -0.0085101942
   -0.0112342076
   -0.0158619768
   -0.0184368641
   -0.0033001579
   -0.0030625580
   -0.0106696842
    0.0069619790
   -0.0137070692
   -0.0052988895
    0.0003044918
    0.0002243513
   -0.0078058581
    0.0044156539
   -0.0182909866
    0.0058993943
   -0.0124574639
    0.0045913333
   -0.0082728314
   -0.0009136201
    0.0059506647
   -0.0180995352
    0.0055462838
   -0.0066877931
   -0.0171326704
    0.0022417482
   -0.0162479260
   -0.0091044985
   -0.0052575697
   -0.0042713338
   -0.0138340801
    0.0069787770
   -0.0185552830
   -0.0159484917
    0.0041775748
   -0.0100389534
    0.0039389475
   -0.0089431891
   -0.0121104678
   -0.0142377537
   -0.0163241289
   -0.0093795848
    0.0040580729
   -0.0114144572
   -0.0072876834
    0.0020564521
   -0.0166634962
   -0.0167391558
   -0.0092620945
   -0.0172910515
    0.0036073055
   -0.0181510290
   -0.0064233292
    0.0002359844
   -0.0186437067
    0.0019082505
    0.0010470778
   -0.0112679492
   -0.0108813271
   -0.0109528268
    0.0049684480
   -0.0168611705
    0.0031180322
    0.0021930183
   -0.0167973451
   -0.0003197708
   -0.0150862832
   -0.0127748612
   -0.0079088208
   -0.0181962132
    0.0006109888
    0.0079564675
   -0.0142609333
   -0.0135285395
    0.0072340096
    0.0039352303
    0.0051782737
    0.0081180962
    0.0071561854
    0.0037536444
    0.0055419656
    0.0137227844
   -0.0014159867
    0.0062010274
    0.0049958729
    0.0045417415
   -0.0099481112
   -0.0020482176
    0.0147183772
    0.0067572563
    0.0026195916
    0.0085980816
    0.0066223350
    0.0080931869
    0.0062987164
    0.0107281324
    0.0045277665
    0.0064408001
    0.0064631968
    0.0050689980
    0.0079366321
   -0.0017159205
    0.0056690076
    0.0069724328
    0.0037054124
    0.0066922428
    0.0054216855
    0.0065472034
    0.0054248573
    0.0079531552
    0.0098805555
    0.0088616904
    0.0024837091
    0.0053010923
    0.0050346978
    0.0056196356
    0.0050395287
    0.0071156832
    0.0081404185
    0.0138284159
    0.0102749335
    0.0071667538
    0.0060319698
    0.0044825403
    0.0045594091
    0.0009139679
    0.0052040713
    0.0061553360
    0.0079813166
    0.0071334262
    0.0068719299
    0.0078661994
    0.0078230342
    0.0052293717
    0.0135627812
    0.0074213655
    0.0017485203
    0.0124931881
    0.0048267964
    0.0050224138
    0.0063881025
    0.0080713095
    0.0070812163
    0.0053490616
    0.0051408210
    0.0015351757
    0.0065338424
    0.0096644152
    0.0123240439
    0.0110310179
    0.0046694089
    0.0071104059
    0.0102975843
    0.0082409897
   -0.0018114174
    0.0029151921
    0.0035429968
    0.0075414496
    0.0084495783
   -0.0065045429
    0.0055784640
    0.0053587973
    0.0052244608
    0.0068631737
    0.0067736029
    0.0078153276
    0.0053170553
    0.0062360574
    0.0126761761
    0.0104212886
    0.0100512073
    0.0168472384
    0.0113087465
   -0.0020280062
    0.0133186818
    0.0095693946
    0.0051304401
    0.0109148762
    0.0049163614
    0.0051232124
    0.0053267561
    0.0047289167
   -0.0004464261
    0.0028441545
    0.0040531902
   -0.0107234683
   -0.0007515041
    0.0013200004
   -0.0014525189
    0.0031936160
   -0.0011937385
    0.0015794637
   -0.0010610627
    0.0012091524
    0.0049476822
    0.0016524448
   -0.0016158779
   -0.0052985416
    0.0042907402
   -0.0009351988
   -0.0006835648
   -0.0020539086
   -0.0066265774
    0.0033993959
    0.0003659401
    0.0004635613
    0.0006940565
   -0.0145595015
    0.0024382648
   -0.0011498251
    0.0015715013
    0.0000780252
    0.0035825831
    0.0015241206
    0.0013478120
   -0.0054143001
   -0.0001165733
   -0.0160040753
   -0.0004101992
   -0.0011531461
   -0.0007595572
    0.0024714190
    0.0004262403
   -0.0010092508
    0.0011931607
   -0.0000339902
    0.0018115184
   -0.0010722369
    0.0044249127
   -0.0014305402
   -0.0034010015
   -0.0004939963
   -0.0092935994
    0.0003541307
   -0.0082656351
   -0.0015915845
    0.0035736761
   -0.0010819971
    0.0006899513
   -0.0000120855
   -0.0020030363
   -0.0012884338
    0.0046734626
   -0.0026693158
    0.0042863075
   -0.0015150765
    0.0029421817
   -0.0019268770
    0.0034064426
    0.0048857727
    0.0017280334
    0.0031234489
   -0.0026526034
    0.0010114846
   -0.0033545964
    0.0001431212
    0.0014585466
   -0.0009808442
    0.0020216618
   -0.0011421269
   -0.0017556336
   -0.0010432056
   -0.0012272381
   -0.0033936545
    0.0030866920
    0.0039388379
    0.0046810298
    0.0050514750
    0.0060309584
    0.0062899272
    0.0047772657
    0.0050972856
    0.0052392558
    0.0070985611
    0.0061252504
    0.0041654211
    0.0061467559
    0.0062459252
    0.0062084437
    0.0067073876
    0.0065476492
    0.0048540217
    0.0063137347
    0.0074149852
    0.0067405181
    0.0061835179
    0.0060998654
    0.0060568292
    0.0068693477
   -0.0046342551
   -0.0069876326
   -0.0065126580
   -0.0007496322
    0.0002841022
   -0.0032958703
   -0.0020765141
   -0.0043241455
   -0.0037149013
   -0.0045664239
   -0.0067279239
   -0.0026938313
   -0.0027354205
   -0.0024429914
   -0.0073686140
   -0.0045755671
   -0.0087860485
   -0.0055592739
   -0.0042579778
   -0.0041915014
   -0.0052658419
   -0.0089721021
   -0.0039061094
   -0.0047544682
   -0.0048060152
   -0.0019758054
   -0.0046043206
   -0.0042976475
   -0.0002738341
   -0.0043368620
   -0.0057336416
   -0.0033267701
   -0.0035648156
   -0.0054409026
   -0.0032333721
   -0.0046021467
   -0.0032468633
   -0.0067897762
   -0.0026362956
   -0.0110709071
   -0.0051761812
   -0.0096094590
   -0.0042721470
   -0.0060347654
   -0.0069414207
   -0.0029399505
    0.0006775091
   -0.0030215339
   -0.0046453437
   -0.0061306697
   -0.0123522494
   -0.0128903374
   -0.0067523938
   -0.0049286779
   -0.0056727982
   -0.0059382749
   -0.0055199434
   -0.0063455390
   -0.0055460292
   -0.0066234687
   -0.0061309056
   -0.0053851788
   -0.0086319483
   -0.0017490175
   -0.0060119799
   -0.0065758297
   -0.0071598876
   -0.0051989204
    0.0002296318
   -0.0082595568
   -0.0062699567
   -0.0055281838
   -0.0013267703
   -0.0021173599
   -0.0018180721
   -0.0050849641
   -0.0062429232
   -0.0123713944
   -0.0037833155
   -0.0090053789
   -0.0101565414
   -0.0005901575
   -0.0077624897
   -0.0041700570
   -0.0074550466
   -0.0014391584
   -0.0065312365
   -0.0029179412
   -0.0042187834
   -0.0054527969
   -0.0035562462
   -0.0017605577
   -0.0065622667
    0.0036817769
    0.0034209223
    0.0038145194
    0.0041059714
    0.0032280453
    0.0031274733
    0.0041857436
    0.0030922117
    0.0046354705
    0.0040735981
    0.0040739192
    0.0045612925
   -0.0023737456
   -0.0017853460
    0.0029194689
   -0.0011959179
   -0.0024261794
    0.0022388031
   -0.0002602320
   -0.0018599095
   -0.0011249227
   -0.0013705647
   -0.0014425119
   -0.0013832392
    0.0032020925
    0.0030030343
   -0.0085326406
    0.0000134335
   -0.0002246514
   -0.0057372306
    0.0033519199
    0.0004144352
   -0.0033014215
   -0.0013632071
   -0.0015278751
   -0.0027838853
    0.0040479810
    0.0027472316
   -0.0019689229
   -0.0048032608
   -0.0009122109
   -0.0015007107
   -0.0023888651
   -0.0012191317
   -0.0020340792
    0.0022462244
    0.0040441166
   -0.0013589194
   -0.0023119951
    0.0004283940
    0.0035231129
   -0.0017406555
   -0.0033634533
   -0.0035249128
    0.0023309670
   -0.0012875758
   -0.0008873678
   -0.0011538074
    0.0024488250
   -0.0005032360
    0.0011987915
   -0.0007699461
   -0.0012179784
    0.0014444250
   -0.0013957634
   -0.0024366337
    0.0026367878
   -0.0022522159
   -0.0010933962
    0.0024423600
   -0.0032059396
   -0.0023669838
    0.0008374591
   -0.0017777148
   -0.0004192037
   -0.0003522730
    0.0025904182
    0.0011413542
    0.0013607409
   -0.0044873112
   -0.0066558225
   -0.0016917151
   -0.0014200381
   -0.0003422588
   -0.0011440563
   -0.0015716650
   -0.0029612817
   -0.0020829276
   -0.0029687702
   -0.0008912845
   -0.0008718128
   -0.0017251544
   -0.0019977205
   -0.0092413770
   -0.0013286839
   -0.0020326083
    0.0001710512
    0.0004160760
   -0.0010969699
    0.0032494962
   -0.0001689539
    0.0000119808
    0.0038106170
    0.0019517768
   -0.0056862595
   -0.0042032662
   -0.0015885049
   -0.0010063894
    0.0005122272
    0.0036368518
   -0.0028622173
   -0.0028951718
   -0.0022659962
   -0.0015831479
   -0.0080679830
    0.0015498384
    0.0040186484
    0.0001011150
   -0.0014947057
   -0.0017768227
   -0.0001447440
   -0.0017246327
   -0.0043505889
    0.0051858323
    0.0024687643
   -0.0017539386
   -0.0039400711
   -0.0023616748
   -0.0019670665
   -0.0008397004
   -0.0032923579
   -0.0008437574
   -0.0042571368
   -0.0006279911
   -0.0069483371
   -0.0027642195
   -0.0013216374
   -0.0011935335
   -0.0029748051
    0.0034510690
   -0.0030842701
   -0.0004530698
   -0.0010369541
   -0.0013357367
   -0.0016209323
   -0.0026064518
   -0.0012232762
    0.0005630591
    0.0008616893
   -0.0014588399
   -0.0111775425
   -0.0153676418
   -0.0078025878
   -0.0130577059
   -0.0091472382
   -0.0123168044
   -0.0091489069
   -0.0006482798
   -0.0002025240
   -0.0007485778
   -0.0005736980
   -0.0002265889
   -0.0001915329
    0.0000662197
   -0.0002922552
   -0.0009004197
   -0.0001623258
    0.0000806292
   -0.0003814012
   -0.0005449615
   -0.0003126389
   -0.0004757249
   -0.0003449840
   -0.0004217364
   -0.0006919134
    0.0020659929
    0.0028250981
    0.0035100833
    0.0027151022
    0.0038254169
    0.0051656692
    0.0027035583
    0.0022271904
    0.0018251469
    0.0013370007
    0.0027550991
    0.0037971825
    0.0026882805
    0.0033881945
    0.0010271228
    0.0021229974
    0.0018402989
    0.0034115986
    0.0025071681
    0.0023911375
    0.0023223733
    0.0033611268
    0.0016110435
    0.0139399877
    0.0099888279
    0.0102650160
    0.0087091826
    0.0076242360
    0.0154396030
    0.0117904540
    0.0120118566
    0.0150512634
    0.0128035359
    0.0126956973
    0.0097964345
    0.0136075368
    0.0143131210
    0.0138982456
    0.0093698506
    0.0099579742
    0.0080207021
    0.0074519696
    0.0154783273
    0.0094330483
    0.0083367254
    0.0111092093
    0.0069203384
    0.0069171733
    0.0139339948
    0.0152816824
    0.0160099177
    0.0122399039
    0.0147623559
    0.0136044518
    0.0047028815
   -0.0112687040
   -0.0065300759
   -0.0143405610
   -0.0103045626
   -0.0138299377
   -0.0107481198
   -0.0009826001
   -0.0070947806
    0.0039066919
   -0.0047199842
   -0.0024911643
   -0.0007614326
   -0.0111066120
    0.0043426529
   -0.0151350598
   -0.0006360795
    0.0088561939
    0.0035059369
    0.0043895026
   -0.0151919893
    0.0036481689
   -0.0149552078
   -0.0042992009
   -0.0093670843
   -0.0016978562
    0.0060534389
   -0.0140819611
   -0.0148951355
   -0.0146598173
   -0.0139057100
   -0.0032562249
   -0.0140528251
   -0.0058961146
    0.0057455683
   -0.0017133594
    0.0089635809
   -0.0066088562
   -0.0149630404
    0.0012029806
    0.0077996351
   -0.0115769030
   -0.0135590124
   -0.0129936438
   -0.0061709591
   -0.0139914221
   -0.0101976753
   -0.0080212275
   -0.0117089620
   -0.0134641414
   -0.0122422301
    0.0000927512
   -0.0079996693
   -0.0088892326
   -0.0112472481
   -0.0053717800
    0.0029496805
   -0.0073665561
   -0.0098016654
   -0.0101973813
    0.0048070253
   -0.0126319061
    0.0021283647
   -0.0142473526
   -0.0074822399
   -0.0134204971
   -0.0143134636
   -0.0059212904
   -0.0132564214
   -0.0128134209
   -0.0016171912
   -0.0013119565
   -0.0053236575
   -0.0116396379
    0.0076062711
    0.0062688332
    0.0044968890
   -0.0128172156
   -0.0077320140
   -0.0028759187
   -0.0079572588
   -0.0005366693
   -0.0115976457
   -0.0029646441
   -0.0148012712
    0.0045758650
   -0.0138321988
    0.0054196694
    0.0029845733
   -0.0074386754
    0.0027549480
    0.0035498702
   -0.0093822189
   -0.0017629364
   -0.0111848178
    0.0037583042
   -0.0129981761
   -0.0148756110
   -0.0071622815
   -0.0143958687
   -0.0024280939
    0.0016880271
    0.0031609090
   -0.0149040695
   -0.0150813664
   -0.0113223542
   -0.0006818453
   -0.0131425892
   -0.0070786226
   -0.0132966356
   -0.0076651292
   -0.0152828229
   -0.0131435016
   -0.0075216485
   -0.0124710883
   -0.0099406336
   -0.0053342670
   -0.0115681228
   -0.0147595119
    0.0077499689
    0.0046510964
    0.0061540423
    0.0049678164
    0.0119847137
   -0.0062029557
    0.0047482122
    0.0052716337
    0.0047586559
    0.0077958382
    0.0075787885
    0.0044988706
    0.0102629209
    0.0128454814
    0.0052392559
    0.0056673666
    0.0057752947
    0.0043947684
    0.0041159809
    0.0059207155
    0.0052429935
    0.0043763017
    0.0053043063
    0.0037231423
    0.0039375501
    0.0043413622
    0.0033965981
    0.0125276342
   -0.0026639605
    0.0041709261
    0.0003144324
    0.0029617760
    0.0045923934
    0.0048431252
    0.0053334779
    0.0089736169
    0.0036108171
    0.0038095412
    0.0043942385
    0.0044839827
    0.0043963099
    0.0099624975
    0.0054979389
    0.0101793261
    0.0095646232
    0.0021882172
    0.0048730728
    0.0040759598
    0.0059916724
    0.0052963012
    0.0063733125
    0.0138507284
    0.0060549582
    0.0025094138
    0.0062002806
    0.0049621725
    0.0080215549
    0.0046490953
    0.0045814518
    0.0076816296
    0.0005888168
    0.0034962157
    0.0034780448
    0.0066858035
    0.0036998481
   -0.0044722573
    0.0078788694
    0.0040143716
    0.0058613192
    0.0040917938
    0.0051879187
    0.0065120049
    0.0030447534
    0.0060138578
    0.0072196382
    0.0070619809
    0.0141137090
    0.0072410217
    0.0096610408
    0.0053479817
    0.0063746397
    0.0075815076
    0.0047388356
    0.0013708993
    0.0068838299
    0.0055654730
    0.0073652699
    0.0045127287
    0.0061922131
    0.0128496861
    0.0015392297
    0.0050874973
    0.0054382849
    0.0050923186
    0.0050654409
    0.0051462130
    0.0044757985
    0.0136948079
    0.0064270209
    0.0118562441
    0.0101750596
    0.0035350703
    0.0014983022
    0.0110069809
    0.0061109577
    0.0069199057
    0.0034889087
    0.0045541825
    0.0067256800
    0.0109849774
    0.0045533343
    0.0043186775
    0.0091058818
    0.0046767934
    0.0087419100
    0.0061014080
    0.0071670591
    0.0043469298
    0.0054715140
    0.0033946516
    0.0056736168
    0.0043389489
    0.0068201339
    0.0070842934
   -0.0016155381
    0.0066743988
    0.0060565069
    0.0047855325
    0.0131429087
    0.0054799322
    0.0129926383
   -0.0020695238
    0.0083563179
    0.0017711570
    0.0082144694
   -0.0022358143
    0.0120264861
   -0.0006126876
    0.0057703630
    0.0062866869
    0.0062966185
    0.0053133092
    0.0072120530
    0.0060605832
   -0.0041166905
   -0.0005764023
    0.0001861719
    0.0006950138
   -0.0002303402
   -0.0010569765
    0.0041608604
    0.0041350114
   -0.0001940914
    0.0027294779
    0.0008111205
    0.0043481570
   -0.0078605271
   -0.0000092709
    0.0000285790
   -0.0069037452
    0.0037600101
    0.0017823734
   -0.0009033593
    0.0012688160
   -0.0026616324
   -0.0027095478
   -0.0012088937
   -0.0070759658
    0.0027976974
   -0.0021048415
   -0.0022333799
   -0.0117766868
    0.0011629034
   -0.0066024100
    0.0031413273
   -0.0071364335
   -0.0009967287
   -0.0006765038
    0.0019796978
   -0.0024394956
   -0.0026970008
   -0.0015932514
   -0.0018729252
    0.0018655007
    0.0023511544
   -0.0020678660
   -0.0004663290
   -0.0025572950
   -0.0004259457
   -0.0006615661
   -0.0108637159
    0.0000188702
    0.0004275023
   -0.0047678900
    0.0023609837
   -0.0001171488
    0.0026593032
    0.0012818707
   -0.0023602927
    0.0023906715
    0.0037348525
   -0.0028648867
   -0.0082825569
   -0.0020603380
    0.0031220447
   -0.0010810155
   -0.0004421829
   -0.0016828326
    0.0020334086
   -0.0018019458
    0.0033644598
   -0.0017058239
   -0.0068778248
    0.0028056651
    0.0026547233
   -0.0018419287
   -0.0001548040
   -0.0014003131
   -0.0009510320
   -0.0009322068
    0.0023864817
   -0.0033721950
    0.0027124798
   -0.0015107147
   -0.0017271025
    0.0013789560
    0.0002498365
   -0.0090369253
   -0.0021937441
   -0.0040463487
   -0.0010612246
   -0.0040141937
    0.0021351886
    0.0011134249
   -0.0050805399
   -0.0044802566
   -0.0018252169
    0.0040872202
   -0.0012384713
   -0.0014198159
   -0.0049092790
    0.0041043812
    0.0000426209
    0.0014781181
    0.0043855553
   -0.0000547271
    0.0037938181
    0.0036733668
   -0.0040936752
   -0.0007889886
    0.0005032467
    0.0020771229
    0.0015008419
   -0.0006759805
   -0.0001360052
    0.0039738119
    0.0016948228
    0.0025541366
   -0.0003621002
   -0.0029110426
   -0.0005454303
    0.0022694709
   -0.0018271650
    0.0011867070
   -0.0001961272
   -0.0082223829
   -0.0076727968
    0.0000171871
   -0.0009722989
   -0.0060417289
   -0.0012280307
    0.0031109418
    0.0005271001
   -0.0052535389
   -0.0009519906
   -0.0045618387
   -0.0098796129
    0.0001302118
   -0.0014124224
   -0.0012413992
    0.0010693869
   -0.0045289006
   -0.0005012288
   -0.0086369610
   -0.0025959634
   -0.0075243243
   -0.0040855250
   -0.0044009620
   -0.0014675457
    0.0006381087
   -0.0035885538
   -0.0041267870
   -0.0041286363
   -0.0010618881
   -0.0033546377
   -0.0060862546
    0.0002608865
   -0.0044855872
   -0.0070832954
   -0.0044515845
    0.0001470560
   -0.0033215097
   -0.0056053604
   -0.0046532505
   -0.0003692426
   -0.0124942852
   -0.0049810474
    0.0002765129
   -0.0012908933
   -0.0010630980
   -0.0039310962
   -0.0046309079
   -0.0021061189
   -0.0020448542
   -0.0105395459
   -0.0092295609
   -0.0074504008
   -0.0047621923
    0.0000226913
   -0.0031363757
    0.0006506681
   -0.0037146130
   -0.0048663555
   -0.0073591701
   -0.0062797372
   -0.0050677103
   -0.0037888269
   -0.0013694705
    0.0007332483
    0.0002153915
   -0.0051624260
   -0.0003694575
   -0.0009419164
   -0.0077914861
   -0.0044679122
   -0.0131845942
   -0.0106170790
   -0.0016317317
   -0.0064769409
   -0.0033909227
   -0.0018689152
   -0.0024731469
   -0.0009421890
   -0.0011133850
   -0.0014816804
   -0.0004802102
   -0.0090506746
   -0.0027400685
   -0.0044055475
   -0.0007390779
   -0.0021132246
   -0.0014048014
   -0.0007026111
    0.0005633274
   -0.0057038993
   -0.0035393049
   -0.0003543305
    0.0001933529
   -0.0000485092
   -0.0116410644
   -0.0066601834
   -0.0019446282
   -0.0063079108
   -0.0037942935
   -0.0002576779
   -0.0070427576
   -0.0044294237
   -0.0016589857
   -0.0047247692
   -0.0025195144
   -0.0047817978
   -0.0071628396
   -0.0144850304
   -0.0032405693
   -0.0078207190
   -0.0005671249
    0.0000265295
   -0.0073923893
   -0.0052164640
   -0.0027685593
   -0.0027360105
   -0.0023091898
   -0.0108046515
   -0.0054795104
   -0.0057671997
   -0.0032653724
   -0.0018981006
    0.0029421532
   -0.0022020339
    0.0009768585
   -0.0050451863
   -0.0012925735
   -0.0014895308
   -0.0011665005
   -0.0012177530
   -0.0039884261
    0.0018189457
   -0.0006897552
    0.0007515945
    0.0002693421
   -0.0020198296
    0.0032784500
    0.0006463639
   -0.0022061099
   -0.0024173768
   -0.0018714159
   -0.0017432384
   -0.0042253737
   -0.0003119238
   -0.0004996601
    0.0006200855
    0.0013695720
    0.0015601988
   -0.0039046081
    0.0011138774
   -0.0008362370
    0.0027639165
   -0.0007979393
    0.0027900286
   -0.0021452543
   -0.0011542813
   -0.0014881819
   -0.0009815187
    0.0026274983
   -0.0053702034
   -0.0016226960
    0.0020755279
   -0.0011721512
   -0.0011367140
   -0.0012878412
   -0.0012364915
    0.0004365212
   -0.0011371162
   -0.0012578989
   -0.0020906137
   -0.0008432436
   -0.0013487729
    0.0000886400
    0.0019858175
   -0.0013841164
   -0.0056155280
    0.0023728123
    0.0013656002
   -0.0012929038
    0.0015203027
   -0.0014081137
    0.0022672652
   -0.0017144153
    0.0012833405
   -0.0011125562
   -0.0001026264
   -0.0012389000
    0.0013915032
   -0.0009236440
   -0.0002862197
   -0.0058470401
   -0.0031469941
   -0.0008754404
   -0.0016643075
    0.0035898086
    0.0031567309
    0.0004954708
   -0.0000005355
   -0.0032356702
   -0.0012032605
   -0.0018414506
   -0.0042839745
   -0.0031399795
   -0.0000306533
    0.0001285279
   -0.0007946156
   -0.0077905615
   -0.0013142414
   -0.0000125660
   -0.0008229748
   -0.0011028269
    0.0036468554
   -0.0030265577
   -0.0007700395
   -0.0047853870
    0.0004202606
    0.0011491327
    0.0007899053
   -0.0003134840
   -0.0016147773
    0.0007845365
   -0.0006852605
    0.0021121633
   -0.0011719718
   -0.0009040368
   -0.0021232307
   -0.0004438331
   -0.0014980545
    0.0002560864
   -0.0022320728
   -0.0019425691
   -0.0013448279
   -0.0003630874
   -0.0014665316
   -0.0009927889
   -0.0021110614
   -0.0010213596
    0.0001907656
   -0.0010212663
    0.0031337176
   -0.0003103868
   -0.0009457353
   -0.0012183578
    0.0018269287
   -0.0009983056
   -0.0014174213
   -0.0006643042
    0.0014838737
    0.0000279921
   -0.0051678419
    0.0049431270
    0.0041873780
   -0.0042511115
   -0.0079127677
   -0.0015756201
   -0.0030036287
    0.0019570803
    0.0039713520
    0.0010271359
    0.0013011459
    0.0029760673
   -0.0012079849
    0.0001294716
    0.0011068415
    0.0027125290
   -0.0016843428
    0.0009247769
   -0.0007274020
   -0.0038211433
   -0.0017380913
    0.0017614614
    0.0006235873
    0.0015680223
    0.0031988547
   -0.0003434475
    0.0003470958
   -0.0010273727
   -0.0014332134
    0.0001902062
    0.0019268772
    0.0009323402
    0.0002708882
   -0.0000736607
   -0.0018422868
   -0.0060857565
   -0.0018118335
    0.0001734597
    0.0034162777
    0.0028556919
   -0.0018419508
   -0.0009209411
   -0.0013101289
   -0.0019833499
    0.0027352895
   -0.0020178775
   -0.0003773782
    0.0018955293
    0.0017988928
   -0.0050062904
   -0.0017876143
   -0.0010352594
   -0.0030903094
   -0.0010172916
   -0.0007677948
    0.0024478580
   -0.0006474711
   -0.0018449680
    0.0005394711
   -0.0010799346
   -0.0051126137
    0.0013074230
   -0.0012368721
   -0.0013714746
   -0.0028316732
    0.0021887352
   -0.0003408896
   -0.0015880799
   -0.0013397636
    0.0030335160
   -0.0014920568
   -0.0001768879
    0.0000121881
    0.0024852082
    0.0013262852
    0.0019865355
   -0.0035592827
   -0.0008253318
   -0.0009066963
    0.0029252104
    0.0006301117
    0.0038907103
    0.0016564815
    0.0013098985
   -0.0011066307
   -0.0037842520
   -0.0000385925
