1.996990 -2.812006 0.002846
3.845566 -1.929909 0.067462
3.315507 -2.197457 0.773439
2.507525 -1.642898 1.446990
2.584577 -2.644801 -0.952261
1.602346 -2.570807 0.399169
3.800668 -1.528776 0.629085
3.310976 -2.553204 -0.338826
1.976454 -2.194912 1.121464
3.242401 -1.668834 -1.504405
3.169487 -2.062721 -1.339021
2.999027 -2.083278 -1.425132
3.857126 -0.484816 -0.473032
3.364976 -2.300268 0.584939
3.941410 -0.617863 -0.090484
3.694679 -1.023810 -1.169179
3.797045 -1.877477 -0.680786
3.694392 -2.192831 -0.038261
3.165927 -2.623633 0.135578
2.269750 -1.924707 1.341998
4.016887 -0.910327 -0.100013
2.705930 -2.721498 0.409752
3.903223 -1.559964 -0.704953
3.381078 -1.175209 -1.607540
2.885729 1.012234 -1.115836
0.313820 -2.248132 -0.476764
2.495013 -1.576111 -2.177235
3.426821 0.365540 -1.175796
2.649420 0.001554 -2.255216
2.956713 0.776895 -1.443146
1.365590 0.309672 -2.357989
1.012333 -2.478456 0.314384
2.068785 -2.204338 -1.822683
3.714010 -0.026194 -0.636515
3.661437 -0.164384 0.153885
0.788820 -2.541265 -0.311690
3.042562 -1.554760 -1.797233
2.644447 0.925032 -1.572135
0.759147 -0.138975 -2.326755
2.414104 -0.807644 -2.451917
1.889160 -0.117670 -2.524168
2.875740 -1.042493 -2.169700
1.200072 -0.384798 -2.527242
1.662594 0.458885 -2.303938
3.107795 -0.504494 -2.035891
2.763897 1.174259 -0.852727
0.724070 -2.165971 -1.566184
3.617100 -0.710539 -1.331518
3.124268 0.523912 -1.532130
3.513575 0.092806 0.341992
1.659985 -2.672598 -1.000657
1.683613 -2.738336 -0.359387
0.920116 0.448141 -2.148365
0.886371 -2.304517 0.556193
1.169190 -2.613147 0.055206
1.495923 -1.319265 -2.464980
1.413415 -0.342993 -2.560107
1.315396 -0.065379 -2.490185
2.970342 0.538610 -1.700966
1.542649 -0.789468 -2.582157
2.855858 -1.636414 -1.910711
0.848418 -1.936999 -1.911721
3.549106 0.363709 -0.719899
2.447628 -0.307678 -2.425058
2.528342 -1.171325 -2.333711
0.545356 -2.373885 -0.078251
1.312475 -2.612792 -1.096005
1.098809 -2.324087 0.660314
2.747198 0.239984 -2.094346
1.615143 -2.705611 -0.083921
3.261762 0.800164 -0.590699
1.493331 0.744365 -2.094367
3.549713 0.269459 0.021768
3.335152 -0.412650 -1.782609
3.394148 0.145429 -1.465653
2.328169 -1.440422 -2.314447
2.153280 0.844344 -1.940924
2.074421 -2.602674 -1.106444
2.241429 -1.047934 -2.470439
2.410815 0.542917 -2.094091
1.790165 -0.375215 -2.577232
2.587924 -0.409113 2.420257
0.830867 0.411880 2.949627
0.788566 1.335716 2.620550
2.239763 -1.527687 1.932325
3.085010 1.111930 -0.323786
1.801675 -0.186917 2.873436
0.542207 0.910081 2.770858
3.515288 0.121489 0.549568
2.228771 2.191394 0.218428
2.159940 -0.422192 2.688906
3.405670 -0.421060 1.085242
-0.443900 0.193882 2.386359
1.564661 -2.198349 0.978126
2.503695 -0.654904 2.398117
2.487064 1.318051 -0.937000
1.677197 0.488364 2.895340
2.953221 1.428944 -0.186348
1.979901 -1.830072 1.692420
2.428811 -0.963734 2.291394
-0.136766 0.174461 2.618370
1.931845 -1.252198 2.387670
0.527064 -2.184569 0.493161
1.183707 -2.228490 1.030150
3.302929 -0.612781 1.272831
1.347275 0.336469 2.968309
2.205319 -0.126218 2.720959
1.331977 1.916558 2.149125
2.792878 1.674658 -0.085661
2.672059 -1.240494 1.821558
2.313680 2.067579 -0.068844
1.831855 0.692825 2.809229
2.965432 -0.411087 2.037445
2.828168 -0.769650 2.029989
3.042164 -0.851947 1.656694
1.960566 -0.800174 2.645395
2.201221 1.548474 -0.963431
1.747547 0.044833 2.907305
1.175108 1.258344 2.694328
2.171580 1.977876 -0.447937
1.644063 0.824071 2.822081
0.618894 0.708551 2.853821
3.033880 -0.987594 1.530465
3.433406 0.638121 0.275013
0.692394 1.667019 2.355694
-0.686190 3.063965 -0.881315
-0.569943 2.316548 -1.808489
-0.602948 0.418717 2.307134
-1.438257 2.663562 -0.797069
1.668413 2.593571 0.776742
-0.630923 2.494613 -1.651094
-0.640966 3.254417 -0.343997
1.638189 2.763710 0.041139
0.904669 0.766407 -2.108668
-1.370616 2.842673 -0.507550
-0.531345 0.663680 2.377260
-0.682163 3.281813 0.000001
-1.243125 3.011812 0.313332
-1.027004 2.960873 -0.777833
0.829187 2.066617 2.067580
1.800359 2.413776 0.836790
0.990847 1.014186 -2.086208
0.440615 3.291816 0.634528
-1.058041 2.744676 -1.127573
-1.289773 2.734928 -0.889460
0.720146 2.973661 1.246435
-1.701596 2.550719 0.643270
-0.986116 3.140609 -0.234190
1.225397 2.540775 1.466060
-0.613471 3.293023 0.313722
2.453286 2.232100 0.565514
2.160588 2.353573 1.409200
2.504578 1.278790 2.541314
2.924388 1.812195 0.295578
3.397176 1.323566 1.557755
3.439519 0.168261 1.458183
2.553156 2.233060 1.439136
3.472467 0.138045 1.180411
3.336406 0.711684 1.948844
2.600635 1.930055 2.016355
1.689733 1.321038 2.629840
2.604686 1.088766 2.555816
3.052542 1.946055 0.940879
2.591866 2.108091 1.738251
1.897634 2.406093 1.150385
2.705683 2.180787 1.332255
3.556966 0.556411 1.312989
1.538611 2.243047 1.700173
3.130295 1.434680 1.976417
1.888108 1.565185 2.528992
3.161005 1.836204 1.181230
2.916824 2.017549 0.709773
1.819514 2.382406 1.351924
3.345380 0.424082 1.878800
2.483031 2.034175 0.189538
3.250546 0.008136 1.771712
2.336643 2.165829 1.825464
-0.503470 -0.881511 2.434516
1.451811 -1.614473 2.479444
0.294053 -1.308528 2.802237
1.098212 -0.977700 2.961419
1.335725 -0.704510 2.940449
0.050724 -0.687766 2.889428
1.367240 -0.947537 2.886724
0.749801 -0.801166 3.032854
0.112412 -2.112394 1.307174
1.292700 -2.031447 1.982600
-0.201520 -0.583195 2.750020
0.768284 -0.103149 2.986074
0.463321 -0.703215 3.018195
0.779674 -0.353856 3.036881
1.041800 -2.216570 1.426225
1.283026 -1.766273 2.416218
1.274729 -1.492327 2.669239
0.881015 -1.387727 2.827707
-1.915138 -0.887491 -2.501611
-1.941700 0.362063 -2.821056
-1.582132 0.712924 -2.880894
-1.676957 -0.218452 -2.844791
-1.712725 0.062314 -2.880842
-2.120616 -1.309526 -2.050078
-2.624631 -0.852548 -2.051834
-0.314552 -1.918022 -0.941310
-2.576586 0.112268 -2.470471
-2.228344 0.642063 -2.667575
-2.267531 -0.959199 -2.267244
-2.463900 0.671569 -2.520775
-1.571374 -0.079227 -2.893654
-2.725136 1.895501 0.163484
-2.388626 1.938929 0.587879
-1.473899 0.431688 -2.933688
-2.021735 -1.209410 -2.209592
0.291913 0.994247 -2.347172
-1.084495 2.003464 -2.228359
-3.145033 0.421705 -1.854771
0.004156 1.041234 -2.528147
-2.553673 -0.660898 -2.245069
-3.162430 0.153220 -1.827311
-2.091074 2.043895 0.708699
-2.593346 -0.096589 -2.426394
-2.110499 -1.035746 -2.306386
-1.007101 0.596465 -2.937909
-2.248861 2.154896 0.386373
-2.923901 1.571539 0.325555
-0.334609 0.687622 -2.785692
-1.908994 0.839209 -2.764720
-1.117446 1.812367 -2.407643
0.462053 0.541348 -2.324651
-1.441547 1.195561 -2.760190
-0.508758 0.942909 -2.780989
-1.404501 1.646787 -2.516131
-0.160656 -1.879890 -0.717713
-1.778084 -1.626349 -1.846728
1.489180 2.319815 -1.800993
0.626262 2.548764 -2.063798
1.709106 2.199293 -1.634553
0.434542 3.380735 -0.771742
-0.016043 2.147593 -2.166823
1.922635 2.471689 -0.955898
1.916654 1.688491 -1.463376
0.888134 2.288965 -2.136745
-0.438026 2.564049 -1.747232
0.887461 2.872207 -1.753393
1.221883 3.172927 -0.296839
1.244731 3.193937 -0.697111
0.279858 2.845011 -1.841181
1.366467 1.811437 -2.032050
0.560126 3.310535 -1.113564
2.005455 1.840865 -1.274926
0.209535 3.346793 -0.350527
1.606794 1.154870 -1.719327
1.119044 1.765052 -2.164615
1.719939 1.350063 -1.676075
0.076925 3.180719 1.323844
0.494949 2.926078 1.536573
-0.164823 2.043483 2.536883
-1.061642 3.071060 1.309005
-1.892179 1.644938 1.568015
-0.450902 1.972924 2.560262
-0.483216 3.270837 1.068031
-0.642842 3.255574 0.917258
-1.438700 2.630123 1.674594
-1.743140 2.527725 0.936900
0.007291 1.985468 2.523681
-0.591384 1.445775 2.578928
-1.264236 2.596263 1.916529
-0.246113 3.145130 1.585006
-1.058801 0.986966 2.313397
-0.779375 2.944235 1.836787
-2.756548 1.531443 0.899686
-1.293868 -1.904284 -1.562915
-3.627367 -2.105758 1.132859
-1.501276 -2.647247 -0.845525
-3.824266 0.587765 -0.433589
-2.229894 -2.443872 1.857571
-3.892764 -0.874142 1.673320
-2.373704 -1.598473 -1.786142
-1.500209 -1.268853 2.595318
-3.615597 -1.223827 1.920074
-4.234324 -0.706568 0.949010
-1.387924 -1.721767 2.387561
-0.898926 -0.667305 2.486534
-4.167674 -0.068068 -0.253786
-2.349187 -2.256868 -1.344594
-1.125260 -2.727549 -0.441999
-3.417587 -2.262784 1.239040
-3.657582 0.783905 -0.486871
-3.475620 0.216171 -1.259112
-2.936253 -1.312972 2.391824
-1.637317 -0.722902 2.703305
-0.892587 -2.337819 -0.948159
-4.116451 -0.901469 1.253391
-2.919034 -2.238906 1.796210
-3.768290 0.864175 0.094386
-2.995683 -2.752935 0.534371
-3.712358 0.546172 -0.712001
-3.577072 0.276151 -1.119369
-2.224451 -2.961070 0.734829
-1.628948 -2.146184 -1.466681
-3.892363 -1.145209 1.594481
-3.777837 0.736211 0.970840
-3.181701 -1.684130 2.075435
-4.137623 0.089965 0.879518
-3.330648 -1.604076 2.007168
-1.967959 -2.756370 -0.727906
-4.113298 -0.621508 1.299770
-1.574326 -1.081080 2.652954
-1.728678 -2.979894 0.015964
-2.265499 -2.409122 -1.203785
-4.025316 -0.878749 1.452202
-3.469200 0.416456 -1.142596
-1.233050 -1.430006 2.473335
-0.572026 -2.010027 -1.038248
-3.118304 -2.511456 1.196372
-2.229593 -2.815859 -0.553880
-3.206671 1.313093 0.856293
-4.176458 -0.274389 1.056005
-3.664149 0.365831 -0.950883
-3.608436 -1.055031 1.980909
-1.214687 -0.389225 2.599396
-1.485747 -2.387690 -1.198919
-1.765800 -0.931723 -2.605060
-0.889139 -1.705846 -2.310645
-0.294365 -1.579956 -2.385189
-0.338621 -1.201609 -2.764982
-1.317493 -0.273228 -3.007922
-0.770439 -0.863400 -2.999623
0.043235 0.043748 -2.858742
-0.648315 -0.459787 -3.089124
-0.048918 -1.076200 -2.721150
-1.381005 -0.006806 -2.959231
-0.030069 -1.768447 -1.716181
-0.823802 -1.600371 -2.466227
-0.280173 -0.703995 -2.975902
-1.665019 -1.525523 -2.108727
-1.148025 -0.217886 -3.055996
-1.434789 -0.984728 -2.794108
-0.892030 -0.469050 -3.087081
-1.112082 -0.686735 -3.015746
-0.305594 0.094123 -2.993410
-3.379635 0.928596 -1.576870
-2.141499 2.589514 -0.448764
-2.516769 2.444379 -0.413898
-3.242816 1.324510 -0.167377
-3.176493 1.260272 -1.940814
-3.171466 0.705785 -1.917243
-3.009677 1.764959 -1.912346
-2.838150 1.936139 -0.017701
-2.275983 0.933121 -2.602698
-2.744597 2.393314 -1.310441
-1.722981 2.487206 -1.833138
-2.428201 2.278727 -0.048062
-3.301407 0.617120 -1.638851
-3.335112 1.605051 -0.584618
-2.992068 2.126680 -0.513200
-1.426363 2.131293 -2.206960
-1.907244 2.649245 -0.536805
-2.409977 2.217083 -2.023624
-3.247226 1.511803 -0.268145
-4.090185 -2.110212 -0.244063
-3.325485 -1.240065 -1.755385
-3.817496 -2.352040 -0.436811
-4.346149 -0.526490 -0.526902
-4.464574 -0.927794 -0.164640
-3.270668 -0.641929 -1.731712
-4.135908 -1.484792 -1.079774
-4.308201 -0.354728 0.002730
-3.694690 -2.330955 -0.775310
-3.829026 -0.091817 -1.082063
-4.137025 -1.302748 -1.144964
-3.598867 -2.444424 0.295800
-4.427870 -0.749273 0.040521
-3.849198 -2.271840 -0.627434
-4.028174 -1.907113 0.568107
-3.860020 -2.071147 0.620304
-3.869615 -0.005421 -0.925854
-3.320907 -2.620790 -0.441785
-1.024656 -2.632697 1.863967
-1.649100 -3.043795 0.231161
-1.583163 -3.123022 0.687311
-1.820351 -3.031319 0.350024
-0.058331 -2.472736 1.110949
-0.904133 -2.864417 -0.116915
-1.970590 -2.583053 1.777879
-0.022952 -2.084857 1.543603
-0.831659 -3.055879 0.538185
-0.479062 -2.040598 2.024589
-0.663059 -1.450341 2.239906
-1.268577 -3.139283 0.648030
-1.362754 -3.100044 1.069986
-1.473191 -1.949241 2.302094
-0.531197 -2.715954 1.476083
-0.993415 -1.843722 2.300148
-3.577907 -0.768461 2.073139
-1.825185 0.405424 2.740783
-2.889966 1.178903 2.139618
-3.533553 0.745237 1.992252
-1.683382 0.662307 2.575820
-3.253108 -0.695136 2.458903
-2.368107 1.586469 1.230209
-2.896354 1.479061 1.273556
-2.683318 0.109239 2.834159
-3.600033 0.324112 2.195937
-1.913546 0.597230 2.690766
-3.443583 0.265070 2.392488
-1.499634 0.560309 2.531628
-1.960279 0.940040 2.489452
-2.529124 1.557355 1.435885
-2.730135 1.345600 1.967677
-1.867530 -0.472215 2.786518
-2.894773 1.393112 1.728013
2.625372 -3.080036 -0.088994
2.635879 -3.075708 -0.287458
3.986797 -1.609545 -1.085606
4.163876 -1.813973 0.010710
3.749287 -1.586859 -1.422129
4.186198 -1.066836 0.420053
1.989021 -3.052845 -0.363373
4.075311 -0.616097 0.491147
3.419040 -1.987958 1.221348
4.211515 -1.667172 -0.302603
3.813458 -1.976357 -1.130093
3.811108 -2.435341 -0.223005
3.025016 -1.746789 1.548352
3.469390 -2.450858 -1.077540
2.966061 -2.743081 0.774343
3.912404 -0.549557 0.776098
3.872664 -2.047822 -0.963806
4.149316 -0.600552 -0.546333
2.198462 -2.747591 0.935470
3.322124 -2.242777 1.115746
3.723425 -2.482307 0.200100
4.235235 -1.087255 0.239440
3.219395 -2.457700 -1.307727
2.070279 -3.077181 -0.108434
3.121332 -2.926095 0.077827
4.210827 -1.229723 -0.668645
3.678537 -1.836448 1.070163
4.059298 -0.939046 -1.021425
3.677501 -2.570191 -0.030778
3.001326 -2.912892 -0.682160
3.166468 0.334399 -2.137354
3.328567 -1.844560 -1.756328
3.223884 0.851581 -1.637256
0.119800 -2.477134 -0.328075
1.384837 -2.750611 0.657142
3.391712 -1.575967 -1.894828
1.119970 -2.204119 -2.218997
2.359337 0.427466 -2.554832
2.891944 -0.344423 -2.554479
2.540436 -1.627372 -2.499835
0.403782 -2.623867 0.037702
1.818802 -3.038200 -0.353524
1.496020 -0.710909 -2.889041
0.867467 -2.720181 0.440567
1.752584 -0.797043 -2.889468
2.692358 -2.255574 -1.943138
1.762846 0.302162 -2.717215
1.976460 -2.648586 -1.762027
0.414942 -1.912291 -2.089564
0.595480 -2.788061 -0.335440
2.045468 -0.138037 -2.821988
3.767345 0.182963 -1.417469
0.774922 0.050771 -2.624986
1.440289 -2.923190 -1.188348
0.281991 -2.452821 -1.232065
1.762466 -1.427913 -2.755425
0.464923 -2.675102 -0.908928
2.369313 1.200059 -1.930678
0.908143 -2.348155 -1.987105
2.757819 1.206115 -1.663311
2.279972 -2.551663 -1.803964
0.721090 -1.154434 -2.635976
1.681837 -3.026927 -0.761589
1.114437 -0.129297 -2.782053
2.140654 -2.780276 -1.466339
3.856854 -0.831499 -1.518898
1.510055 -3.030985 -0.667103
1.872502 -1.738185 -2.612719
0.293656 -2.277749 -1.576203
2.736512 -0.732036 -2.650853
3.126952 0.158417 -2.258230
1.099018 -2.956346 -0.164232
3.579395 0.065497 -1.818464
1.519934 0.888640 -2.372342
2.472202 1.391589 -1.588938
3.528091 -1.066411 -1.974824
0.620169 -2.789041 -0.721439
1.661732 -2.557657 -1.926061
2.913059 -0.049777 -2.482158
2.928663 0.648706 -2.124789
1.227366 0.280277 -2.682798
1.771749 -2.992232 -0.960314
0.259792 -2.081126 -1.790256
0.463605 -2.531671 0.408558
4.081100 -0.255650 -0.494182
3.461807 0.824160 -1.277375
2.105304 -2.979101 -0.828474
1.165082 -1.834347 -2.505822
3.103435 0.858372 -1.773770
3.904433 -0.340886 -1.400100
3.013609 1.416531 -0.866471
3.177406 0.048517 2.404604
2.286731 1.705903 -1.272723
3.764973 -0.024124 1.292437
3.551213 1.247576 0.080262
0.299666 -2.444687 1.002523
0.478305 1.765867 2.666120
1.129589 2.138507 2.423995
3.658741 -0.629825 1.302511
1.853237 1.244887 2.975417
2.041914 -0.910615 2.959677
3.197217 -1.265938 1.725152
2.455930 2.490875 0.548913
3.348491 -0.803754 1.897553
3.086587 -0.378455 2.439036
1.392742 -2.528255 1.203660
3.471655 1.241771 -0.210213
1.470713 -0.198091 3.289535
1.903205 2.649867 1.221256
-0.186012 0.656832 2.922364
3.572706 0.060511 1.815786
1.342445 0.547878 3.285346
-0.697747 0.285882 2.609704
0.014883 0.496241 3.056660
0.563915 0.620781 3.218512
1.342661 0.261216 3.316333
0.778902 -0.008332 3.301937
2.839719 -1.349592 2.143056
1.322266 2.268489 2.257165
1.700904 0.565835 3.230165
2.749044 -1.684469 1.859027
1.982415 0.496523 3.164629
1.301098 1.331002 3.034835
3.028449 2.025611 0.207850
3.386848 -1.121704 1.506503
3.526684 -0.710527 1.610433
2.353587 -1.125578 2.701326
2.247317 -0.785050 2.922607
3.597011 -0.501648 1.589938
1.004643 1.568770 2.902313
1.278948 0.981742 3.181909
2.566856 0.031792 2.920041
-0.397948 0.529897 2.815443
1.462108 2.891734 1.434712
0.337816 3.682950 -0.319778
-1.756423 3.014683 0.541997
-0.870915 3.457823 0.870299
-1.135301 3.394679 -0.516617
-1.395563 2.972047 -1.146905
-1.178179 3.449306 0.148466
-1.499138 3.232723 0.457804
1.399565 2.703400 1.719867
2.164298 2.691589 -0.022035
0.353509 3.351900 1.438202
-2.057228 2.732110 0.393847
-0.745246 0.975349 2.697819
1.690292 3.151254 0.330936
-0.425592 0.797303 2.763582
-0.888768 3.568043 0.247632
0.887815 3.586817 0.260221
0.658267 2.991497 1.845902
0.443498 3.567703 0.923178
0.520147 3.621649 0.678058
2.258219 2.412661 -0.589209
2.306115 2.258144 -0.718887
-0.488669 3.601891 0.741345
1.546667 3.026080 1.107470
0.775641 3.619468 -0.109871
-1.520904 3.246714 0.013927
-2.105642 2.530622 0.825443
-1.173195 2.838928 -1.527854
0.996243 2.331183 2.262834
-1.046558 3.504565 -0.086132
-0.145905 3.724081 0.202700
1.037874 3.522388 0.365748
0.610145 3.451634 1.142511
3.492718 1.337855 1.960021
2.865083 1.043844 2.703904
2.849253 2.213392 0.308011
3.231843 0.856411 2.452578
1.954872 1.772259 2.682874
2.337047 2.589217 1.255953
2.172674 2.127328 2.359187
2.471782 1.495065 2.738261
3.651319 0.727662 1.866441
3.482107 1.820199 1.062407
2.267655 1.795528 2.626188
1.730526 2.449094 1.905716
3.373215 1.962903 1.075582
2.674321 2.484224 0.988930
3.301162 2.029655 1.265802
3.759035 0.889600 1.537175
3.583909 1.597685 1.396371
0.889512 -1.070982 3.216481
0.472436 -2.165399 2.387233
0.538387 -2.379361 1.949604
1.265609 -1.024439 3.162505
-0.293299 -1.410853 2.735301
0.791797 -2.366658 2.024357
1.003011 -2.439627 1.686065
-0.208365 -0.468001 3.027380
0.547515 -0.824027 3.260519
0.484576 -2.044320 2.559592
-0.409589 -1.591533 2.495615
0.377121 -2.436636 1.202054
1.069769 -1.520201 3.003973
0.175000 -2.223731 2.136137
-0.179642 -1.222705 2.910697
0.623662 -1.903207 2.737411
1.209211 -2.002056 2.556326
-0.390053 -0.468060 2.907326
-0.185317 -1.006490 2.983093
-0.565338 1.339611 -3.023059
-2.505029 -0.343967 -2.847965
-2.772335 2.352355 0.094837
-3.035512 1.944940 0.441211
-1.949580 1.233076 -2.999207
-2.294748 -0.979198 -2.694256
-1.482144 2.169765 -2.513415
-0.454128 0.584919 -3.197366
-1.133705 1.858856 -2.800840
-2.638254 1.950793 0.959711
-2.602526 -0.854435 -2.570787
-0.499941 1.703764 -2.813442
0.035306 0.645326 -3.009099
-1.358999 2.320229 -2.373705
0.072528 1.305953 -2.793430
0.138746 0.878433 -2.909069
-2.517038 -1.166730 -2.422830
-3.436726 0.060438 -2.019391
-2.825386 0.266670 -2.715672
-2.729930 2.221232 0.476154
-3.101051 0.219476 -2.464175
-3.088909 -0.318251 -2.379155
-2.976710 0.514129 -2.573815
-3.547197 0.041638 -1.821891
-1.415113 -0.116790 -3.257767
0.376612 0.961031 -2.737521
-2.085227 2.820914 -0.308501
-3.013741 0.701176 -2.507973
-0.816412 0.748983 -3.242772
-1.103070 0.014363 -3.288159
-1.711516 -0.351490 -3.163464
-2.229075 1.139094 -2.923086
-2.595855 2.167083 0.735248
-3.656278 0.705698 -1.521740
-0.032947 1.680311 -2.638877
-2.017051 0.977328 -3.061533
0.702883 0.584167 -2.561424
-1.348125 1.901394 -2.760008
-2.982336 0.297714 -2.581666
-0.628783 0.770867 -3.209328
0.615117 0.870473 -2.577183
-3.004396 2.098252 0.212823
0.070001 1.941664 -2.482674
1.355433 3.399973 -0.443556
1.426311 3.030121 -1.625263
0.671477 2.276757 -2.440440
-0.096481 3.478159 -1.106138
1.058333 1.683473 -2.444082
1.763538 3.121764 -0.651073
0.739484 3.043573 -1.970059
1.039985 3.505869 -0.969511
1.363014 2.464825 -2.137135
-0.105709 2.644886 -2.194107
1.531758 3.303331 -0.673515
2.270424 2.346950 -0.752279
1.862226 1.453300 -1.910087
1.956316 2.637091 -1.392023
2.236127 1.805193 -1.352729
1.146449 3.493172 -0.431079
0.728727 1.562526 -2.514488
-1.051639 1.090096 2.633346
0.648527 2.445942 2.338547
-1.189252 2.345277 2.479302
0.367094 3.111886 1.878560
-0.761660 2.338691 2.647960
-0.862769 2.967571 2.170879
-1.715095 2.117658 2.163054
-1.597303 1.807843 2.362257
0.025592 3.285489 1.774663
-0.852142 3.445362 1.099672
-0.297859 3.115739 2.106826
-0.452307 3.287363 1.840013
-0.951684 3.376872 1.333085
-0.794677 3.265972 1.770639
-1.630028 -2.403413 2.384801
-2.383627 -1.907894 2.703047
-1.669513 -2.651189 -1.458990
-4.152773 0.935518 0.482005
-3.113624 -2.017645 2.364779
-3.625410 1.493994 0.204922
-2.414665 -2.200373 -1.825676
-4.111808 0.771852 -0.484282
-3.271657 -2.857114 1.153103
-2.518499 -2.435591 2.293444
-1.067415 -3.119924 -0.331266
-4.247989 0.522586 -0.499685
-4.429979 0.414681 0.614084
-3.050217 -3.109869 0.442462
-3.268554 -2.960435 -0.095677
-4.544885 0.038471 -0.019611
-4.266244 -1.648319 1.305037
-1.653429 -3.335625 0.430115
-3.603612 -2.718684 0.847501
-2.082759 -2.323513 -1.780838
-0.647988 -2.876627 -0.495675
-3.836688 -1.629977 2.011125
-4.541776 -0.577449 1.114400
-3.140266 -1.504491 2.619756
-3.629485 0.046433 -1.672211
-2.241057 -3.083421 1.480323
-2.266485 -1.995950 -1.985763
-3.466243 1.508262 1.030301
-2.624437 -3.235844 -0.029015
-3.106626 -1.825660 2.487664
-1.669070 -1.902211 2.733931
-1.472339 -1.480645 2.886132
-3.483675 -2.627069 1.350639
-0.839131 -2.276580 -1.525538
-3.561160 -2.650964 1.163353
-3.971032 1.143224 0.657569
-1.963967 -1.958494 -2.030530
-2.562832 -2.094108 2.548961
-2.808953 -3.204908 0.444304
-2.567538 -1.208385 2.925094
-1.341036 -1.683853 2.780736
-3.676789 1.431194 0.018359
-0.969213 -2.671249 -1.175374
-1.761064 -3.335681 0.580169
-3.631153 -1.893819 2.053603
-3.220188 -3.026701 0.425481
-2.087284 -2.838959 -1.238147
-1.778219 -1.762448 2.812452
-1.868346 -3.143613 -0.697248
-3.481482 -0.872841 2.567338
-2.212276 -1.653902 2.848725
-3.935489 -0.490851 2.179914
-2.684080 -1.344645 2.858961
-0.466479 -2.808430 -0.367898
-4.223945 -1.551366 1.487132
-2.730071 1.797159 1.274218
-1.897933 -3.350100 0.264080
-3.657945 -2.732599 0.449514
-3.295469 -1.785628 2.396015
-0.659872 -0.466393 2.741151
-2.993324 1.701920 1.255223
-3.868619 -1.277227 2.143072
-2.944269 -2.392228 2.153937
-3.484952 -2.860832 0.493625
-1.997758 -3.298959 0.871800
-1.200176 -2.057290 2.540724
-0.323997 -1.346862 -2.960774
-1.430163 -0.505807 -3.208961
-0.289640 -1.863132 -2.408943
-1.608873 -1.458219 -2.685421
0.091649 -1.154167 -2.905903
0.128570 -0.154847 -3.117521
0.372349 -1.506059 -2.374978
-1.624944 -0.835108 -3.047394
0.221600 -1.573574 -2.450791
0.063548 -1.811330 -2.243984
-0.354267 -2.157966 -1.539187
-0.739989 -1.053377 -3.181786
0.323399 -0.031963 -2.984739
0.282559 -1.105268 -2.808264
-1.764164 -1.086472 -2.851355
-0.782315 -0.655748 -3.306006
-0.670420 -2.153800 -1.855452
-3.451174 2.008672 -0.793715
-2.958923 2.343952 -1.798277
-3.450346 1.048524 -1.987155
-3.378715 2.130561 -1.134301
-3.160325 2.041499 -0.072807
-3.078574 2.346843 -1.585858
-3.083428 1.246023 -2.412148
-2.183766 1.814411 -2.706494
-3.377791 1.729624 -1.852960
-1.892425 1.694980 -2.793489
-2.794932 1.701189 -2.498777
-2.358033 2.833605 -1.379573
-1.894222 2.731910 -1.886944
-3.683855 1.286947 -1.316375
-3.711018 1.072286 -1.246013
-3.517754 1.707174 -1.551238
-3.663940 1.518764 -0.898316
-1.833674 2.947008 -0.816749
-1.700537 2.533671 -2.187974
-2.704649 2.514588 -1.825603
-1.552290 2.864970 -1.514811
-3.208154 2.043591 -1.834835
-2.815365 2.029833 -2.289593
-2.873989 2.598551 -0.665987
-2.810833 2.671044 -0.919966
-3.643272 1.595895 -1.060083
-3.639080 1.284739 -1.513950
-3.208665 1.192123 -2.296401
-3.008841 0.993794 -2.490087
-1.894310 2.953295 -0.992842
-4.364004 -1.660827 -1.087137
-4.617081 -1.060564 -0.761722
-4.334640 -0.486262 -1.164705
-3.786723 -2.105992 -1.429881
-3.244137 -2.876852 -0.550162
-3.790066 -2.352253 -1.168630
-3.495255 -2.488623 -1.231758
-2.864312 -1.954159 -1.866720
-4.587610 -1.717021 -0.095619
-4.547805 -1.038944 -0.944827
-3.970944 -2.145458 -1.218251
-3.095207 -2.448728 -1.453613
-3.300297 -1.678697 -1.915276
-4.436087 -2.017876 -0.365352
-4.421880 -0.310277 -0.862808
-2.989051 -2.210913 -1.690690
-4.442230 -0.629625 -1.056147
-3.756719 -1.954321 -1.564615
-3.677361 -2.742338 0.005186
-0.275018 -2.993389 0.236772
-0.805496 -3.286421 0.426636
-1.591316 -3.355304 0.885302
-1.510307 -2.505243 2.302348
-0.142172 -2.631970 -0.244215
-0.425977 -3.137080 0.927134
-1.561189 -2.956578 1.883595
-1.344805 -3.242685 1.416939
-0.382651 -3.100949 0.399536
-0.452284 -2.987092 -0.060362
-0.329053 -1.929013 2.267188
-0.961742 -2.508357 2.265845
-1.105471 -3.095022 1.682666
-0.086167 -2.718980 -0.037314
-2.349781 1.000517 2.787766
-2.781599 -0.712149 2.963322
-3.931716 -0.264127 2.215459
-1.328315 0.857029 2.562775
-3.704517 1.109266 1.743498
-3.046608 1.605776 1.713289
-2.702047 0.928790 2.786553
-2.858259 -0.299557 3.036610
-2.197562 1.777834 1.631183
-3.412776 -0.416969 2.744097
-2.366170 0.602000 2.998751
-3.565098 -0.076096 2.658485
-3.336612 1.132180 2.269681
-3.670109 -0.367531 2.531758
-2.975515 1.130943 2.529174
-2.149473 1.666795 1.963316
-3.978679 0.468915 1.965510
-2.881494 0.385619 2.977752
-3.491615 0.242104 2.681844
-4.072959 0.372236 1.797902
-3.379329 1.465976 1.533447
-1.661038 0.258153 2.984114
4.118627 -2.224875 -0.853992
4.197981 -0.642540 0.837779
2.149211 -2.869691 1.167648
1.947085 -2.926647 1.040513
3.771401 -2.427875 0.894955
4.304721 -1.902369 0.439487
4.278708 -2.090940 -0.552646
3.665891 -2.616635 -1.107404
3.346885 -2.769642 0.917642
3.541265 -2.983728 -0.035590
3.203918 -3.110445 -0.636445
2.941905 -3.219085 -0.571424
4.331032 -1.671384 0.572433
2.888129 -3.071161 0.738524
3.448998 -2.931551 -0.802104
2.399606 -3.290735 -0.617502
4.457101 -1.124341 0.352406
4.412929 -1.510580 -0.744949
4.395037 -1.902666 -0.190903
3.790442 -1.996153 1.236143
3.700341 -1.883400 1.379460
4.300253 -1.032089 0.776021
3.470880 -1.818094 1.577717
4.435764 -1.665763 -0.507271
3.964918 -2.560304 0.267220
3.733499 -2.370733 -1.327498
4.215157 -2.198837 0.268795
3.319350 -3.114973 -0.174533
4.367522 -1.842160 -0.603812
2.736714 -2.766160 1.255586
4.426661 -0.679028 -0.539004
3.803972 -1.959385 -1.565537
2.641495 -3.292862 0.187373
4.176222 -0.845459 0.958791
3.931574 -2.073585 1.020495
4.116677 -2.120490 0.671979
4.048666 -2.497047 -0.440969
3.853817 0.608877 -1.582962
4.073608 -1.194488 -1.647801
1.608205 0.733778 -2.846274
3.100064 -1.106579 -2.748899
1.856776 -3.084976 -1.624223
0.583148 -3.114539 -0.280093
1.193980 -1.653380 -2.949871
1.728740 -3.288389 -1.035934
2.888683 0.175740 -2.787766
1.035914 -3.261823 -0.220333
0.486010 -2.701189 -1.773295
4.250610 -0.278283 0.396499
1.151061 -2.926291 -1.829187
2.631922 1.390340 -2.064997
1.762436 -3.177383 0.484149
4.146246 0.534838 -0.211922
3.124485 -2.437178 -1.900589
4.344815 -0.192210 -0.036391
4.384773 -0.240539 -0.377867
2.732535 -2.422536 -2.224732
1.397470 -1.683164 -2.968273
1.055932 -1.098705 -3.085914
0.620815 -1.938055 -2.614436
1.178310 0.604447 -2.864857
2.220567 0.663972 -2.823225
3.383514 -1.078109 -2.551958
0.861952 -3.207684 -0.163644
1.216480 -3.305351 -0.627286
0.231191 -2.936526 -0.486734
0.717912 -0.314532 -3.011111
2.610167 -1.269401 -2.951934
2.664725 -0.381855 -3.006140
3.378026 -0.308804 -2.585834
1.303697 -0.009143 -3.108138
0.908669 -1.510704 -2.933768
1.609220 -1.349193 -3.099919
3.574081 -2.019967 -1.844857
1.028194 -0.058532 -3.065476
4.362813 -0.793361 -0.947757
0.672093 -3.094716 -1.031041
1.055995 -0.766591 -3.126134
3.745669 -1.331937 -2.103930
1.997550 -1.880897 -2.868689
2.326017 -2.146604 -2.636104
1.381365 -3.125071 0.577705
1.064916 -3.198291 -1.120633
2.179411 -3.085379 -1.523636
3.920295 0.372815 -1.680361
2.075782 1.348814 -2.330296
1.667353 -2.947284 0.961494
2.060733 1.479252 -2.186090
1.357576 -1.087042 -3.141443
1.198591 -1.971860 -2.791949
3.932879 0.126723 -1.823412
1.289810 -1.311111 -3.082809
3.307141 -2.009112 -2.161208
3.648271 0.883175 -1.630122
2.288480 -0.871376 -3.119602
1.834686 -0.551200 -3.196337
0.570331 -3.083570 -0.065357
1.493655 -1.933543 -2.854961
2.983397 -1.475117 -2.708941
1.751612 -1.185017 -3.140121
2.841066 -2.163365 -2.395410
3.861469 0.838098 -1.241717
1.617125 0.274175 -3.053166
2.641613 0.156193 -2.907172
0.147979 -2.740244 -1.257323
3.342568 0.254136 -2.454430
1.546919 -3.258027 -1.153404
1.025583 0.982183 3.540206
3.893485 -0.789397 1.580392
3.787423 0.212247 2.132665
-0.061680 1.349572 3.138209
2.816142 -0.539987 3.080877
1.744263 2.008899 2.932116
2.269781 -1.021552 3.214039
3.361003 -0.165102 2.690428
2.169844 -0.836508 3.327168
0.417575 1.132772 3.402538
3.468854 -0.845106 2.341120
-0.468396 -0.070822 3.207368
1.289499 1.511582 3.325751
3.090158 2.330442 -0.185098
1.925740 1.711080 3.095624
0.970986 -2.923274 0.947957
1.357828 0.956838 3.541298
3.116094 2.432119 0.351065
4.180963 0.402534 0.517051
-0.145547 0.430398 3.368779
2.583545 0.304595 3.297411
3.990650 0.983645 -0.067982
1.533382 -1.259196 3.314127
3.199859 1.765862 -0.932329
2.511954 -0.534827 3.263472
0.625686 -0.071986 3.619676
1.728300 -2.777695 1.417426
2.916986 -1.570542 2.440266
0.571653 1.815772 3.087496
2.894370 2.557746 0.063580
1.526836 2.555657 2.409865
0.532080 -2.822274 1.225559
2.656822 2.750016 0.922312
1.631508 -1.495422 3.163620
1.984083 2.371746 2.490765
4.124785 0.769596 0.593207
3.385760 1.991230 -0.272552
4.195827 0.148104 0.609192
1.080207 -0.703069 3.556785
4.123833 0.435285 1.185242
3.689973 1.794591 0.488635
1.299649 2.143867 2.891590
2.102354 -2.649409 1.501032
3.361120 -1.067014 2.345855
1.143418 2.292036 2.756897
1.882793 0.308750 3.569267
2.840389 2.630205 0.255996
0.922363 -2.852151 1.332028
4.189826 0.138135 0.801331
2.787190 -0.313140 3.148973
0.333855 0.757857 3.490017
2.856818 0.336883 3.128644
2.471573 2.866406 0.629910
4.000655 -0.590637 1.421821
3.215585 0.423309 2.831502
1.123883 1.332176 3.414981
1.908944 -2.651097 1.668491
2.129998 2.847515 1.556824
0.498796 1.580516 3.216848
0.540908 -2.887618 0.546887
1.767982 -1.758514 2.944987
4.128160 0.149123 1.248110
0.236253 1.613104 3.119141
3.053127 -1.611921 2.254995
2.261342 -0.075550 3.447522
2.023104 -2.521566 1.886520
2.438365 -0.794814 3.224101
3.767365 0.413771 2.140999
1.993491 1.394486 3.251519
1.431412 1.618208 3.256186
2.203166 0.641068 3.427147
1.433380 0.510132 3.627786
1.639396 -2.172058 2.579836
2.027081 0.563755 3.500759
2.392566 -1.742142 2.691960
0.209574 1.261711 3.288994
-0.023641 1.107940 3.259553
0.385474 1.774023 3.066351
3.906586 -0.614660 1.684160
1.963257 -2.325893 2.260346
1.340480 2.383568 2.649749
1.038790 -0.480446 3.608492
1.141459 0.150651 3.667996
-0.307031 0.519651 3.275829
1.774833 3.265906 1.199833
1.512662 3.203154 1.625638
-1.384580 3.567319 1.006184
1.271953 1.526973 -2.657566
-0.705284 0.762989 3.050680
-1.276812 3.764413 0.382854
0.822138 3.745679 1.212476
0.301619 3.536954 1.797003
-0.662491 3.788610 -0.994813
-1.976217 3.178940 0.897550
2.425364 2.905942 -0.077410
-0.558001 1.286059 3.081111
1.735634 3.524238 -0.277676
0.673989 3.962421 0.580986
-0.767746 3.597944 -1.339243
0.894075 0.889508 -2.842023
2.141484 3.179391 -0.354923
-1.863844 3.415896 0.170310
-0.686988 3.982397 0.261154
0.642028 3.974851 -0.365404
2.167341 3.023496 0.950284
2.448901 2.880105 0.199258
-1.160276 3.798254 -0.344123
-0.031588 3.922887 -0.851354
-1.217324 3.756782 0.618683
-0.817119 3.679054 -1.149256
-0.870773 3.922956 -0.196631
2.459511 2.752069 -0.559672
0.236977 3.795723 -1.162966
-0.464144 3.876322 -0.867387
2.431963 2.332018 -1.266605
-2.229878 3.043867 0.461567
-1.622116 3.563792 -0.269714
-1.631124 3.497488 -0.568364
1.608960 3.583969 0.588535
1.062465 1.424125 -2.759880
1.819966 3.020298 1.545681
-0.987618 3.894300 0.247323
0.165580 3.693378 1.558105
-0.179207 2.650949 -2.485508
-2.193908 2.964478 0.874667
-0.800492 3.706614 1.280366
-0.515512 1.071635 3.101029
-0.797994 3.156897 -1.929893
1.484408 1.649351 -2.524261
1.085580 1.186626 -2.775800
-1.855293 3.375450 0.571394
-1.275951 3.287144 -1.486911
-2.223641 2.848308 1.050697
0.157486 3.942008 0.962945
1.411077 3.126044 1.816736
3.608188 1.991087 1.475972
3.471014 0.963769 2.539444
2.915589 2.138690 2.357181
2.817914 2.671181 0.843598
2.782220 1.558399 2.862292
2.423964 1.966655 2.763681
3.219651 0.807914 2.783122
2.880474 2.296770 2.190187
3.708451 1.832127 0.640046
2.495730 2.272384 2.461464
3.442513 1.452925 2.403079
3.982063 1.305272 1.173856
3.072605 2.486585 1.525301
2.322486 1.799578 2.900489
3.961041 1.373382 0.954537
3.249449 2.095726 2.063576
3.684165 0.634042 2.291055
3.932764 1.170904 1.664113
2.153154 2.201087 2.632330
3.822154 1.697529 0.865818
1.302909 -1.478072 3.248167
1.291080 -2.179661 2.697640
0.388300 -2.603037 1.973446
1.398143 -1.611673 3.145303
0.785014 -1.023092 3.479991
0.938574 -2.537506 2.224149
0.066056 -2.353405 2.359865
0.386991 -2.505046 2.238094
0.918654 -1.581898 3.267079
-0.094149 -1.498104 3.120967
0.011954 -0.993019 3.351325
0.752067 -2.461897 2.397515
0.583288 -1.063930 3.463709
0.365158 -1.454125 3.297841
0.422361 -1.930732 3.007218
1.214694 -1.983779 2.930085
0.758167 0.510355 -2.972656
-2.313251 1.230255 -3.244945
-1.108686 1.995484 -3.119519
-1.074289 1.176920 -3.508580
-3.517447 2.194061 -0.331681
-2.383335 0.360066 -3.376354
0.244971 1.598863 -2.974629
-2.500040 3.014353 -0.328383
-0.140171 1.961606 -2.939495
-0.988007 2.219661 -2.948511
-3.596481 2.006420 0.019166
-0.796766 2.742102 -2.374349
-2.239719 1.929441 -2.916288
-1.555532 -2.018577 -2.551785
-3.702162 -0.041880 -2.220367
-2.800187 2.762491 0.102153
0.433234 0.386778 -3.205458
-2.935954 0.233436 -3.057908
-1.020206 0.846100 -3.587867
-0.019612 0.066206 -3.421558
-0.899057 0.440551 -3.628633
-1.463309 -0.169324 -3.590468
-2.794671 -1.196334 -2.685444
-3.129706 -0.820918 -2.625119
-3.278830 2.201908 0.472065
-1.929734 -0.295917 -3.480136
-3.138067 2.466106 0.199929
-1.455999 0.127772 -3.621351
-2.929462 2.242075 0.944091
-2.079910 1.540879 -3.209112
-1.617361 -1.200908 -3.213397
-1.102862 0.471440 -3.636103
-0.547924 -0.064719 -3.563894
-0.274836 1.172730 -3.380287
-1.751571 -1.346543 -3.096663
-0.193882 0.685174 -3.464928
-0.467886 0.763660 -3.529037
-2.154884 1.766645 -3.059340
-3.827594 1.736579 -0.415588
-1.948321 -0.095396 -3.508169
-3.961620 0.493174 -1.744288
-1.061148 -2.303315 -2.211309
0.689111 -0.064347 -3.011076
-2.434314 0.874039 -3.290923
-0.748637 2.192618 -2.943114
-1.683859 -0.573509 -3.467801
-2.337926 3.100364 -0.633395
-3.900204 0.743249 -1.817948
-1.486698 1.324287 -3.439172
-2.271443 -0.469566 -3.322369
-1.860728 0.892197 -3.493009
0.600400 2.506692 -2.620625
0.713507 3.098851 -2.252109
2.081046 2.938509 -1.352670
-0.095167 3.027761 -2.233941
0.511358 2.657117 -2.558047
0.299467 2.357427 -2.671710
0.992390 2.146267 -2.666509
1.466459 2.062149 -2.498953
1.901941 1.965740 -2.210094
0.079806 2.494011 -2.593029
2.391368 2.325464 -1.375098
0.732081 1.972179 -2.745349
0.809447 2.297791 -2.667436
2.273792 2.382580 -1.586883
1.227911 2.812266 -2.310607
0.232107 3.754554 -1.268821
1.471508 1.832150 -2.525316
1.095063 3.725721 -1.062490
2.227656 2.720506 -1.348274
2.111719 3.026240 -1.082645
0.041110 3.605544 -1.559309
1.762168 2.697012 -2.034051
0.595755 3.220677 -2.154633
0.722365 3.507050 -1.785677
2.096282 1.838946 -2.027816
1.491906 2.319037 -2.417551
-0.994067 1.598788 2.983984
-1.697133 1.972759 2.564924
-0.358380 1.830800 3.073092
-1.481104 2.238044 2.646125
-1.119711 2.689822 2.621500
0.319307 2.379156 2.829873
-0.899385 2.317490 2.885532
-1.863451 1.917139 2.424478
-1.830136 2.764802 1.972623
-1.308684 1.602600 2.856114
-2.108691 2.168900 2.029371
0.403581 2.906448 2.478549
0.124880 2.132822 2.966837
-1.928476 2.098258 2.303228
-0.662675 1.992238 3.025296
-1.190758 3.076485 2.256251
-1.705091 3.163395 1.532592
-0.925140 3.636272 1.360789
-3.780294 -3.035930 -0.072185
-3.127133 -2.783600 2.162436
-0.421200 -1.706947 2.776510
-4.637379 -0.659574 1.776671
-1.621989 -0.728297 3.386147
-4.493048 -2.308250 0.393791
-1.816086 -0.933761 3.386376
-1.340916 -2.629665 2.584018
-1.965597 -3.235124 1.951018
-1.693260 -3.681521 0.399308
-3.980591 1.633259 0.556316
-0.797236 -3.447312 -0.034476
-0.869150 -2.234061 2.723083
-0.850244 -3.204284 -0.909467
-3.194571 -2.288854 -1.898550
-0.716806 -2.934031 -1.262870
-3.847552 1.699236 0.862218
-4.392210 -2.170721 1.318695
-3.288699 -1.385066 -2.294577
-1.458001 -3.004449 2.216130
-2.687895 -3.581856 0.042973
-1.131165 -1.922576 2.999263
-1.537790 -3.509245 -0.618325
-3.327585 -3.006618 -0.990497
-1.843813 -2.207726 2.964879
-0.856150 -2.008181 2.854983
-4.354856 -0.065782 -1.440255
-1.541082 -2.416835 -2.110344
-2.152415 -2.263902 2.922588
-3.850287 1.753733 0.305424
-1.670821 -0.401460 3.383603
-1.341908 -0.397100 3.336657
-3.231908 -0.831029 3.107453
-1.152787 -3.342029 -0.842385
-4.408239 0.897744 1.293522
-4.492284 -1.836467 1.512368
-2.581668 -2.221887 2.876320
-3.274261 -1.531104 2.943149
-2.105721 -3.676049 0.089107
-2.776322 -3.468811 -0.433221
-1.625926 -0.950848 3.371292
-4.266179 -2.304622 1.404005
-1.744841 -2.778143 2.516130
-0.017792 -2.773331 -0.707550
-3.282417 -0.623200 3.090407
-2.091436 -2.392183 -2.154132
-4.158457 0.960291 -1.027820
-2.212560 -2.825989 -1.770650
-1.719709 -0.216608 3.367790
-1.358154 -1.786428 3.118206
-3.541594 -1.376309 2.838405
-4.424355 -1.034617 2.075204
-2.644941 2.151637 1.398165
-3.369708 -3.059236 1.530192
-1.279503 0.122699 3.236132
-2.992712 -3.182735 -0.973034
-1.998286 -3.535879 -0.617648
-4.082334 -2.800613 0.137492
-4.636903 -1.654038 1.349312
-4.921590 -0.422121 -0.283324
-3.629446 -0.643202 -2.203607
-1.077026 -0.086905 3.230294
-2.213432 -1.731312 3.185420
-2.916835 2.073607 1.382703
-2.273871 -3.222742 1.935297
-3.726654 -2.318197 2.161430
-1.461632 -3.394922 -0.882811
-3.791825 -3.008666 0.854054
-4.900861 0.039131 0.011073
-2.502571 -3.041783 2.141025
-4.891506 -1.370382 0.607846
-1.327067 -0.718473 3.341596
-3.613950 -2.051534 2.470660
-4.102173 -1.879084 2.105841
-4.557727 0.887315 -0.071079
-0.932565 -1.204619 3.177803
-2.014782 -0.837367 3.395612
-0.912896 -3.470344 -0.168494
-2.721237 -2.412190 2.704282
-3.561378 -3.213133 0.566926
-0.687620 -3.298303 -0.492279
-2.035544 -1.933401 3.110983
-3.649662 -1.112431 2.831233
-2.124514 -2.593449 2.684130
-4.244973 1.369366 0.480578
-2.487886 -3.639798 0.425896
-4.742167 0.329583 -0.400138
-4.222388 -2.548631 1.014971
-4.811563 -1.123136 1.260435
-4.213102 0.295061 2.162961
-3.473696 -1.041399 2.955973
-2.912646 -3.320687 1.427038
-1.932315 -3.653170 0.826431
-3.627300 -2.652950 1.895876
-2.114359 -2.586692 -2.003345
-3.072189 -3.331737 -0.537555
-3.348758 -3.133804 -0.705220
-1.271100 -3.445823 -0.658367
-1.457897 -3.295537 -1.084667
-0.633496 -1.592102 2.941689
-4.010379 0.360743 -1.673064
-4.220592 1.394346 0.169622
-2.210751 -3.324325 -1.083131
-2.068089 -3.593032 1.101844
-1.114918 -0.848612 3.283999
-2.027305 -2.805813 2.494717
-4.460929 0.079476 -1.228607
-1.203012 -3.507816 -0.402246
-4.656814 -0.087194 -0.941955
-2.034298 -0.648741 3.401920
-2.287133 -3.450163 -0.793888
-0.891059 -3.299533 -0.732405
-4.894806 -0.374003 1.071575
-4.861647 0.076222 0.882715
-4.330877 1.174478 0.940454
-2.600895 -3.096987 -1.341612
-2.655891 -2.747370 2.432954
-4.517887 0.819809 -0.417934
-1.727043 -3.300872 -1.138035
-0.783117 -0.703101 -3.541294
-1.324681 -1.028911 -3.370872
-1.302282 -1.379915 -3.204620
0.022769 -0.938671 -3.325195
-0.474775 -2.344425 -2.008545
-0.599594 -1.507450 -3.195830
-0.763865 -2.054493 -2.661766
-0.690767 -1.099873 -3.421464
-0.623833 -1.256622 -3.346541
0.191864 -0.758615 -3.300978
-1.108890 -1.304265 -3.295175
-1.434268 -1.715519 -2.895352
0.044117 -1.802685 -2.730823
-0.079602 -1.482955 -3.084941
0.289440 -1.713617 -2.654525
-2.950673 2.373708 -2.244902
-2.331728 3.101569 -1.341301
-3.253749 2.639694 -1.033492
-3.505725 1.633102 -2.186762
-2.385377 3.106107 -0.782771
-2.820743 1.730156 -2.769288
-2.674994 2.208238 -2.585580
-3.407398 2.485665 -0.925934
-3.829721 1.706398 -1.350989
-3.777178 1.268550 -1.849290
-3.894334 1.592912 -0.940804
-2.384576 2.876190 -1.964095
-2.004913 3.158042 -1.339590
-2.772749 2.880588 -0.418000
-2.135960 3.163019 -1.167521
-2.630820 2.698418 -2.098126
-3.093480 2.749935 -1.263384
-3.137483 2.700192 -0.636677
-2.889835 2.189800 -2.462960
-4.911876 -1.359546 -0.426087
-3.358054 -2.164062 -1.935462
-4.435803 -2.266133 -0.863331
-4.001931 -1.701291 -1.839073
-4.797612 -0.833643 -0.939295
-3.503651 -2.569886 -1.532718
-4.869285 -1.631244 -0.178570
-4.935661 -1.289399 -0.161968
-4.543164 -2.200086 -0.689855
-3.767384 -1.167908 -2.096853
-3.869487 -2.892654 -0.493944
-4.069652 -0.999533 -1.913460
-3.327748 -2.347597 -1.815164
-0.316130 -2.566794 2.251095
-0.752227 -3.131844 1.939391
-1.116665 -2.889269 2.306310
0.275146 -2.858156 0.353023
-1.354448 -3.508874 1.388293
-0.433907 -3.406542 0.963667
0.100787 -2.988393 0.179674
-0.551942 -2.418078 2.471400
0.043968 -3.074671 1.100622
-0.464407 -3.294424 1.439963
-0.217441 -3.246670 0.222343
-0.708405 -3.525505 0.809862
-3.561088 1.176582 2.425695
-2.454826 -0.272312 3.356970
-3.821115 0.526204 2.618731
-3.566540 -0.011005 2.961328
-4.039572 0.716156 2.211866
-2.029862 0.661696 3.215018
-3.834604 1.041023 2.230727
-3.709058 1.299517 2.080355
-2.194916 0.596379 3.254009
-3.151391 0.303917 3.157194
-3.153502 0.673104 3.042826
-2.067039 0.436594 3.290360
-2.122019 -0.041675 3.361308
-3.360018 0.363960 3.038631
-2.338184 1.672213 2.455185
-3.543280 0.664054 2.810002
-3.680752 -0.135850 2.874558
-2.414603 0.488303 3.287341
-2.224237 1.887790 2.069079
-2.044936 1.505972 2.639224
4.411641 -1.739987 -1.272979
2.541724 -3.359266 0.827321
4.454493 -1.330533 1.000500
4.070310 -2.816388 -0.555978
3.688901 -3.171202 0.006199
4.035374 -2.836361 0.295342
4.549550 -2.138543 0.052938
2.056331 -3.232264 1.045307
4.488438 -2.095707 -0.785702
2.769796 -3.532122 -0.403596
4.267279 -1.863175 1.125118
3.750201 -3.058947 0.382688
4.672480 -1.684199 0.235141
3.522830 -3.230129 0.290195
4.087787 -2.246186 1.118265
3.166397 -3.020051 1.151495
3.868932 -2.604113 1.044641
4.481363 -2.247340 0.184344
4.649419 -1.896065 -0.093323
4.759064 -1.142142 -0.205991
3.886139 -2.170784 1.403539
3.896064 -3.002172 0.119947
4.218815 -2.042775 -1.409914
2.347503 -3.289501 0.983073
2.455024 -3.045226 1.345935
3.533761 -3.074200 0.729486
3.452440 -2.226844 1.701607
4.200582 -1.685990 1.293233
3.127640 -3.133724 1.001942
2.797319 -2.713749 1.632087
4.280279 -2.125935 -1.245893
3.973139 -2.493246 -1.357871
3.168157 -3.173271 -1.225526
4.115137 -2.658871 -0.862065
2.794481 -3.511244 0.207216
4.085679 -2.044938 -1.641678
4.711968 -0.485037 -0.387594
3.966023 -2.120031 -1.778958
2.383393 0.514342 -3.198757
0.801886 -1.763129 -3.140606
2.378950 1.699144 -2.309829
4.319643 -1.293960 -1.802556
0.901235 -1.195225 -3.347133
3.152024 0.124634 -3.018671
4.027954 -0.759057 -2.385821
2.601659 0.657470 -3.067589
1.634471 -3.092493 -2.224085
2.262244 -3.106845 -2.102212
3.927975 0.990654 -1.729379
2.527579 -0.790650 -3.378442
3.416889 -1.509984 -2.790565
3.386525 1.597832 -1.660131
2.855371 -0.472280 -3.263892
2.085357 0.083933 -3.396195
2.821096 -2.803830 -2.234809
1.421855 -3.591989 -1.015972
2.155101 -2.509343 -2.792817
1.684401 -3.511910 0.449698
2.580745 -1.515813 -3.223809
4.251860 -0.589960 -2.079446
1.392218 -3.638700 -0.385430
4.490147 -0.855659 -1.588792
4.099311 -0.429169 -2.291518
2.566077 -3.448105 -1.106744
1.810229 0.561048 -3.266570
3.702631 -2.572826 -1.602379
3.086269 1.666573 -1.899300
1.955276 -3.638649 -0.371276
0.393223 -3.327181 -0.945449
2.663288 -3.123515 -1.866929
4.314942 -1.744045 -1.463949
0.862659 -0.618404 -3.394926
4.695154 -0.706122 -0.805702
3.066769 -2.194904 -2.657472
2.359101 -0.651563 -3.427592
2.585114 -3.355477 -1.410839
2.996627 0.712194 -2.861597
2.324073 -2.595280 -2.677394
4.099901 -0.944556 -2.269758
4.264197 0.945123 -0.802320
3.163959 -0.701025 -3.114971
2.758211 -3.411709 -0.952450
1.901459 0.273445 -3.364769
2.118937 -1.387086 -3.371847
3.541753 -2.651324 -1.732384
3.777764 1.299550 -1.544973
2.860958 -3.244858 -1.419623
4.149513 0.326879 -1.961756
1.139722 -2.922705 -2.368201
0.253538 -2.628813 -2.242084
2.611830 1.156196 -2.753700
4.058390 0.805280 -1.711733
3.403872 -2.785823 -1.704119
0.965884 -3.079657 -2.094601
3.963029 1.290854 -1.086056
4.667916 -0.237212 -0.848838
2.018671 1.191476 -2.888014
2.393042 1.121447 -2.857030
3.756575 1.413332 -1.363088
2.317202 0.950304 -2.992734
1.635311 -3.631727 -0.108870
1.339091 -0.992797 -3.463006
3.633459 -1.533381 -2.601442
0.732625 -3.390710 0.332232
1.399872 -0.485485 -3.490438
3.243341 -2.811835 -1.861781
4.593531 -0.624042 -1.318626
3.873571 0.067955 -2.452394
0.376417 -3.167078 -1.480685
3.732096 -0.476379 -2.700395
4.543044 -1.211845 -1.278767
0.518650 -1.426887 -3.156481
4.666721 -0.073908 -0.533237
1.776989 -3.650347 -0.542441
0.613791 -1.668168 -3.111537
3.653090 -2.197714 -2.144976
3.296195 0.237821 -2.892920
0.490928 -2.951081 -2.005598
0.850301 -3.417935 -1.297976
1.955247 -0.521798 -3.491404
4.401353 -1.121802 -1.712000
1.999090 -3.571691 0.153356
3.112526 1.346717 -2.292275
3.513852 0.979232 -2.289792
4.524078 0.335897 0.785882
2.493885 2.979630 1.833190
0.438981 1.179355 3.760643
1.101444 -2.741517 2.454487
1.108392 -1.580006 3.556425
2.028304 3.079263 2.010750
1.680892 1.038005 3.834386
2.213223 -2.938977 1.648942
3.793219 2.095684 -0.146476
2.588025 0.822084 3.599777
-0.219545 0.991298 3.600151
-0.643023 0.499381 3.479805
2.900080 2.007359 -1.596483
2.897065 2.824297 -0.445041
3.339703 -1.870548 2.271973
0.966027 -1.329381 3.682264
3.672010 2.366825 0.833012
4.123332 0.308321 2.220052
2.566340 0.038214 3.691824
2.807418 -0.809402 3.421593
0.781340 -1.009213 3.797915
2.508568 -2.049457 2.843959
2.295949 2.839284 2.276683
2.078614 -0.291419 3.849788
1.126185 -0.963409 3.833216
1.035830 2.182274 3.304415
4.318733 0.546875 1.722863
3.151521 2.697839 -0.296245
2.603488 2.220542 2.836725
2.694454 -0.169846 3.616735
3.991420 1.912310 1.021003
2.873763 0.413794 3.515115
0.342770 -0.208237 3.898721
2.961582 0.884540 3.370939
1.360575 1.000554 3.882737
4.001295 0.572623 2.380029
4.516105 -0.064207 0.930010
1.644444 -2.283532 2.965468
4.208433 1.568953 0.569963
1.195705 1.427326 3.743487
-0.110927 -0.176928 3.757969
4.518258 0.336463 0.342315
0.023386 0.589428 3.785549
2.473922 -0.531057 3.666791
1.646508 -1.866800 3.324569
3.730730 -1.342337 2.253996
2.138629 -2.308990 2.773215
3.030919 0.087866 3.431122
1.144239 -0.492186 3.953866
1.665764 2.808616 2.611924
-0.487375 -0.803856 3.451352
3.593146 2.452426 0.382011
0.314380 1.705793 3.497684
0.692880 -3.073691 1.706653
3.878839 0.481290 2.583469
1.067233 -3.142088 1.586768
1.210536 -3.236762 1.183859
3.487834 0.125384 3.063600
2.232115 -1.206124 3.543810
0.808037 1.374421 3.748621
2.588186 -2.504084 2.220801
4.273817 0.751503 1.751468
4.349163 1.162959 0.242143
2.156590 -2.824300 1.982564
0.899303 -3.248389 1.058594
1.177511 2.282397 3.226131
2.990602 1.428472 3.136259
2.617765 -0.987337 3.463572
3.275052 0.578415 3.209816
-0.107125 -0.915583 3.600874
0.255619 0.654384 3.847386
3.361735 2.683457 0.582787
0.773517 -1.249049 3.702178
3.581327 -0.628377 2.851078
2.856237 -2.032972 2.606796
2.366125 -2.273340 2.694056
-0.601524 0.677684 3.475706
0.959846 -3.071197 1.786265
3.448014 -0.966574 2.855119
1.435308 -2.131250 3.144428
4.217429 1.213635 -0.316041
3.533667 2.497866 0.962192
4.296128 1.360996 0.738898
0.883360 -2.820221 2.308363
1.440527 -3.212282 1.246666
3.561535 1.898509 -0.969754
0.313446 -0.523790 3.845117
1.431614 1.483763 3.705733
0.692898 1.189133 3.802956
2.492172 -0.300309 3.698499
2.057755 -0.631056 3.795125
3.079966 -0.352357 3.358544
0.332721 0.019440 3.910635
0.523244 -1.140826 3.708487
4.191324 -0.678431 1.872454
2.338497 -2.140909 2.851547
1.704589 -2.824685 2.222174
3.104218 -2.312061 1.951252
2.128727 -2.608359 2.387827
4.122321 1.464019 -0.296021
3.251666 -1.782929 2.475921
2.534419 -1.683438 3.133328
1.693297 2.306129 3.146154
3.022391 -1.572754 2.879518
-0.251769 0.756111 3.644815
-0.074474 1.291216 3.559037
0.158007 -0.292355 3.839158
-0.394116 -0.597134 3.560163
-1.372679 4.101155 -0.145489
-2.442700 2.454613 1.927471
0.464192 3.019390 2.799444
0.984816 1.590563 -3.120576
1.379668 4.095657 -0.382274
-1.949670 3.586932 1.099780
2.637424 3.130539 -0.421101
0.528536 3.425999 2.431540
-1.111934 3.933827 -1.222671
1.634651 3.722569 1.367200
2.056669 3.660548 -0.564487
-2.394462 3.236395 0.953127
0.676592 2.391946 3.129106
-2.482223 2.990541 1.250000
-0.863821 3.721334 -1.760257
0.375727 2.488903 -2.952390
-1.661913 1.470036 3.004868
-0.876078 4.218646 -0.588144
-1.524755 3.951499 -0.623008
-0.021888 3.569334 -2.149714
0.789017 2.282857 -2.970050
1.035410 3.269436 2.424447
1.750257 3.898345 0.602018
0.108654 4.272018 1.052270
0.860171 4.130843 1.157826
2.151604 1.597692 -2.499424
-1.995741 3.211135 1.711643
-1.560433 3.519766 -1.567608
-2.123878 3.388910 1.221801
-2.200265 3.574087 -0.086599
1.657469 3.149103 2.172736
-2.674755 2.763581 1.180222
-0.621511 4.064591 1.439264
2.404469 2.698859 -1.660703
0.511466 4.336980 0.610166
1.591132 1.217047 -2.922055
-0.181575 4.397809 0.318737
-1.290351 3.829265 -1.282825
0.091191 4.406546 -0.090840
-1.661432 3.443515 1.761787
-1.814444 3.838171 0.512976
-0.468877 4.308641 -0.577019
2.470815 3.304560 0.669592
-1.781085 3.890844 0.089830
-2.610523 2.741320 1.358549
-1.258785 3.923968 -1.103469
0.787638 2.776152 2.895641
1.695297 3.718077 -1.116567
-0.134067 2.977047 -2.679643
1.277518 4.172843 0.006413
1.738183 2.096898 -2.640601
-0.393232 4.285003 0.908742
1.306034 2.129981 -2.855289
-0.418096 3.861567 -1.710021
0.697163 3.234972 2.574224
1.161087 4.033997 -0.978853
-1.863883 3.770210 0.701493
-2.235094 3.519473 -0.299290
2.650264 3.062333 -0.601595
-0.711444 4.058630 -1.225567
1.013849 2.639410 2.907882
-0.792259 3.123336 -2.445430
0.323143 2.890892 2.908465
-0.662089 3.876794 -1.605875
0.332323 3.556775 2.324338
0.148231 3.634127 -2.070722
-2.176124 2.458735 2.237236
0.291376 2.386557 3.188790
-2.248715 3.227179 1.302810
-2.122900 2.741500 2.075993
-0.260778 3.261335 -2.442951
2.082243 3.623129 0.812079
2.801002 2.760391 -0.811050
-2.027361 3.720152 0.135504
-2.359171 3.200049 1.126906
0.351341 4.336424 -0.544804
2.154395 3.412135 1.220170
0.015327 4.273161 -0.871236
2.183930 3.443601 -0.908870
-0.862415 4.174668 -0.784304
-0.364598 4.192399 -1.045921
0.204784 3.022043 -2.646229
0.061062 3.538461 2.365257
3.882494 2.080802 1.181031
3.304424 2.524468 1.826712
2.746638 2.608844 2.301625
3.509108 1.874045 2.439027
3.660946 1.655171 2.418031
3.672412 2.234716 1.671862
3.264384 2.429297 2.078679
3.144979 2.425865 2.227884
3.994143 1.073806 2.198631
2.907808 1.841003 2.946512
3.638689 2.350553 1.411437
3.934657 1.564971 2.038082
3.171707 1.754368 2.832430
4.169432 1.267638 1.649240
0.472554 -2.104264 3.186787
0.315327 -2.503531 2.710070
-0.397481 -1.480503 3.263402
0.253334 -2.018539 3.209925
0.848904 -2.231760 3.091377
0.540497 -1.953255 3.313619
0.122550 -2.348940 2.841393
0.215369 -1.623457 3.453394
0.237902 -1.423252 3.549300
0.717766 -1.731120 3.465593
-2.069507 1.441466 -3.640960
-0.536796 1.493014 -3.702879
-1.470778 -2.059577 -3.021114
-4.230147 1.626096 -1.035263
-3.114196 3.031764 -0.241517
-3.288825 -1.115274 -2.812167
-3.815243 1.002094 -2.552294
-2.943865 0.013891 -3.450249
-0.922772 2.709933 -2.956055
-0.626706 2.484820 -3.123943
-1.360762 -1.794597 -3.262096
-2.280306 2.326304 -3.050208
-3.658745 -0.642311 -2.667060
-3.903284 0.038339 -2.545441
-1.085403 -0.343636 -3.922787
-1.739263 1.814614 -3.558784
-0.038444 1.178190 -3.672763
-1.250098 1.655980 -3.691586
-2.356191 1.376217 -3.563253
-0.919535 2.525641 -3.130391
-0.393186 2.310672 -3.209450
-0.299624 0.563506 -3.865087
-2.693015 1.207193 -3.461980
-2.639789 -0.794019 -3.435143
-2.397876 0.813150 -3.695788
-2.415622 2.536675 -2.786979
-2.786733 -0.326384 -3.492112
-2.922128 0.243772 -3.476299
-3.952717 2.162876 -0.240286
-2.647518 -1.672214 -2.916444
-2.001880 -0.796308 -3.687444
-3.381235 0.537116 -3.125044
-3.055705 -1.464803 -2.777523
-1.838848 1.062947 -3.816993
-3.247873 0.928476 -3.169947
-1.017953 2.309109 -3.311630
-3.346245 0.726417 -3.129892
-1.363701 -0.766555 -3.807194
-2.796631 1.877376 -3.087418
0.665515 1.324170 -3.270214
-2.284358 -1.229430 -3.401831
-0.639151 -2.744881 -2.040160
-2.771432 -1.361395 -3.068119
-1.207512 1.380357 -3.800170
-0.737767 1.296865 -3.803263
-2.915425 1.585238 -3.173085
-3.048698 2.822815 0.632265
-3.091498 1.323509 -3.164399
-2.754865 -0.037973 -3.555657
-1.766359 -0.594053 -3.805618
-0.194586 -2.375628 -2.475733
-0.130300 -2.689805 -1.881935
-1.382070 0.040907 -3.964383
-2.523633 0.279495 -3.687049
-0.822365 1.931073 -3.540442
-1.515657 1.058434 -3.871431
-2.008014 -1.561785 -3.300600
0.131805 2.145660 -3.128822
-2.033047 -1.318049 -3.443432
-0.268261 1.874686 -3.459029
-1.650166 -2.157998 -2.889942
-2.097116 0.657900 -3.822737
-0.278618 0.867350 -3.819563
-4.088257 0.841528 -2.178969
-1.775646 -1.107519 -3.617280
-1.098534 1.088338 -3.885607
-0.766280 1.101884 -3.861465
-2.370618 0.171719 -3.748833
-2.913949 3.182724 -0.458968
-0.746364 -0.678851 -3.818602
-1.609452 -2.460964 -2.529856
-1.404608 1.526898 -3.736092
-1.874561 3.240245 -2.094833
-2.192472 2.657466 -2.778289
-1.715733 3.123886 -2.362798
-2.401762 -0.951730 -3.485960
-1.639893 0.341027 -3.944340
0.314721 0.188983 -3.654179
-1.682701 2.278798 -3.282207
-0.508260 -0.501009 -3.829083
0.048397 0.628885 -3.749490
-4.104444 1.786922 -1.296034
-0.768902 0.502638 -3.954827
-2.663159 1.025537 -3.529542
-0.994767 0.162735 -3.976688
1.135140 3.843368 -1.484890
1.926427 2.552997 -2.324077
2.069093 3.243429 -1.528694
1.319911 2.960576 -2.478378
2.111971 2.742810 -2.024027
1.068438 3.107068 -2.472562
1.660446 3.638534 -1.395218
1.387900 2.454624 -2.704075
-0.266478 3.302517 2.618188
-0.818936 3.393869 2.449676
-0.420237 3.223211 2.693994
-1.254999 2.710160 2.848245
-2.066410 2.745728 2.140003
-1.533399 3.271077 2.172102
-0.578047 2.933211 2.908685
-1.255952 3.422495 2.194685
-1.038827 1.930108 3.197977
-1.815432 2.175400 2.729980
-0.862967 2.947541 2.843373
-1.052891 2.131888 3.155212
-3.378083 -3.708319 0.429180
-4.035531 -0.759778 -2.325914
-2.550342 2.255157 2.030960
-2.292682 -3.804092 1.512330
-3.588367 -1.297329 -2.551064
-1.820448 -0.154169 3.708035
-2.566833 -1.927547 3.422509
-4.056138 -2.392971 2.331842
-2.809025 -3.037569 2.580775
-1.583572 -3.997490 0.671384
-3.830326 -2.768175 -1.499730
-4.513047 0.012590 -1.776004
-0.769843 -2.408257 2.998475
-1.638066 0.348480 3.585864
-0.692420 -3.034235 -1.716907
-3.799642 -0.571571 3.185300
-3.194446 -1.226299 3.444757
-0.708912 -3.532811 -0.937776
-0.997979 -0.253503 3.590355
-1.249107 -3.793556 1.388873
-2.481565 -3.827668 -0.678390
-3.556913 -2.172768 2.902934
-2.217106 -3.938643 1.080205
-2.725303 -3.909989 -0.086601
-0.597459 -1.292745 3.399246
-1.495121 -0.017216 3.658763
-2.258539 -3.996373 0.707206
-1.080328 -3.682234 -0.891110
-2.634467 -3.047329 2.631167
-0.537868 -3.730425 0.254457
-3.351579 -3.107158 -1.506006
-4.584237 1.103158 -0.891823
-3.052726 -3.717078 1.230908
-2.849820 2.287528 1.826939
-1.985460 1.658142 2.856559
-5.002542 0.796690 0.665000
-2.578799 -3.964274 0.535032
-1.872381 -2.614640 3.104665
-0.668390 -2.521666 2.870658
-4.816517 -1.219361 2.047889
-0.690247 -3.736316 -0.267626
-2.763388 -3.001471 -1.948777
-1.260158 -0.921136 3.663599
-0.818246 -3.843207 0.363879
-5.074648 -1.883860 -0.012563
-4.745455 -2.526110 0.088220
-2.622564 2.398629 1.723460
-2.128299 -3.545027 2.085325
-1.571302 -1.923514 3.467602
-5.194519 -0.876522 -0.587983
-4.893628 -2.303045 0.269174
-3.621230 1.831705 1.970057
-5.329966 -0.644017 0.182011
-3.337919 -2.508708 -2.119029
-1.163929 -0.759422 3.652830
-1.193546 -3.940143 0.088943
-4.532955 -0.526487 -1.845796
-0.980114 -2.892662 2.696822
-0.245609 -3.548538 -0.104482
-2.754244 -3.925806 0.529298
-3.861138 1.826887 1.685937
-5.095911 -1.630189 1.094533
-2.316500 -2.948705 2.802098
-1.752894 -3.809375 1.538766
-0.845978 -3.214632 2.268198
-3.323811 2.298213 1.365743
-3.402367 2.145679 1.643879
-1.370405 -3.735078 -0.925380
-0.814170 -3.384789 -1.307369
-4.570006 -1.470978 2.319943
-4.165200 -3.069642 -0.454166
-2.197598 -3.187765 2.569812
-3.790525 -1.628500 3.011703
-4.130847 -1.812361 2.654179
-3.022686 -3.353272 -1.378693
-4.171783 -2.997696 1.319675
-3.364535 -1.260553 -2.675882
-4.342226 1.557337 -0.640569
-4.037407 -1.104337 2.972571
-3.810189 -2.446602 2.521848
-3.863099 -2.933899 1.936379
-0.647379 -2.885689 -1.852669
-4.100792 -1.246393 -2.203182
-4.355652 -2.525594 1.795234
-1.572319 -3.730376 1.695016
-3.406358 -0.572972 3.407641
-2.864134 -2.860693 2.736365
-1.762793 0.650424 3.488044
-4.223509 -0.253703 2.828501
-2.059077 -2.904194 2.869321
-2.207812 1.960865 2.526409
-1.277184 -1.566041 3.546031
-0.425982 -3.490420 -0.711355
-1.207515 -3.779342 -0.716361
-5.270835 0.019426 0.370097
-5.175056 -0.434061 -0.664094
-4.253117 1.123111 2.104940
-2.329927 1.830879 2.654418
-1.524212 -3.970236 -0.151412
-2.560020 -3.931455 -0.183816
-3.631103 -3.577483 0.364907
-4.831357 -2.379328 0.674440
-0.389375 -3.252364 -1.174845
-1.347533 -2.500200 3.122865
-1.276345 0.870548 3.322135
-3.150357 -0.980882 3.499248
-2.478642 -3.813531 1.410323
-2.700312 -3.802000 1.303014
-3.304689 -1.075082 3.423226
-4.719775 -2.523208 0.812617
-1.730801 -3.711671 -1.081628
-0.289026 -2.148533 2.903545
-1.541402 -0.226102 3.696475
-4.343431 -1.851171 2.409105
-2.655745 -2.451717 -2.435888
-3.425075 -3.436512 -0.868035
-4.069894 -3.276372 0.387072
-4.748731 -0.575476 -1.562479
-3.015226 -2.110153 -2.520675
-3.674976 -1.414573 3.157017
-2.245360 -3.374519 -1.641023
-1.153590 -3.913826 0.764998
-1.302141 -2.788589 -2.207448
-3.210324 -2.345278 -2.300911
-4.825497 0.990917 -0.408733
-4.925597 0.092916 -1.100182
-2.829202 -3.790143 -0.540286
-0.784662 -1.094005 3.509925
-1.358535 -3.927457 -0.261119
-3.294828 -1.357927 3.373468
-1.001921 -3.896801 0.514944
-4.807676 0.683343 -0.910258
0.071142 -3.376164 0.260536
-3.227074 -3.688519 -0.392699
-4.841956 1.129429 0.387668
-3.962502 1.821458 1.538394
-3.948161 0.297304 2.920398
-2.862917 -3.432102 2.032827
-0.284054 -2.142165 -2.865688
0.340160 -1.536512 -3.147903
-0.919761 -1.298443 -3.592287
0.075442 -1.697407 -3.172518
-0.687088 -2.229882 -2.827153
-0.081837 -1.983843 -2.975209
-0.503473 -1.062261 -3.678107
-3.591454 2.219459 -2.077553
-3.891940 2.208648 -1.195195
-2.309132 3.192927 -1.916167
-2.714836 3.015828 -1.999960
-2.552421 3.275108 -1.427199
-3.029775 2.980812 -1.686968
-3.607357 2.621517 -1.074461
-3.859799 2.187635 -1.464519
-2.591557 2.935631 -2.231249
-3.646533 2.476409 -1.543323
-3.279806 2.912749 -1.255632
-4.668076 -1.790090 -1.471320
-4.582788 -2.421386 -0.987793
-4.784625 -1.823427 -1.260583
-5.099877 -1.566036 -0.566477
-4.950931 -1.334208 -1.177393
-4.607897 -2.101592 -1.334643
-4.341966 -1.971664 -1.755404
-0.844332 -3.505891 1.857519
-0.022775 -3.392670 1.254579
-0.564698 -3.057734 2.318320
-0.641483 -3.397005 1.938094
0.052776 -3.253154 1.489361
0.040048 -2.969605 1.962662
0.113173 -3.329561 1.114518
-0.877036 -3.405022 2.031657
-0.708779 -3.624830 1.529212
-0.291426 -3.603741 0.984059
-2.705872 0.870417 3.371365
-2.088090 1.478922 3.010887
-3.062231 1.466694 2.870047
-2.425071 1.447126 3.047089
-3.940788 0.466641 2.874860
-3.212217 0.650954 3.303765
-3.552605 0.788537 3.061294
-2.038249 0.978525 3.340928
-3.187833 1.277217 2.971996
-3.158376 0.941110 3.200781
-2.837190 0.512798 3.470446
-2.512943 1.645619 2.851871
-3.756999 1.365367 2.445786
4.661153 -2.406768 0.248691
3.824943 -3.294104 -0.755212
4.415467 -2.694980 -0.830622
4.551802 -2.328327 -1.080769
4.864872 -1.509003 -0.926529
3.336890 -2.791761 1.687250
3.941202 -3.285202 -0.351582
4.914904 -1.078268 0.495042
4.143298 -2.909807 0.730998
4.324714 -2.942776 -0.189045
3.829288 -3.368252 -0.015889
3.042995 -3.729064 -0.227515
3.130723 -3.447558 0.949154
3.073457 -3.231039 1.339815
4.479014 -2.719065 0.169442
3.168125 -3.675857 -0.454764
4.092518 -3.044273 -0.862022
3.255496 -3.567277 -0.844948
3.033881 -3.653189 -0.791927
3.870983 -2.916011 1.131760
4.736009 -2.091931 -0.862071
3.854373 -3.134200 -1.118437
4.335220 -2.863345 -0.643998
3.758612 -3.082709 -1.341019
4.345583 -2.402716 -1.398430
3.809929 -3.303171 0.437360
4.538574 -2.113693 1.000907
3.879912 -2.263755 1.705374
4.766651 -2.261028 -0.248655
3.145750 -3.085624 1.488054
4.849157 -1.557332 0.632629
4.921581 -1.088372 -1.114046
2.765604 1.832060 -2.469663
1.335204 -3.568128 -1.993300
2.015593 -0.944372 -3.775795
2.216787 -2.325285 -3.286588
1.606394 -1.576493 -3.667104
2.613937 -1.822509 -3.438722
2.514750 -3.535040 -1.858499
4.306460 -0.157149 -2.478980
2.837685 -3.648274 -1.252556
2.822922 -2.866364 -2.653931
0.886533 -3.860210 -0.589236
3.779442 -2.403125 -2.350321
2.340358 -1.991354 -3.438990
4.975186 -0.819379 -0.968573
2.033175 0.093994 -3.714458
4.878304 -0.032043 -1.232425
4.991952 -1.009868 -0.301075
2.427413 -3.836342 -0.942448
3.420859 -3.244555 -1.566386
1.068621 -0.418965 -3.748371
2.089859 -3.930494 -0.536765
1.572247 -0.837615 -3.800507
4.652598 0.396558 -1.606271
3.425591 1.834901 -1.924376
1.340236 -3.914150 -0.880725
5.015477 -0.733931 -0.581343
2.209652 -0.897949 -3.754431
1.337395 -1.000815 -3.769828
0.785591 -1.062157 -3.657584
1.042442 -1.783218 -3.533555
4.655041 0.747186 -1.140599
1.843256 1.156959 -3.297882
4.123675 -1.011009 -2.708692
4.903839 0.020288 0.134488
4.759530 0.588497 -0.943693
2.422722 -3.796106 0.235853
4.406649 0.022175 -2.287917
1.328476 0.525339 -3.590716
4.939190 -0.343320 -1.143170
4.965073 -1.183882 -0.656036
1.286511 -2.623204 -3.109522
2.150310 1.341990 -3.136811
3.210465 0.305691 -3.291033
4.328019 -0.470740 -2.497194
2.824421 0.422996 -3.430353
3.490738 1.618965 -2.170407
3.991421 1.441418 -1.730161
0.733872 -2.777062 -2.834675
0.567857 -2.006442 -3.296463
3.434094 0.761510 -2.955837
2.229887 -3.770687 -1.416573
1.712457 -3.180194 -2.608214
3.991134 1.230368 -2.022233
0.506534 -2.938769 -2.564779
1.379694 -3.678710 -1.768044
1.241231 -3.827203 0.348305
3.151757 -2.066975 -3.090442
3.820894 -0.321036 -3.014208
3.922781 0.493369 -2.681230
4.952918 -0.034770 -0.137637
1.680655 -2.041045 -3.489404
3.199235 -3.277757 -1.792380
2.366912 0.969978 -3.328995
2.616306 -2.592379 -2.991452
3.053642 0.637362 -3.244168
2.609872 0.628890 -3.426622
2.827178 -2.674493 -2.833494
1.485440 -1.919835 -3.537851
1.464579 -2.111883 -3.447464
1.664175 -3.873477 -1.208316
4.418058 -1.401647 -2.209127
3.095614 -2.508556 -2.826378
3.249118 1.459815 -2.565661
2.068157 -3.814460 0.416938
2.312885 -3.887784 -0.237354
4.779398 -1.453583 -1.383604
0.785743 -2.365887 -3.170802
3.276245 -1.840717 -3.132722
4.596770 0.952007 -0.913128
2.918238 -2.198243 -3.135002
4.120476 -1.989338 -2.285264
3.597450 0.247492 -3.063473
4.452290 -1.028478 -2.282274
2.346801 0.257818 -3.623759
1.425952 -3.794741 0.532609
0.489560 -1.638505 -3.419277
4.966259 -0.995572 -0.921711
3.493669 -3.080416 -1.803233
2.345144 -2.835453 -2.872915
1.601130 -3.940272 -0.139958
4.618352 -1.683510 -1.639101
1.047376 -3.240750 -2.436081
3.346335 -2.758648 -2.411793
2.808838 -1.466337 -3.493876
2.650283 -3.745532 -1.113539
2.776644 -0.758033 -3.619889
1.063129 -1.017065 -3.728156
2.051028 -3.104606 -2.664154
1.889430 1.004926 -3.384383
2.777468 -3.200628 -2.274690
4.441910 -1.781466 -1.937035
2.942087 -3.542880 -1.462836
1.856866 -0.652058 -3.804520
0.931539 -0.297633 -3.710527
3.213427 -0.858624 -3.424935
3.581430 -2.639130 -2.321794
0.332928 -2.076287 -3.156052
2.936082 -2.358593 -3.024297
1.774107 -1.707231 -3.624034
0.862183 -3.545527 -1.851629
1.448733 0.203360 -3.700531
0.997080 -2.181624 -3.339909
3.770660 -1.205639 -3.003796
2.722354 1.553747 -2.787721
2.644469 -2.014994 -3.342846
0.471502 -3.702368 -0.899445
0.248476 -2.826369 -2.526362
2.323010 0.508014 -3.548938
3.701544 -0.421637 3.276473
0.736646 -3.512779 1.432518
1.381475 -1.421325 4.010022
0.543740 -0.420867 4.262190
3.338935 -2.211542 2.539490
3.638477 2.115618 -1.319508
0.004165 -0.978613 4.001481
2.089626 0.657619 4.183420
0.582059 0.286242 4.302931
4.806313 0.140165 1.326466
1.392063 -3.107436 2.492035
0.076765 1.326022 3.983868
4.311742 -0.802450 2.358593
4.529205 -1.083779 1.628456
0.363144 -1.278594 3.992429
2.134506 -0.096083 4.206393
1.828356 -0.556027 4.222125
-0.330935 1.199719 3.872487
-0.457442 -0.200962 3.977158
2.181448 -0.415341 4.160017
2.726602 1.660171 3.619032
0.946344 2.461421 3.513066
1.608475 0.020853 4.317115
3.019932 2.999975 2.059353
2.547729 3.021864 2.488416
-0.281599 -0.671434 3.978999
4.778868 0.952056 0.490629
2.879438 -2.790466 2.194449
3.438185 2.764172 -0.680447
-0.599948 0.738064 3.861489
3.985125 2.504900 0.220144
4.549066 1.629482 0.808305
1.539470 2.165140 3.709018
3.796052 2.180020 2.233233
2.427768 0.978453 4.009781
3.176091 -1.560115 3.258761
3.940684 2.422384 1.496905
0.683661 -3.555950 1.173357
1.948161 2.638503 3.244803
3.423847 2.549011 2.287787
0.641330 2.444582 3.490611
4.569015 -0.495558 1.961535
3.019764 1.433627 3.557116
4.475349 -0.627930 2.120530
4.122255 -0.785953 2.672527
3.278327 3.138132 1.106923
1.370602 0.981892 4.238403
-0.614373 0.438751 3.897272
1.967210 -0.708456 4.160890
3.171197 1.929471 3.166997
4.868169 0.296270 0.767082
3.700382 -2.118729 2.166946
4.014576 1.244304 2.711187
2.386534 3.485843 1.632907
1.669602 -1.212570 4.064367
1.663880 1.037914 4.193491
4.356703 0.028465 2.507605
0.717934 1.167952 4.172014
0.445906 1.176167 4.126994
4.674834 0.254703 1.810079
4.559144 1.515862 0.057996
2.598675 3.190976 2.149765
4.069291 2.306397 1.365855
0.966853 -2.898438 2.819168
4.333285 1.934092 1.279008
3.770364 2.233010 -0.990147
3.051195 -1.181500 3.548151
-0.531514 -0.377349 3.919747
2.621783 0.149783 4.040253
1.796944 2.899944 3.013546
0.125293 -1.726980 3.703271
2.642207 -0.613163 3.953558
3.103209 3.129665 1.617929
3.675024 1.178953 3.139143
2.161283 -1.658772 3.738103
2.699007 -1.018897 3.811782
2.846793 -3.029310 1.696670
1.731578 -2.115322 3.552042
2.227091 -2.862235 2.593979
1.134763 -0.524902 4.293369
3.123342 0.066454 3.776190
1.432926 -2.912197 2.786680
4.375714 1.659023 1.658389
2.867271 3.421644 0.821369
4.875247 0.069104 0.546110
3.341790 1.616200 3.228071
1.312452 -2.993435 2.682959
1.427194 2.289840 3.635705
0.662373 -2.787791 2.920536
4.632670 -0.975808 1.366423
3.680464 2.852401 0.712675
1.614575 0.558579 4.290666
2.816643 1.296451 3.732863
1.101229 -3.592858 1.108812
1.289750 0.240412 4.342906
1.995912 0.884561 4.165390
0.012337 0.317773 4.169567
4.569077 -1.146893 1.391555
4.766552 0.582527 1.374208
4.769219 -0.725560 0.897661
2.654335 -2.521427 2.785476
2.320703 3.218295 2.323838
4.162653 2.309994 0.566051
2.388986 -3.056395 2.147889
3.542853 0.927189 3.352752
1.503122 -2.092481 3.606103
3.714051 2.650932 1.557935
0.304316 1.009260 4.142796
1.037341 -2.610094 3.169642
4.789748 -0.581568 1.001966
-0.236090 -1.392226 3.744821
-0.356280 -1.220904 3.767415
2.051144 -2.875122 2.662330
0.892810 1.271823 4.155951
4.544968 -0.148503 2.124196
2.715649 -0.079298 3.992795
1.390712 -2.495998 3.275466
-0.203242 0.353810 4.091924
2.107681 0.224005 4.218109
4.175521 2.190300 1.267961
0.629612 -3.249013 2.165732
3.793882 2.378026 1.947830
4.693688 0.551733 1.675203
3.748144 0.086928 3.284745
3.844609 2.512217 -0.338609
0.982896 -3.068627 2.567646
0.707192 -3.132641 2.415822
-0.026674 -1.189260 3.915644
3.873111 -1.837785 2.248082
0.893861 -0.985417 4.174981
3.454545 -2.259060 2.335610
3.195321 3.000824 -0.578896
4.857860 -0.094826 0.911909
2.838987 3.415339 1.037460
1.967432 -2.514169 3.136593
3.690576 2.601999 -0.517996
2.517572 -3.108371 1.911913
3.177673 3.168453 -0.088535
3.301477 1.221427 3.449097
0.725747 -2.646980 3.098204
1.559916 -1.414657 3.995437
3.025291 1.811919 3.352871
3.070490 -0.745138 3.691812
2.478322 -0.289816 4.075694
2.716674 3.030018 -1.548351
-1.523531 4.347312 -0.585364
-0.512993 4.655670 0.737195
-0.731889 4.513704 1.161825
1.906711 4.245725 0.082604
0.070286 4.586845 -1.007948
-0.578259 2.109716 3.613765
-0.768802 1.786723 3.661343
0.335706 4.727785 0.382580
-0.439205 3.749369 2.595458
-2.630921 3.533849 0.837852
-0.504749 1.275745 3.782721
2.513004 2.393619 -2.339239
-2.227206 3.990433 -0.086653
0.612872 4.668019 0.618005
1.194975 2.363043 -3.196077
-1.401352 1.271873 3.536627
2.506554 3.586075 1.193553
-1.729321 3.981378 -1.352924
-1.039964 4.286698 1.547499
-0.037319 3.552017 -2.654116
0.312109 3.575829 -2.617779
-0.112167 4.480844 -1.300760
0.471527 2.044018 -3.477052
-1.496305 3.425375 2.506883
1.480858 3.865714 -1.841681
2.590373 3.479996 -1.062845
1.656800 1.541445 -3.234455
1.285555 4.255873 1.462351
2.665133 2.589032 -2.041637
1.790202 3.412374 2.352881
1.743629 2.453392 -2.904054
1.578807 4.302588 -0.777946
0.418753 4.710008 -0.308782
1.267536 3.976721 2.003574
-0.784081 3.474681 -2.604845
2.096884 3.567492 -1.691822
-0.976997 3.961802 -1.977718
1.345783 3.981833 -1.761889
1.053083 4.059172 2.000972
2.280557 3.569180 1.630791
0.992816 3.913174 -2.063666
1.825443 4.283141 -0.145254
0.887461 3.685562 -2.379669
1.442946 4.470577 -0.061217
1.729055 4.312294 -0.358238
2.329727 1.905684 -2.718670
-0.110483 4.712410 0.614808
2.101905 4.084008 0.588440
2.048797 3.021485 -2.331531
-1.545179 3.663339 2.207682
-0.975058 4.608743 0.302523
0.169669 3.788462 2.591944
-1.391860 4.177901 1.486313
1.779817 3.732169 -1.785527
-2.565075 2.727234 2.169296
-0.391167 2.975052 3.245925
-0.295770 3.394644 -2.774326
2.220388 2.309801 -2.647598
-0.957424 3.635114 -2.386861
0.499340 3.501175 2.841433
1.027180 4.445195 -1.006005
-0.331837 4.733990 0.021070
1.613877 4.022260 -1.462195
-2.721461 2.780797 1.906946
-0.868318 3.855330 -2.168045
0.744002 3.336804 2.930972
0.290887 4.133380 -1.953076
2.187917 2.568868 -2.536073
-0.200662 3.715086 2.664834
2.253438 3.490132 1.791060
0.188408 4.042512 -2.095528
-0.368530 4.718921 0.388559
-0.833956 4.177044 -1.706215
1.756214 4.238173 -0.679008
-1.208766 4.349156 -1.059396
-0.092335 3.937114 2.417612
-0.361227 3.128577 -2.968553
-1.206763 3.607822 2.482934
-0.595750 4.169859 -1.814095
2.622216 3.553199 -0.803459
-2.245017 3.673085 1.409466
-2.072674 4.095309 0.352180
1.177595 1.853590 -3.367682
3.040134 3.091623 -0.676847
0.253620 2.995222 -3.072558
-0.674160 4.484764 -1.107472
2.124993 3.203850 -2.097223
-2.525553 2.982720 1.983420
0.163336 4.435942 1.588771
0.610414 2.714287 -3.188518
1.287461 3.037723 -2.790236
2.861984 3.328252 -0.677728
0.137802 2.661126 3.445200
1.668858 4.183921 -1.020254
2.951326 3.279389 -0.456882
1.890979 2.983398 -2.484559
-0.115719 2.560344 3.491639
2.100629 4.118789 0.286682
-2.081352 3.754875 1.509935
-0.401526 1.512768 3.771609
0.071702 4.723973 0.544835
0.641260 3.022803 3.183422
0.371258 3.107219 3.169125
2.552666 3.100178 -1.713086
-1.414925 4.315457 -0.906301
0.367044 4.597785 1.097412
1.504943 3.892153 1.963776
1.824352 3.993204 1.458516
-0.939775 4.578167 -0.487343
2.881378 3.429536 0.090027
0.644968 2.870320 3.276649
-2.612246 3.157488 1.644109
-1.378474 3.633411 2.356960
-1.989137 4.100295 -0.527661
-0.490265 3.317281 -2.808851
0.573746 4.706454 -0.110442
-2.011633 3.419560 2.098177
-0.155168 4.024317 -2.118799
2.291730 3.844101 1.007405
0.747286 4.673310 0.344145
1.536445 2.167711 -3.130913
1.109666 2.144141 -3.306131
-1.458663 4.436974 0.307837
1.397355 4.380004 -0.786232
1.495116 2.653132 -2.933192
0.299051 4.467684 -1.314046
-0.259597 3.522864 2.847119
0.728262 4.547945 1.087123
-1.955962 0.303163 -4.231503
-2.201605 3.629217 -1.877428
-2.507657 -1.393550 -3.630478
0.560334 1.108606 -3.810585
-3.242728 3.358526 -0.238876
-4.411777 1.195351 -2.146017
-3.939420 1.947165 -2.421071
-3.211638 2.775524 1.286372
-1.649590 1.774348 -3.974639
-4.151441 2.343640 -1.403564
-0.378579 -0.634273 -4.126488
-1.007588 3.322745 -2.760621
-0.399308 0.799990 -4.211906
-1.586741 2.173265 -3.779411
-1.833823 1.687732 -3.978786
-3.083554 2.623844 -2.758562
-3.331526 2.957339 0.846597
-3.050202 0.821919 -3.751459
-2.247670 1.452680 -3.957694
-1.376179 2.308263 -3.718873
-2.868551 3.064438 -2.391164
-2.994791 1.230556 -3.688285
-1.467537 -0.208854 -4.274495
-3.210672 3.324740 0.094857
-2.434779 -2.070071 -3.181571
-1.047864 -2.036848 -3.512025
-0.243758 2.703880 -3.291037
-3.693666 2.906983 0.184759
-1.305571 2.834381 -3.313945
-1.746418 -2.223617 -3.287810
-2.517825 -0.762448 -3.896584
-3.323079 3.125621 -1.654445
0.173257 -2.203431 -3.045911
-1.410091 1.642332 -4.056627
-2.959907 3.480952 0.096661
-3.651827 2.202559 -2.581139
-4.228415 1.793129 -2.054404
-2.847280 -1.738846 -3.221903
-2.495605 0.057384 -4.059597
-3.329388 1.941211 -3.121079
-3.928580 1.225801 -2.888397
0.069285 -0.790372 -3.954017
-0.284544 -1.133591 -3.935153
-0.935286 -2.812101 -2.667650
-2.353666 0.239835 -4.118773
-2.870069 3.597810 -0.443194
-1.093568 3.030377 -3.122060
-3.451371 2.783674 0.966776
-2.152964 1.932591 -3.782935
-1.108318 2.020679 -3.895022
-0.165047 1.325049 -4.040208
-1.389622 -0.706706 -4.179147
-2.068299 -2.120507 -3.290013
-1.615028 2.353846 -3.661441
-1.997326 3.524234 -2.243832
-2.828297 3.349709 0.738690
-3.767186 2.698851 0.538127
-0.161716 2.442602 -3.476943
-2.512716 3.723569 -1.111273
-4.017997 2.104297 -2.127647
-0.694144 -0.871489 -4.110564
-0.498537 2.613075 -3.438720
0.942631 0.617346 -3.671637
0.195953 -0.267110 -4.031746
-3.571853 2.036594 -2.818260
-1.092289 0.402680 -4.319839
-3.368419 -0.941172 -3.322452
-3.147909 2.299200 -3.010102
-3.314923 1.660362 -3.295139
-2.031089 3.736345 -1.715023
-1.926453 3.704376 -1.877825
-2.236014 3.305356 -2.496301
-3.743462 2.694226 -1.765615
0.076963 0.611610 -4.103860
-2.545044 2.279713 -3.416254
-2.714038 -0.538833 -3.872207
-2.040911 3.828410 -1.370857
-3.135022 2.141653 -3.142648
-4.130274 1.592520 -2.406655
-4.509820 1.890581 -0.797861
-3.275988 3.076481 0.694936
-1.725875 -0.226591 -4.239863
-3.244283 -1.098083 -3.345808
-3.540300 2.954899 -1.628163
-3.529179 3.077471 0.109761
-2.716224 3.676142 -0.524352
0.133123 -1.583368 -3.561399
-0.804362 0.856105 -4.263056
-1.810611 3.316384 -2.667794
-1.276688 0.092318 -4.314401
-2.272748 1.737867 -3.836550
-4.071433 2.594164 -0.820356
-1.037750 -1.520694 -3.855258
-2.516631 -1.827721 -3.342788
-4.261125 1.130347 -2.459150
-2.357113 -1.629497 -3.554320
-2.244413 2.684321 -3.229822
-0.489408 2.469208 -3.548151
-1.027127 -2.215128 -3.360664
0.679910 -0.758706 -3.678724
-3.510537 0.172349 -3.471351
-0.607027 -0.304546 -4.236638
-3.101757 3.180012 -1.907214
-3.630157 3.068923 -0.399915
0.165671 1.691029 -3.793103
-0.643926 2.152820 -3.784555
-3.806710 -0.535271 -3.070886
-3.861659 0.007690 -3.130524
-2.053087 2.954628 -3.037138
0.374871 0.223551 -4.001487
-1.468662 1.050319 -4.228044
-1.545040 0.419021 -4.297412
-3.498309 -0.637032 -3.332944
-4.232980 0.836463 -2.609009
-2.117869 1.087014 3.660309
-3.934233 -1.325076 -2.739391
-4.145288 1.443794 2.532273
-1.984457 -2.722822 -2.756610
-3.681307 -3.176413 2.454861
-4.654806 -2.369057 2.231684
-3.592793 -3.048845 2.665663
-5.464905 -1.854483 0.496693
-0.675949 -3.974729 -0.764603
-0.973504 -3.627538 2.365777
-5.001352 -1.653772 -1.535977
-3.050288 -0.702441 3.912384
-2.223001 -2.814173 3.366848
-0.190434 -3.920333 -0.019346
-1.149897 0.218715 3.900327
-1.766046 -3.425800 2.823807
-4.021914 -0.936543 -2.744174
-3.504555 -2.750487 -2.307857
-2.241749 -4.358684 0.373507
-3.927072 -3.709083 1.080558
-1.900427 -3.728481 -1.752854
-4.923189 0.599774 2.223859
-5.044340 0.752353 1.891935
-1.966295 -2.785058 3.401188
-1.689785 -1.818684 3.881787
-1.367954 -2.854619 3.297451
-2.584957 -2.832212 -2.609432
-4.063746 1.130719 2.862675
-2.586440 -3.922645 1.995911
-2.678025 1.961280 2.934229
-5.356387 -0.934384 -1.133533
-0.947230 -1.536080 3.835889
-3.597615 -3.595722 -1.216131
-5.436557 -0.014506 1.500265
-3.437225 -3.766818 1.721003
-4.712644 1.469889 -1.016516
-2.707244 1.340257 3.426085
-1.758640 -2.916777 -2.611787
-4.609007 -2.959095 1.532458
-2.555606 0.379455 3.890302
-5.358817 0.801218 -0.108480
-5.158312 1.009014 -0.604559
-4.943351 -1.481746 2.394831
-4.468988 -1.676498 -2.199718
-2.633440 -1.554296 3.899823
-5.654318 -0.920157 0.094105
-5.626893 -0.053169 0.223498
-2.301529 -4.348639 0.155793
-3.345551 -2.774555 3.064273
-5.422150 -0.854067 1.673919
-4.697254 0.820025 2.403756
-1.223473 -2.337040 3.595406
-4.741914 -1.978126 2.414577
-1.582029 -3.059880 -2.478936
-2.020973 0.261911 3.974296
-3.705121 2.052182 2.253586
-3.376339 -3.575387 2.143703
-2.409826 -0.379001 4.044601
-5.423286 -1.113703 1.600115
-1.509913 -0.585802 4.059235
-3.556689 -3.897717 1.171728
-3.898981 0.936023 3.112852
-4.761298 -1.050227 -2.068373
-3.688150 -1.139747 3.607305
-5.537832 0.366994 0.301362
-3.671393 0.645820 3.399257
-5.523219 -1.537157 -0.189002
-4.885547 0.453437 2.367942
-0.694951 -3.680700 -1.432658
-2.499948 -3.983502 -1.215611
-5.057292 -2.507075 -0.501255
-4.179262 -3.396925 1.482946
-1.273749 0.860604 3.708959
-1.450091 0.570568 3.851983
-4.087673 2.196509 1.505914
-2.179743 -3.522335 2.703746
-0.054381 -3.799565 -0.303403
-5.572291 0.046117 -0.194941
-3.528585 -3.987969 0.766084
-0.252458 -3.822662 -0.644852
-2.976204 -3.118261 -2.248115
-4.455683 1.998633 1.186391
-4.085104 -0.453078 3.397761
-4.759562 -2.246100 -1.499183
-0.134825 -3.433670 -1.359035
-3.244025 -3.747994 1.943136
-3.139212 -1.588117 3.752363
-3.512871 -2.466685 3.194290
-5.497103 -0.126175 -0.673899
-1.731656 1.575365 3.356336
-2.916642 -3.558216 -1.767311
-5.067680 -1.243014 -1.603853
-2.042858 -2.962865 -2.578787
-3.930289 -0.276715 3.486210
-3.388386 0.019286 3.727159
-0.903714 -4.062436 1.418391
-2.515822 -3.342343 2.853641
-4.554169 -0.206083 -2.290856
-1.539437 -3.709046 2.431862
-3.298263 -2.528416 3.263830
-1.312252 -1.458385 3.937711
-5.665059 -0.707455 0.099141
-5.208136 1.106163 0.840664
-3.744725 -2.398532 -2.410627
-5.005632 0.924186 1.803578
-4.997319 -2.671534 1.007625
-2.682992 -1.774018 3.825142
-2.069001 -4.351125 -0.022059
-3.131752 -4.170556 0.509974
-4.935297 -2.862236 0.394848
-3.048321 -2.305939 3.496675
-3.712852 -3.462390 2.019551
-5.591895 -1.247265 -0.132832
-3.636520 -3.467313 -1.401838
-4.935683 1.367842 -0.645886
-3.892637 -0.585584 3.529300
-5.252456 1.088796 0.465732
-0.875131 -0.984639 3.913218
-2.285411 -3.755706 2.369287
-5.473978 -1.754262 -0.097254
-5.020981 0.709960 -1.286594
-2.193799 -0.222881 4.052128
-4.722090 -1.455434 -2.008901
-5.517951 -1.250436 1.214598
-3.388991 -2.345232 3.332470
-1.453139 -2.603436 3.484956
-2.901360 -1.830961 3.751371
-1.164494 -3.728148 -1.607406
0.092184 -3.059195 2.340906
-0.369660 -2.138333 3.388355
-2.498211 -2.404381 -2.900757
-0.626281 -3.185096 -2.055771
-4.251913 -3.089424 1.947584
-2.810496 -3.795901 -1.446809
-1.795336 -0.541901 4.079978
-0.409214 -2.413013 3.257267
-1.831791 -2.172231 3.749985
-3.853702 1.810081 2.426975
-1.062867 -0.521388 3.979123
-5.415528 -0.344681 1.678955
-2.598586 -2.156255 3.693368
-3.301164 2.681737 1.411540
-1.053828 -1.136090 3.943421
-3.978626 -3.067049 -1.624761
-3.774416 2.322680 1.712073
-5.367308 -1.194160 -1.028335
-2.693573 -2.603654 -2.741994
-4.321311 -0.929811 -2.519694
-2.937715 0.325868 3.816839
-4.361982 1.396290 2.338550
-2.629562 -0.135584 3.984720
-0.359941 -3.454901 2.224808
-4.872796 0.230544 2.490003
-2.846692 -1.412379 3.885441
-4.321180 -1.791441 2.978519
-4.330727 -3.300720 -0.713625
-2.855554 -1.634043 3.826854
-3.183592 2.303795 2.295473
-3.754744 0.137108 3.518696
-0.625239 -4.089781 0.905293
-1.177363 -4.209569 1.126423
-3.761830 -3.879339 0.655969
-1.334422 -3.129639 -2.374398
-3.953301 -3.774053 0.527215
-3.254747 -1.210885 3.794284
-0.731189 -1.114127 3.851940
-0.310880 -3.620175 1.899720
-0.664476 -4.135818 0.033628
-5.458479 -0.638733 -0.907143
-5.606297 -0.214110 0.914915
-3.745672 -3.763214 -0.603589
-0.936021 -1.805257 3.751590
-3.759623 -2.745097 -2.143709
-2.459810 -3.564347 2.604007
-3.218958 0.773150 3.562781
-2.414438 -0.053270 4.007259
-1.054412 -3.807513 -1.424761
-4.025179 -2.012731 -2.432363
-4.098915 -2.078972 3.027801
-0.294399 -3.923139 -0.338278
-4.828473 -2.818890 -0.564115
-2.636364 -3.804578 2.194463
-1.285920 -0.829740 4.021730
-5.092946 -2.057778 -1.061135
-3.929649 -2.328391 -2.325628
-1.896369 -3.250771 3.013003
-5.151573 1.171806 -0.274300
-1.786188 -3.156162 -2.411719
-3.937377 1.343931 2.807573
-5.382057 -0.547579 1.789404
-5.564944 -0.734165 1.233608
-3.575978 -1.297502 -2.949921
-3.233772 1.598581 3.049998
-4.301248 2.253069 0.094213
-4.573363 -2.795178 1.872987
-5.570450 -1.365297 0.817058
-2.437429 1.988091 2.965016
-5.289566 -1.857050 1.450267
-2.087010 -3.874929 2.199502
-3.421413 -1.254311 3.718052
-2.913121 2.001919 2.812160
-3.093528 -0.034181 3.848745
-0.998043 -3.427624 2.644399
-1.625305 -4.110397 -0.994174
-5.059404 1.407903 0.586982
-4.689661 -1.860713 -1.865916
-2.504890 2.182939 2.739536
-3.481239 -0.472135 3.744755
-0.478809 -1.968536 3.518968
-3.679695 1.374349 2.973471
-1.676015 -2.020876 3.806387
-3.363346 -3.279736 2.564189
-1.287829 -4.074997 -0.965048
-1.873585 -3.980413 2.007576
