    0.0234195326
    0.0207560432
    0.0235971087
    0.0289006342
    0.0242209367
    0.0258556763
    0.0208865155
    0.0296528216
    0.0271059199
    0.0335725866
    0.0231018243
    0.0210676195
    0.0252549798
    0.0226416448
    0.0241356234
    0.0300547380
    0.0329594534
    0.0285083600
    0.0282563639
    0.0167956694
    0.0120753840
    0.0128896128
    0.0096472930
    0.0144124786
    0.0214908082
    0.0138380905
   -0.0021822193
    0.0323015743
    0.0303505613
    0.0171258970
    0.0211816083
    0.0045921597
    0.0133242371
    0.0076520797
    0.0207694627
    0.0344065342
    0.0139090912
    0.0258712785
    0.0176737349
    0.0105791794
    0.0179298179
    0.0209630117
    0.0024728861
    0.0185006725
    0.0144442643
    0.0171721434
    0.0123428609
    0.0142752924
   -0.0078685660
    0.0137376272
    0.0139687328
    0.0137151009
    0.0165992626
    0.0204393715
    0.0179338133
   -0.0020463534
    0.0147427049
    0.0059869633
    0.0070346784
    0.0213803720
    0.0120730128
    0.0195167184
    0.0168990854
    0.0171483591
    0.0062300722
    0.0327975145
    0.0356183611
    0.0330880605
    0.0173009523
    0.0311308861
    0.0372822561
    0.0302499895
    0.0089333570
    0.0285096525
    0.0334692499
    0.0347513429
    0.0176448647
    0.0169214839
    0.0137551698
    0.0133963575
    0.0121261193
    0.0164708353
    0.0142780163
    0.0144695323
    0.0166450771
    0.0101399865
    0.0170684146
    0.0171414852
    0.0170611174
    0.0163055947
    0.0184830265
    0.0157048935
    0.0116692456
    0.0188430884
    0.0138249014
    0.0113581518
    0.0165904586
    0.0195753519
    0.0185078542
   -0.0026805573
    0.0165719717
    0.0043677090
    0.0147025275
    0.0188940305
    0.0163465076
    0.0175962961
    0.0025938237
    0.0006632098
    0.0155763828
    0.0156626488
    0.0152051925
    0.0160665756
    0.0124110102
    0.0172259697
    0.0159026539
    0.0136174186
    0.0208768895
    0.0143053297
    0.0143603762
    0.0269163412
    0.0177851345
    0.0096290747
    0.0125522964
   -0.0014398964
    0.0187310667
    0.0165127371
    0.0213208462
    0.0186477632
    0.0141530195
    0.0235111370
    0.0167421514
    0.0168312501
    0.0148418701
    0.0245244146
    0.0147338737
    0.0101376782
    0.0172113109
    0.0174214795
    0.0257969262
    0.0201277677
    0.0122324682
    0.0139732809
    0.0214170952
    0.0225663686
    0.0161031066
    0.0188008207
    0.0290365964
    0.0185929704
    0.0070135428
    0.0184720538
    0.0168814890
    0.0154389822
    0.0164842261
    0.0045036849
    0.0126835127
    0.0024498367
    0.0186327982
    0.0194268708
    0.0143189756
    0.0193898839
    0.0180870662
    0.0307681565
    0.0286671515
    0.0169373043
    0.0174188311
    0.0266429999
    0.0197162606
    0.0116554761
    0.0206652029
    0.0234538234
    0.0186185198
    0.0102254156
    0.0170617844
    0.0225045794
    0.0016249537
    0.0004806986
    0.0059664366
   -0.0068252202
   -0.0065446061
    0.0005753368
    0.0205163750
    0.0293820233
    0.0234137976
    0.0287650933
    0.0259652248
    0.0248621237
    0.0187828521
    0.0056981480
    0.0291047401
    0.0191489593
    0.0153957700
    0.0035592508
    0.0241285715
    0.0249334508
    0.0075629718
    0.0265161416
   -0.0009405441
    0.0132666043
    0.0209369847
    0.0218276383
    0.0246437777
    0.0231891307
    0.0242128909
    0.0321411713
    0.0292363733
    0.0196201282
    0.0254029739
    0.0216578814
    0.0367250039
    0.0299408863
    0.0264875696
    0.0213685453
    0.0240051959
    0.0289925855
    0.0242094858
    0.0112894164
    0.0183815351
    0.0150025376
    0.0118848280
    0.0170504970
    0.0130830450
    0.0147705875
    0.0183120043
    0.0190440140
    0.0179925817
    0.0176702572
    0.0191687043
    0.0145401027
    0.0185248944
    0.0168882270
    0.0158267938
    0.0170641529
    0.0176835358
    0.0166623987
    0.0164660332
    0.0138502903
    0.0153350064
    0.0190227894
    0.0186487049
    0.0161526044
    0.0165723632
    0.0153802807
    0.0176171985
    0.0130836666
   -0.0005385468
    0.0067810154
    0.0161129193
    0.0174975792
    0.0136135282
    0.0009368027
    0.0118881080
    0.0144438646
    0.0087777335
    0.0161616164
   -0.0001199615
   -0.0065892451
    0.0174346445
    0.0156871753
    0.0141560769
   -0.0242633092
   -0.0296768418
   -0.0336573432
   -0.0349979797
   -0.0289077812
   -0.0025340437
   -0.0145225653
   -0.0247857068
   -0.0290514963
   -0.0454346033
   -0.0430600874
   -0.0429400047
   -0.0265741089
   -0.0319586287
   -0.0125477851
   -0.0129844107
   -0.0211692223
   -0.0179146715
   -0.0373089785
   -0.0113192842
   -0.0133962722
   -0.0399906972
   -0.0309022052
   -0.0096118645
   -0.0250629083
   -0.0429698004
   -0.0138159083
   -0.0328199394
   -0.0234242787
   -0.0304355184
   -0.0256289249
   -0.0409848534
   -0.0312282044
   -0.0388704718
   -0.0156236863
   -0.0418260960
   -0.0090730712
   -0.0291516273
   -0.0402847709
   -0.0106161034
   -0.0258313091
   -0.0174730671
   -0.0283807452
   -0.0255545561
   -0.0398623178
   -0.0391147483
   -0.0176881928
   -0.0074351856
   -0.0356278286
   -0.0225190623
   -0.0351889928
   -0.0384501861
   -0.0292064236
   -0.0275224645
   -0.0280875174
   -0.0180713375
   -0.0282675414
   -0.0290366861
   -0.0400996153
   -0.0197937796
   -0.0340761052
   -0.0328926702
   -0.0355846508
   -0.0374068958
   -0.0438067315
   -0.0318243737
   -0.0302657817
   -0.0269251848
   -0.0112497300
   -0.0251049779
   -0.0155544366
   -0.0288507059
   -0.0370072338
   -0.0368026028
   -0.0180398946
   -0.0365277091
   -0.0313580681
   -0.0229904905
   -0.0253756570
   -0.0180076358
   -0.0128375633
   -0.0205322030
   -0.0208797215
   -0.0422288180
   -0.0174917072
    0.0034369066
   -0.0120628251
   -0.0380366864
   -0.0233842290
   -0.0021224032
   -0.0200894793
   -0.0013678874
   -0.0356835357
   -0.0197245483
   -0.0062513703
   -0.0302687253
   -0.0284654584
   -0.0361102881
   -0.0342314404
   -0.0251995112
   -0.0342948332
   -0.0159836264
   -0.0289716000
   -0.0238190905
   -0.0053321697
   -0.0336971339
   -0.0207543083
   -0.0383308666
   -0.0417241592
   -0.0257707365
   -0.0330309217
   -0.0172803493
   -0.0263862294
   -0.0335894345
   -0.0338463356
   -0.0283582933
   -0.0321028577
   -0.0463806018
   -0.0253166233
   -0.0304206437
   -0.0259574064
   -0.0171686642
   -0.0435556259
   -0.0377411128
   -0.0283321731
   -0.0342159977
   -0.0221516090
   -0.0223885827
   -0.0467509573
   -0.0344333469
   -0.0096192605
   -0.0374730531
   -0.0313633313
   -0.0440049753
   -0.0475581044
   -0.0239568272
   -0.0266819181
   -0.0258462590
   -0.0255256784
   -0.0314085009
   -0.0320278598
   -0.0194848373
   -0.0301641052
   -0.0147412374
   -0.0340915059
   -0.0312746005
   -0.0300400364
   -0.0198037270
   -0.0226942914
   -0.0253075305
   -0.0196179838
   -0.0250036396
   -0.0290607670
   -0.0219639102
   -0.0320175612
   -0.0345782040
   -0.0221233961
   -0.0085686705
   -0.0253849053
   -0.0429231760
   -0.0240897800
   -0.0078893949
   -0.0033451439
   -0.0150286884
   -0.0226413820
   -0.0159617073
   -0.0160151566
   -0.0360997963
   -0.0418468328
   -0.0437818490
   -0.0206189102
    0.0230849718
    0.0206156374
    0.0254000263
    0.0229124333
    0.0268158610
    0.0294811149
    0.0276167898
    0.0180614939
    0.0236145540
    0.0277605663
    0.0242528328
    0.0252790538
    0.0218835118
    0.0196129919
    0.0297580052
    0.0185792507
    0.0269433817
    0.0131175601
    0.0153004618
    0.0171856888
    0.0153273992
   -0.0011842227
    0.0140202625
    0.0125165901
    0.0164735912
    0.0159554879
    0.0144401362
    0.0175782983
    0.0129843170
    0.0081428329
    0.0039760676
    0.0189727508
    0.0115772973
    0.0033086009
    0.0153120854
    0.0171262663
    0.0131180832
    0.0166374173
   -0.0041239621
    0.0084776296
    0.0065670076
    0.0174163006
    0.0102218765
    0.0192427091
    0.0174273655
    0.0090616929
    0.0148640689
    0.0176270760
    0.0125746015
    0.0135402102
    0.0151956337
    0.0159692696
    0.0127720909
    0.0124303848
    0.0134990548
    0.0174783086
    0.0178069989
    0.0182487289
    0.0127307619
    0.0036421711
    0.0159459289
    0.0145380039
    0.0150571875
    0.0062437141
    0.0096639696
    0.0028386494
    0.0005956899
    0.0153947745
    0.0138843348
    0.0136468245
    0.0129152003
    0.0109175254
    0.0221770327
    0.0176723671
   -0.0033309919
    0.0068493326
    0.0080057976
    0.0149900769
    0.0113019574
    0.0162241371
    0.0150002585
    0.0202985362
    0.0301312286
    0.0226729462
    0.0049014880
    0.0273199661
    0.0045102845
    0.0271895107
    0.0282234806
    0.0261542735
    0.0138255070
    0.0116365070
    0.0149676760
    0.0126253815
    0.0130579669
    0.0137115866
    0.0125879115
    0.0099951130
    0.0081600716
    0.0093621033
    0.0103466942
    0.0070060428
    0.0108000648
    0.0139336136
    0.0107378441
    0.0071340191
    0.0118028092
    0.0108629714
    0.0151380352
    0.0149414192
    0.0102849865
    0.0075331456
    0.0097838776
    0.0105368900
    0.0118187836
    0.0055864837
   -0.0003420268
    0.0043810433
   -0.0002174838
    0.0082446494
   -0.0019771222
    0.0107840754
    0.0094614597
    0.0080382471
    0.0152536387
   -0.0057865078
    0.0145739043
    0.0221681591
    0.0162757887
    0.0174444125
    0.0037711077
    0.0110947710
    0.0165792966
    0.0054622039
    0.0174762955
    0.0134012068
    0.0206043040
    0.0169985420
    0.0134646721
    0.0081692301
    0.0134977801
    0.0141280833
    0.0185751045
    0.0176938687
    0.0276986253
    0.0207724746
    0.0177245954
    0.0155829889
    0.0018375387
    0.0138684580
    0.0217330318
    0.0252888684
    0.0129087230
    0.0128600408
    0.0180353247
    0.0125432524
    0.0171787005
    0.0123389772
    0.0163525481
    0.0086682620
    0.0209366872
    0.0181575787
    0.0158691607
    0.0127649813
    0.0182799529
    0.0161929551
    0.0127887025
    0.0112069651
    0.0170275803
    0.0068202948
    0.0140526395
    0.0174801461
    0.0148073875
    0.0114603894
    0.0176269703
    0.0219724971
    0.0126226750
    0.0157909708
    0.0132870128
    0.0057921725
    0.0139784083
    0.0119273794
    0.0145778635
    0.0135476948
    0.0175756942
    0.0047431655
    0.0231275749
    0.0169995571
    0.0133594304
    0.0125186055
    0.0148748276
    0.0149332130
    0.0168228494
   -0.0048492432
   -0.0006433999
    0.0011233076
    0.0014575230
   -0.0085799279
    0.0056975543
    0.0244535845
    0.0266144971
    0.0046680196
    0.0244125404
    0.0187886069
    0.0018583018
    0.0068414171
    0.0104153424
    0.0151657187
    0.0223592949
    0.0015747068
    0.0190379243
    0.0181294555
    0.0167089742
    0.0196473277
    0.0226890860
    0.0082788718
    0.0142364458
    0.0105186667
    0.0236199392
    0.0213765158
    0.0294630094
    0.0219944272
    0.0220224438
    0.0245821617
    0.0230299638
    0.0191845717
    0.0228623169
    0.0210909532
    0.0282989108
    0.0204682410
    0.0262919483
    0.0248280798
    0.0305101979
    0.0182143286
    0.0252752922
    0.0238489581
    0.0117460604
    0.0081110554
    0.0104911079
    0.0108578846
    0.0068486744
    0.0122072020
    0.0138742592
    0.0138647859
    0.0119209178
    0.0131189980
    0.0152561120
    0.0135389649
    0.0148338987
    0.0154587477
    0.0095269198
    0.0079271191
    0.0125069894
    0.0150803872
    0.0062552133
    0.0059927010
    0.0038125611
    0.0088438426
    0.0122884802
    0.0127411976
    0.0140358462
    0.0098999170
    0.0010325765
    0.0129442179
    0.0144976548
    0.0135423071
    0.0158871793
   -0.0351296305
   -0.0262696477
    0.0020565569
   -0.0284956115
   -0.0229609994
   -0.0328781004
   -0.0241783814
   -0.0309929125
   -0.0134881864
   -0.0216608122
   -0.0318470308
   -0.0322261113
   -0.0337956622
   -0.0213020860
    0.0010600010
   -0.0218170356
   -0.0350643152
   -0.0193704932
   -0.0251275980
   -0.0142148628
   -0.0225789032
   -0.0199665230
   -0.0258181203
   -0.0126333088
   -0.0302048046
    0.0057214178
   -0.0237870743
   -0.0294858285
   -0.0293086134
    0.0021107608
   -0.0215849297
   -0.0300316205
   -0.0258842474
   -0.0045136441
   -0.0165297980
   -0.0279971305
   -0.0333939194
   -0.0271045110
   -0.0247818018
   -0.0157100031
   -0.0161899212
   -0.0156856726
   -0.0216344174
   -0.0268569148
   -0.0133710117
   -0.0020790764
   -0.0132751863
   -0.0154524764
   -0.0150510734
   -0.0301593564
   -0.0016862383
   -0.0167095251
   -0.0247162332
   -0.0166498412
   -0.0034670276
   -0.0204991337
   -0.0110259663
   -0.0069146736
   -0.0291472584
   -0.0253591887
   -0.0115557466
    0.0013242567
   -0.0104222035
   -0.0336602097
   -0.0221059456
   -0.0140579607
   -0.0113755519
   -0.0232110147
   -0.0202838188
   -0.0069683838
   -0.0146577841
   -0.0202963292
   -0.0278777018
   -0.0402498405
   -0.0057188645
   -0.0362407125
   -0.0104569371
   -0.0156191402
   -0.0371668580
   -0.0318793317
   -0.0133959073
   -0.0182129474
   -0.0361994691
   -0.0345672565
   -0.0317216320
   -0.0022518300
   -0.0168469883
   -0.0225707601
   -0.0204743279
   -0.0227667750
   -0.0199071631
   -0.0134322909
   -0.0288939040
   -0.0052552325
   -0.0178395904
    0.0026581321
   -0.0197082247
   -0.0370124515
   -0.0147345135
    0.0014508772
   -0.0202400970
   -0.0324440001
   -0.0123508695
   -0.0204902756
   -0.0334368255
   -0.0360736888
   -0.0134101705
   -0.0287912548
   -0.0285717942
   -0.0183668049
   -0.0341567194
   -0.0270884338
   -0.0228717332
   -0.0260898048
   -0.0092828135
   -0.0163098746
   -0.0067318289
   -0.0354638244
   -0.0372339378
   -0.0200521978
   -0.0259779658
   -0.0153856642
   -0.0145181293
   -0.0122224368
   -0.0195114629
   -0.0246024642
   -0.0209479470
   -0.0052947618
   -0.0368963695
   -0.0291666694
   -0.0180955706
   -0.0330835624
   -0.0103897957
   -0.0186910081
   -0.0286920612
   -0.0139120560
   -0.0300343880
   -0.0254762395
   -0.0337621669
   -0.0220860986
   -0.0263683625
   -0.0243312868
   -0.0385805054
   -0.0136831266
   -0.0406279348
   -0.0315071137
   -0.0293064844
   -0.0300816966
   -0.0306642317
   -0.0234411575
   -0.0179555732
   -0.0206388862
   -0.0342823451
   -0.0132669517
   -0.0137459004
   -0.0304778640
   -0.0327118784
   -0.0246372216
   -0.0378806482
   -0.0151548570
   -0.0358820322
   -0.0264303851
   -0.0181215200
   -0.0138935381
   -0.0249786207
   -0.0280434971
   -0.0272658375
   -0.0303199336
   -0.0187736936
   -0.0322605806
   -0.0336723347
   -0.0285825549
   -0.0155277699
   -0.0055159994
   -0.0194939796
   -0.0147379256
   -0.0077110664
   -0.0350577573
   -0.0162448752
   -0.0052420077
   -0.0283273944
   -0.0259561815
   -0.0382513020
   -0.0232775706
   -0.0070577978
   -0.0172363365
   -0.0316076460
    0.0188725241
    0.0213738017
    0.0192640932
    0.0211689019
    0.0240150088
    0.0217969110
    0.0212258786
    0.0204781567
    0.0230759569
    0.0198252204
    0.0181193787
    0.0186079473
    0.0177396522
    0.0207749883
    0.0176410574
    0.0174118543
    0.0234468019
    0.0184058044
    0.0223073349
    0.0169942305
    0.0179636996
    0.0073810129
    0.0064853993
    0.0156763047
    0.0139743177
    0.0144681042
    0.0123953491
    0.0116090744
    0.0100470666
    0.0158733396
    0.0073872834
    0.0162080192
    0.0123378002
    0.0173886585
    0.0025658336
    0.0131550689
    0.0075485195
   -0.0013026961
    0.0080088315
    0.0123980405
    0.0091401239
    0.0094224357
    0.0239433361
    0.0122010150
    0.0135958175
    0.0138933049
    0.0154462053
    0.0102590893
    0.0127051467
    0.0090105061
    0.0159152397
    0.0121087338
    0.0145582613
    0.0173870332
    0.0127666092
    0.0164224681
    0.0176264549
    0.0141101486
    0.0145098641
    0.0189861653
    0.0110769555
    0.0151274188
    0.0033126952
    0.0063160076
    0.0074449563
    0.0137454199
    0.0102577234
    0.0208347964
    0.0165797016
    0.0195907039
    0.0094034211
    0.0098244891
    0.0133660233
    0.0081224191
    0.0131272246
    0.0153404705
    0.0128153162
    0.0149579961
    0.0118670101
    0.0131435413
    0.0161162585
    0.0134927196
    0.0119427995
    0.0130090467
    0.0132045986
    0.0114745448
    0.0144824650
    0.0186907047
   -0.0002872767
    0.0134526405
    0.0088131553
    0.0115665861
    0.0109398314
    0.0178284840
   -0.0035363867
    0.0185864079
    0.0154268039
    0.0055441153
    0.0123591699
    0.0144441309
    0.0118720196
    0.0161125185
    0.0174118317
   -0.0061508457
    0.0145939430
    0.0128727705
    0.0108010422
    0.0098411620
    0.0038006459
    0.0132885713
    0.0168217053
    0.0108685545
    0.0055264785
    0.0112051980
    0.0075774335
    0.0125679368
    0.0129879483
    0.0111300069
    0.0229541380
    0.0105572302
    0.0118887022
    0.0123483227
    0.0093878079
    0.0081581370
    0.0122149572
   -0.0021578418
    0.0109053547
    0.0189807418
    0.0129954271
    0.0064368548
    0.0074923831
    0.0195287726
    0.0107339321
   -0.0003762981
    0.0143339824
    0.0134411756
    0.0232630393
    0.0210190341
    0.0220297523
    0.0194061195
    0.0158940662
    0.0212801311
    0.0047493108
    0.0084978800
    0.0096280050
    0.0204576170
    0.0188548712
    0.0046280975
    0.0182608901
    0.0101302967
    0.0216660931
    0.0220299947
    0.0125925389
    0.0090169203
    0.0224522989
    0.0179367439
    0.0235238081
    0.0164573215
    0.0083646408
    0.0066208775
    0.0106303480
    0.0091480239
    0.0078910176
    0.0071873248
    0.0109865589
    0.0119763814
    0.0105546799
    0.0080743876
    0.0070883357
    0.0106133682
    0.0115951024
    0.0096865684
    0.0079267918
    0.0087873047
    0.0100955717
    0.0094934014
    0.0122202376
    0.0126481562
    0.0050097701
    0.0070754875
    0.0116127377
    0.0058146672
    0.0054899235
    0.0079434379
   -0.0014261807
    0.0082013452
    0.0037059024
    0.0085246399
    0.0079549520
    0.0100801486
   -0.0036398164
    0.0112887457
    0.0113354181
   -0.0023157023
    0.0104185060
    0.0009716817
    0.0018427460
    0.0113528143
    0.0211867361
    0.0219453153
    0.0104852374
    0.0087453427
    0.0121215007
    0.0125967377
    0.0115356941
    0.0084025106
    0.0163100256
    0.0062286344
    0.0187002290
    0.0138540199
    0.0117760861
    0.0091905685
    0.0058664938
    0.0132010203
    0.0122869142
    0.0100011517
    0.0158600717
    0.0128942094
    0.0043736096
    0.0094595341
    0.0033189675
    0.0050390792
    0.0029329232
   -0.0026572328
    0.0155252541
    0.0108788946
    0.0020475112
    0.0130997354
    0.0154200609
    0.0101841877
   -0.0013162985
    0.0062435286
    0.0167870877
    0.0148226294
    0.0136222751
    0.0177144689
    0.0107217817
    0.0066001604
    0.0062493212
   -0.0051199096
    0.0097434078
    0.0137751604
    0.0105741783
    0.0147370567
    0.0120614575
    0.0113768731
    0.0132984142
    0.0090363725
    0.0176686470
    0.0028256378
    0.0090363691
    0.0091910217
    0.0164758938
    0.0233461156
    0.0149859099
    0.0097525845
    0.0096867615
    0.0178547413
    0.0077624130
    0.0161303271
    0.0119756908
    0.0103861962
    0.0118757228
    0.0141052091
    0.0166921725
    0.0016866224
    0.0143621865
    0.0180363405
    0.0071501105
   -0.0014547839
    0.0122256718
    0.0094729226
    0.0144796087
    0.0216010996
    0.0143675314
    0.0103698521
    0.0122530987
    0.0156399051
    0.0128227530
    0.0060165104
    0.0160500128
    0.0111168614
    0.0130997302
    0.0218310485
    0.0262202246
    0.0079776134
    0.0119627818
    0.0127459273
    0.0072121612
    0.0106042391
    0.0186623214
    0.0125785815
    0.0110546188
    0.0118216573
    0.0124921015
    0.0124828075
    0.0015402886
    0.0121313039
    0.0119190668
    0.0124816346
    0.0160831574
    0.0084833879
    0.0057719978
    0.0003204541
    0.0140138487
    0.0201639357
    0.0076463333
    0.0027317632
    0.0151163764
    0.0175170854
    0.0108863730
    0.0053882374
    0.0161350935
    0.0165458823
    0.0191095119
    0.0092612080
    0.0141971938
    0.0191892174
    0.0098306883
    0.0160167689
    0.0143020190
    0.0069888457
    0.0136759167
    0.0210113021
    0.0182272960
    0.0216988971
    0.0215525396
    0.0180995560
    0.0247911974
    0.0226002199
    0.0242443773
    0.0266963315
    0.0196900874
    0.0240616041
    0.0183342513
    0.0250469492
    0.0194850753
    0.0231477544
    0.0058244135
    0.0079216082
    0.0105535635
    0.0102995813
    0.0112513443
    0.0077621483
    0.0112470961
    0.0077384803
    0.0059788616
    0.0124544483
    0.0068374813
    0.0118683412
    0.0041581036
    0.0050448393
    0.0096273393
    0.0076672376
    0.0073750502
    0.0120491366
    0.0118471371
    0.0093803954
    0.0072389390
    0.0006670903
    0.0024850955
    0.0105259514
    0.0114387373
    0.0097462346
    0.0023042849
    0.0120962252
    0.0066844292
    0.0085570073
    0.0112601779
    0.0048060319
    0.0105004326
    0.0093694565
    0.0113390680
    0.0008471732
    0.0083416461
    0.0100340771
   -0.0230079825
   -0.0219814627
   -0.0263436100
   -0.0273934698
   -0.0091178464
   -0.0145069535
   -0.0107470644
   -0.0147746154
   -0.0141055440
   -0.0101563548
   -0.0231948787
   -0.0236549424
   -0.0094030342
   -0.0241571353
   -0.0187042441
   -0.0070126234
   -0.0286588620
   -0.0134667829
   -0.0232455467
   -0.0199804554
   -0.0092483527
   -0.0290003625
   -0.0198640830
   -0.0216478300
   -0.0249942094
   -0.0104124896
   -0.0249800355
   -0.0032397972
   -0.0174094356
   -0.0336497773
   -0.0281438685
   -0.0114692642
   -0.0174939315
   -0.0003947891
   -0.0293293001
   -0.0157051059
   -0.0191191855
   -0.0129663133
   -0.0215334939
   -0.0298771878
   -0.0174932084
   -0.0088292171
   -0.0141496954
   -0.0205442478
   -0.0147498760
   -0.0211616513
   -0.0259185751
   -0.0117645686
   -0.0114920127
   -0.0274590393
   -0.0302448776
   -0.0160053403
   -0.0013444874
   -0.0255625515
   -0.0219213424
   -0.0328311992
   -0.0254971998
   -0.0322915148
   -0.0154453559
   -0.0344415483
   -0.0233607029
   -0.0199918223
   -0.0072237777
   -0.0086442433
   -0.0269349474
   -0.0246987780
   -0.0220500291
   -0.0241312167
   -0.0294199742
   -0.0113393431
   -0.0182301827
   -0.0059360518
   -0.0311560202
   -0.0149926374
   -0.0060067503
   -0.0257295850
   -0.0094655925
   -0.0155734876
   -0.0229655205
   -0.0161458749
   -0.0169482750
   -0.0118772684
   -0.0095958541
   -0.0011489283
   -0.0135426443
   -0.0148552296
   -0.0241222705
   -0.0009251693
   -0.0179832475
   -0.0150660832
   -0.0130035855
   -0.0100721924
   -0.0133652127
   -0.0014084249
   -0.0060887378
   -0.0198418013
   -0.0228057290
   -0.0189205976
   -0.0040720758
   -0.0084064440
   -0.0207110660
   -0.0231205526
    0.0008725732
   -0.0170270157
   -0.0197816274
   -0.0097336555
   -0.0074069899
   -0.0303879535
   -0.0160974837
   -0.0111819539
   -0.0271637608
   -0.0221396741
   -0.0214858049
   -0.0337325266
   -0.0245553276
   -0.0047498909
   -0.0050846863
   -0.0235607049
   -0.0234670248
   -0.0313762057
    0.0026766648
   -0.0257624900
   -0.0179336385
   -0.0133488669
   -0.0099592776
   -0.0186799939
   -0.0180127881
   -0.0310585056
   -0.0175162152
   -0.0188505229
   -0.0218725064
   -0.0257482032
   -0.0254377930
   -0.0313852747
   -0.0113119901
   -0.0150745271
   -0.0151636775
   -0.0217180159
   -0.0167808145
   -0.0229508444
   -0.0191719485
   -0.0286556191
   -0.0246687316
   -0.0243119518
   -0.0101260821
   -0.0246979892
   -0.0280566681
   -0.0129918360
   -0.0112734828
   -0.0141395186
   -0.0223137181
   -0.0124179526
   -0.0250646132
   -0.0107485295
   -0.0180801098
   -0.0104745180
   -0.0154624240
   -0.0128272964
   -0.0167631118
   -0.0160731880
   -0.0186933414
   -0.0087392257
   -0.0203972930
   -0.0159846638
   -0.0315477518
   -0.0219802404
   -0.0089057527
   -0.0257394329
   -0.0106186014
   -0.0068231543
   -0.0076908977
   -0.0142882883
   -0.0306508771
   -0.0167099603
   -0.0250776321
   -0.0276441040
   -0.0262366069
   -0.0237351897
   -0.0143220676
   -0.0288744253
   -0.0206900853
   -0.0224382350
   -0.0067097923
   -0.0242076941
   -0.0156648312
   -0.0273528986
   -0.0180240326
   -0.0087771682
   -0.0175246498
   -0.0216815360
   -0.0272571187
   -0.0118270591
   -0.0081899637
   -0.0075217500
   -0.0209371796
   -0.0258789435
   -0.0274657224
   -0.0244837192
   -0.0119248798
   -0.0180423389
   -0.0202596622
   -0.0294406650
   -0.0215396643
   -0.0120375914
   -0.0070560836
   -0.0338412597
   -0.0266285065
   -0.0115959731
   -0.0280446918
   -0.0139519487
   -0.0299478804
   -0.0261761293
   -0.0299791382
   -0.0160090350
   -0.0152886044
   -0.0204317165
   -0.0218884430
   -0.0338693337
   -0.0321652559
   -0.0246232300
   -0.0116221859
   -0.0166941422
   -0.0105015187
   -0.0135521067
   -0.0076891557
   -0.0210951129
   -0.0211255717
   -0.0194022798
   -0.0119075795
   -0.0279110857
   -0.0112874948
   -0.0231652039
   -0.0153080303
   -0.0135394997
   -0.0334742746
   -0.0097356642
   -0.0081455703
   -0.0306213979
   -0.0129286420
   -0.0211050605
   -0.0296045906
   -0.0115766647
   -0.0155383203
   -0.0086671074
   -0.0079064019
   -0.0291776489
   -0.0147556853
   -0.0220915309
    0.0188783033
    0.0205529714
    0.0209172686
    0.0164978926
    0.0177093899
    0.0207466999
    0.0198758863
    0.0170678020
    0.0191298970
    0.0107236790
    0.0081256646
    0.0102906486
    0.0072002696
    0.0140829208
    0.0101741017
    0.0005989617
    0.0119878202
    0.0001231466
    0.0033942900
    0.0119450803
    0.0063478206
    0.0095520510
    0.0119492631
    0.0115776523
    0.0130310526
    0.0134953018
    0.0093822744
    0.0050537694
    0.0098429877
    0.0026713821
    0.0086976428
    0.0117218789
    0.0114939830
    0.0119989000
    0.0082639348
    0.0126765272
    0.0124866796
    0.0075542629
    0.0018964307
    0.0089336044
    0.0106516212
   -0.0044734540
    0.0079902992
    0.0155619704
    0.0088998713
    0.0119410261
    0.0069652548
    0.0094152848
    0.0100067441
    0.0076841935
    0.0123703809
   -0.0017381156
    0.0020332646
    0.0097411059
    0.0076522551
    0.0027057831
    0.0103603409
    0.0115904055
    0.0087422861
    0.0166695299
    0.0130509639
    0.0117560789
    0.0063074891
    0.0064528985
    0.0033618065
    0.0164007306
    0.0053649807
    0.0092012471
    0.0111683483
    0.0209680969
    0.0098124302
    0.0123357772
    0.0116485395
   -0.0037390530
    0.0033128962
    0.0089230675
    0.0154428496
    0.0098665247
    0.0002620146
    0.0163449250
    0.0159457719
    0.0043927838
    0.0152566795
   -0.0006408678
    0.0138315544
    0.0044512419
    0.0078702779
    0.0174665323
    0.0045604860
    0.0105661951
   -0.0021741410
    0.0150289018
    0.0083213154
    0.0099436401
    0.0074817990
    0.0110751735
    0.0187811884
    0.0158768021
    0.0090069558
    0.0118956249
    0.0121190087
    0.0122108034
    0.0096889720
    0.0099611471
    0.0127465650
   -0.0034393611
    0.0148564273
    0.0140264919
    0.0030171527
    0.0068578588
    0.0130105422
    0.0177807509
    0.0144352137
    0.0175856818
    0.0037227001
    0.0128517015
    0.0140698139
    0.0114572476
    0.0107937606
    0.0031241772
    0.0106268315
    0.0032994672
    0.0099276164
    0.0106887837
    0.0060769161
    0.0122609376
    0.0049455951
   -0.0025057327
    0.0103722348
    0.0102691309
    0.0103786202
    0.0135648334
    0.0174379866
    0.0094174021
    0.0218249862
    0.0121079615
    0.0148323855
    0.0101603283
    0.0080229281
    0.0088844447
    0.0193855476
    0.0222695683
    0.0038922584
    0.0114592075
    0.0120315198
    0.0077420255
    0.0105031966
    0.0211414966
    0.0084145438
    0.0092662981
    0.0087843515
    0.0228465508
    0.0038337107
    0.0099992945
    0.0113424255
   -0.0011643201
    0.0143099360
    0.0074751725
    0.0158378620
    0.0094250297
    0.0124339960
    0.0149230959
    0.0127603117
    0.0095660325
    0.0131320855
    0.0220177639
    0.0110875935
    0.0065905135
    0.0134798119
    0.0089014720
    0.0041488011
    0.0142375021
    0.0164546759
   -0.0001817318
    0.0130442817
    0.0186861518
    0.0178026138
    0.0096806107
    0.0015513506
    0.0021249576
    0.0139472233
    0.0193533163
    0.0050103716
    0.0108051569
    0.0149800284
    0.0141460457
    0.0036470824
    0.0019910555
    0.0092556673
    0.0183240457
    0.0195538152
    0.0175116108
    0.0118546277
    0.0209543417
    0.0083431869
    0.0163561959
    0.0173932260
    0.0189843890
    0.0157663699
    0.0147041701
    0.0059485973
    0.0089729676
    0.0045202925
    0.0088838312
    0.0085594757
    0.0082574900
    0.0070745571
    0.0077546639
    0.0073261351
    0.0075902517
    0.0074589023
    0.0072163991
    0.0058657498
    0.0091173110
    0.0053719761
    0.0006443679
    0.0059185065
    0.0084196750
    0.0047526368
    0.0050791524
   -0.0021971129
    0.0038065345
   -0.0003349982
    0.0061103529
    0.0004736096
    0.0015726467
    0.0081926400
    0.0075416303
    0.0072522952
    0.0032189879
    0.0052408194
   -0.0030563728
    0.0055633280
    0.0116684935
    0.0132657975
    0.0147913840
    0.0094165011
    0.0100872737
    0.0086054116
   -0.0028826978
    0.0046250330
    0.0093637281
    0.0090583350
    0.0223920742
    0.0209862938
    0.0098894352
    0.0042766771
    0.0134594734
    0.0080195672
    0.0122865683
    0.0097961523
    0.0102426936
    0.0096833376
    0.0102604889
    0.0146364558
    0.0004911323
    0.0010567950
    0.0111193390
    0.0105549952
    0.0094579735
    0.0102906196
    0.0162305822
    0.0161540777
    0.0084330006
    0.0123044135
    0.0165676639
    0.0064459074
    0.0028709236
    0.0105437365
    0.0205656418
    0.0125232568
    0.0027714262
    0.0123788270
    0.0016557905
    0.0079691804
    0.0120481289
    0.0070732301
    0.0054284768
    0.0108271324
    0.0086101704
    0.0119889505
    0.0116226112
    0.0076264197
    0.0132921766
    0.0074696636
    0.0087974662
    0.0073959317
    0.0101993992
    0.0159106566
    0.0115960015
    0.0088942185
    0.0163472792
    0.0017493573
    0.0163947255
    0.0123673555
    0.0148415497
    0.0063677351
    0.0147348775
    0.0028906145
    0.0040044641
    0.0113972615
    0.0115046458
    0.0105797491
    0.0088089849
    0.0081314430
    0.0101797394
    0.0102244780
    0.0149572837
    0.0101483012
    0.0030161456
    0.0095478550
    0.0023986614
    0.0088453934
    0.0035365682
    0.0188576666
    0.0107866725
    0.0026045280
    0.0090206078
    0.0104954324
   -0.0014852222
   -0.0041120006
    0.0007820539
    0.0066469873
    0.0089465360
    0.0114130020
    0.0102341618
    0.0099787959
    0.0105958875
    0.0109157629
    0.0156943161
    0.0099463216
    0.0106061933
    0.0014453582
    0.0048645374
    0.0070330880
    0.0056019034
    0.0149971728
    0.0137357453
    0.0107051745
    0.0092660534
    0.0107828454
    0.0118021428
    0.0110293446
    0.0097592200
    0.0111470500
   -0.0011850504
    0.0139437428
    0.0120893497
    0.0181114708
    0.0120166557
    0.0121457086
    0.0027322930
    0.0074089804
    0.0222504599
    0.0137710352
    0.0107111669
    0.0058991313
    0.0085029570
    0.0110360060
    0.0154636598
   -0.0023351117
    0.0177628026
    0.0128929439
    0.0086842351
    0.0125309297
    0.0098378557
    0.0007422562
    0.0102011338
    0.0107095305
    0.0108041472
    0.0010844019
    0.0071420476
    0.0115622320
    0.0077394769
   -0.0061451882
    0.0127872918
    0.0123395301
    0.0114681275
    0.0112249968
    0.0111686819
    0.0132145987
    0.0206923170
    0.0165477375
    0.0188819481
    0.0159834203
    0.0168874225
    0.0176789855
    0.0167208200
    0.0171399702
    0.0178877511
    0.0181211611
    0.0183711912
    0.0208796887
    0.0192949131
    0.0166473672
    0.0071458700
    0.0095585034
    0.0058794978
    0.0100513363
    0.0065964263
    0.0079198913
    0.0054520133
    0.0041027117
    0.0096361899
    0.0074408556
    0.0065619385
    0.0091430592
    0.0063528229
    0.0043338878
    0.0037196844
    0.0065260705
    0.0032385045
    0.0068282869
    0.0077215897
    0.0026334733
    0.0076177250
    0.0006278725
    0.0050855010
    0.0006822457
   -0.0198752618
   -0.0110110391
   -0.0163102899
   -0.0105442834
   -0.0098708735
   -0.0145675678
   -0.0111824226
   -0.0250018792
   -0.0221127364
   -0.0003867958
   -0.0072862486
   -0.0268491251
   -0.0263895554
   -0.0124241925
   -0.0038553422
   -0.0095855598
   -0.0206947416
   -0.0041777662
   -0.0198629831
   -0.0172554474
   -0.0159602377
   -0.0136348698
   -0.0178667024
   -0.0275741907
   -0.0122862398
   -0.0205786144
   -0.0206330562
   -0.0049505942
   -0.0213882597
   -0.0221622914
   -0.0002760478
   -0.0250474904
   -0.0031787844
   -0.0108720411
   -0.0171217090
   -0.0098578188
   -0.0229680481
   -0.0196529189
   -0.0210741552
   -0.0151392566
   -0.0039583072
   -0.0180512664
   -0.0137384427
   -0.0216478921
   -0.0149383293
   -0.0243225689
   -0.0200262583
   -0.0002305052
   -0.0152960027
   -0.0187508349
   -0.0034007734
   -0.0140350588
   -0.0162918721
   -0.0181979126
   -0.0089524949
   -0.0085436264
   -0.0078117726
   -0.0211774747
   -0.0155870729
   -0.0144362990
   -0.0176132531
   -0.0271167245
   -0.0041298444
   -0.0161106586
   -0.0016731573
   -0.0176251733
   -0.0251025164
   -0.0276707055
   -0.0052431423
   -0.0121981123
   -0.0058971354
   -0.0176952510
   -0.0193840245
   -0.0159218091
   -0.0164138205
   -0.0231965878
   -0.0283277591
   -0.0203671418
   -0.0032932566
   -0.0012017938
   -0.0160943603
   -0.0089622941
   -0.0106634260
   -0.0099533300
   -0.0239630680
   -0.0211860603
   -0.0062609790
   -0.0248781473
   -0.0087138494
   -0.0134420696
   -0.0023569754
   -0.0071356955
   -0.0263919366
   -0.0232113404
   -0.0090912148
   -0.0112224826
   -0.0153494148
   -0.0132189200
   -0.0176006402
   -0.0143912484
   -0.0165250558
   -0.0195354341
   -0.0039181909
   -0.0142100990
   -0.0190062516
   -0.0180387974
   -0.0189988840
   -0.0108099380
   -0.0249017382
   -0.0133622565
   -0.0109198021
   -0.0164999486
   -0.0173348333
   -0.0249181498
   -0.0143918179
   -0.0094945830
   -0.0179190173
   -0.0252113522
   -0.0069361687
   -0.0241657438
   -0.0072658477
   -0.0095653369
   -0.0051281229
   -0.0142222782
    0.0004915601
   -0.0240796223
   -0.0052962002
   -0.0191062446
   -0.0235164911
   -0.0290458463
   -0.0160460429
   -0.0235880373
   -0.0202585222
   -0.0160270062
   -0.0103505200
   -0.0154933367
   -0.0191683879
   -0.0204737838
   -0.0256971946
   -0.0188513750
   -0.0163103274
   -0.0256803859
   -0.0265708628
   -0.0114935485
   -0.0055971346
   -0.0199038103
   -0.0237012795
   -0.0172912011
   -0.0138518430
   -0.0093342289
   -0.0210309372
   -0.0123215380
   -0.0224895803
   -0.0032417045
   -0.0131373924
   -0.0217038101
   -0.0141138541
   -0.0119335155
   -0.0085556569
   -0.0143948124
   -0.0185304458
   -0.0235559919
   -0.0120721903
   -0.0137213091
   -0.0098428801
   -0.0223579887
   -0.0074677437
   -0.0235787552
   -0.0181059028
   -0.0104929855
   -0.0113911157
   -0.0096897826
   -0.0165469954
   -0.0179627758
   -0.0257189487
   -0.0229756587
   -0.0190443839
   -0.0063094332
   -0.0202449003
   -0.0276194920
   -0.0221303949
   -0.0065431138
   -0.0175213698
   -0.0168353354
   -0.0248863373
   -0.0228980378
   -0.0150354446
   -0.0115157574
   -0.0207197218
   -0.0093893530
   -0.0148668272
   -0.0076059546
   -0.0266088975
   -0.0265221607
   -0.0162843665
   -0.0232526902
   -0.0254397164
   -0.0257754589
   -0.0207959009
   -0.0229176849
   -0.0051440678
   -0.0209844714
   -0.0173025947
   -0.0037873701
   -0.0136501219
   -0.0164592513
   -0.0268165915
   -0.0176393280
   -0.0109516907
   -0.0093351412
   -0.0218146798
   -0.0214906052
   -0.0085953749
   -0.0117041831
   -0.0105625332
   -0.0159141165
   -0.0017542353
   -0.0128758386
   -0.0177786822
   -0.0282271530
   -0.0222281313
   -0.0230454523
   -0.0090177077
   -0.0108963517
   -0.0125474825
   -0.0164776779
   -0.0172446799
   -0.0148001860
   -0.0268481413
   -0.0230874366
   -0.0260757584
   -0.0261156855
   -0.0256596310
   -0.0119632404
   -0.0064326539
   -0.0201147841
   -0.0100600613
   -0.0296249130
   -0.0211172950
   -0.0201457433
   -0.0172260435
   -0.0153726899
   -0.0128764537
   -0.0190085076
   -0.0189686280
   -0.0179176051
   -0.0053264522
   -0.0067080757
   -0.0122730003
   -0.0096453311
   -0.0204262714
   -0.0254721626
   -0.0218111247
   -0.0213569875
   -0.0162246192
    0.0045550008
   -0.0051120008
    0.0122893251
    0.0076273112
    0.0100223479
    0.0076956142
    0.0015300062
    0.0046713775
    0.0054823098
    0.0174504301
    0.0166891531
    0.0120738813
    0.0189776068
    0.0026384525
    0.0091063234
    0.0115582178
    0.0090465306
    0.0072691758
    0.0155674742
   -0.0050446584
    0.0094902703
    0.0063952761
    0.0143266148
    0.0150445111
    0.0077149472
    0.0096783819
    0.0056363800
    0.0080396391
    0.0172688373
    0.0081774305
    0.0051777390
    0.0042967366
    0.0079826399
    0.0092362197
    0.0026071861
    0.0074792790
    0.0172176029
    0.0106427044
    0.0117004339
    0.0071561089
    0.0088769496
    0.0165596662
    0.0055246558
    0.0111053407
    0.0002698137
    0.0090057296
    0.0132592881
    0.0154752815
    0.0038692386
    0.0033052145
    0.0048291274
    0.0095736450
    0.0024059792
    0.0118663559
    0.0158449966
    0.0032307620
    0.0102383548
    0.0035531653
    0.0138030815
    0.0107282411
    0.0137107821
    0.0065701288
   -0.0001787153
   -0.0017804349
   -0.0006825491
    0.0114855311
    0.0087017253
    0.0126877400
    0.0011811486
    0.0145220694
    0.0177088783
    0.0149332294
    0.0076223758
    0.0076489870
    0.0121101464
    0.0080813790
    0.0122226115
    0.0064874448
   -0.0009784194
    0.0092207646
    0.0154516437
    0.0013859102
    0.0048487095
    0.0146423529
    0.0101288633
    0.0186104055
    0.0085180924
    0.0167703853
    0.0097862278
    0.0054370961
    0.0046263702
    0.0090340587
    0.0084417850
    0.0082751394
    0.0108578367
    0.0093901109
    0.0100386786
    0.0046396320
    0.0104132921
    0.0113163941
    0.0064946794
    0.0079902445
    0.0087102373
    0.0093109555
    0.0118545221
    0.0081808668
    0.0032628110
   -0.0041727206
    0.0134375199
    0.0041498241
    0.0111906383
    0.0059270258
   -0.0033279951
    0.0110318869
    0.0096718621
    0.0143390823
    0.0000580630
    0.0133514616
    0.0041132859
    0.0085040653
    0.0179398803
    0.0057040572
    0.0095796730
    0.0004487346
    0.0099985177
    0.0077960469
    0.0061603056
    0.0031685548
    0.0142528430
    0.0017797900
    0.0117212590
    0.0091743058
    0.0142504131
    0.0111937062
   -0.0011999854
    0.0137165663
   -0.0010098085
    0.0020495732
    0.0120632783
    0.0079676898
    0.0087506383
    0.0070870427
    0.0091838145
    0.0099507956
    0.0169292380
    0.0089669260
    0.0064761751
    0.0012036234
    0.0080132229
    0.0028952908
    0.0172746846
    0.0032021292
    0.0014970641
    0.0045767515
    0.0071195582
    0.0183591427
    0.0104099408
    0.0079829055
    0.0125515627
    0.0111242552
    0.0077062503
    0.0099703089
   -0.0007440362
    0.0091322309
    0.0073385053
    0.0043172184
    0.0087604712
   -0.0012063281
    0.0142902675
    0.0158419967
    0.0131889881
    0.0133086212
    0.0087348143
   -0.0030524039
    0.0116483132
   -0.0001035983
    0.0123424378
   -0.0018582132
    0.0196539434
    0.0039999416
    0.0101530500
    0.0132286552
    0.0195610892
    0.0009883629
    0.0033644084
    0.0075303894
    0.0058453683
    0.0154342846
    0.0039120291
    0.0139053429
    0.0033298110
    0.0075880457
    0.0092237230
    0.0009023669
    0.0089525522
    0.0132140934
    0.0042757839
    0.0067401328
    0.0100073286
   -0.0028927523
    0.0040618978
    0.0041610605
    0.0063892539
    0.0058313261
    0.0082838857
    0.0107390232
    0.0017716867
    0.0081864563
    0.0109253534
    0.0111675170
    0.0081413309
    0.0145940183
    0.0122546726
    0.0058031162
    0.0038218188
    0.0017784075
    0.0002395189
    0.0112982652
    0.0009341118
    0.0023115529
    0.0141934629
    0.0123897689
    0.0082935988
    0.0171057234
    0.0136470491
    0.0027563219
    0.0183816532
   -0.0052859399
    0.0173167544
    0.0124869103
    0.0150655694
    0.0098303774
    0.0113662903
    0.0117655565
    0.0147167849
    0.0000997618
    0.0135191241
   -0.0001499137
   -0.0028886862
    0.0187797190
    0.0014403331
    0.0072000079
    0.0126931107
    0.0045367556
    0.0153759368
    0.0058278125
    0.0104019169
    0.0132466637
    0.0021712337
    0.0114516553
    0.0116489481
    0.0175329815
    0.0056219535
    0.0147857741
    0.0080038971
    0.0151893616
    0.0011200133
    0.0118830160
    0.0094808774
    0.0123007849
    0.0024111055
    0.0054237912
    0.0047787180
    0.0156544507
    0.0123545464
    0.0094073858
    0.0181971832
    0.0175231242
    0.0060192581
    0.0115066190
    0.0158958596
    0.0140155868
    0.0100662807
    0.0077879944
    0.0079887745
    0.0106017115
    0.0030110202
    0.0133514183
    0.0132073354
    0.0096972300
    0.0088236947
    0.0094166374
    0.0087475929
    0.0041942860
    0.0063331831
    0.0067925996
    0.0079471659
    0.0072533936
    0.0136521772
    0.0014283881
    0.0083425671
    0.0096407905
    0.0071846368
    0.0041613420
    0.0126154124
    0.0100040241
    0.0055431303
    0.0055916816
    0.0060095473
    0.0134689999
    0.0156579551
    0.0029083950
    0.0088774421
    0.0127435454
    0.0069436268
    0.0078079509
    0.0119608482
    0.0038613202
    0.0087151045
   -0.0050468268
    0.0127524803
    0.0186687737
    0.0040895375
    0.0088885634
    0.0053809924
    0.0060707343
    0.0086943379
   -0.0027292629
    0.0112675585
    0.0086747778
    0.0074806621
    0.0007155893
    0.0122154872
    0.0170431773
    0.0106916028
    0.0013293549
    0.0077469609
    0.0110333799
    0.0087032880
    0.0126851102
    0.0039045980
    0.0082480945
    0.0076307434
    0.0064723704
    0.0069959677
   -0.0000723161
    0.0019378232
    0.0097214309
    0.0085973916
   -0.0056050245
    0.0123889522
    0.0186797009
    0.0080829802
    0.0054915452
    0.0089467042
    0.0114468192
    0.0099643806
   -0.0029937670
    0.0102724788
    0.0085370143
    0.0090706224
    0.0069436613
    0.0015112543
    0.0105321769
   -0.0024926909
    0.0048376210
    0.0065115870
    0.0067760836
    0.0156488561
    0.0119687993
    0.0195367803
    0.0023416729
    0.0092137435
    0.0061234414
    0.0009100089
    0.0077932662
    0.0099778232
   -0.0058468341
    0.0184562300
    0.0038951042
    0.0025493806
    0.0067671597
    0.0102897738
    0.0166493144
   -0.0006620561
    0.0080753620
    0.0128537604
    0.0139604368
    0.0185103001
    0.0040359549
    0.0116751543
    0.0141904621
    0.0049674377
    0.0148226379
    0.0080540974
    0.0126507447
    0.0175342179
    0.0107973695
    0.0098557202
    0.0020761420
    0.0171473198
   -0.0036867158
    0.0010379396
    0.0112022159
    0.0159266639
    0.0082724095
    0.0081364465
    0.0158976574
    0.0107382857
    0.0042762923
    0.0025343381
    0.0111227413
    0.0099088635
    0.0045480916
    0.0059551623
    0.0133750873
    0.0016969603
    0.0094400222
    0.0090885955
    0.0079989482
    0.0094737314
    0.0128288768
    0.0043004735
    0.0122946692
    0.0100026016
    0.0114497392
    0.0111358189
    0.0003079426
    0.0076802269
    0.0125835947
    0.0043783397
    0.0128195659
    0.0091568459
    0.0147449969
    0.0024996277
    0.0012814534
    0.0100736009
   -0.0014407340
    0.0153801682
    0.0119657693
    0.0073563247
    0.0086152725
    0.0001812994
   -0.0032836123
    0.0100830164
    0.0085525985
    0.0060847450
    0.0153225956
    0.0160215870
    0.0062788639
    0.0065507269
    0.0069811746
    0.0069089798
    0.0098235263
    0.0150283563
    0.0180829418
    0.0081490650
    0.0025136607
    0.0043344437
   -0.0022183086
    0.0130119787
    0.0129243079
    0.0066413786
    0.0083242573
    0.0096286022
    0.0064395964
    0.0060204426
   -0.0014033875
    0.0084781562
    0.0117298153
    0.0058348140
    0.0084098169
    0.0083378834
    0.0053324970
    0.0053797241
    0.0092627788
    0.0101666545
    0.0108741313
    0.0136402998
    0.0142736275
    0.0034360540
    0.0114072240
    0.0068813152
   -0.0044449229
    0.0110685555
   -0.0038236977
    0.0154315959
    0.0065539118
    0.0171882773
    0.0098580000
    0.0091301012
    0.0075405290
    0.0097453999
    0.0012591341
    0.0086320822
    0.0098022788
    0.0087678641
    0.0066973875
    0.0089248086
    0.0145543334
    0.0067425453
    0.0154985209
    0.0082969308
    0.0021871732
    0.0110948957
    0.0050612964
    0.0170503128
    0.0059190556
    0.0066236580
    0.0070970377
    0.0078579260
    0.0181909114
    0.0034377635
    0.0008237657
    0.0083620798
    0.0075831567
    0.0174899271
    0.0040157021
    0.0023725724
    0.0087910881
    0.0054191595
    0.0070254201
    0.0149550096
    0.0117934320
    0.0048227637
    0.0154947666
    0.0109588662
    0.0102619534
   -0.0058664377
    0.0119160986
    0.0083244979
    0.0060825111
    0.0114613855
    0.0074491640
    0.0091256660
   -0.0083993321
    0.0001961901
   -0.0193506582
   -0.0061595314
   -0.0206742311
   -0.0067161104
   -0.0058564224
   -0.0204353158
   -0.0184604156
   -0.0214344551
   -0.0060312277
   -0.0145714535
   -0.0093996049
   -0.0130557822
   -0.0200759906
   -0.0041599627
   -0.0156403754
   -0.0088631437
   -0.0176646241
   -0.0168780957
   -0.0122408658
   -0.0145470837
   -0.0059879093
   -0.0140855096
   -0.0135347797
   -0.0176788508
   -0.0092337946
   -0.0173827793
   -0.0254678100
   -0.0118062246
   -0.0169583860
   -0.0143407687
    0.0009755423
   -0.0110857865
   -0.0127453893
   -0.0152074461
   -0.0049881304
   -0.0203397450
   -0.0172250518
   -0.0190721301
   -0.0160821386
   -0.0227130934
   -0.0046411959
   -0.0152923507
   -0.0154336538
   -0.0191875266
   -0.0068517561
   -0.0047507089
   -0.0064430970
   -0.0024488856
   -0.0121988254
   -0.0004344289
   -0.0060092040
   -0.0176947040
   -0.0081567501
   -0.0152804588
   -0.0195149852
   -0.0140070315
   -0.0172844335
   -0.0093439760
   -0.0128918289
   -0.0216740600
   -0.0096613113
   -0.0046760039
   -0.0094881534
   -0.0197730066
   -0.0119717496
   -0.0199876205
   -0.0067381703
   -0.0110853179
   -0.0156617979
   -0.0150442319
   -0.0126477852
   -0.0165174589
   -0.0256275967
   -0.0163058361
   -0.0025703670
   -0.0091161825
   -0.0067279704
   -0.0192922615
   -0.0161804088
   -0.0208430842
   -0.0222289992
   -0.0039770381
   -0.0128714808
   -0.0244290225
   -0.0136788052
   -0.0221174052
   -0.0120968103
   -0.0074921469
   -0.0155373662
   -0.0138406077
   -0.0097556406
   -0.0141891005
   -0.0120292341
   -0.0189319447
   -0.0037301606
   -0.0098712133
   -0.0141157995
   -0.0168303228
   -0.0019886040
   -0.0074781140
   -0.0129033967
   -0.0213072673
   -0.0180096459
   -0.0201428552
   -0.0091766484
   -0.0186044858
   -0.0055204545
   -0.0092964384
   -0.0064430790
   -0.0181022387
   -0.0187349684
   -0.0148886679
   -0.0223172250
   -0.0166519296
   -0.0175285290
   -0.0152594552
   -0.0180532971
   -0.0169971833
   -0.0180342997
   -0.0127711718
   -0.0069992368
   -0.0199325940
   -0.0169913395
   -0.0066589899
   -0.0238110802
   -0.0030228804
   -0.0160518963
   -0.0187198418
   -0.0088414861
   -0.0156921694
   -0.0055948317
   -0.0137068408
   -0.0132550246
   -0.0228646655
   -0.0222589780
   -0.0058854695
   -0.0148173047
   -0.0085176637
   -0.0099356260
   -0.0088279396
   -0.0141802186
   -0.0157207112
   -0.0206143849
   -0.0162836761
   -0.0057363807
   -0.0037837537
   -0.0115380068
   -0.0132518730
   -0.0114982497
   -0.0037719067
   -0.0091608658
   -0.0129340064
   -0.0205453575
   -0.0196351790
   -0.0213093835
   -0.0218285252
   -0.0163678437
   -0.0126811946
   -0.0175306628
   -0.0119100813
   -0.0129255712
   -0.0136196571
   -0.0141917367
   -0.0248469451
   -0.0176794402
   -0.0145359763
   -0.0194094952
   -0.0082916199
   -0.0010957500
   -0.0059637158
   -0.0028280214
   -0.0116415820
   -0.0174408195
   -0.0115935163
   -0.0200819952
   -0.0208713731
   -0.0215627132
   -0.0130933636
   -0.0136867126
   -0.0117643407
   -0.0098733442
   -0.0245788419
   -0.0145832888
   -0.0162550345
   -0.0098113483
   -0.0131129000
   -0.0233178125
   -0.0185825415
   -0.0084051908
   -0.0150694978
   -0.0098884977
   -0.0013070455
   -0.0144869167
   -0.0208832138
   -0.0127624696
   -0.0128681076
   -0.0070587577
   -0.0158038800
   -0.0189757033
   -0.0074235031
   -0.0118539328
   -0.0118033076
   -0.0199081188
   -0.0106116871
   -0.0138447618
   -0.0087822946
   -0.0088073148
   -0.0215459719
   -0.0069344096
   -0.0192425837
   -0.0054516414
   -0.0192822026
   -0.0184204308
   -0.0069528620
   -0.0121042914
   -0.0209540835
   -0.0063369381
   -0.0200701471
   -0.0107239198
   -0.0140253224
   -0.0231005306
   -0.0136255878
   -0.0125898511
   -0.0201061435
   -0.0070428718
   -0.0253413070
   -0.0166615937
   -0.0176759170
   -0.0171555017
   -0.0217408939
   -0.0234697409
   -0.0030706613
   -0.0226784119
   -0.0188372445
   -0.0139225434
   -0.0164365718
   -0.0155553750
   -0.0117500201
   -0.0230492315
   -0.0174164324
   -0.0126353544
   -0.0094533037
   -0.0201377831
   -0.0106175245
   -0.0124194318
   -0.0148105844
   -0.0117923253
   -0.0152615247
   -0.0186852166
   -0.0108064076
   -0.0123091262
   -0.0200239989
   -0.0098529733
   -0.0200627696
   -0.0136191397
   -0.0133447824
   -0.0144512966
   -0.0075646630
   -0.0217631241
   -0.0157453178
   -0.0163192677
   -0.0223713434
   -0.0092642942
   -0.0191805989
   -0.0073185253
   -0.0207290534
   -0.0130415786
   -0.0160404516
   -0.0104756710
   -0.0170871688
   -0.0182635650
   -0.0134420109
   -0.0109660953
   -0.0180333409
   -0.0133074018
   -0.0107490721
   -0.0141503620
   -0.0227202073
   -0.0050495687
   -0.0212396368
   -0.0228960700
   -0.0144417684
   -0.0142963280
   -0.0235503139
   -0.0207798701
   -0.0128355828
   -0.0118476329
   -0.0145246690
   -0.0222858252
   -0.0060541971
   -0.0179898118
   -0.0129767068
   -0.0171884231
   -0.0145136212
   -0.0167526414
   -0.0142725247
   -0.0203936137
   -0.0088893634
   -0.0216667854
   -0.0218620984
   -0.0070698905
   -0.0196428923
   -0.0085888145
   -0.0048271704
   -0.0122671735
   -0.0229868856
   -0.0193504453
   -0.0045809613
   -0.0076289438
   -0.0106006737
   -0.0079892101
   -0.0170966903
   -0.0106226004
   -0.0060874369
   -0.0148569627
   -0.0118444575
   -0.0203403034
   -0.0103655563
