    0.0025987352
    0.0049814249
    0.0041825752
    0.0024577485
   -0.0165818531
   -0.0263108240
   -0.0111284777
    0.0031466449
    0.0036870926
   -0.0106731015
   -0.0017185878
   -0.0069775657
   -0.0044588309
    0.0037264817
    0.0014360382
    0.0050270915
   -0.0151164701
   -0.0066115395
   -0.0138208400
    0.0030070453
   -0.0029977727
    0.0025115542
    0.0050709242
   -0.0072198131
   -0.0245000660
   -0.0034575621
    0.0017449750
   -0.0290476872
    0.0084968188
   -0.0241839842
    0.0118559456
   -0.0021687348
    0.0112622490
   -0.0032976405
   -0.0145378663
   -0.0365355237
   -0.0107534759
   -0.0030829731
    0.0075800037
    0.0022486284
   -0.0041326292
   -0.0052827626
    0.0004033734
   -0.0034423683
   -0.0129764381
   -0.0031656050
   -0.0107520019
    0.0103359980
    0.0035199915
   -0.0043304689
    0.0066400831
   -0.0123277624
    0.0050367862
    0.0068955826
   -0.0081682057
   -0.0022636377
    0.0088077468
    0.0070063054
   -0.0059278678
   -0.0077473984
    0.0104264346
   -0.0042591312
   -0.0050864006
    0.0070155250
   -0.0042417947
   -0.0020593788
    0.0020682643
    0.0006797187
    0.0097945929
   -0.0208186889
   -0.0011117120
    0.0042867696
   -0.0051289835
    0.0107700876
   -0.0013945754
    0.0120987231
    0.0085789571
   -0.0012570329
   -0.0007307114
   -0.0025088447
   -0.0062835974
    0.0153982402
    0.0152162053
    0.0169153731
    0.0128651756
    0.0105569108
    0.0101402924
    0.0146121920
    0.0144732315
    0.0139365081
    0.0139485638
    0.0046956289
    0.0139404661
    0.0128558060
    0.0118369165
    0.0149716183
    0.0103413787
    0.0125910790
    0.0133560324
    0.0069907432
    0.0116112839
   -0.0230538485
   -0.0151245197
    0.0039915231
    0.0011642307
    0.0007535455
    0.0022301964
   -0.0050480764
   -0.0086600101
    0.0029072273
   -0.0004299545
   -0.0017551338
   -0.0031990337
    0.0024763138
   -0.0180861778
   -0.0024449013
   -0.0003539353
    0.0006150902
   -0.0143590642
   -0.0031752091
   -0.0011522091
   -0.0014453251
   -0.0018864248
    0.0031738317
    0.0087745158
    0.0045472006
    0.0072087301
    0.0086052416
    0.0075651448
    0.0097295663
    0.0078657873
    0.0054537208
    0.0060303586
    0.0015403024
    0.0103566782
    0.0102836530
    0.0070012657
    0.0070621475
    0.0099890988
    0.0052927574
    0.0114375679
    0.0082515711
    0.0112394172
    0.0037299081
    0.0096290536
    0.0112078706
    0.0108276479
    0.0191513560
   -0.0073030815
    0.0071100363
    0.0020384950
    0.0059354050
   -0.0049398377
   -0.0075421533
    0.0192719015
    0.0042188444
   -0.0038345181
    0.0063806801
    0.0083312485
    0.0151274431
    0.0182705672
   -0.0001389484
    0.0114737865
   -0.0100992725
    0.0148287320
   -0.0036057455
    0.0154311297
    0.0128755756
    0.0043491708
    0.0241724124
    0.0120565467
    0.0146743653
    0.0064246365
    0.0086954748
    0.0266562481
    0.0133604877
    0.0017196428
    0.0171690897
   -0.0129011695
    0.0178715519
    0.0171170165
    0.0185488650
    0.0133369121
    0.0152961135
    0.0149285135
    0.0164310181
    0.0185959121
    0.0173392693
    0.0218645651
    0.0154502221
    0.0199319545
    0.0203362011
    0.0170596063
    0.0186292748
    0.0167476556
    0.0177590611
    0.0144484471
    0.0183994395
    0.0222698964
    0.0210198093
    0.0244746543
    0.0150943633
    0.0144260014
    0.0144079716
    0.0119806450
    0.0136998152
    0.0162894134
    0.0186535089
    0.0085045536
    0.0121648300
    0.0156713391
    0.0133512803
    0.0120831278
    0.0119890587
    0.0115349331
    0.0136803719
    0.0122903646
    0.0093713230
    0.0111961070
    0.0116129661
    0.0113368915
    0.0172526275
    0.0051137300
    0.0109707776
    0.0160395706
    0.0122343760
    0.0131827138
    0.0118351269
    0.0102764709
    0.0121207892
    0.0215975826
    0.0116170951
    0.0128195173
    0.0127124640
    0.0133361438
   -0.0409161856
   -0.0370940061
   -0.0440890219
   -0.0443488024
   -0.0430171466
   -0.0308765046
   -0.0267221184
   -0.0419704335
   -0.0376181686
   -0.0452209055
   -0.0164411698
   -0.0468309497
   -0.0470492176
   -0.0469884573
   -0.0358139648
   -0.0435416937
   -0.0464038958
   -0.0277975377
   -0.0466029322
   -0.0447280390
   -0.0345635702
   -0.0168904699
   -0.0414380954
   -0.0378316594
   -0.0431362418
   -0.0371017597
   -0.0424249593
   -0.0461474887
   -0.0332824015
   -0.0462887938
   -0.0471037902
   -0.0177201238
   -0.0354600349
   -0.0422150826
   -0.0428747507
   -0.0410380507
   -0.0297444872
   -0.0251588287
   -0.0453036692
   -0.0430815954
   -0.0407418562
   -0.0367969273
   -0.0463309072
   -0.0350598246
   -0.0467681644
   -0.0327268798
   -0.0368242903
   -0.0354116839
   -0.0396854849
   -0.0215505557
   -0.0450337457
   -0.0376947544
   -0.0451299230
   -0.0163164637
   -0.0466122700
   -0.0342853315
   -0.0297224059
   -0.0397209062
   -0.0220206690
   -0.0455803777
   -0.0452585986
   -0.0472003322
   -0.0438628220
   -0.0288497412
   -0.0317177866
   -0.0456800467
   -0.0467254354
   -0.0248266507
   -0.0289071897
   -0.0335044330
   -0.0424218495
   -0.0396240821
   -0.0339436321
   -0.0222823459
   -0.0453604645
   -0.0359680452
   -0.0469940742
   -0.0431283641
   -0.0450592019
   -0.0310377852
   -0.0354594815
   -0.0457410970
   -0.0471833688
    0.0122394038
    0.0099079276
    0.0015626720
   -0.0223257384
    0.0031860931
    0.0070771492
    0.0071985809
    0.0112393022
    0.0117944964
    0.0026060187
   -0.0164133291
   -0.0059086999
    0.0081224378
    0.0082676433
    0.0050401884
   -0.0038438608
   -0.0036699084
   -0.0028667904
    0.0046037758
    0.0084888378
    0.0034739227
    0.0035182851
    0.0064414055
   -0.0021840740
    0.0097750426
   -0.0024362552
   -0.0045439593
    0.0013820580
   -0.0077167002
    0.0088947695
    0.0078111651
    0.0062891818
   -0.0029303674
   -0.0029004656
   -0.0037090371
   -0.0098075404
    0.0121362253
   -0.0002806877
    0.0048601839
   -0.0192125742
    0.0091021971
   -0.0077244646
    0.0039609613
   -0.0054914958
   -0.0164147712
   -0.0008574399
    0.0086838493
   -0.0018331888
    0.0163891373
    0.0145553219
    0.0147105484
    0.0180529873
    0.0157403472
    0.0218239785
    0.0141391884
    0.0258292635
    0.0210871979
    0.0189565197
    0.0131552543
    0.0225375331
    0.0146491117
    0.0227688999
    0.0166849104
    0.0150183442
    0.0198384517
    0.0147718036
    0.0130676308
    0.0168082270
    0.0176858973
    0.0189478725
    0.0189840080
    0.0189359020
    0.0237434619
    0.0162451080
    0.0171520127
    0.0146682294
    0.0219041679
    0.0215789311
    0.0145866609
    0.0148269741
    0.0164489825
    0.0183559772
    0.0153397924
    0.0131763893
    0.0162813183
    0.0153227319
    0.0269954636
    0.0194544531
    0.0213298017
    0.0168404213
    0.0139134836
    0.0161506408
    0.0205897504
    0.0176875982
    0.0160637976
    0.0168043871
    0.0140171666
    0.0232850514
    0.0172604465
    0.0056395140
   -0.0048336711
   -0.0140822506
   -0.0043832323
   -0.0096783039
   -0.0003281009
   -0.0023401594
    0.0036155393
   -0.0004807181
   -0.0234987720
    0.0012503428
   -0.0114090355
    0.0025264252
    0.0071118454
    0.0081436638
    0.0096235567
    0.0102943597
    0.0092700988
    0.0015167387
    0.0056126949
    0.0103791382
    0.0107543015
    0.0117066906
    0.0111523227
    0.0113591735
    0.0075256263
    0.0082933647
    0.0070034641
    0.0038876458
    0.0091151922
    0.0107218776
   -0.0173965530
   -0.0258863909
   -0.0057165301
    0.0019458481
    0.0016245687
   -0.0173458048
   -0.0064168828
    0.0037288958
   -0.0118845694
   -0.0121141806
    0.0021466629
   -0.0027203939
   -0.0102930250
    0.0018770378
    0.0016728054
   -0.0192769776
   -0.0097778496
    0.0012890814
   -0.0173623936
   -0.0056900794
   -0.0161148980
   -0.0100825403
   -0.0112400202
   -0.0176460686
   -0.0079226703
    0.0012185997
    0.0002271701
   -0.0066610189
   -0.0090179264
    0.0011751857
    0.0030449867
   -0.0009171729
   -0.0142348217
   -0.0055008784
    0.0011303970
   -0.0059897446
   -0.0032953740
   -0.0013735460
   -0.0090885517
   -0.0004963587
    0.0053647570
    0.0033712917
   -0.0105676314
   -0.0005191344
   -0.0049686130
    0.0031665370
    0.0103690318
    0.0003759639
    0.0086613307
    0.0085421770
   -0.0017964188
   -0.0049770139
   -0.0137705809
    0.0012658684
   -0.0023137713
    0.0065868693
   -0.0011027588
   -0.0023568755
    0.0058564310
   -0.0098044134
    0.0004230395
    0.0002539976
   -0.0279423705
   -0.0006809606
    0.0029055610
   -0.0013595560
    0.0056695762
    0.0014407004
    0.0035364438
    0.0071671885
    0.0035917113
   -0.0034553330
   -0.0003497707
    0.0010754443
    0.0023157258
    0.0051728033
    0.0012094042
   -0.0043400257
   -0.0032347074
   -0.0264970541
   -0.0040081020
    0.0034464446
    0.0010913867
   -0.0009096810
    0.0018341462
    0.0055667179
   -0.0240360604
   -0.0024993910
    0.0009638220
   -0.0002514700
    0.0011958767
   -0.0194375336
   -0.0138383416
   -0.0182533962
   -0.0045412869
    0.0037611334
   -0.0277762124
   -0.0014728038
    0.0054639054
    0.0035073917
    0.0003152930
   -0.0000739529
    0.0004352560
   -0.0081034182
   -0.0049829417
    0.0083378680
   -0.0031644130
   -0.0000471473
   -0.0245608279
   -0.0012786138
    0.0087360641
    0.0105760457
    0.0107171449
    0.0102484455
    0.0161425438
    0.0117919340
    0.0095330915
    0.0106624488
    0.0116255044
    0.0103044522
    0.0156756427
    0.0113620617
    0.0135242844
    0.0130994546
    0.0146271932
    0.0116100631
    0.0130950205
    0.0059710508
    0.0093886469
    0.0042483097
    0.0107540749
    0.0156574790
    0.0104497773
    0.0086414579
    0.0127193072
    0.0082953128
    0.0127016709
    0.0118707096
    0.0139171610
   -0.0165424481
   -0.0020980502
   -0.0216736284
   -0.0178257677
   -0.0095318812
   -0.0110326040
   -0.0069341803
   -0.0005102463
    0.0026333606
   -0.0039499486
   -0.0181626307
   -0.0044172933
   -0.0007441879
   -0.0035523784
    0.0099090710
    0.0066079911
    0.0055347994
    0.0058602777
    0.0083164830
    0.0081615198
    0.0050200511
    0.0077838131
    0.0065696210
    0.0094247817
    0.0067762708
    0.0071972295
    0.0085566467
    0.0090632199
    0.0045882640
    0.0036194922
    0.0066975604
    0.0037635420
   -0.0072024230
   -0.0058144475
    0.0030223323
    0.0199255983
    0.0105208805
   -0.0072859967
   -0.0019120813
   -0.0058554304
    0.0111816222
    0.0004883932
    0.0081183143
    0.0097640379
    0.0049070593
    0.0023322578
    0.0116970289
   -0.0025680932
   -0.0069900434
    0.0002513614
    0.0183573434
    0.0164113533
    0.0143894248
    0.0154284850
    0.0133605037
    0.0152200713
    0.0117129958
    0.0161455219
    0.0160941741
    0.0176903011
    0.0127679466
    0.0116252564
    0.0156414782
    0.0156882205
    0.0198021087
    0.0185967632
    0.0130259450
    0.0127456537
    0.0124535722
    0.0136977072
    0.0161178008
    0.0206267391
    0.0191330201
    0.0161326606
    0.0171867283
    0.0161178976
    0.0129919067
    0.0139138337
    0.0179229811
    0.0153039710
    0.0102783682
    0.0119034823
    0.0041029704
    0.0118893369
    0.0103090630
    0.0150382759
    0.0119164811
    0.0113043125
    0.0167372536
    0.0112341163
    0.0114769293
    0.0110105192
    0.0142365973
    0.0143743892
    0.0129822430
    0.0116246244
    0.0091081425
    0.0119464078
    0.0122123383
    0.0155245587
    0.0109261494
    0.0123375327
    0.0061507492
    0.0115823287
    0.0132001230
    0.0099231642
   -0.0374897792
   -0.0282208262
   -0.0360324731
   -0.0314332783
   -0.0375743276
   -0.0352528220
   -0.0347623404
   -0.0139417305
   -0.0313241394
   -0.0268982869
   -0.0179373465
   -0.0380604380
   -0.0181688979
   -0.0362916442
   -0.0314324813
   -0.0194641937
   -0.0314851937
   -0.0379918154
   -0.0355121669
   -0.0352588176
   -0.0331061381
   -0.0306020531
   -0.0361680742
   -0.0163129931
   -0.0368260631
   -0.0381133756
   -0.0339661615
   -0.0334076607
   -0.0371925678
   -0.0275278089
   -0.0161045850
   -0.0376448558
   -0.0257252982
   -0.0319253971
   -0.0327461813
   -0.0339883998
   -0.0292175347
   -0.0367888340
   -0.0165811205
   -0.0360842050
   -0.0284466616
   -0.0260101839
   -0.0329285293
   -0.0210787252
   -0.0285129462
   -0.0366832139
   -0.0252315797
   -0.0236436616
   -0.0373609154
   -0.0306840521
   -0.0271304716
   -0.0255395121
   -0.0363478108
   -0.0300166641
   -0.0310490833
   -0.0380337691
   -0.0337546162
   -0.0369327595
   -0.0344762022
   -0.0365669008
   -0.0378392433
   -0.0346011677
   -0.0215226602
   -0.0239000282
   -0.0037965239
   -0.0003160002
    0.0007966007
    0.0020574583
    0.0039457448
    0.0039671580
   -0.0018054444
   -0.0253588969
   -0.0070760276
    0.0038991835
   -0.0188248969
   -0.0053767125
    0.0015491251
   -0.0220731415
   -0.0056806891
   -0.0010780067
    0.0009311724
    0.0000622342
    0.0075772803
   -0.0039492429
    0.0055244085
    0.0001930117
    0.0025927156
   -0.0025297788
   -0.0026591725
   -0.0042583897
   -0.0080262011
    0.0007311756
    0.0014728308
   -0.0148428511
    0.0073387859
    0.0019593433
    0.0038980544
   -0.0195634268
    0.0042204178
   -0.0231286353
    0.0099121142
   -0.0165763382
    0.0005734894
    0.0015215794
    0.0054767735
    0.0035783372
    0.0016932053
    0.0097547612
    0.0085718006
    0.0059247305
    0.0064217809
    0.0013911494
   -0.0048366349
   -0.0042161841
    0.0076475925
   -0.0097389914
   -0.0019927476
    0.0009973750
   -0.0018316256
   -0.0162159482
   -0.0092538226
   -0.0006524090
    0.0013318448
   -0.0007673210
    0.0017168402
   -0.0064770579
   -0.0008499426
    0.0054863303
    0.0030469546
    0.0004705245
   -0.0040145368
    0.0091192705
    0.0006656392
   -0.0157875495
   -0.0011916433
   -0.0119412111
    0.0046281115
   -0.0072790191
    0.0024278988
   -0.0002564823
   -0.0047951595
    0.0066296163
    0.0078668132
   -0.0016770368
    0.0002614457
    0.0020735643
    0.0079251222
   -0.0010723900
    0.0160608563
    0.0131745690
    0.0141497606
    0.0205205935
    0.0144110352
    0.0132977671
    0.0168227462
    0.0145085532
    0.0129860347
    0.0176033028
    0.0151629681
    0.0197355918
    0.0144394197
    0.0195506982
    0.0190537720
    0.0114217127
    0.0183180794
    0.0133662634
    0.0143038289
    0.0204143894
    0.0169815159
    0.0165487548
    0.0125845517
    0.0150837007
    0.0169537975
    0.0115085165
    0.0208493198
    0.0191860244
    0.0136235498
    0.0166798320
    0.0181654072
    0.0130112481
    0.0175765478
    0.0140758367
    0.0150739252
    0.0126000695
    0.0126564043
    0.0131003972
    0.0112017175
   -0.0033025888
   -0.0054663770
   -0.0055122744
    0.0021618599
   -0.0016163206
    0.0001075260
    0.0009150944
   -0.0186846628
   -0.0025969656
    0.0011897275
    0.0030452046
   -0.0020422206
   -0.0087020471
   -0.0095005024
   -0.0000226804
   -0.0033246534
   -0.0093138647
    0.0033794804
    0.0080512284
    0.0090810418
    0.0065516743
    0.0027583020
    0.0094312901
    0.0061898337
    0.0081691076
    0.0078248044
    0.0068396476
    0.0045635956
    0.0081483982
    0.0068346819
    0.0050155813
    0.0085459977
    0.0069226077
    0.0041378445
    0.0094889175
    0.0055593586
    0.0053123707
    0.0081923932
   -0.0101161383
    0.0021084671
   -0.0042063512
   -0.0017888731
   -0.0040275027
   -0.0158580219
    0.0026941263
   -0.0076452296
   -0.0001736179
   -0.0011966897
   -0.0188089585
   -0.0023591789
   -0.0020789942
    0.0013561781
   -0.0013563994
   -0.0011784050
    0.0002900240
    0.0004775350
    0.0011259639
   -0.0007092189
   -0.0008280576
    0.0015267041
   -0.0028489067
   -0.0038254776
   -0.0097923179
   -0.0057982330
   -0.0115239505
   -0.0004849445
   -0.0055675288
   -0.0045251513
   -0.0059839097
   -0.0014279150
   -0.0062208662
    0.0001158308
   -0.0030942018
   -0.0000075938
   -0.0021397727
   -0.0080118959
   -0.0199887769
   -0.0183264613
   -0.0020300744
   -0.0091982416
   -0.0010150913
   -0.0019013134
   -0.0071915971
   -0.0026113762
    0.0022838748
   -0.0025399108
    0.0026254797
    0.0011781289
   -0.0135672867
    0.0005610143
    0.0013919874
    0.0003046249
   -0.0226615418
   -0.0029587648
    0.0030266111
    0.0005949498
    0.0034864187
    0.0020215369
    0.0064945352
   -0.0005619479
   -0.0016776252
   -0.0138205293
    0.0014142759
   -0.0032375637
   -0.0186041611
   -0.0009983934
    0.0082736701
   -0.0083756439
    0.0015251942
    0.0055148959
    0.0064225788
    0.0013898475
   -0.0030845770
   -0.0072104775
    0.0048575636
    0.0042117034
    0.0030401598
   -0.0069190335
   -0.0059036810
    0.0014325862
    0.0082189692
   -0.0215530643
   -0.0019920403
    0.0064362434
    0.0017708269
   -0.0067008461
    0.0046154195
    0.0045161958
    0.0069880511
    0.0003744832
    0.0036388728
   -0.0012347149
    0.0041609001
    0.0026110540
    0.0054754026
    0.0002031137
    0.0038670776
    0.0087050654
   -0.0018352405
   -0.0049001338
    0.0033560765
   -0.0220680806
   -0.0008184594
    0.0017882459
    0.0029766517
   -0.0098709536
    0.0090554779
   -0.0047263176
   -0.0020047794
    0.0052467181
    0.0018933341
    0.0085422286
    0.0018110185
    0.0085440553
   -0.0000558789
    0.0030919469
    0.0023753374
   -0.0011388786
    0.0087151874
   -0.0021727034
    0.0089768514
    0.0054646972
   -0.0037713457
   -0.0006940544
    0.0008508602
   -0.0058569490
   -0.0120721018
    0.0014326845
   -0.0002953854
   -0.0028746514
   -0.0028350217
    0.0011778293
   -0.0024974574
    0.0049251156
    0.0024565760
    0.0083025023
    0.0065434138
   -0.0157683388
   -0.0032950694
    0.0006725183
   -0.0083525042
   -0.0082473017
    0.0064851619
    0.0024183053
    0.0002266940
   -0.0032008531
   -0.0106991451
   -0.0053616643
    0.0021915559
    0.0030688656
   -0.0017666487
   -0.0020399157
   -0.0118199194
   -0.0028957131
    0.0083117578
   -0.0027496131
    0.0003670504
   -0.0037711573
   -0.0043657758
   -0.0010216166
    0.0035232428
    0.0073427124
    0.0118732513
    0.0103829478
    0.0092266399
    0.0092094779
    0.0070172396
    0.0111628158
    0.0078297542
    0.0093347423
    0.0075948187
    0.0106304658
    0.0109459693
    0.0078403272
    0.0128297688
    0.0099661952
    0.0125878144
    0.0135009535
    0.0127465298
    0.0098505143
    0.0091681638
    0.0098024680
    0.0103918860
    0.0088112652
    0.0087000184
    0.0119679400
    0.0088469015
    0.0056747535
    0.0095527254
    0.0091230429
    0.0083854414
    0.0100865223
    0.0061656192
    0.0111378410
    0.0128845799
    0.0146610536
    0.0090877783
    0.0121868761
    0.0091489291
    0.0144481413
    0.0135134756
    0.0116120797
   -0.0063104546
   -0.0050038025
   -0.0066032647
   -0.0136199393
   -0.0056889511
   -0.0078910962
   -0.0028947307
   -0.0018454362
   -0.0012792869
   -0.0036388389
   -0.0046247513
   -0.0060708793
   -0.0037171821
   -0.0021802779
    0.0006743244
   -0.0040541410
   -0.0012339586
   -0.0040373424
    0.0007555424
    0.0069342519
    0.0074674142
    0.0031007017
    0.0029677156
    0.0063519831
    0.0032633309
    0.0061464091
    0.0052368036
    0.0040475296
    0.0071182392
    0.0050802543
    0.0061955288
    0.0045210855
    0.0053764244
    0.0078636346
    0.0083414700
    0.0069055901
    0.0077144463
    0.0072449087
    0.0052163138
    0.0073888270
    0.0040693734
   -0.0068169996
   -0.0022962860
    0.0070579407
   -0.0045547560
   -0.0046867477
   -0.0049677881
   -0.0064026455
    0.0021274724
   -0.0009113312
   -0.0077252751
   -0.0065164443
   -0.0108796839
   -0.0066187313
    0.0065502720
   -0.0071021222
   -0.0010479550
   -0.0073096304
    0.0013722989
    0.0074505236
   -0.0037300840
    0.0117512478
    0.0026564573
   -0.0042555013
   -0.0066666259
   -0.0014426854
   -0.0025989475
    0.0119305469
    0.0134340278
    0.0137435721
    0.0121781815
    0.0163678883
    0.0143412668
    0.0139845048
    0.0147671610
    0.0120196017
    0.0152352422
    0.0160197558
    0.0148345421
    0.0110695286
    0.0145340433
    0.0113826143
    0.0154995033
    0.0130513475
    0.0107622497
    0.0168871262
    0.0124031329
    0.0155301902
    0.0136629947
    0.0160764537
    0.0129423750
    0.0111040047
    0.0140865397
    0.0145114350
    0.0152195109
    0.0103844067
    0.0128826554
    0.0113041187
    0.0129580120
    0.0159975825
    0.0142882414
    0.0176366252
    0.0158397778
    0.0153469570
    0.0144748757
    0.0144229078
    0.0107460875
    0.0119600004
    0.0129705926
    0.0134561481
    0.0137403111
    0.0142610770
    0.0113971745
    0.0153372298
    0.0132214337
    0.0132140061
    0.0113698669
    0.0147898159
    0.0121327013
    0.0176275203
    0.0128119637
    0.0171228927
    0.0134207393
    0.0137018509
    0.0122931415
    0.0092093681
    0.0146800602
    0.0116546321
    0.0117933654
    0.0145496326
    0.0114394918
    0.0031737441
    0.0119344182
    0.0096770759
    0.0087657033
    0.0122719439
    0.0083762271
    0.0091775026
    0.0101447903
    0.0094263173
    0.0109212218
    0.0095022982
    0.0134980204
    0.0109300653
    0.0107120769
    0.0061877696
    0.0071916238
    0.0111217096
    0.0108639695
    0.0151766565
    0.0116615023
    0.0131911138
    0.0102014990
    0.0073879248
    0.0101532546
    0.0115371227
    0.0121727960
    0.0100958485
    0.0077261957
    0.0085826621
    0.0103052141
    0.0097549814
    0.0144341223
    0.0133598186
    0.0100009686
    0.0156271128
    0.0110477555
    0.0105178003
    0.0106961167
    0.0137181719
    0.0104337022
    0.0094394549
    0.0127584920
    0.0115054862
    0.0091184059
    0.0092261739
    0.0095088258
    0.0081863345
    0.0092746719
    0.0098437262
   -0.0289594703
   -0.0251665111
   -0.0264042696
   -0.0310463065
   -0.0222979557
   -0.0202612428
   -0.0310287556
   -0.0310600029
   -0.0148637004
   -0.0219707099
   -0.0294411992
   -0.0311569714
   -0.0288109228
   -0.0275747488
   -0.0288737110
   -0.0123117653
   -0.0243983065
   -0.0308121255
   -0.0236326960
   -0.0304872160
   -0.0233790429
   -0.0284753043
   -0.0254294571
   -0.0277216258
   -0.0229100125
   -0.0224435451
   -0.0291683996
   -0.0299243935
   -0.0276440767
   -0.0195970919
   -0.0179182683
   -0.0146805555
   -0.0143368514
   -0.0245154013
   -0.0307091169
   -0.0244952278
   -0.0249578628
   -0.0301815035
   -0.0282936150
   -0.0309262790
   -0.0295814213
   -0.0171717952
   -0.0259271515
   -0.0269945276
   -0.0263847721
   -0.0223214666
   -0.0228938052
   -0.0132176457
   -0.0200642187
   -0.0255395041
   -0.0219588804
   -0.0156320192
   -0.0292582641
   -0.0230774040
   -0.0244360275
   -0.0311208714
   -0.0204763381
   -0.0198207288
   -0.0227212110
   -0.0299728135
   -0.0201265740
   -0.0196573995
   -0.0267493841
   -0.0142945472
   -0.0282811858
   -0.0228876741
   -0.0300882085
   -0.0276171808
   -0.0191990124
   -0.0298760427
   -0.0145313562
   -0.0240847940
   -0.0239156622
   -0.0304888887
   -0.0255047709
   -0.0298075770
   -0.0262977212
   -0.0281865536
    0.0016969284
    0.0005244345
   -0.0004581332
    0.0026940431
   -0.0015712981
    0.0024242778
    0.0047790302
    0.0084920500
    0.0020809539
    0.0008913361
    0.0008570879
   -0.0006091310
   -0.0023862143
    0.0084649377
   -0.0052301356
    0.0006720021
   -0.0023587358
    0.0004055877
    0.0024870103
    0.0031895118
   -0.0032417121
    0.0043262123
   -0.0026314460
    0.0014588258
   -0.0008709145
   -0.0010673578
   -0.0012511976
    0.0085514536
    0.0065132118
    0.0025674879
   -0.0104469856
    0.0019224904
    0.0088034370
    0.0034382637
   -0.0009319635
   -0.0043712332
    0.0033946489
    0.0015106366
   -0.0004467711
    0.0011443281
    0.0049878342
   -0.0033421002
   -0.0142124714
   -0.0008434822
    0.0020457196
    0.0013243138
   -0.0001343447
   -0.0034274894
    0.0001674478
   -0.0091818985
    0.0031129703
    0.0083359418
   -0.0145075371
    0.0073572364
    0.0006687466
   -0.0006709210
    0.0070506688
   -0.0063130424
    0.0017846417
   -0.0213018801
   -0.0054056249
   -0.0011964648
   -0.0231025715
   -0.0039318991
    0.0049845719
    0.0034651966
    0.0047758628
    0.0043477228
   -0.0043795771
    0.0035836087
   -0.0058430278
   -0.0028199085
   -0.0211143159
   -0.0027660531
    0.0041781324
    0.0026046495
   -0.0069080498
    0.0087369475
    0.0066644748
   -0.0131711592
    0.0013801837
   -0.0006433724
   -0.0071885319
    0.0064095419
    0.0000305342
    0.0036474468
   -0.0055376991
   -0.0036198983
    0.0043141951
    0.0043893504
   -0.0003577044
   -0.0055184130
   -0.0112574181
    0.0018493295
    0.0033880224
    0.0028404975
    0.0026233377
    0.0035097437
    0.0085259053
   -0.0130110521
   -0.0059117111
   -0.0009593132
    0.0075698032
    0.0019404455
    0.0040817741
   -0.0001175706
   -0.0037581150
   -0.0180896404
    0.0019212313
    0.0007753311
    0.0078996631
   -0.0008059876
    0.0002778801
    0.0014801233
   -0.0017373650
    0.0014459432
    0.0005217353
    0.0146496355
    0.0143718059
    0.0111278931
    0.0172948641
    0.0142997617
    0.0116588439
    0.0128697587
    0.0125071201
    0.0104941156
    0.0135882930
    0.0139157264
    0.0132063810
    0.0156213643
    0.0127440359
    0.0112692619
    0.0108554767
    0.0124329313
    0.0152340129
    0.0154394477
    0.0165071029
    0.0143315174
    0.0129615792
    0.0123156685
    0.0153574191
    0.0142245345
    0.0182069187
    0.0122141157
    0.0130489688
    0.0133175125
    0.0131903784
    0.0140039270
    0.0151796208
    0.0115590534
    0.0152664854
    0.0174371150
    0.0131000617
    0.0135305964
    0.0135029750
    0.0148570261
    0.0117304157
    0.0159810870
    0.0119175133
   -0.0049172856
    0.0012091594
   -0.0013630618
   -0.0021672507
   -0.0044920700
   -0.0113196802
   -0.0008765638
   -0.0067857234
    0.0001060879
   -0.0026934476
   -0.0036180385
   -0.0023362699
   -0.0024730463
   -0.0058216671
    0.0007622666
   -0.0004256670
   -0.0162124170
   -0.0059783914
   -0.0127099335
   -0.0036600989
   -0.0005613150
    0.0060925412
    0.0027239444
    0.0060239429
    0.0082269357
    0.0078789021
    0.0039653945
    0.0058512156
    0.0068039485
    0.0061381737
    0.0028761291
    0.0063827484
    0.0063919289
    0.0052564836
    0.0029441046
    0.0048057406
    0.0073799597
    0.0034730710
    0.0048488158
    0.0055248976
    0.0066252264
    0.0048882029
    0.0027155579
   -0.0012936820
   -0.0022943832
   -0.0028483595
   -0.0077421144
   -0.0061510903
   -0.0051910763
   -0.0054420902
   -0.0024714894
   -0.0018659086
   -0.0117652075
   -0.0019338919
   -0.0049352116
   -0.0011534134
   -0.0112015470
   -0.0084291180
   -0.0002396312
   -0.0137424644
   -0.0033386394
   -0.0043337112
   -0.0018292894
   -0.0014913336
   -0.0072475505
   -0.0076020305
   -0.0013191391
   -0.0062214496
   -0.0085838274
   -0.0026580651
   -0.0042233636
   -0.0053417230
   -0.0015378079
   -0.0104262340
    0.0055643581
   -0.0133337614
    0.0016117243
    0.0027722678
    0.0007182278
    0.0016946318
    0.0033574866
   -0.0009131068
   -0.0026592552
   -0.0223390629
   -0.0000279545
    0.0023757078
    0.0025936856
    0.0001438941
   -0.0020338788
    0.0003717600
   -0.0033171096
   -0.0154151698
   -0.0065269353
    0.0005545850
    0.0072720308
    0.0018730635
    0.0000496519
   -0.0007437886
   -0.0044403724
   -0.0016118113
   -0.0062022551
    0.0060279045
    0.0050750581
   -0.0064821620
   -0.0026721923
   -0.0071322922
    0.0074160515
   -0.0005375171
    0.0070696816
   -0.0138357238
    0.0069226671
    0.0033449388
    0.0057024970
   -0.0032939453
   -0.0027876756
   -0.0143808005
   -0.0006138515
   -0.0127947663
   -0.0047348838
   -0.0088875479
    0.0009372937
   -0.0005736050
    0.0048534258
    0.0044371575
    0.0027530440
   -0.0058582481
   -0.0047961082
   -0.0002862603
   -0.0005648408
   -0.0023088737
    0.0070240375
   -0.0093370128
    0.0030494093
    0.0014790066
    0.0076835493
    0.0066722368
   -0.0075401363
   -0.0012683820
    0.0041546452
   -0.0023169199
    0.0009905364
    0.0019143627
   -0.0012196752
    0.0035425253
   -0.0034297662
    0.0007158402
    0.0054065459
    0.0065380273
    0.0048433889
   -0.0045529134
    0.0074299174
   -0.0018703595
   -0.0008073715
   -0.0010573209
    0.0040219851
    0.0034295981
   -0.0018208636
   -0.0110429717
    0.0046878375
   -0.0030951549
    0.0005152527
   -0.0038049519
   -0.0024062474
    0.0022716211
   -0.0019745214
   -0.0070052288
    0.0035672710
    0.0066060151
   -0.0032905720
    0.0000674721
   -0.0055994860
   -0.0019731336
   -0.0019552185
   -0.0012256909
   -0.0017256737
   -0.0139739418
    0.0067019293
    0.0008610219
   -0.0037625402
    0.0040245200
   -0.0200499324
   -0.0156104921
   -0.0009170130
    0.0027417626
   -0.0097617255
   -0.0120519925
   -0.0022829050
   -0.0013932299
    0.0067744126
    0.0043399562
   -0.0048997235
    0.0011587158
    0.0009427403
    0.0004023879
   -0.0006283538
   -0.0039158252
    0.0016551674
    0.0053779690
    0.0011993903
    0.0057438575
    0.0028668881
    0.0008667014
    0.0004302243
   -0.0050731542
    0.0038219489
   -0.0159931964
    0.0034950985
   -0.0030343694
    0.0045669339
    0.0033374712
   -0.0015072906
   -0.0009854219
    0.0044223383
   -0.0119930226
    0.0068191589
    0.0011136706
   -0.0014182793
    0.0038584755
   -0.0091253972
    0.0037424628
    0.0054710560
    0.0014201704
    0.0000444197
    0.0014571266
    0.0021131665
    0.0075213092
    0.0082891217
    0.0083964932
    0.0083500788
    0.0095016256
    0.0108202729
    0.0104922583
    0.0094166255
    0.0091360039
    0.0110213110
    0.0107075919
    0.0125831930
    0.0113983124
    0.0101707555
    0.0109183494
    0.0033057762
    0.0086599725
    0.0095164344
    0.0087227878
    0.0062048497
    0.0096139800
    0.0093285117
    0.0086476367
    0.0067893274
    0.0098022574
    0.0077950785
    0.0091779198
    0.0093838536
    0.0107787501
    0.0105606722
    0.0109585884
    0.0081116874
    0.0127248411
    0.0103574527
    0.0093628886
    0.0119945332
    0.0119404844
    0.0071728182
    0.0062599544
    0.0090242322
    0.0071374639
    0.0091249907
    0.0112471401
    0.0110393396
    0.0104117037
    0.0098602893
    0.0083903794
    0.0059147416
    0.0095833524
    0.0098432552
    0.0122223728
    0.0149581408
    0.0127419352
    0.0083043790
    0.0101548814
    0.0117651730
   -0.0011558078
   -0.0065617928
   -0.0038748268
   -0.0006983080
   -0.0053273196
   -0.0066012305
   -0.0019181050
   -0.0023558084
   -0.0023273621
   -0.0014113149
   -0.0043712933
   -0.0008465979
    0.0064008734
    0.0053905140
    0.0056655555
    0.0055298095
    0.0067534424
    0.0052341375
    0.0052076876
    0.0048195785
    0.0050453803
    0.0053117039
    0.0066406258
    0.0059237646
    0.0037047468
   -0.0021352586
    0.0068789697
    0.0063480309
    0.0052363698
    0.0087231647
   -0.0068988108
    0.0021547286
   -0.0050899113
   -0.0009705429
   -0.0050261667
    0.0055373165
   -0.0026259344
    0.0007288069
    0.0023033683
   -0.0015027627
    0.0025035834
    0.0022255921
   -0.0049570419
    0.0002968256
   -0.0001849569
   -0.0039365412
    0.0013287586
    0.0101106283
   -0.0007363677
   -0.0028655733
    0.0113505940
    0.0105286229
    0.0128179142
    0.0128187119
    0.0140134107
    0.0140646834
    0.0115287510
    0.0134779509
    0.0127267270
    0.0114920314
    0.0106777203
    0.0112914427
    0.0122440775
    0.0123089285
    0.0119278896
    0.0128516001
    0.0109733726
    0.0082310553
    0.0101065186
    0.0144234208
    0.0103531392
    0.0091743713
    0.0114975849
    0.0088166203
    0.0043652374
    0.0139277848
    0.0047454486
    0.0126720859
    0.0095712275
    0.0035076731
    0.0122624527
    0.0106185560
    0.0089288849
    0.0082661851
    0.0134069327
    0.0073396637
    0.0135436644
    0.0088860539
    0.0029648782
    0.0110289139
    0.0083992794
    0.0093003003
    0.0107253346
    0.0110582141
    0.0117528132
    0.0085305100
    0.0126479282
    0.0069870595
    0.0079807432
    0.0135903784
    0.0114655788
    0.0114856232
    0.0103849065
    0.0045098203
    0.0087554304
    0.0105811277
    0.0086868099
    0.0133753902
    0.0043423488
    0.0117777514
    0.0075210299
    0.0126071738
    0.0092898546
    0.0082634133
    0.0101024969
    0.0112404355
    0.0105578845
    0.0114692499
    0.0077551443
    0.0091828150
    0.0071558371
    0.0125104023
    0.0090722662
    0.0112547075
    0.0106012864
    0.0066264761
    0.0087156675
    0.0114063890
    0.0098222717
    0.0117287689
    0.0087175354
    0.0112347672
    0.0098112078
    0.0083301008
    0.0087234593
    0.0100821899
    0.0091341803
    0.0124986174
    0.0098987058
    0.0087797842
    0.0083190012
    0.0097707792
    0.0149917602
   -0.0261204056
   -0.0232327825
   -0.0257945368
   -0.0208074080
   -0.0240285908
   -0.0104679698
   -0.0241561102
   -0.0146049578
   -0.0207751216
   -0.0247193314
   -0.0261440565
   -0.0230254775
   -0.0222080684
   -0.0256117855
   -0.0255347212
   -0.0143279136
   -0.0243505187
   -0.0209891919
   -0.0253762051
   -0.0174686474
   -0.0242422560
   -0.0250087576
   -0.0235694855
   -0.0225815540
   -0.0198541732
   -0.0257546733
   -0.0188030237
   -0.0171431670
   -0.0252711447
   -0.0226571811
   -0.0177289816
   -0.0236407559
   -0.0193925334
   -0.0182780859
   -0.0232982899
   -0.0247687943
   -0.0116974781
   -0.0221883669
   -0.0158503738
   -0.0218266088
   -0.0217242886
   -0.0259632686
   -0.0159599622
   -0.0132496986
   -0.0234569884
   -0.0252351562
   -0.0113139585
   -0.0255888841
   -0.0255787629
   -0.0192960636
   -0.0256355260
   -0.0157071785
   -0.0208092658
   -0.0215497332
   -0.0237868253
   -0.0246884688
   -0.0160840216
   -0.0163119572
   -0.0185763717
   -0.0172267862
   -0.0138462323
   -0.0115363713
   -0.0220071668
   -0.0253306479
   -0.0130396220
   -0.0117583562
   -0.0246226911
   -0.0167460844
   -0.0230823728
   -0.0204980977
   -0.0261390092
   -0.0236087492
   -0.0214355137
   -0.0137999383
   -0.0225581336
   -0.0229692086
   -0.0183760386
   -0.0209765763
   -0.0247968546
   -0.0216359431
   -0.0133387458
   -0.0259398887
   -0.0221789160
   -0.0257281550
   -0.0238798833
   -0.0174714682
   -0.0167872544
   -0.0028518021
    0.0032893460
   -0.0159895883
   -0.0015732489
   -0.0119542881
    0.0015930319
   -0.0029849973
    0.0007271099
   -0.0163220463
   -0.0016657087
    0.0014135770
   -0.0006333955
    0.0003188414
   -0.0187452798
   -0.0018349138
    0.0052827284
   -0.0027893235
    0.0061540253
    0.0019873035
    0.0020176337
    0.0067115971
   -0.0002467986
   -0.0051371458
   -0.0031536093
   -0.0075523038
   -0.0069978351
    0.0024166365
    0.0027501535
    0.0024880985
    0.0002985256
   -0.0019652126
   -0.0152341893
   -0.0005201170
    0.0063488931
   -0.0006799880
   -0.0110783629
   -0.0029760591
   -0.0182342658
   -0.0089584966
   -0.0041730723
   -0.0075991599
   -0.0027323789
    0.0000097298
   -0.0006501982
    0.0003221352
   -0.0043275896
    0.0047186145
    0.0019324918
    0.0056786446
    0.0050576589
    0.0011291002
    0.0027109981
   -0.0025267734
    0.0002615565
    0.0046103465
    0.0078021556
   -0.0014869089
   -0.0014242851
    0.0064390328
    0.0063640471
   -0.0007298776
   -0.0020803914
    0.0060008372
   -0.0036844670
    0.0016772736
   -0.0100498663
    0.0072238990
   -0.0025093903
    0.0002284410
    0.0076584883
   -0.0076325908
    0.0053430561
   -0.0016241693
   -0.0005917504
    0.0002502268
   -0.0014761638
   -0.0171484874
   -0.0015770928
    0.0040635984
    0.0002208443
   -0.0006774801
    0.0021040340
    0.0004086130
   -0.0067893878
    0.0008269626
   -0.0047243628
   -0.0040229141
    0.0000063472
    0.0068266251
   -0.0023485516
   -0.0133470305
    0.0041310483
   -0.0005017860
    0.0031459657
   -0.0011471507
    0.0034791453
    0.0050558594
   -0.0146832611
    0.0041748567
   -0.0009287859
   -0.0040045360
    0.0013930184
    0.0017450335
    0.0069664049
    0.0043089737
    0.0001132085
   -0.0000450843
    0.0022608187
    0.0009042254
    0.0042294571
    0.0058156959
   -0.0054453173
   -0.0016427237
   -0.0017152853
    0.0000491126
    0.0038544493
   -0.0096188440
    0.0080627293
   -0.0030503862
    0.0057704583
   -0.0090829530
   -0.0000062028
    0.0026244534
    0.0040517577
    0.0072513742
   -0.0033310594
   -0.0145549253
   -0.0050184370
    0.0028647388
    0.0021721261
    0.0027456589
    0.0012768854
   -0.0054051557
    0.0078105776
    0.0017328426
    0.0009536400
    0.0043312364
   -0.0014220592
    0.0062644862
   -0.0020280839
   -0.0186970221
   -0.0004351358
    0.0013555246
    0.0032530671
    0.0021404041
    0.0053229493
    0.0055937671
    0.0027562866
   -0.0017955082
    0.0000012399
   -0.0004943184
    0.0001158245
    0.0044681432
   -0.0018493707
   -0.0017822758
   -0.0039890405
    0.0035267912
   -0.0050653661
    0.0021925091
    0.0023700201
    0.0080082567
    0.0007193451
    0.0063842844
   -0.0068322456
   -0.0018545637
    0.0041634068
    0.0061915656
   -0.0000352649
    0.0040014694
    0.0115180168
    0.0103925971
    0.0126683746
    0.0113424335
    0.0109732316
    0.0109470888
    0.0125051590
    0.0126848908
    0.0110447840
    0.0119685294
    0.0136320512
    0.0136041615
    0.0122794639
    0.0126415035
    0.0137838373
    0.0118583442
    0.0126646651
    0.0119980982
    0.0128075179
    0.0117603727
    0.0105675564
    0.0117359337
    0.0140946132
    0.0102951385
    0.0119080493
    0.0126715896
    0.0143762236
    0.0122162163
   -0.0015453869
   -0.0038905603
   -0.0014805272
   -0.0031948192
   -0.0077344132
   -0.0027646625
   -0.0025722853
   -0.0026013337
   -0.0026903433
   -0.0020827419
   -0.0069677089
   -0.0051205309
   -0.0056022608
   -0.0078293299
    0.0057021558
    0.0048312479
    0.0040316658
    0.0039990397
    0.0042872453
    0.0037309979
    0.0046994857
    0.0039666007
    0.0062770149
    0.0057609566
    0.0064514767
   -0.0108462255
   -0.0005708970
   -0.0025868071
   -0.0086750846
    0.0008649127
    0.0050299446
    0.0025179632
   -0.0034900388
    0.0063715999
    0.0013844190
    0.0038061832
    0.0066487126
   -0.0033300942
   -0.0023371231
    0.0061365593
    0.0011561864
   -0.0042285224
   -0.0012735367
    0.0049540274
   -0.0019673636
    0.0009121280
   -0.0044886168
    0.0041643240
   -0.0007664370
    0.0039971791
    0.0001275579
    0.0007117035
   -0.0020993706
   -0.0036159567
    0.0012602543
    0.0051056658
   -0.0159693473
    0.0022870562
   -0.0065463046
   -0.0056470782
    0.0024344176
   -0.0016901642
   -0.0059167754
   -0.0009652633
    0.0019858307
    0.0036836633
    0.0006528827
   -0.0072275045
    0.0011256003
   -0.0025210287
   -0.0014616335
    0.0055496126
   -0.0035887132
    0.0044157503
    0.0061315630
    0.0054317528
   -0.0173059991
    0.0064846188
   -0.0017521765
    0.0065533215
   -0.0097091563
    0.0057745385
    0.0015981156
   -0.0056591506
    0.0048141627
    0.0037553635
    0.0045262716
   -0.0185395920
    0.0061614215
   -0.0002343401
    0.0063502615
   -0.0044465634
    0.0017674806
   -0.0057161986
   -0.0014017668
    0.0024254368
   -0.0044628570
   -0.0035193455
    0.0053326530
   -0.0043193069
    0.0004571895
   -0.0038235861
    0.0001893193
   -0.0124405760
   -0.0091102078
    0.0000612847
    0.0027153900
   -0.0007527164
    0.0046173287
    0.0068124746
    0.0000008624
   -0.0030231697
    0.0016838739
    0.0032739337
   -0.0077506417
   -0.0153981842
   -0.0000519732
    0.0000154013
    0.0029532303
   -0.0016605702
   -0.0062641483
    0.0043497936
   -0.0059277170
   -0.0036662287
    0.0027390715
   -0.0000077195
   -0.0005427287
   -0.0085810952
    0.0036471684
   -0.0029509995
   -0.0031995966
   -0.0028043309
    0.0012339203
   -0.0022667684
    0.0060992421
   -0.0141692398
   -0.0019544966
   -0.0069134973
    0.0004491411
   -0.0135560020
    0.0039213186
   -0.0043188639
    0.0024232244
    0.0052691068
   -0.0011053497
   -0.0036754157
    0.0023607124
    0.0012361122
    0.0047257229
   -0.0079608692
    0.0018085187
   -0.0097798196
   -0.0004208261
    0.0052695369
    0.0048591081
   -0.0059630486
    0.0002385996
   -0.0070554866
    0.0007957924
    0.0022795177
    0.0064820609
    0.0044737053
    0.0054641284
    0.0069458951
   -0.0032581529
   -0.0043762493
    0.0012291046
   -0.0153150581
    0.0037085433
   -0.0011565674
   -0.0018242942
    0.0028855241
   -0.0026626663
    0.0009026425
   -0.0040070145
   -0.0011372437
    0.0014292279
   -0.0039898893
   -0.0005435735
   -0.0031606694
   -0.0054171344
    0.0030092568
   -0.0072892641
    0.0031253990
   -0.0036174809
   -0.0144295350
    0.0001799845
   -0.0032050917
   -0.0008636618
    0.0061560597
   -0.0167864345
    0.0071645079
    0.0035316257
   -0.0010021530
   -0.0011145812
    0.0041186265
    0.0062456507
   -0.0015743896
    0.0004588072
   -0.0005963922
    0.0011567639
   -0.0018864452
   -0.0146099247
    0.0020121315
    0.0058669503
   -0.0005458098
    0.0021175308
   -0.0054000251
   -0.0018288982
   -0.0021307309
   -0.0008873549
   -0.0030265702
    0.0024028186
    0.0038001305
    0.0057326835
   -0.0035503923
   -0.0023225486
   -0.0154124609
    0.0007298545
    0.0049040505
   -0.0110926305
    0.0037823045
    0.0026043435
    0.0004461735
   -0.0056860589
   -0.0048099921
    0.0027680147
    0.0044054991
    0.0044731201
   -0.0023377183
   -0.0148667166
   -0.0050546686
   -0.0097215734
    0.0031277924
   -0.0019380426
   -0.0033633287
   -0.0000872665
   -0.0009914308
   -0.0013307361
   -0.0029132761
    0.0010712638
    0.0061540656
    0.0053265941
    0.0062645222
    0.0019426915
    0.0028626266
    0.0031804481
    0.0025777035
    0.0047521785
    0.0054483269
   -0.0074868827
    0.0051624451
   -0.0013532471
   -0.0020378590
   -0.0041982068
   -0.0034048435
    0.0068746355
    0.0027575306
    0.0025460550
   -0.0070005056
    0.0017079275
    0.0054932531
   -0.0118333148
   -0.0061761673
    0.0010880486
    0.0010774757
   -0.0101380838
   -0.0011168734
    0.0028665229
   -0.0053057838
   -0.0023828521
    0.0021589966
   -0.0020972355
    0.0042261005
    0.0023015394
    0.0058146624
   -0.0096874174
   -0.0074122610
    0.0006276753
   -0.0053893907
   -0.0060167627
   -0.0017017198
    0.0092461507
    0.0050072320
    0.0074604050
    0.0036693645
    0.0098542572
    0.0085847045
    0.0109272658
    0.0063238190
    0.0075996697
    0.0090942490
    0.0077980450
    0.0079897022
    0.0117745257
    0.0082600024
    0.0063957813
    0.0072411981
    0.0099451606
    0.0095438725
    0.0114629933
    0.0082951882
    0.0116193721
    0.0054504746
    0.0088702816
    0.0110325097
    0.0081702784
    0.0094491275
    0.0085114314
    0.0086458049
    0.0074611780
    0.0079605177
    0.0084415799
    0.0020196248
    0.0051018045
    0.0090136694
    0.0122689688
    0.0072348134
    0.0110017341
    0.0106018606
    0.0096722526
    0.0067270255
    0.0110676862
    0.0089222011
    0.0086260236
    0.0097168407
    0.0069969506
    0.0092925932
    0.0105820495
    0.0102049043
    0.0087210397
    0.0108481958
    0.0108744131
    0.0116280314
    0.0073059799
    0.0127646365
    0.0098744021
    0.0068562736
    0.0081208421
    0.0094018950
    0.0070286140
    0.0104887363
    0.0098698043
    0.0103884195
    0.0067822295
    0.0074186809
    0.0082438302
    0.0078238872
    0.0109743970
    0.0109685176
    0.0087964988
    0.0108356627
    0.0085313070
    0.0085110207
    0.0079185842
    0.0093292708
    0.0059611087
    0.0089886967
    0.0104763831
    0.0104354711
    0.0124554943
    0.0051678257
    0.0080145702
    0.0115732867
    0.0078455045
    0.0109837028
    0.0097011902
    0.0092278624
    0.0089118577
    0.0104525674
    0.0101040884
    0.0077304568
    0.0056171117
    0.0075361990
    0.0112835720
    0.0095255798
    0.0088696220
    0.0097757874
    0.0070706950
    0.0071806642
    0.0094290088
    0.0075160228
    0.0084055556
    0.0100259491
    0.0096784623
    0.0080514220
    0.0074733884
   -0.0016291267
   -0.0017221009
    0.0046901830
    0.0021755102
    0.0009954127
   -0.0045670608
    0.0052803334
    0.0074950701
    0.0024422814
   -0.0040301223
   -0.0056775913
    0.0061681486
    0.0055777179
    0.0000073345
   -0.0055303361
    0.0027563036
    0.0011678190
   -0.0060065125
    0.0001929894
   -0.0084279784
   -0.0018130937
   -0.0081764373
   -0.0048013794
   -0.0023443709
    0.0004150575
   -0.0009409995
   -0.0029421417
   -0.0046023902
   -0.0052492489
   -0.0022665123
    0.0016694312
    0.0027942170
   -0.0064305459
   -0.0043229613
    0.0008225480
    0.0007474579
    0.0097811409
   -0.0072144885
    0.0025300832
    0.0025486162
   -0.0084426639
    0.0048612248
    0.0072944513
    0.0104433247
    0.0098652962
    0.0074124532
    0.0123837383
    0.0122754839
    0.0122073827
    0.0105109115
    0.0114205685
    0.0099033862
    0.0074777473
    0.0111831265
    0.0065631244
    0.0032186281
    0.0104355029
    0.0115146667
    0.0011608343
    0.0104661914
    0.0117246119
    0.0111872629
    0.0082322354
    0.0053304847
    0.0108984104
    0.0091114692
    0.0094594317
    0.0098508132
    0.0100099656
    0.0082677579
    0.0089014783
    0.0080181323
    0.0119949407
    0.0080419069
    0.0100281040
    0.0072100411
    0.0091246830
    0.0079951122
    0.0085156857
    0.0099480820
    0.0101885611
    0.0085021290
    0.0095776322
    0.0091337368
    0.0076973273
    0.0071466805
    0.0112468810
    0.0072568488
    0.0076088730
    0.0078388168
    0.0084791661
    0.0080277104
    0.0069109394
    0.0021541977
    0.0065998304
    0.0124451010
    0.0102780597
    0.0071129106
    0.0096318241
    0.0079439760
    0.0067104061
    0.0077019783
    0.0114821073
    0.0110743682
    0.0084783910
    0.0068327110
    0.0087798094
    0.0080709624
    0.0103901757
    0.0111754690
    0.0090362704
    0.0077545950
    0.0105736818
    0.0082741181
    0.0079665184
    0.0092588472
    0.0080521756
    0.0080158746
    0.0097256496
    0.0101136937
    0.0096271172
    0.0120333233
    0.0107587856
    0.0102570516
    0.0108881664
    0.0074431269
    0.0104205546
    0.0079950361
    0.0104452999
    0.0113847429
    0.0109404562
    0.0083045896
    0.0098817099
    0.0053302050
    0.0115503511
    0.0117614071
    0.0100743919
    0.0072546152
    0.0076538957
    0.0118445528
    0.0063241430
    0.0103901169
    0.0111088932
    0.0107498688
    0.0082550004
    0.0056445313
    0.0060727229
    0.0110946233
    0.0084960493
    0.0093910817
    0.0107747294
    0.0079735769
    0.0076123010
    0.0096785776
    0.0041286067
    0.0075221336
    0.0087646561
    0.0074067818
    0.0100247277
    0.0076890382
    0.0115052297
    0.0077903807
    0.0043505345
    0.0100262304
    0.0074501723
    0.0116705417
    0.0100138627
    0.0102727626
    0.0093528694
    0.0109222558
    0.0041592347
    0.0092832774
    0.0091965940
    0.0106196049
    0.0092381093
    0.0099508089
    0.0090322566
   -0.0211275563
   -0.0221447396
   -0.0213722262
   -0.0193577812
   -0.0136327076
   -0.0216779183
   -0.0112656589
   -0.0200698627
   -0.0209263129
   -0.0197590067
   -0.0212331121
   -0.0184640139
   -0.0123255175
   -0.0196313836
   -0.0165893740
   -0.0182457058
   -0.0191419933
   -0.0197677933
   -0.0221613546
   -0.0121885404
   -0.0195605268
   -0.0173170473
   -0.0188360844
   -0.0205672541
   -0.0218629492
   -0.0148488065
   -0.0214516927
   -0.0137521267
   -0.0200555342
   -0.0211557995
   -0.0120243881
   -0.0159829979
   -0.0103102356
   -0.0158292117
   -0.0173467825
   -0.0210452002
   -0.0172507624
   -0.0144119374
   -0.0166057236
   -0.0199439280
   -0.0205815642
   -0.0145716772
   -0.0108146846
   -0.0215083438
   -0.0127580673
   -0.0204765879
   -0.0092799201
   -0.0217726531
   -0.0115969920
   -0.0178485560
   -0.0189640384
   -0.0204884022
   -0.0129063857
   -0.0205785784
   -0.0215491552
   -0.0106292949
   -0.0141851044
   -0.0209970687
   -0.0140949558
   -0.0188947304
   -0.0220206268
   -0.0125304488
   -0.0127292064
   -0.0219526416
   -0.0215508744
   -0.0195324592
   -0.0146386970
   -0.0149633889
   -0.0193300983
   -0.0169197302
   -0.0197738466
   -0.0195860705
   -0.0104060219
   -0.0151784681
   -0.0207944955
   -0.0137678257
   -0.0124673946
   -0.0118451854
   -0.0201914612
   -0.0129814975
   -0.0197844702
   -0.0141065663
   -0.0207658266
   -0.0134861306
   -0.0175992151
   -0.0130009884
   -0.0203780785
   -0.0181840098
   -0.0156468350
   -0.0200828477
   -0.0182311096
   -0.0160748147
   -0.0204996172
   -0.0202227481
   -0.0134221380
   -0.0157777604
   -0.0173228663
   -0.0199096067
   -0.0117282111
   -0.0221565461
   -0.0174401485
   -0.0187906288
   -0.0164002364
   -0.0178070824
   -0.0207344489
   -0.0219311772
   -0.0196794562
   -0.0097593056
   -0.0181881805
   -0.0124806315
   -0.0144499918
   -0.0187085393
   -0.0204391108
   -0.0205605020
   -0.0213035493
   -0.0185622204
   -0.0199827248
   -0.0002780724
    0.0047298192
   -0.0029056103
   -0.0035611230
    0.0045745575
    0.0014184006
   -0.0011533700
    0.0000255833
   -0.0028541562
   -0.0044425130
   -0.0005975495
    0.0012263928
   -0.0073479375
    0.0013062307
   -0.0009667770
   -0.0012190724
   -0.0060998965
    0.0001491136
    0.0056502084
    0.0037213797
   -0.0027549087
    0.0024146679
    0.0036021265
   -0.0020556518
   -0.0091391580
   -0.0084622930
    0.0054476564
   -0.0002012812
    0.0037968541
   -0.0003548624
   -0.0033824566
   -0.0077601144
    0.0069133750
    0.0067842322
    0.0001742523
   -0.0023416036
    0.0005080494
   -0.0032842150
   -0.0031165497
    0.0010428312
    0.0004084750
    0.0059645149
   -0.0020265467
    0.0039550805
    0.0027418571
    0.0053728868
    0.0044999553
    0.0011185232
    0.0041530584
   -0.0010170058
   -0.0022224772
    0.0020517513
   -0.0035337835
    0.0031674575
   -0.0020735150
    0.0039608326
    0.0027919150
   -0.0004972323
   -0.0005656225
   -0.0072980533
    0.0045016219
   -0.0021355198
    0.0014325489
    0.0016300712
   -0.0036468924
   -0.0015201709
   -0.0023116456
   -0.0042154349
   -0.0189646772
    0.0006793443
   -0.0033453828
    0.0033297226
   -0.0062767793
    0.0006359056
    0.0066528197
   -0.0131958461
    0.0022771702
    0.0064187782
   -0.0038294457
   -0.0010364319
   -0.0184211312
   -0.0041095308
   -0.0057778008
    0.0035875430
   -0.0012799133
    0.0026547557
    0.0000166575
    0.0016805748
   -0.0024561245
   -0.0093493766
   -0.0035323707
    0.0071907691
   -0.0090828206
   -0.0020325721
    0.0064176926
    0.0019990708
    0.0052703358
   -0.0014468857
   -0.0039997699
    0.0019435588
    0.0011418134
    0.0059118631
   -0.0013945777
    0.0063648997
    0.0011244602
   -0.0117565219
   -0.0010496603
   -0.0051762715
    0.0059570234
    0.0037827300
   -0.0122165373
   -0.0041717635
   -0.0025810597
   -0.0012535481
    0.0007885931
    0.0052710359
   -0.0010127492
    0.0045875111
    0.0048209340
   -0.0042278756
   -0.0012869461
   -0.0040574084
   -0.0081307117
   -0.0093786208
   -0.0058340536
   -0.0012039155
   -0.0012592092
   -0.0007292099
   -0.0012894714
    0.0034470535
   -0.0030897346
    0.0067462774
   -0.0035359073
    0.0009455805
    0.0012425018
    0.0044591069
   -0.0073569764
    0.0012164228
    0.0040256204
    0.0064515088
   -0.0046943410
   -0.0025598880
    0.0006279352
    0.0059166613
   -0.0008372570
   -0.0111073316
    0.0045490415
   -0.0071439910
    0.0025676312
   -0.0112598630
   -0.0011417242
    0.0010564258
    0.0001712030
    0.0045343692
    0.0023170897
   -0.0141914901
    0.0022763326
    0.0032669500
   -0.0015626999
   -0.0050695103
   -0.0167925321
   -0.0057081824
   -0.0056590940
    0.0007969209
    0.0034451995
    0.0067228291
    0.0033401887
    0.0034044311
    0.0053393986
    0.0043305730
    0.0065359982
   -0.0070419543
    0.0011953561
    0.0038368133
   -0.0032771920
   -0.0020931693
    0.0046315648
    0.0037400528
   -0.0021571605
    0.0046976025
    0.0047155506
   -0.0004149990
    0.0033296377
   -0.0139119821
   -0.0043999602
   -0.0066813340
    0.0040399010
   -0.0044838680
   -0.0003258994
    0.0014411161
    0.0008212781
   -0.0032777827
    0.0053013276
   -0.0080381603
   -0.0010027862
    0.0024801195
   -0.0004553892
    0.0009412294
    0.0062644124
   -0.0018143650
    0.0003628624
   -0.0026223730
   -0.0087156876
   -0.0075981195
   -0.0056007195
   -0.0095687469
    0.0006693217
   -0.0110453029
   -0.0027937714
   -0.0043246241
   -0.0018063367
    0.0010632231
    0.0027486858
   -0.0013646246
   -0.0072566663
   -0.0054920434
   -0.0057748451
   -0.0096669005
   -0.0163495601
   -0.0026214114
   -0.0120340748
   -0.0002101535
   -0.0017107454
   -0.0005993447
   -0.0011692445
   -0.0038901871
   -0.0016237161
    0.0010436390
   -0.0018888259
    0.0036929419
   -0.0135362993
   -0.0080223853
   -0.0054498914
   -0.0153832676
    0.0043262121
   -0.0011642091
    0.0019689833
    0.0051466250
    0.0002859410
   -0.0081070792
   -0.0078536823
   -0.0013369903
   -0.0048032187
    0.0048002245
   -0.0054465499
   -0.0009529210
   -0.0000155659
   -0.0059389322
    0.0060174342
    0.0047949648
    0.0029233179
   -0.0107040152
