   -0.0237066253
   -0.0268340790
   -0.0361653308
   -0.0327497175
   -0.0363189458
   -0.0429728091
   -0.0287855995
   -0.0178233787
   -0.0394842854
   -0.0444010321
   -0.0456379672
   -0.0323892047
   -0.0371470567
   -0.0402276677
   -0.0244587342
   -0.0365579453
   -0.0371956523
   -0.0457048871
   -0.0330176901
   -0.0423562278
   -0.0443227896
   -0.0440227964
   -0.0329825689
   -0.0313086907
   -0.0448250748
   -0.0309146804
   -0.0408091039
   -0.0318626281
   -0.0276567562
   -0.0286784836
   -0.0386474479
   -0.0399059818
   -0.0448938683
   -0.0430461330
   -0.0444231252
   -0.0436301275
   -0.0294843966
   -0.0429084381
   -0.0243688405
   -0.0208825239
   -0.0412788293
   -0.0424136564
   -0.0431574531
   -0.0345426269
   -0.0253850664
   -0.0272368809
   -0.0387313752
   -0.0362322962
   -0.0425200187
   -0.0232427223
   -0.0202363852
   -0.0281436656
   -0.0324641947
   -0.0157416981
   -0.0242251633
   -0.0404627137
   -0.0369441859
   -0.0448813337
   -0.0298186453
   -0.0452204559
   -0.0349446446
   -0.0359057141
   -0.0290980390
   -0.0412833448
   -0.0437681488
   -0.0462326873
   -0.0185114046
   -0.0433608378
   -0.0346726465
   -0.0377836220
   -0.0134412887
   -0.0297001418
   -0.0447153892
   -0.0269224389
   -0.0371052262
   -0.0419294430
   -0.0416278400
   -0.0327362743
   -0.0423901251
   -0.0297097831
   -0.0408519886
   -0.0109692861
    0.0068370603
   -0.0032903156
   -0.0108938576
   -0.0100345592
    0.0037506652
    0.0067921644
   -0.0149764379
    0.0114581633
   -0.0038693323
    0.0021107351
    0.0022323640
   -0.0029596196
    0.0087950799
    0.0142745995
   -0.0110403795
    0.0095499383
    0.0094544523
    0.0006413249
    0.0061521492
    0.0053624918
    0.0071701947
   -0.0004074849
   -0.0069157014
   -0.0036994395
    0.0082474229
    0.0068078641
    0.0107403081
   -0.0067991340
    0.0090887415
    0.0078284593
   -0.0048283031
   -0.0060032778
    0.0093859229
    0.0128281175
    0.0051633284
    0.0101077420
    0.0092246374
    0.0049033463
    0.0108215520
    0.0061321970
    0.0024313319
    0.0081083788
    0.0102781519
    0.0087470882
    0.0005436417
    0.0109805617
    0.0101922417
   -0.0020352793
    0.0096180470
    0.0098364732
    0.0043066321
    0.0065368341
   -0.0004580822
    0.0102013149
    0.0091456099
    0.0107674484
    0.0093148564
    0.0077841294
    0.0058681906
    0.0090001937
    0.0002925146
    0.0095404404
    0.0117156528
    0.0018156261
    0.0014884427
    0.0005795753
    0.0129993676
    0.0109808105
    0.0095637641
    0.0090707337
    0.0096102666
    0.0008039275
   -0.0023642244
    0.0019617170
    0.0075762835
    0.0057294512
    0.0050639693
    0.0105171178
    0.0078502063
   -0.0037808104
    0.0072386550
    0.0113732719
    0.0085600509
    0.0046931721
    0.0080583585
   -0.0008541696
    0.0001539406
    0.0120805265
    0.0095346296
    0.0102230141
    0.0119323780
    0.0081369731
    0.0101169457
    0.0109871202
    0.0087503416
   -0.0087865373
   -0.0064038355
   -0.0159685710
   -0.0065171100
    0.0018625019
   -0.0121137418
   -0.0112119363
   -0.0145050614
   -0.0075327826
   -0.0104214443
   -0.0158359129
   -0.0101960475
   -0.0099358374
   -0.0093734972
   -0.0051449216
   -0.0086947245
   -0.0044782300
   -0.0045546961
   -0.0139817691
   -0.0097792134
   -0.0037028333
   -0.0114254832
   -0.0024820884
   -0.0131252544
   -0.0156498035
   -0.0074006747
   -0.0132151587
    0.0004664829
    0.0034254148
    0.0014822628
   -0.0084085130
   -0.0139846597
   -0.0027155300
   -0.0092547498
   -0.0110301567
    0.0136613172
    0.0140040535
    0.0133501251
    0.0124599454
    0.0125218894
    0.0131473177
    0.0132705514
    0.0139310989
    0.0142752309
    0.0080934756
    0.0146468710
    0.0147409398
    0.0147311684
    0.0115208313
    0.0143918330
    0.0088926977
    0.0145819135
    0.0151061293
    0.0139367730
    0.0123345357
   -0.0180231245
   -0.0225479844
    0.0050900717
   -0.0124344264
    0.0063241307
    0.0018355128
    0.0007279254
    0.0066369110
    0.0106759678
    0.0004829386
    0.0071719028
    0.0068784016
   -0.0030310728
    0.0109586271
    0.0061575256
    0.0104676544
    0.0108558793
    0.0096965575
    0.0024998554
    0.0148109894
    0.0148621577
    0.0126475979
    0.0071378807
    0.0162608720
    0.0161665414
    0.0085668947
    0.0137712925
    0.0127887723
    0.0126391258
    0.0067258938
    0.0136520634
    0.0155042192
    0.0137244381
    0.0147897550
    0.0149149073
    0.0101509774
    0.0121863503
    0.0050725343
    0.0061808747
    0.0115280353
    0.0028112045
    0.0042325116
    0.0013015409
    0.0145577326
    0.0119092686
    0.0129107878
    0.0014969787
    0.0033397851
    0.0063620126
    0.0148641169
    0.0047339517
    0.0041324064
    0.0108359883
    0.0038957134
    0.0155701622
    0.0095433422
    0.0152026265
    0.0064319686
   -0.0027243529
    0.0074718492
    0.0126867844
    0.0044026580
    0.0081739955
   -0.0015447678
    0.0029130319
    0.0117539322
   -0.0036325998
    0.0010938917
    0.0089933266
   -0.0038282138
   -0.0002338968
    0.0010394742
   -0.0040121720
   -0.0017041230
   -0.0005324341
   -0.0019173963
    0.0017765843
    0.0050176115
    0.0004689399
    0.0024831482
    0.0023543003
    0.0100264204
    0.0017485459
    0.0103746561
   -0.0113449682
    0.0055379841
    0.0008997101
    0.0026640093
    0.0168488432
    0.0008879775
    0.0032683424
    0.0020112546
    0.0015363204
    0.0005072074
   -0.0016044493
    0.0082406422
    0.0113910997
    0.0030665639
    0.0063084344
    0.0082243143
    0.0026423950
    0.0110992051
   -0.0013609048
    0.0037474281
    0.0040189281
    0.0092011137
    0.0025538852
   -0.0025034212
   -0.0017426774
    0.0011556329
    0.0133786468
    0.0036199012
    0.0028772679
    0.0032965033
    0.0020083994
   -0.0023225215
    0.0004571210
    0.0061384071
    0.0029138082
    0.0046870511
    0.0024041748
    0.0128208967
    0.0095733039
    0.0020356858
    0.0090082585
   -0.0055453721
   -0.0097958656
   -0.0027523877
    0.0022580600
    0.0031869862
   -0.0235476885
   -0.0002953134
   -0.0105315531
    0.0096644280
    0.0081199502
   -0.0032752749
    0.0082960671
    0.0098883777
   -0.0167883434
    0.0057870248
    0.0049511180
   -0.0034546050
    0.0018701279
    0.0119886607
    0.0115296158
    0.0150576469
    0.0164701639
    0.0126160213
    0.0134501789
    0.0146957193
    0.0048700315
    0.0088336852
    0.0162059440
    0.0106733201
    0.0163052215
    0.0102381596
    0.0128005898
    0.0160324373
    0.0156852574
    0.0162116680
    0.0164608557
    0.0026791088
    0.0099022785
    0.0155206561
    0.0154884526
    0.0105426292
    0.0141455593
    0.0121559459
    0.0091929567
    0.0098034046
    0.0113333783
    0.0084512842
    0.0064901733
    0.0122843767
    0.0114955173
    0.0078854036
    0.0045329892
    0.0123015860
    0.0137471263
    0.0134114516
    0.0144815111
    0.0059342477
    0.0125064266
    0.0111155756
   -0.0002221096
   -0.0006579040
   -0.0146836245
   -0.0038562920
    0.0019908454
   -0.0111782696
   -0.0027973693
    0.0016815242
   -0.0134025767
   -0.0094412486
   -0.0001677852
   -0.0167267103
   -0.0072385747
   -0.0013205122
   -0.0110427106
    0.0015173142
   -0.0058562468
   -0.0048063850
    0.0047190752
    0.0098626072
    0.0063577636
    0.0093440096
    0.0080502192
    0.0100331120
    0.0066049060
    0.0104533091
    0.0080938925
    0.0038315443
    0.0078082969
    0.0090297172
    0.0064389430
    0.0098388869
    0.0085457642
    0.0020549887
    0.0047639892
   -0.0268294219
   -0.0360863398
   -0.0293826122
   -0.0223939992
   -0.0208607885
   -0.0303476225
   -0.0260007021
   -0.0306725307
   -0.0166743972
   -0.0265279887
   -0.0364560657
   -0.0340852201
   -0.0351931289
   -0.0246239050
   -0.0244270602
   -0.0305198033
   -0.0295215336
   -0.0352480491
   -0.0327869239
   -0.0290417353
   -0.0152256774
   -0.0291492796
   -0.0296841828
   -0.0275865012
   -0.0318148609
   -0.0279717348
   -0.0164817997
   -0.0189125943
   -0.0304599454
   -0.0267287897
   -0.0214855561
   -0.0129330786
   -0.0253254711
   -0.0319987522
   -0.0292173393
   -0.0191743503
   -0.0165178286
   -0.0344333281
   -0.0269697686
   -0.0216642321
   -0.0253554945
   -0.0243593061
   -0.0298344370
   -0.0185987144
   -0.0281071946
   -0.0199019906
   -0.0269020829
   -0.0368825321
   -0.0274136524
   -0.0259541611
   -0.0255459469
   -0.0255714179
   -0.0366586025
   -0.0236364774
   -0.0331402877
   -0.0107850169
    0.0005036425
   -0.0149100147
    0.0010400381
   -0.0061780163
   -0.0122381831
    0.0030829752
    0.0086069146
    0.0066412898
    0.0090271255
    0.0045941218
    0.0013323254
    0.0064800877
    0.0047332363
   -0.0010830429
    0.0020761289
    0.0030751692
   -0.0058788517
   -0.0020407150
    0.0043993529
    0.0041267589
    0.0075233965
    0.0105108576
    0.0086636970
    0.0096898832
    0.0050972068
    0.0074853787
    0.0060375161
    0.0011348109
    0.0059863792
    0.0068488297
    0.0060414232
    0.0044775897
    0.0075304804
    0.0098977012
    0.0088101452
    0.0088293306
    0.0071616301
    0.0081704342
    0.0082599367
    0.0068784932
    0.0066797139
    0.0085331258
    0.0067525613
    0.0088670970
    0.0071088623
    0.0080015668
    0.0016897898
    0.0066945440
    0.0082876076
   -0.0060547986
    0.0073181891
    0.0075415951
    0.0032339932
    0.0080813729
    0.0017753052
   -0.0106865869
    0.0083727036
    0.0069780070
   -0.0001400628
    0.0094658342
   -0.0007018969
    0.0068222349
    0.0057146122
    0.0085874354
    0.0085587981
    0.0089751678
    0.0027521021
   -0.0035161677
    0.0091176445
   -0.0023280971
    0.0033972851
    0.0082771483
    0.0080044576
    0.0095172091
    0.0085275443
    0.0010404445
    0.0052716158
    0.0052621375
    0.0106013153
    0.0073346014
   -0.0087077300
   -0.0130791182
    0.0074497267
    0.0078720621
   -0.0001007493
    0.0061441456
    0.0012644433
    0.0097499686
    0.0009077939
    0.0081613119
    0.0093380789
    0.0080709832
    0.0106402702
    0.0087366323
    0.0070277561
    0.0092084680
    0.0084732096
    0.0031642466
   -0.0020215572
   -0.0016174630
   -0.0055381885
   -0.0057673778
    0.0008017560
   -0.0068650893
   -0.0022181786
   -0.0097996985
   -0.0089154004
   -0.0034737403
   -0.0084048012
   -0.0079275553
   -0.0033011649
    0.0019485878
   -0.0042857913
   -0.0075926898
   -0.0043648789
   -0.0053185560
   -0.0047446075
    0.0101361168
    0.0117148470
    0.0049254803
    0.0123625590
    0.0117011777
    0.0106570155
    0.0104214452
    0.0108603268
    0.0117450068
    0.0116091290
    0.0067908661
    0.0079707050
    0.0092399861
    0.0118736295
    0.0108437883
    0.0106433833
    0.0122209956
    0.0119559176
    0.0066264022
    0.0123180805
   -0.0092016669
    0.0080508544
   -0.0054318947
    0.0049751801
    0.0077573433
    0.0068564614
    0.0010668074
    0.0041408077
    0.0039525059
    0.0013835623
    0.0042428158
    0.0010446709
   -0.0044682534
    0.0062996162
    0.0028245874
   -0.0052726368
    0.0127536663
    0.0122267384
    0.0042152259
    0.0122549769
    0.0111366154
    0.0108918426
    0.0097774153
    0.0121414499
    0.0098056066
    0.0101410147
    0.0069215266
    0.0074869459
    0.0105936723
    0.0112661585
    0.0116331920
    0.0117732504
   -0.0143949528
    0.0055384001
    0.0044301432
    0.0092121888
    0.0058659967
    0.0102082609
    0.0022804243
    0.0097515322
    0.0029136678
    0.0083154784
    0.0103811365
    0.0023937529
    0.0063747765
    0.0093041299
    0.0090168733
    0.0123603532
    0.0075019583
    0.0008016007
    0.0047263588
    0.0069033680
    0.0094493633
    0.0032704225
    0.0114647724
    0.0081386681
    0.0129516799
    0.0025132380
    0.0025578351
    0.0029158475
    0.0117871325
    0.0034160457
    0.0112161980
    0.0101215015
    0.0063315829
    0.0062595167
    0.0047808471
    0.0101794277
   -0.0019219900
    0.0010741084
    0.0127535777
   -0.0028642013
    0.0003139904
    0.0028205396
    0.0032182166
    0.0026748811
    0.0009001012
    0.0007493347
    0.0015904394
    0.0017116885
    0.0015142126
   -0.0044538919
    0.0076145063
   -0.0009991482
   -0.0003848699
    0.0012893773
    0.0005294525
    0.0066679303
    0.0003912010
    0.0033371924
    0.0047519435
    0.0036664135
    0.0004354371
   -0.0008940948
    0.0007357227
   -0.0014374022
   -0.0020866690
    0.0047342188
    0.0078048682
    0.0035322142
    0.0070204298
   -0.0063394146
    0.0096204835
    0.0012866272
    0.0060126560
    0.0016136916
    0.0039308815
    0.0080568430
    0.0130664527
    0.0014153162
    0.0001312949
    0.0013296007
    0.0028224236
   -0.0013376285
   -0.0101407237
    0.0033003092
    0.0068837895
    0.0025419072
   -0.0090594510
   -0.0018995332
    0.0022141750
    0.0118478366
   -0.0068533255
    0.0041576352
    0.0014335442
    0.0077404645
   -0.0001490032
    0.0024197615
    0.0064456376
    0.0083928274
    0.0005358776
    0.0009133408
    0.0005093197
    0.0029357084
    0.0107838140
    0.0040601662
    0.0002908117
    0.0024435993
    0.0027832435
    0.0114385001
    0.0087277515
    0.0071936151
    0.0092903628
   -0.0006554802
    0.0018374017
    0.0044313113
    0.0004760443
    0.0022246450
   -0.0010825193
   -0.0025859584
    0.0039867477
    0.0069767948
    0.0002657657
   -0.0025087696
    0.0008825421
   -0.0118085354
    0.0027603776
    0.0035227889
    0.0013499321
   -0.0003906389
   -0.0147674717
    0.0045223019
   -0.0054907541
    0.0026934309
   -0.0030962433
    0.0032517269
    0.0132405688
    0.0113519322
    0.0028420042
    0.0119464924
    0.0130942276
    0.0080634758
    0.0133186721
    0.0128152984
    0.0125561992
    0.0124091676
    0.0059651004
    0.0122004690
    0.0134611841
    0.0095542783
    0.0128728322
    0.0043085796
    0.0072693920
    0.0123381699
    0.0101095303
    0.0087061556
    0.0087198753
    0.0083933372
    0.0107656263
    0.0048324734
    0.0051535268
    0.0074144294
    0.0102350115
    0.0111048248
    0.0106154566
    0.0067973117
    0.0097464840
    0.0111411839
    0.0126499957
    0.0111952388
    0.0116402819
    0.0101220638
    0.0066655896
    0.0046006076
    0.0097306178
    0.0064203349
    0.0113185977
    0.0003720116
   -0.0003875873
   -0.0147718932
   -0.0038640839
   -0.0080996021
   -0.0055161272
   -0.0014305423
   -0.0094545585
   -0.0003926564
   -0.0041892323
    0.0003828269
   -0.0012529920
   -0.0048069813
   -0.0047160023
    0.0041055283
    0.0080399584
    0.0062342961
    0.0070310867
    0.0067977085
    0.0072742533
    0.0074253857
    0.0063114349
    0.0059634434
    0.0022677321
    0.0073864063
    0.0078587800
    0.0051503898
    0.0054636124
   -0.0293596589
   -0.0156208637
   -0.0222690030
   -0.0296982022
   -0.0189807030
   -0.0221458430
   -0.0283905456
   -0.0298652803
   -0.0202520703
   -0.0227927801
   -0.0206699881
   -0.0288029551
   -0.0268755769
   -0.0214007542
   -0.0158078597
   -0.0167077023
   -0.0288488310
   -0.0230780362
   -0.0228806320
   -0.0220932844
   -0.0212773894
   -0.0128861028
   -0.0282214784
   -0.0217682704
   -0.0213437664
   -0.0179563239
   -0.0206309252
   -0.0231180011
   -0.0182300306
   -0.0244730984
   -0.0214158332
   -0.0265181582
   -0.0216459656
   -0.0274721663
   -0.0288898154
   -0.0253122296
   -0.0155006410
   -0.0290073471
   -0.0207692514
   -0.0161753062
   -0.0207678220
   -0.0178967981
   -0.0231684113
   -0.0183266427
   -0.0112735894
   -0.0265731375
   -0.0288574686
   -0.0277961900
   -0.0290912015
   -0.0227368814
   -0.0261416949
   -0.0169606820
   -0.0263398122
   -0.0228730254
   -0.0238234802
   -0.0244179706
   -0.0298785867
   -0.0197016066
   -0.0172832137
   -0.0185579509
   -0.0245306083
   -0.0271079441
   -0.0266589830
   -0.0273620666
   -0.0234652109
   -0.0244729634
   -0.0239409403
   -0.0268001649
   -0.0286141783
   -0.0224301813
   -0.0198413132
   -0.0262188155
   -0.0193117222
   -0.0290654830
   -0.0161366455
   -0.0243262179
   -0.0143533098
   -0.0109121193
    0.0040894922
    0.0054598701
    0.0054619007
    0.0052335141
    0.0033588352
    0.0024761953
    0.0038039074
    0.0063612241
    0.0066486237
   -0.0030026018
   -0.0071712786
   -0.0035657278
    0.0023238208
    0.0003820507
   -0.0101915448
   -0.0060471385
    0.0018117537
    0.0044333811
    0.0028611585
    0.0008503990
   -0.0015366451
    0.0029295720
    0.0017472070
   -0.0109812182
    0.0053415512
   -0.0008385161
    0.0010113062
   -0.0081811671
   -0.0068650233
   -0.0093330144
    0.0051409335
    0.0042703698
    0.0061290139
    0.0061804083
    0.0027632432
    0.0039404638
    0.0072461171
    0.0071819351
    0.0056805504
    0.0070304028
    0.0073233612
    0.0079917760
    0.0042976062
   -0.0002890293
   -0.0003943822
    0.0095826448
    0.0073364352
    0.0081764718
    0.0057795525
    0.0064102259
    0.0033816428
    0.0070016534
    0.0027592859
    0.0047570512
    0.0000224292
   -0.0016397905
    0.0061237769
    0.0041892289
    0.0023806695
   -0.0024400787
    0.0086627878
    0.0055009382
    0.0068117081
    0.0063537546
    0.0071224799
    0.0061047954
    0.0045240460
    0.0077952509
    0.0089163064
   -0.0087985104
    0.0077526822
   -0.0018553287
    0.0069676226
   -0.0021350895
    0.0074099755
   -0.0046028328
    0.0018089148
    0.0082381212
    0.0043809228
   -0.0058665073
    0.0073625296
    0.0058802548
    0.0005072606
    0.0048915853
    0.0065487829
    0.0057337502
    0.0063588144
    0.0076963587
    0.0048640441
    0.0070927619
    0.0063693498
    0.0070986366
    0.0043000161
    0.0059974985
   -0.0002570877
    0.0007085825
    0.0042946715
    0.0078026505
    0.0061235446
    0.0066946948
    0.0022855620
    0.0035190635
    0.0045515399
    0.0028293373
    0.0080047864
    0.0014098123
    0.0062934399
    0.0080213802
    0.0031323911
    0.0015927505
    0.0090623772
    0.0073149040
    0.0031743482
    0.0046803567
    0.0040161190
    0.0031502249
   -0.0132917564
    0.0059581313
    0.0075536031
    0.0014216461
    0.0067199385
    0.0027906482
    0.0001818832
    0.0058929798
    0.0076037814
    0.0057719990
    0.0064214976
    0.0095325846
    0.0066849616
    0.0064880636
    0.0062544330
    0.0030293958
    0.0036880090
    0.0005862625
   -0.0013084415
    0.0035591413
    0.0088763372
    0.0061491583
    0.0090446847
    0.0084897840
    0.0032825346
    0.0031299758
    0.0002717108
   -0.0082839210
    0.0079121334
    0.0078289914
    0.0075782615
    0.0061984489
    0.0001432247
    0.0066156674
    0.0053650272
    0.0057815021
    0.0066864255
    0.0040284389
    0.0067358580
    0.0022599725
    0.0063508030
   -0.0027592014
    0.0075790852
   -0.0024328008
    0.0078186756
    0.0077820297
   -0.0003723253
   -0.0014141938
    0.0081993441
   -0.0052750171
   -0.0054025400
   -0.0022205126
   -0.0036842514
   -0.0042757887
   -0.0044101910
   -0.0047234140
   -0.0031413084
   -0.0039740487
   -0.0029884676
   -0.0021164797
    0.0036147174
   -0.0058300718
   -0.0004532248
   -0.0021162942
   -0.0009786895
   -0.0031071599
   -0.0013920323
   -0.0033045398
   -0.0011985216
   -0.0041743469
    0.0004787571
   -0.0034929764
   -0.0022475762
   -0.0057548752
   -0.0014804584
   -0.0022896401
   -0.0057604835
    0.0067882276
    0.0097528440
    0.0097772439
    0.0097609488
    0.0082663263
    0.0079451049
    0.0092942446
    0.0081900071
    0.0083920756
    0.0068684509
    0.0089319404
    0.0096121688
    0.0095451609
    0.0076660631
    0.0087913973
    0.0088844252
    0.0096922519
    0.0086251139
    0.0098055798
    0.0086125178
    0.0072629210
    0.0098349592
    0.0065592290
    0.0051349442
    0.0038563002
   -0.0009632607
    0.0048245360
   -0.0002947581
   -0.0073386897
    0.0010857171
    0.0034129910
   -0.0055987534
   -0.0101284553
   -0.0004764211
    0.0060031911
    0.0024871038
    0.0036298860
    0.0052307420
    0.0023815186
    0.0038305812
   -0.0114103965
    0.0042676834
    0.0017832424
    0.0089390824
    0.0101267846
    0.0088497798
    0.0098049796
    0.0101699193
    0.0096423761
    0.0079707812
    0.0094477528
    0.0099776217
    0.0079597226
    0.0090922484
    0.0080285611
    0.0056856888
    0.0090112627
    0.0089319610
    0.0068044340
    0.0093091348
    0.0084620187
    0.0091216678
    0.0097634070
    0.0096705056
    0.0031779948
    0.0055655422
    0.0083474515
    0.0101491558
    0.0036408759
    0.0083254592
    0.0110426232
    0.0087213974
    0.0099921520
    0.0028621642
    0.0041295198
    0.0103506335
    0.0015129944
    0.0100387221
    0.0098350360
    0.0106962290
    0.0043466728
    0.0039767635
    0.0020787415
    0.0055627596
    0.0069716226
    0.0051179392
    0.0004171994
    0.0039322778
    0.0055612062
    0.0049862737
    0.0103477127
    0.0048623892
    0.0086162064
    0.0029858025
    0.0109191061
    0.0082098993
    0.0085757272
    0.0069073432
    0.0084481518
    0.0001220524
    0.0000658733
    0.0074410460
    0.0104931175
    0.0038360350
    0.0088275980
    0.0018368023
   -0.0127205510
    0.0031747387
    0.0111028959
    0.0031874098
    0.0077694371
    0.0017482021
    0.0037838504
    0.0094608690
    0.0019222034
    0.0066376894
    0.0026568402
    0.0098924795
   -0.0008984670
    0.0016978612
    0.0073154432
    0.0034298635
    0.0108731628
   -0.0006034100
    0.0088903384
    0.0065797390
    0.0071442380
    0.0064139710
    0.0059877039
    0.0058862845
    0.0097071715
    0.0044916256
    0.0033278902
    0.0055094243
    0.0043981903
    0.0049022156
    0.0066890389
    0.0016610771
    0.0054420362
    0.0018946257
    0.0092561295
    0.0065127490
    0.0012212830
    0.0041118030
    0.0005604046
    0.0046423132
    0.0024922418
   -0.0017101994
    0.0062506183
    0.0020128612
   -0.0036643850
    0.0034441615
   -0.0006352021
    0.0002954707
    0.0101289838
    0.0012727211
   -0.0026513449
    0.0014387546
    0.0036883934
    0.0009431356
   -0.0139964134
    0.0092175451
   -0.0134994680
    0.0035368043
    0.0080298737
   -0.0004174525
    0.0083341189
    0.0051001939
    0.0045669656
    0.0005566298
    0.0044094995
   -0.0000329390
    0.0009076255
    0.0055487289
    0.0016125094
    0.0046048361
    0.0045611691
    0.0019710765
    0.0026278055
   -0.0001680470
    0.0032306294
   -0.0000471412
    0.0011560001
    0.0093413972
   -0.0002412777
    0.0007712703
    0.0040919675
    0.0046321747
    0.0008879026
    0.0021314958
    0.0079242325
    0.0063416909
    0.0087831053
    0.0054971657
    0.0002653805
    0.0030674761
    0.0056716912
    0.0015917173
   -0.0077034892
    0.0064418470
    0.0003400433
    0.0030348736
   -0.0051441206
    0.0006241580
    0.0014745960
    0.0028380724
    0.0062138152
    0.0042443741
    0.0048066205
    0.0057171729
    0.0033092894
    0.0006660180
    0.0085399890
    0.0081030110
    0.0025774331
    0.0057833445
    0.0026381330
    0.0092351090
    0.0103216560
    0.0021173983
    0.0027881873
   -0.0006818657
    0.0015062876
   -0.0023425595
    0.0040144798
    0.0018732248
    0.0022332865
    0.0107598349
    0.0066050259
    0.0061276777
    0.0021585291
   -0.0003111696
    0.0044891052
    0.0039802302
    0.0065845290
   -0.0093172384
    0.0000943540
    0.0103102410
   -0.0010634877
   -0.0040512209
    0.0012917564
    0.0023004430
   -0.0004164169
    0.0014002547
    0.0019297507
   -0.0036333279
   -0.0039240273
    0.0023296383
    0.0102106957
    0.0047834432
    0.0089407118
    0.0056248651
    0.0071569441
    0.0008575873
    0.0010064368
    0.0038656999
    0.0031584471
    0.0014234734
    0.0025543781
   -0.0077088429
    0.0100327259
    0.0036408949
   -0.0020942270
   -0.0005881779
   -0.0035065025
   -0.0147302836
   -0.0140837665
   -0.0099694953
   -0.0128728308
    0.0033492964
    0.0022889874
    0.0001801641
   -0.0044008947
    0.0009705622
    0.0016936936
    0.0040204853
   -0.0046341607
   -0.0125972799
   -0.0078937353
    0.0004988848
   -0.0031594004
    0.0034466434
    0.0060266466
    0.0081129176
    0.0076453576
    0.0104390727
    0.0057997384
    0.0046569518
    0.0095939478
    0.0092664053
    0.0081431320
    0.0083087573
    0.0077936291
    0.0081221365
    0.0084731892
    0.0097968222
    0.0112874112
    0.0109751193
    0.0112401863
    0.0094455293
    0.0097731289
    0.0103867483
    0.0041177453
    0.0071815862
    0.0085632668
    0.0085933938
    0.0069342717
    0.0071084781
    0.0094384622
    0.0055550456
    0.0055424251
    0.0044967238
    0.0053213401
    0.0086277553
    0.0093459545
    0.0078047353
    0.0061721627
    0.0086063493
    0.0065817052
    0.0064056296
    0.0080387215
    0.0079833956
    0.0076482274
    0.0083075810
    0.0080359543
    0.0077218112
    0.0075584209
    0.0049570882
   -0.0018210971
   -0.0027505314
   -0.0011228580
   -0.0102022215
   -0.0035960039
   -0.0010176490
   -0.0049855213
   -0.0075542659
   -0.0149718511
   -0.0043332356
   -0.0100389537
   -0.0058852055
   -0.0011952016
   -0.0059684284
    0.0059445017
    0.0062902489
    0.0053087124
    0.0058097742
    0.0064071060
    0.0056036574
    0.0061079642
    0.0043880141
    0.0058451877
    0.0066448308
    0.0056799562
    0.0049684985
    0.0056335287
    0.0048162934
    0.0036435675
    0.0049514215
    0.0045914467
    0.0034363105
   -0.0204419416
   -0.0173987781
   -0.0246249945
   -0.0166563177
   -0.0173088942
   -0.0146167619
   -0.0212786824
   -0.0169772492
   -0.0205117822
   -0.0171606731
   -0.0242459908
   -0.0149803452
   -0.0204768120
   -0.0174967939
   -0.0208253401
   -0.0155578349
   -0.0112863424
   -0.0155301973
   -0.0206070676
   -0.0181308823
   -0.0162847128
   -0.0187203426
   -0.0158797690
   -0.0213537112
   -0.0209873380
   -0.0122756059
   -0.0238446863
   -0.0228741299
   -0.0128926220
   -0.0138315131
   -0.0126036764
   -0.0146246151
   -0.0238054312
   -0.0190461374
   -0.0148409181
   -0.0154553755
   -0.0208233304
   -0.0240825335
   -0.0211036870
   -0.0232675375
   -0.0229594300
   -0.0245722318
   -0.0105578389
   -0.0212832274
   -0.0103788912
   -0.0227313733
   -0.0220287055
   -0.0207739702
   -0.0177921610
   -0.0193432039
   -0.0150371787
   -0.0201394231
   -0.0229819774
   -0.0200659026
   -0.0232471498
   -0.0087972673
   -0.0244829959
   -0.0175548195
   -0.0236802001
   -0.0200883988
   -0.0122199847
   -0.0199128292
   -0.0221683054
   -0.0228710955
   -0.0195812768
   -0.0241578529
   -0.0238947961
   -0.0233152561
   -0.0207964098
   -0.0158635959
   -0.0229649576
   -0.0152784636
   -0.0226550429
   -0.0247558250
   -0.0234112689
   -0.0187362247
   -0.0196624558
   -0.0225846498
   -0.0229578557
   -0.0235428705
   -0.0244221774
   -0.0214191899
   -0.0235989514
   -0.0211677777
   -0.0224567251
   -0.0127290416
   -0.0141737774
   -0.0182451342
   -0.0215591518
   -0.0242554960
   -0.0137566217
   -0.0171319198
   -0.0145015408
   -0.0194275726
   -0.0213262828
   -0.0226836780
   -0.0142263074
   -0.0188598705
   -0.0224865293
   -0.0184055935
   -0.0183574746
   -0.0198024234
    0.0029056579
   -0.0025366287
   -0.0074978825
    0.0019183089
   -0.0018985724
   -0.0056436210
    0.0000879696
    0.0036948004
   -0.0057158418
   -0.0088287438
   -0.0001289496
    0.0016711710
   -0.0010244666
   -0.0112447435
    0.0038634690
   -0.0078245567
   -0.0108734933
    0.0014958598
   -0.0025397820
    0.0029637044
    0.0005103842
    0.0005170403
   -0.0053229920
    0.0038959367
    0.0038231282
   -0.0015804256
   -0.0078730575
   -0.0032753260
   -0.0012459804
    0.0062582847
    0.0076148633
    0.0014096308
    0.0030109205
    0.0074573378
    0.0004741278
    0.0033869290
   -0.0087561383
   -0.0080580711
   -0.0107809820
    0.0045544244
    0.0044654991
    0.0058954425
    0.0063196409
   -0.0043305058
    0.0066222606
    0.0050481662
    0.0052190289
    0.0070208589
   -0.0027414889
    0.0006115152
    0.0064637677
    0.0021457955
    0.0049649536
    0.0042293814
    0.0051285022
    0.0057493938
    0.0061170757
    0.0049644417
    0.0065094870
    0.0041424559
    0.0061532431
    0.0031951071
    0.0062406097
    0.0057679166
   -0.0106203994
    0.0062074369
    0.0053803920
   -0.0056293266
    0.0031212139
    0.0074102204
    0.0064603372
    0.0007405575
    0.0014322789
    0.0033530730
   -0.0110800661
    0.0016053859
    0.0060630752
    0.0030540717
    0.0040323438
    0.0079361326
    0.0067554533
    0.0043995503
    0.0069472227
    0.0044387900
    0.0062188951
   -0.0026458208
    0.0058922038
    0.0076591401
    0.0034097616
    0.0047947091
    0.0066853743
    0.0070878532
    0.0068956858
    0.0056884101
    0.0066865499
    0.0052839366
    0.0019252926
    0.0008542948
   -0.0129785773
    0.0036189914
    0.0005056523
    0.0055948451
    0.0048448352
    0.0040131166
    0.0068507791
    0.0079564232
    0.0018497331
    0.0053911774
    0.0022800677
    0.0063089041
   -0.0039965909
    0.0050025418
    0.0005381550
    0.0013027170
    0.0029952239
    0.0045964551
   -0.0038588342
    0.0028208594
    0.0072854454
    0.0060036779
    0.0065490577
    0.0068451633
    0.0075231856
    0.0075269632
    0.0054747457
    0.0073025353
    0.0042831873
    0.0045168760
   -0.0001624636
    0.0049377862
    0.0067900658
   -0.0001625639
   -0.0001115929
    0.0040223542
    0.0060742708
    0.0078960937
    0.0030553135
    0.0064697196
    0.0046525279
    0.0061473576
    0.0050053491
    0.0026215217
    0.0041288956
    0.0060200830
    0.0014690010
    0.0053488504
    0.0061214357
    0.0039758757
    0.0034347489
    0.0009306552
    0.0063103960
    0.0069081307
    0.0054783554
    0.0002607980
    0.0062934191
    0.0065211198
    0.0054991535
    0.0079509978
    0.0064824727
    0.0065576437
    0.0048034542
    0.0034964928
    0.0055571453
    0.0071502101
   -0.0034171813
    0.0010181032
    0.0081130290
   -0.0102907315
   -0.0018864040
    0.0020379165
    0.0025976754
    0.0028929160
   -0.0068522666
    0.0066053321
    0.0041594332
    0.0047829160
    0.0060634422
    0.0076477729
    0.0059672598
    0.0033102349
    0.0051515698
   -0.0120750385
    0.0061641256
    0.0002120183
    0.0057006349
    0.0029241204
   -0.0086384523
    0.0022389465
    0.0050018287
    0.0055701999
    0.0044908896
    0.0052487647
    0.0048198388
    0.0062584675
    0.0077723463
    0.0064352009
    0.0013611941
    0.0055704882
    0.0066161580
    0.0066776583
    0.0066944426
    0.0063150813
    0.0039236085
    0.0039561566
    0.0025352066
    0.0065352784
    0.0065277416
    0.0065168662
    0.0050247272
   -0.0110210507
    0.0033478911
   -0.0034073085
    0.0075623801
    0.0044308380
    0.0074358857
    0.0016592300
    0.0066196597
   -0.0003808132
    0.0009642839
   -0.0028992095
   -0.0026455760
   -0.0023598013
   -0.0001832005
   -0.0021033127
   -0.0032131910
   -0.0022277808
   -0.0027666384
   -0.0003137753
   -0.0010274714
   -0.0010429225
   -0.0007133931
   -0.0027297039
   -0.0018621656
   -0.0004993615
   -0.0008593089
   -0.0022164952
   -0.0021684670
   -0.0007389601
    0.0011927843
   -0.0011612889
   -0.0025326116
    0.0018114592
    0.0080345116
    0.0077650492
    0.0079671917
    0.0070422769
    0.0076149032
    0.0078545067
    0.0066836061
    0.0072171134
    0.0060568498
    0.0021596547
   -0.0049862947
    0.0029606148
    0.0033027371
   -0.0014345784
   -0.0019378702
    0.0012996372
   -0.0029278326
    0.0004417123
    0.0020527644
    0.0085023834
    0.0084360373
    0.0075904210
    0.0069858544
    0.0075318122
    0.0083368906
    0.0070754448
    0.0077822473
    0.0082848001
    0.0080735726
    0.0083728449
    0.0084201156
    0.0089652246
    0.0038590584
    0.0025558031
   -0.0117243949
    0.0051047832
    0.0045825816
    0.0028751484
    0.0046323088
   -0.0082550193
    0.0006206935
    0.0065451082
    0.0092282601
    0.0038633694
    0.0002633569
    0.0036938916
    0.0051110018
   -0.0018300302
    0.0071998120
    0.0024656690
    0.0034358392
    0.0014537921
    0.0014979338
    0.0026806908
    0.0077820301
    0.0035211877
    0.0073151138
    0.0014786720
    0.0030994198
    0.0069943301
    0.0067437656
   -0.0041564819
    0.0087073365
    0.0069959224
    0.0069774475
    0.0041586857
    0.0028350835
   -0.0007652920
    0.0021020380
    0.0030688147
    0.0011284662
    0.0082534442
    0.0012910676
    0.0013992941
    0.0019483011
    0.0051051822
    0.0060655844
    0.0064495508
    0.0029332143
    0.0018858028
    0.0030375813
    0.0046132525
    0.0029325242
    0.0027552747
   -0.0000520929
    0.0058787212
    0.0036136665
    0.0047942238
    0.0009990162
    0.0068435793
    0.0039822694
    0.0029946767
    0.0039798592
    0.0092515874
    0.0069677904
    0.0033825916
    0.0057637384
    0.0022470046
    0.0028806058
    0.0041540204
    0.0068234180
    0.0074204969
    0.0015012221
    0.0053266801
    0.0079988340
   -0.0000233318
    0.0048020031
    0.0091171467
    0.0033870302
    0.0006285467
    0.0062792089
    0.0023245292
    0.0071980429
    0.0056594547
    0.0023179175
    0.0053756541
    0.0049966932
    0.0047283210
    0.0009727652
    0.0051025284
   -0.0000278852
    0.0010442718
    0.0067399244
    0.0035402497
   -0.0014607697
    0.0035335935
    0.0089728830
    0.0014805160
   -0.0038281738
    0.0027588405
    0.0008375985
   -0.0038037754
    0.0054136596
    0.0018483409
    0.0067000098
    0.0060559630
    0.0066829396
    0.0076235038
    0.0087867353
    0.0036202753
    0.0056187820
    0.0092312552
    0.0079306808
   -0.0058272286
    0.0026170681
   -0.0005181176
    0.0046140823
    0.0036921932
    0.0027909321
    0.0013858619
    0.0027434244
    0.0053763749
    0.0038272820
    0.0035727844
    0.0042130063
    0.0060065868
   -0.0000043345
    0.0006916953
    0.0030246459
   -0.0027928444
    0.0029510376
    0.0081578980
    0.0045547419
    0.0037948287
    0.0033289689
    0.0015406055
    0.0064805094
    0.0051106719
    0.0036685498
   -0.0036759308
    0.0002999863
    0.0018065471
    0.0009748160
    0.0034330623
    0.0079284109
    0.0046207617
    0.0073181714
    0.0052026071
    0.0052542911
    0.0063965154
    0.0033470504
   -0.0015468252
    0.0043282650
    0.0040326072
    0.0009660910
   -0.0017788359
   -0.0109062153
    0.0051896856
    0.0052671824
    0.0053474562
    0.0023591128
   -0.0015653852
    0.0086228133
    0.0026938232
   -0.0094399570
    0.0065530881
   -0.0101551833
   -0.0131025815
   -0.0080310440
   -0.0018440729
    0.0008363593
    0.0036697120
    0.0033462862
   -0.0053724099
   -0.0074769557
    0.0011571833
    0.0034753329
    0.0042810133
    0.0017107762
    0.0024757182
    0.0035300307
    0.0029706668
    0.0029979615
   -0.0075092058
    0.0006446749
   -0.0010744937
   -0.0033051207
    0.0037323299
    0.0008067895
    0.0050478380
    0.0065612493
    0.0040394642
    0.0033057772
    0.0008330009
    0.0034116099
    0.0006661948
   -0.0062842450
   -0.0012091851
    0.0023410651
    0.0053182680
    0.0016879843
   -0.0002402739
   -0.0007894238
    0.0064781508
    0.0076974382
    0.0031791821
   -0.0003056618
   -0.0010455186
    0.0037644091
    0.0012567157
    0.0002015404
    0.0021953319
    0.0038105429
    0.0031270518
    0.0022498983
    0.0027334366
    0.0055045962
    0.0085915422
    0.0037475199
    0.0058954656
    0.0031913435
    0.0026318138
    0.0043327671
    0.0052824510
    0.0027279036
    0.0051171606
    0.0036139510
    0.0013030858
    0.0046871865
    0.0037528578
   -0.0013273925
    0.0034662810
    0.0050674844
    0.0071371770
    0.0028089419
    0.0045331334
    0.0003705760
    0.0005142492
    0.0041977258
    0.0080480919
    0.0019122854
   -0.0009441480
   -0.0101186965
    0.0087377646
    0.0051002382
   -0.0004198454
    0.0068733892
    0.0007871635
    0.0012416313
    0.0076499495
    0.0035262505
    0.0026877341
    0.0008147461
    0.0055813522
    0.0086962976
    0.0021391676
    0.0018410364
   -0.0006563213
   -0.0014348329
    0.0071418964
    0.0046671790
   -0.0016490116
   -0.0028108663
    0.0039379729
    0.0053083480
    0.0020430518
    0.0060984507
    0.0037298578
    0.0040998876
    0.0034264218
    0.0024959550
    0.0049396242
   -0.0027263805
   -0.0068420886
    0.0003435956
   -0.0122198708
   -0.0024622876
    0.0074768514
    0.0086288736
    0.0067857415
    0.0086302206
    0.0079342121
    0.0075231805
    0.0084585494
    0.0080596946
    0.0092962008
    0.0093560334
    0.0090778802
    0.0090170996
    0.0081067325
    0.0066517331
    0.0068121802
    0.0066119972
    0.0053323136
    0.0068807409
    0.0079968471
    0.0065384211
    0.0076097139
    0.0075026873
    0.0062615625
    0.0051588975
    0.0051761572
    0.0059004924
   -0.0030418565
   -0.0089397898
   -0.0102154371
   -0.0057671233
   -0.0047272816
   -0.0131401177
   -0.0098363988
    0.0044435256
    0.0054038764
    0.0050340073
    0.0049977786
    0.0054102171
    0.0052522946
    0.0054515041
    0.0051098814
    0.0049375061
    0.0040485520
    0.0047832012
    0.0049359519
    0.0048601906
    0.0053661852
   -0.0205400596
   -0.0187277354
   -0.0146291431
   -0.0182942774
   -0.0125910062
   -0.0189885573
   -0.0174285153
   -0.0098462033
   -0.0154002778
   -0.0123912638
   -0.0133316720
   -0.0158673378
   -0.0206501478
   -0.0198102544
   -0.0136346125
   -0.0176856875
   -0.0180992316
   -0.0195682656
   -0.0191366766
   -0.0181512882
   -0.0133096383
   -0.0147079876
   -0.0102538417
   -0.0123864301
   -0.0199889120
   -0.0202811259
   -0.0160054463
   -0.0166617321
   -0.0161587726
   -0.0202399182
   -0.0162010114
   -0.0197046745
   -0.0191192906
   -0.0115979396
   -0.0112132683
   -0.0134926105
   -0.0135321579
   -0.0204313352
   -0.0192929108
   -0.0191230136
   -0.0205643100
   -0.0173695556
   -0.0146708854
   -0.0152535448
   -0.0176629972
   -0.0205083268
   -0.0165224012
   -0.0107366599
   -0.0153042656
   -0.0120938005
   -0.0184178904
   -0.0184653231
   -0.0167210661
   -0.0147907645
   -0.0179008297
   -0.0189274655
   -0.0125151752
   -0.0190387784
   -0.0164381662
   -0.0180673498
   -0.0199268479
   -0.0123221389
   -0.0197000188
   -0.0120691454
   -0.0174816055
   -0.0190709293
   -0.0181898223
   -0.0149585216
   -0.0203438490
   -0.0109496104
   -0.0119203125
   -0.0110857354
   -0.0156847453
   -0.0189211282
   -0.0201309994
   -0.0117979352
   -0.0151547010
   -0.0171980197
   -0.0194048426
   -0.0146565663
   -0.0118105641
   -0.0113041873
   -0.0156041317
   -0.0190922525
   -0.0176991012
   -0.0199068152
   -0.0193488698
   -0.0162146860
   -0.0123750853
   -0.0128495353
   -0.0206457814
   -0.0096208061
   -0.0122152051
   -0.0153714628
   -0.0157495842
   -0.0172988123
   -0.0183060255
   -0.0171869179
   -0.0133259908
   -0.0154325410
   -0.0144166579
   -0.0106783402
   -0.0172102989
   -0.0129899596
   -0.0182141930
   -0.0156984805
   -0.0134914818
   -0.0148868301
   -0.0134827240
   -0.0153490198
   -0.0112192537
   -0.0192170159
   -0.0141988667
   -0.0165715166
   -0.0183426147
   -0.0099402107
   -0.0126481584
   -0.0144027776
   -0.0114649180
   -0.0166353553
   -0.0132248329
   -0.0159848342
   -0.0164550072
   -0.0203468402
    0.0032231215
   -0.0096035151
    0.0020232508
    0.0013206410
   -0.0024685040
    0.0006282723
   -0.0045949659
   -0.0023200641
   -0.0004922175
   -0.0036580081
    0.0000928451
    0.0007013437
    0.0024786031
   -0.0083363659
    0.0027668911
   -0.0017984548
   -0.0065713056
    0.0020007165
    0.0024370448
   -0.0017336606
    0.0020908750
    0.0022827977
   -0.0027128738
   -0.0050781359
    0.0044685541
   -0.0073144227
    0.0002838104
   -0.0010355677
    0.0041399942
    0.0053014576
    0.0005790455
    0.0057642389
    0.0029580470
    0.0069144683
    0.0057551566
    0.0066106971
    0.0045461020
    0.0054647352
    0.0010709790
   -0.0089189502
    0.0054503604
    0.0067223362
    0.0047684664
    0.0052558804
   -0.0049279439
    0.0044187223
    0.0069193424
    0.0053252537
   -0.0088904610
    0.0033304079
    0.0054427509
    0.0045395895
    0.0056583073
   -0.0007608907
    0.0031648017
    0.0057543799
    0.0017537393
   -0.0000849799
    0.0061083580
    0.0033765222
    0.0029556068
    0.0055705490
    0.0043532018
   -0.0006172090
    0.0059087130
    0.0049225556
    0.0049504481
    0.0019413035
   -0.0007450819
    0.0022310070
    0.0056108024
   -0.0014097372
    0.0066091095
    0.0050780113
    0.0059483171
    0.0023746428
    0.0043417582
    0.0048566478
    0.0055765323
    0.0031463291
    0.0051824314
    0.0012490404
    0.0046134689
   -0.0033351605
    0.0039610956
   -0.0023970810
    0.0058789954
    0.0057913123
    0.0049883975
    0.0066520116
    0.0034090193
    0.0050396102
   -0.0006854417
    0.0055132262
    0.0065604527
    0.0053210242
    0.0055743913
   -0.0065576665
    0.0063523880
    0.0034121919
    0.0011780715
    0.0007981502
    0.0031135920
    0.0033258828
    0.0059109553
    0.0041264938
   -0.0024990232
    0.0050680322
   -0.0000945652
    0.0047582571
    0.0066019785
    0.0022850746
    0.0058007034
    0.0030861788
   -0.0106721462
    0.0039964894
   -0.0036880658
    0.0064444455
   -0.0051771655
    0.0055928396
    0.0049731276
   -0.0044477185
    0.0066957368
    0.0057079640
    0.0043406486
    0.0025218729
   -0.0027062308
    0.0007112261
    0.0031488583
    0.0022282403
    0.0055503209
    0.0045890305
    0.0051240209
    0.0039251171
    0.0055943229
    0.0058433889
   -0.0037550925
    0.0051527830
    0.0026026089
    0.0038311078
    0.0060831556
   -0.0084576159
   -0.0082480328
    0.0044528047
    0.0029465432
    0.0064966331
    0.0067006650
    0.0028135978
    0.0031659677
    0.0045468381
    0.0023558846
   -0.0038767305
   -0.0019102762
    0.0047581321
    0.0021932904
   -0.0049307852
    0.0036559077
    0.0022324399
    0.0011504595
    0.0022860926
   -0.0020856318
    0.0028126940
   -0.0083410332
    0.0037891118
    0.0036872317
    0.0001335883
    0.0029653662
    0.0060554366
    0.0047258224
    0.0058622703
    0.0044442647
    0.0051215831
    0.0048180560
    0.0050589598
    0.0043637553
    0.0027326989
    0.0045640653
    0.0066725388
    0.0056287911
    0.0051429277
    0.0054182480
    0.0034945445
    0.0062939276
    0.0062906503
    0.0055503646
    0.0023018748
    0.0056525517
    0.0046284954
    0.0018699297
    0.0065259945
   -0.0030412585
    0.0002598650
    0.0065062832
   -0.0010384293
    0.0020702463
    0.0047062462
    0.0054144687
    0.0046931495
    0.0043109580
    0.0059064068
    0.0058481433
    0.0038177157
    0.0053089386
    0.0053493065
    0.0020838250
   -0.0031004938
    0.0061598063
    0.0065308294
    0.0042601575
   -0.0037941387
    0.0047643544
    0.0036669630
    0.0045545619
    0.0060507887
    0.0027417331
    0.0063144020
    0.0024907002
    0.0024688210
    0.0041645546
   -0.0040826503
   -0.0035272286
    0.0027289160
    0.0013960410
    0.0043213765
    0.0034821238
    0.0065627545
   -0.0014293765
    0.0028373656
    0.0024067629
    0.0022810419
    0.0026459889
    0.0062511143
    0.0048924727
    0.0046856359
    0.0066765730
    0.0030104728
    0.0059894652
    0.0067414689
    0.0043211412
    0.0061267630
   -0.0012153056
    0.0054252049
    0.0049365184
    0.0051684730
    0.0041102867
    0.0053999892
    0.0034329238
    0.0026878061
    0.0062406715
    0.0063708988
    0.0062638374
   -0.0058830848
    0.0022494911
    0.0060558941
    0.0044573482
    0.0043117627
    0.0018369397
    0.0056520566
    0.0046843921
    0.0047008131
    0.0004153038
    0.0063349443
    0.0059708491
    0.0040490030
    0.0044427328
    0.0054618718
    0.0050797834
    0.0052030796
    0.0018444495
   -0.0002766082
    0.0059426529
    0.0055006389
    0.0039013348
    0.0020375863
    0.0021099091
    0.0047841498
    0.0056092242
   -0.0001174327
    0.0054588475
    0.0057308987
    0.0030077978
    0.0054513371
    0.0037327830
    0.0064200747
    0.0017825192
    0.0062815795
    0.0065581740
   -0.0071275694
    0.0054689339
   -0.0063739382
   -0.0043894359
    0.0052291151
    0.0007574549
    0.0042874747
    0.0048852449
    0.0011587160
    0.0054745837
    0.0056971504
   -0.0084965572
   -0.0076359889
    0.0057150947
    0.0037542142
    0.0059359341
    0.0055004257
    0.0014877620
    0.0010904718
   -0.0004405812
    0.0004334541
    0.0003574774
    0.0016255802
    0.0007678260
   -0.0009740847
   -0.0011138503
    0.0001111995
   -0.0004789641
   -0.0015387680
   -0.0004271715
    0.0017835056
   -0.0013034599
   -0.0013911030
   -0.0009032400
   -0.0003374388
    0.0011079772
   -0.0009032134
    0.0020034024
    0.0012535746
   -0.0003314190
    0.0010121876
    0.0041820686
   -0.0001947398
    0.0063974717
    0.0046889845
   -0.0046502651
    0.0031668559
    0.0020072994
    0.0021202695
    0.0027037298
    0.0076408179
    0.0066043135
   -0.0001980604
    0.0039928947
    0.0016541171
    0.0011859109
    0.0073380031
    0.0050657566
    0.0049295592
    0.0003744641
    0.0073926398
    0.0075622101
   -0.0068386081
    0.0048049725
   -0.0107471300
    0.0046736414
    0.0020001974
    0.0010400789
    0.0003668049
   -0.0048290373
    0.0060017042
   -0.0036208141
   -0.0002767236
   -0.0027698014
   -0.0004330029
    0.0026908565
    0.0031288452
    0.0025893710
   -0.0034277730
    0.0007623188
    0.0070226378
    0.0075844038
    0.0041528175
    0.0019170973
    0.0077229491
    0.0076820760
    0.0041395038
    0.0076413013
   -0.0091052442
   -0.0005705491
    0.0077620431
    0.0048984226
    0.0063210055
    0.0047198138
    0.0015744155
   -0.0027664316
    0.0059560167
    0.0024222830
    0.0066294756
    0.0012801999
    0.0059811685
    0.0076774375
    0.0075696953
    0.0074589561
    0.0061844370
    0.0070740786
    0.0060767676
    0.0051869513
   -0.0088543601
   -0.0107740236
    0.0024759754
   -0.0070022894
    0.0076565663
    0.0075083397
    0.0007131266
    0.0037616581
    0.0067669595
    0.0017347276
    0.0072027280
    0.0019185901
    0.0041620234
    0.0062054564
    0.0023180652
    0.0019164735
    0.0073499966
    0.0018743331
    0.0010056725
    0.0028509867
    0.0032191704
    0.0077040715
    0.0022772118
    0.0068323866
    0.0076134803
    0.0059721988
    0.0022954461
    0.0025238580
   -0.0031386885
    0.0041820295
    0.0020083406
    0.0026228341
    0.0035380905
    0.0023160481
    0.0070502284
   -0.0029711813
   -0.0000879456
    0.0075408986
    0.0012522715
    0.0045468286
    0.0058334223
    0.0065206357
    0.0037376241
    0.0027409451
    0.0003900918
    0.0058112000
    0.0053945895
    0.0044979494
    0.0057413038
    0.0009419113
    0.0006375955
    0.0055798452
    0.0017935326
    0.0066426342
    0.0035372164
   -0.0044023343
   -0.0073131959
    0.0051473132
    0.0034781375
    0.0062209710
    0.0019391484
    0.0008133472
    0.0042963723
    0.0002147391
    0.0066687433
   -0.0058492205
    0.0042031872
    0.0064533327
   -0.0021158946
    0.0011736378
    0.0023986182
    0.0073652876
    0.0071122333
    0.0015885567
    0.0020156660
    0.0054493483
    0.0008927744
    0.0029266047
    0.0075314352
    0.0049276239
    0.0034181342
    0.0046920724
    0.0017283094
    0.0008163073
   -0.0015398315
    0.0031046216
    0.0002356209
   -0.0117797704
    0.0066467603
    0.0046877133
    0.0009760941
   -0.0050984793
    0.0011533386
    0.0027710116
    0.0053159098
   -0.0083688266
    0.0025136594
    0.0036299147
   -0.0013428743
    0.0019038415
    0.0033816806
    0.0041989440
    0.0025254385
    0.0000312065
    0.0028331284
    0.0046149020
   -0.0028622936
   -0.0015721407
   -0.0033879219
    0.0045166665
   -0.0033079241
    0.0045128990
    0.0059126767
    0.0065449315
    0.0008618138
    0.0039167363
   -0.0007794200
    0.0060007419
   -0.0044098294
    0.0025296840
    0.0064419033
    0.0002160652
    0.0020054440
    0.0048525799
   -0.0050048222
    0.0043766341
   -0.0027397445
   -0.0001464230
    0.0020605131
    0.0063118804
    0.0047574531
    0.0041167833
    0.0014264645
    0.0033717440
   -0.0026261436
    0.0044715184
    0.0029421512
    0.0068843657
   -0.0041426932
    0.0024247131
    0.0044628454
    0.0054813018
   -0.0027195837
    0.0025323492
    0.0036686015
    0.0021346913
    0.0035749343
    0.0032270533
    0.0017415308
    0.0055802265
    0.0028343851
    0.0004823756
    0.0032260008
    0.0011783374
    0.0012017894
    0.0047835632
    0.0046715380
    0.0009522157
    0.0038986076
    0.0066885562
   -0.0009939061
    0.0034567092
    0.0061417976
    0.0057810703
    0.0038455703
   -0.0017063198
    0.0034728102
    0.0043814621
   -0.0001246447
    0.0006183964
    0.0039205136
    0.0052774838
    0.0059372877
    0.0047387973
    0.0057638718
    0.0043184944
    0.0048235003
    0.0069065550
    0.0034369311
    0.0031734204
    0.0051919620
   -0.0099317590
    0.0027620903
    0.0065653862
   -0.0046747433
   -0.0025177085
    0.0024446517
    0.0006582202
    0.0041366365
    0.0041655253
    0.0038981627
   -0.0097209920
   -0.0002678513
    0.0061231935
   -0.0073567332
    0.0023969506
    0.0034723997
    0.0026496192
    0.0045876203
    0.0034462724
    0.0045775396
   -0.0040668920
   -0.0059793416
    0.0056829282
    0.0046843474
   -0.0023688834
    0.0014523781
   -0.0005996958
    0.0000818790
    0.0048733181
    0.0010615935
   -0.0014262021
    0.0031387941
   -0.0076738160
    0.0025549276
    0.0036079125
    0.0052280780
    0.0034755827
    0.0055885432
    0.0030783775
    0.0000141911
    0.0010267547
    0.0038910990
    0.0046533752
    0.0039481704
    0.0063432968
    0.0016138623
    0.0067277730
   -0.0027912386
    0.0064464546
   -0.0068763094
   -0.0034732086
   -0.0009546950
   -0.0030062570
   -0.0029731627
    0.0063740673
    0.0015158348
   -0.0014444154
    0.0009108370
   -0.0055052163
   -0.0044655973
    0.0057431323
   -0.0018467980
    0.0024360176
   -0.0053125970
    0.0024763704
    0.0005522422
   -0.0010206243
    0.0036472009
    0.0042138359
    0.0032337459
   -0.0006750657
    0.0047330522
    0.0063176069
    0.0041472256
    0.0051158400
    0.0053304362
    0.0037043891
    0.0032879107
    0.0018255217
    0.0034191090
    0.0038517319
    0.0036020661
   -0.0026207395
   -0.0000433450
    0.0052990949
   -0.0092701395
   -0.0053093419
   -0.0004247766
   -0.0007360421
    0.0024830992
    0.0049148920
    0.0029437856
    0.0034150959
    0.0012747646
    0.0046337760
    0.0069041476
    0.0014327423
    0.0028549289
    0.0033956259
   -0.0045590154
    0.0038682105
   -0.0012717186
    0.0058306930
    0.0006394848
    0.0043879082
    0.0028110557
    0.0052790991
    0.0036784007
   -0.0032858692
    0.0040240694
    0.0028445230
    0.0041111812
   -0.0007232804
    0.0030293616
   -0.0033818251
    0.0029991780
    0.0038348307
    0.0042689861
    0.0034033703
    0.0011199237
    0.0020309364
    0.0043368227
    0.0021013659
   -0.0017549971
   -0.0007960740
    0.0022770341
   -0.0022971360
    0.0016723781
   -0.0015851233
   -0.0000286705
   -0.0035160261
