    0.0117451134
    0.0149274553
    0.0109908293
    0.0096532776
    0.0139400673
    0.0173524817
    0.0027340911
    0.0179245608
    0.0222800194
    0.0097300501
    0.0096582872
   -0.0004128993
    0.0194871546
    0.0130659599
    0.0139747139
    0.0158339615
    0.0098353567
    0.0142932306
   -0.0145375137
    0.0105482647
    0.0242460156
    0.0118067937
    0.0099066084
   -0.0015829804
    0.0227130879
    0.0013593676
   -0.0202377892
    0.0150551579
    0.0125638265
    0.0017886567
    0.0113370333
    0.0068838577
   -0.0088444576
    0.0092066560
   -0.0154778783
    0.0110870759
   -0.0179126587
    0.0101135067
    0.0128604020
   -0.0129001332
    0.0106316552
    0.0081709244
    0.0111737535
   -0.0011775831
   -0.0051614542
    0.0097083556
   -0.0025450167
   -0.0083010281
    0.0092202629
   -0.0053154977
    0.0132709342
    0.0103395899
    0.0128962481
    0.0062046508
   -0.0003618121
    0.0077803037
    0.0071984038
    0.0074475343
    0.0129365638
    0.0118250417
    0.0105853460
    0.0107082895
    0.0089391447
    0.0072708293
    0.0082876989
    0.0059511812
    0.0059324165
   -0.0150718546
    0.0139257020
    0.0132294393
    0.0130810919
   -0.0064201775
   -0.0102717310
    0.0185040165
   -0.0182036147
   -0.0039730520
    0.0040781723
    0.0150450412
   -0.0004831788
   -0.0148465453
   -0.0025112853
    0.0032957383
   -0.0106382313
   -0.0103720600
    0.0197146248
    0.0013812195
   -0.0102961645
   -0.0115592976
   -0.0035596795
    0.0068776080
    0.0189582239
    0.0029557665
   -0.0107994154
    0.0066140811
    0.0077408263
   -0.0089477228
    0.0078600478
   -0.0143300700
   -0.0062367743
   -0.0016346995
    0.0234421491
    0.0024229187
   -0.0182354358
    0.0070724441
    0.0149423883
    0.0143693796
    0.0112264920
    0.0095345643
    0.0104719857
    0.0090845071
    0.0088725880
    0.0099219083
    0.0156571008
    0.0143814475
    0.0242652534
    0.0120268441
    0.0187149387
    0.0114254202
    0.0163187741
    0.0104372865
    0.0189693420
    0.0167264166
    0.0176927452
    0.0107653456
    0.0111895139
    0.0157297118
    0.0119251818
    0.0122178190
    0.0102828680
    0.0094951243
    0.0106009093
    0.0105148150
    0.0095082777
    0.0129607546
    0.0179553023
    0.0222233318
    0.0168609640
    0.0097587400
   -0.0365365757
   -0.0420862792
   -0.0485245005
   -0.0211581551
   -0.0455826182
   -0.0252842033
   -0.0376752318
   -0.0459187470
   -0.0474124517
   -0.0322821721
   -0.0426398565
   -0.0190374202
   -0.0490718441
   -0.0244734781
   -0.0383530140
   -0.0303817531
   -0.0312402885
   -0.0212491641
   -0.0470463434
   -0.0319577245
   -0.0244220801
   -0.0486756309
   -0.0347830710
   -0.0403197670
   -0.0335574063
   -0.0445601938
   -0.0298840962
   -0.0458619946
   -0.0487529809
   -0.0351816088
   -0.0471440512
   -0.0262749500
   -0.0230929988
   -0.0358918908
   -0.0244145505
   -0.0478557119
   -0.0392046892
   -0.0234427882
   -0.0212697656
   -0.0213398280
   -0.0323618065
   -0.0452076851
   -0.0362782790
   -0.0446657270
   -0.0257591752
   -0.0197969255
   -0.0256128685
   -0.0421861813
   -0.0352107965
   -0.0252718916
   -0.0490985259
   -0.0421268871
   -0.0413799001
   -0.0442993804
   -0.0333552884
   -0.0484197303
   -0.0492408035
   -0.0432598415
   -0.0489820990
   -0.0492134307
   -0.0328460025
   -0.0405592127
   -0.0436909219
   -0.0391212696
   -0.0466382281
   -0.0379985674
   -0.0415571011
   -0.0272967534
   -0.0254045275
   -0.0478587828
   -0.0429835753
   -0.0264634260
   -0.0474101465
   -0.0334797006
   -0.0371722606
   -0.0283155177
   -0.0407885364
   -0.0402574865
   -0.0418470469
   -0.0403892088
   -0.0458397421
    0.0057763392
    0.0107411767
    0.0126063475
    0.0145797471
    0.0110674551
    0.0113918193
   -0.0045026291
    0.0215105665
    0.0039876985
    0.0120442062
    0.0101097951
    0.0075602948
   -0.0022986247
    0.0083100259
    0.0096071265
    0.0149250412
   -0.0015913634
   -0.0101411971
   -0.0057981472
    0.0089324505
    0.0101766952
   -0.0161847778
   -0.0017381304
    0.0024250767
    0.0235337563
   -0.0111458617
    0.0086352222
    0.0085517863
    0.0020802671
    0.0117885961
    0.0151336198
   -0.0222251072
    0.0047963364
    0.0154650712
    0.0157536904
    0.0147450369
    0.0138228393
    0.0161940412
    0.0168445981
    0.0164555464
    0.0163129853
    0.0146589468
    0.0134151002
    0.0141311049
    0.0156946421
    0.0139590411
    0.0164210862
    0.0141962887
    0.0167772282
    0.0146741464
    0.0166563996
    0.0154902499
    0.0155747681
    0.0128507488
    0.0168523544
    0.0166470852
    0.0132589261
    0.0208676164
    0.0162685538
    0.0155245543
    0.0173778355
    0.0107358541
    0.0169413004
    0.0170078707
    0.0161953829
    0.0168523022
    0.0217343471
    0.0119932799
    0.0127054769
    0.0177245224
    0.0120159923
    0.0089756108
    0.0159918293
    0.0092353375
    0.0106102937
    0.0116348940
    0.0106246825
    0.0087911393
    0.0098896291
    0.0119216094
    0.0240918166
    0.0147105070
    0.0110911001
    0.0096496916
    0.0173968846
    0.0127507469
    0.0132480157
    0.0113242864
    0.0174307723
    0.0116026336
    0.0127570864
    0.0116714634
    0.0107249196
    0.0114017080
    0.0109420024
    0.0149079840
    0.0108825626
    0.0101187646
    0.0131578847
    0.0094719308
    0.0175052477
    0.0107898925
    0.0136871742
    0.0091088963
    0.0122476001
    0.0209755169
    0.0176252859
    0.0165660382
    0.0053503924
    0.0182018165
    0.0206390259
    0.0148530287
    0.0207665018
    0.0185832617
    0.0182723669
    0.0183545854
    0.0102195045
    0.0109767489
    0.0182916311
    0.0132890168
    0.0130450584
    0.0107533898
    0.0180172339
    0.0195667668
    0.0180986783
   -0.0004676741
    0.0125326716
    0.0097751742
    0.0083243099
    0.0143994787
    0.0141884017
    0.0128564173
    0.0120732907
    0.0072778628
    0.0131118255
    0.0130871274
    0.0113767569
    0.0004760602
    0.0115629149
    0.0134227826
    0.0062208832
   -0.0026502700
    0.0089957792
   -0.0006646460
    0.0031481207
    0.0131280631
    0.0107694862
    0.0088635091
    0.0067943615
    0.0111147951
    0.0122848037
    0.0100742934
    0.0144677017
    0.0152686361
    0.0146487545
    0.0151763214
    0.0168412436
    0.0133789880
    0.0147394477
    0.0145814504
    0.0144601058
    0.0154359622
    0.0121740285
    0.0142115064
    0.0145185702
    0.0130427309
    0.0137235556
    0.0154172741
    0.0139995721
    0.0166217430
    0.0168330219
    0.0140218872
    0.0155105487
    0.0169231581
    0.0120989846
    0.0165784747
    0.0221923920
    0.0124099829
    0.0158534128
    0.0134887110
    0.0234693741
    0.0189322723
    0.0149659421
    0.0144970446
    0.0177610202
    0.0146203355
    0.0184318171
    0.0187169973
    0.0187661430
    0.0014000342
    0.0091725989
    0.0053819795
    0.0001846524
    0.0036668466
    0.0137792907
    0.0131209025
   -0.0005911481
    0.0038090588
    0.0148881844
    0.0155196907
    0.0160213696
    0.0125904242
    0.0143049249
    0.0136993826
    0.0123708677
    0.0111483111
    0.0100911561
    0.0082118390
    0.0118930942
    0.0021635281
    0.0135513424
    0.0026873906
    0.0096094969
   -0.0111539129
    0.0092263205
    0.0067843960
    0.0144321682
    0.0136138038
    0.0117243185
    0.0095280374
    0.0089229149
    0.0163507365
    0.0061241470
    0.0133607458
    0.0000906640
    0.0105415639
    0.0110978568
    0.0104183289
    0.0048604081
   -0.0149571818
    0.0043853620
    0.0108160956
    0.0111236969
    0.0065340440
    0.0114708254
    0.0081690329
    0.0128286862
   -0.0143871913
    0.0085822718
    0.0083128145
    0.0054843905
    0.0125102650
    0.0093370982
    0.0105917574
   -0.0157421132
    0.0119290147
    0.0045827614
    0.0121480124
    0.0093866945
    0.0108018652
    0.0024448517
    0.0084248874
    0.0070848363
   -0.0088878112
    0.0096551867
   -0.0100233489
   -0.0006257194
   -0.0018449997
   -0.0020576174
    0.0095582282
    0.0080565649
    0.0057232485
    0.0111817319
    0.0066494688
    0.0076252351
    0.0109166991
    0.0082821627
    0.0087639367
    0.0071493600
    0.0026841350
    0.0015362692
    0.0035643070
    0.0006617790
    0.0097172519
   -0.0083320672
   -0.0156147652
   -0.0075309503
    0.0067957557
   -0.0131093860
   -0.0055191498
    0.0007323952
    0.0106575907
    0.0152509993
   -0.0118275618
   -0.0019288327
   -0.0078373298
   -0.0029639318
    0.0059440128
   -0.0098803948
    0.0162690781
    0.0125161871
   -0.0081933364
    0.0072557120
   -0.0096607549
    0.0099726875
    0.0182591044
    0.0062199860
    0.0023129426
    0.0055521092
    0.0042963335
    0.0096314936
    0.0144418526
    0.0148080979
    0.0129033962
    0.0170159549
    0.0083624559
    0.0088552755
    0.0090595205
    0.0136205018
    0.0084880530
    0.0095003040
    0.0127028212
    0.0096834130
    0.0101722124
    0.0109688891
    0.0175971541
    0.0114509392
    0.0084884748
    0.0126224724
    0.0115122029
    0.0105880106
    0.0094499041
    0.0182072466
    0.0121754270
    0.0167386176
    0.0176678715
    0.0092266620
    0.0085020932
    0.0111165183
    0.0108498045
    0.0145551099
    0.0187469720
    0.0104588835
    0.0164115584
    0.0086087968
    0.0154269554
    0.0098138095
    0.0089491587
    0.0106039124
    0.0095865744
    0.0095309540
    0.0091121591
    0.0091836029
    0.0093972659
   -0.0264882096
   -0.0345019270
   -0.0401172761
   -0.0242513673
   -0.0321265881
   -0.0372664633
   -0.0368894949
   -0.0397097333
   -0.0242515390
   -0.0396829683
   -0.0377076358
   -0.0210998416
   -0.0383634619
   -0.0388616236
   -0.0230758786
   -0.0357531826
   -0.0357987062
   -0.0314671611
   -0.0193303662
   -0.0365773806
   -0.0218052924
   -0.0364813757
   -0.0239924476
   -0.0367857081
   -0.0398441526
   -0.0240287940
   -0.0183158459
   -0.0319583522
   -0.0379102995
   -0.0390191780
   -0.0312577909
   -0.0300995117
   -0.0339464793
   -0.0325899054
   -0.0268343819
   -0.0208535729
   -0.0262109871
   -0.0392744441
   -0.0234277336
   -0.0247280800
   -0.0344161034
   -0.0342491046
   -0.0316319228
   -0.0234994950
   -0.0357765194
   -0.0318703354
   -0.0301992020
   -0.0254675056
   -0.0364161842
   -0.0234590479
   -0.0158176108
   -0.0322713066
   -0.0314937595
   -0.0397637366
   -0.0290455403
   -0.0275420991
   -0.0374742402
   -0.0339280515
   -0.0357973920
   -0.0393651499
   -0.0350588941
   -0.0296171982
   -0.0358657124
   -0.0263811385
   -0.0293596563
   -0.0387688699
   -0.0351276555
   -0.0281128193
   -0.0261446489
   -0.0320462493
   -0.0373601120
   -0.0330516875
   -0.0192166474
   -0.0314754761
   -0.0351231045
   -0.0394043893
   -0.0253127984
   -0.0390988385
   -0.0288149016
   -0.0277827820
   -0.0285605533
   -0.0315571258
   -0.0384896532
   -0.0238017317
   -0.0194387505
    0.0143322928
    0.0005366312
    0.0169989860
    0.0113199602
    0.0059603441
    0.0028179790
    0.0069484634
    0.0188181372
    0.0071316368
    0.0018220815
    0.0115735982
    0.0092528462
   -0.0062039550
   -0.0114389988
    0.0103832693
    0.0146075467
    0.0089322620
    0.0042610417
    0.0112019004
    0.0065126086
    0.0108124749
    0.0004684676
    0.0099717528
    0.0071132030
   -0.0021858679
   -0.0067214675
   -0.0150686548
    0.0153089169
    0.0053968630
    0.0058356982
   -0.0092934727
    0.0160540018
   -0.0077556243
    0.0100933940
    0.0030201374
    0.0073216412
    0.0118041813
    0.0032814347
   -0.0163770612
    0.0041447106
    0.0134503570
    0.0117024915
    0.0131565999
    0.0143376102
    0.0141938565
    0.0112695925
    0.0117024773
    0.0135579832
    0.0119891428
    0.0137335251
    0.0143589982
    0.0134707111
    0.0127886135
    0.0116510115
    0.0113868688
    0.0121458446
    0.0137890380
    0.0104817949
    0.0145181398
    0.0102364076
    0.0155835165
    0.0175604992
    0.0109309366
    0.0122149890
    0.0117947229
    0.0126351919
    0.0152946571
    0.0118201723
    0.0162914550
    0.0160787326
    0.0108434624
    0.0105216566
    0.0106960673
    0.0090429667
    0.0140615412
    0.0090872581
    0.0101222028
    0.0101776189
    0.0096486698
    0.0086530555
    0.0134888380
    0.0095658939
    0.0148138023
    0.0134018742
    0.0145323097
    0.0120714816
    0.0101109671
    0.0101206850
    0.0083332804
    0.0094364476
    0.0105970242
    0.0100962965
    0.0149032957
    0.0139243061
    0.0095465152
    0.0147091180
    0.0150613100
    0.0093860462
    0.0100974757
    0.0163785762
    0.0095633922
    0.0097765289
    0.0115503896
    0.0097410698
    0.0092393229
    0.0100586134
    0.0089504372
    0.0110458345
    0.0086681241
    0.0100136852
    0.0084890974
    0.0153685681
    0.0091439874
    0.0082530380
    0.0107956389
    0.0087212125
    0.0102757839
    0.0127287927
    0.0173494790
    0.0012851787
    0.0052233578
    0.0173091241
    0.0046082866
    0.0125899824
    0.0148748229
    0.0091496354
    0.0071391329
    0.0087642747
    0.0156811647
    0.0124664375
    0.0143779941
    0.0135927900
   -0.0089284806
   -0.0047751815
    0.0050167975
    0.0066895855
    0.0081635532
    0.0094028414
    0.0093747059
    0.0095209190
    0.0065627674
    0.0111632194
    0.0077555715
    0.0000859794
    0.0017123211
   -0.0018524022
    0.0019623359
    0.0069461291
    0.0063604999
   -0.0115164137
    0.0020243759
    0.0142971169
    0.0121054583
    0.0125448995
    0.0128269941
    0.0132419242
    0.0131275342
    0.0140262514
    0.0118599263
    0.0116748342
    0.0133543976
    0.0139885619
    0.0130955201
    0.0145213843
    0.0124556734
    0.0138127354
    0.0134981936
    0.0129796995
    0.0113532642
    0.0141792291
    0.0120990784
    0.0138501795
    0.0146670537
    0.0105915333
    0.0152325562
    0.0118637468
    0.0134325739
    0.0137976068
    0.0135232696
    0.0150152956
    0.0125546298
    0.0116711336
    0.0161933351
    0.0117355470
    0.0120468460
    0.0157358308
    0.0113937755
    0.0114696378
    0.0130190503
    0.0129434330
    0.0118771525
    0.0124614397
    0.0135700396
    0.0057582305
    0.0079043443
    0.0030203171
    0.0063485503
    0.0099268344
    0.0118145812
    0.0050521300
    0.0055873384
    0.0126892953
    0.0031415088
    0.0083339977
    0.0051909092
    0.0070732781
    0.0089537171
    0.0122942511
    0.0076818621
    0.0137925407
    0.0095831145
    0.0069645501
    0.0126320272
    0.0005767964
    0.0086139454
    0.0068437256
    0.0085235634
    0.0109188025
    0.0023386992
    0.0037727258
    0.0107366291
    0.0068436793
    0.0072275473
    0.0058808425
   -0.0126037034
   -0.0017324846
    0.0128599711
   -0.0034658805
   -0.0120499469
    0.0020606035
    0.0007510167
    0.0002894326
    0.0090885610
   -0.0103642272
    0.0118379126
   -0.0107148936
    0.0086499327
   -0.0060581875
    0.0071475482
    0.0139237176
    0.0061613137
    0.0066548994
    0.0089485072
    0.0082363685
    0.0149486930
    0.0126390416
    0.0027270652
    0.0040689288
   -0.0033842300
    0.0139949276
   -0.0056772358
    0.0073503201
   -0.0088127715
   -0.0132772319
   -0.0050303240
    0.0078817039
    0.0034401905
    0.0092542186
   -0.0072211638
    0.0094968562
    0.0016736220
   -0.0035832459
    0.0091836331
    0.0076374930
   -0.0034539967
    0.0017551054
   -0.0067903368
    0.0131486528
    0.0091912838
    0.0056073062
    0.0078729773
    0.0094278948
    0.0052427864
    0.0039139742
    0.0133890417
   -0.0043040373
   -0.0014703381
   -0.0032272110
   -0.0109723899
    0.0041250108
    0.0045469642
   -0.0021301949
   -0.0075564911
    0.0099419435
    0.0067269293
    0.0062250493
    0.0078617649
    0.0075837481
    0.0074583770
   -0.0049880659
    0.0031922032
    0.0005251590
    0.0076106666
   -0.0029699894
    0.0074867754
    0.0081625519
    0.0031635402
    0.0010214029
   -0.0026935312
    0.0081812837
    0.0070368186
    0.0001285672
    0.0053661596
    0.0005396111
    0.0008259336
    0.0051935807
    0.0030314680
   -0.0052134642
   -0.0044303699
   -0.0050793698
   -0.0081438474
    0.0022644380
   -0.0088017958
    0.0025920890
   -0.0055311177
   -0.0107850349
    0.0009630776
    0.0125797679
    0.0058117910
   -0.0029240127
   -0.0058368738
    0.0051526373
    0.0000047987
   -0.0018031536
   -0.0094926410
   -0.0099034769
   -0.0077740959
    0.0087516403
   -0.0111043154
   -0.0121651683
    0.0045208990
    0.0118350204
    0.0025771829
    0.0090940540
   -0.0125701490
   -0.0111671279
    0.0102927624
    0.0058276728
    0.0013753497
   -0.0023669156
   -0.0021480639
   -0.0123636668
   -0.0121418269
   -0.0079841674
   -0.0045308705
    0.0140632642
    0.0099804177
    0.0093584889
    0.0091472442
    0.0085223230
    0.0095066397
    0.0100059489
    0.0080126110
    0.0101112798
    0.0149363721
    0.0095101466
    0.0123647255
    0.0100549041
    0.0092765131
    0.0080354314
    0.0076796134
    0.0095526311
    0.0135686832
    0.0106054278
    0.0093191984
    0.0080528044
    0.0152852112
    0.0093056739
    0.0120795200
    0.0122829070
    0.0112398369
    0.0083909664
    0.0134653324
    0.0127663116
    0.0131761609
    0.0127672860
    0.0080747039
    0.0099430642
    0.0128416585
    0.0086488639
    0.0122271827
    0.0090342372
    0.0095882208
    0.0091694788
    0.0083072651
    0.0127906176
    0.0081349831
    0.0106863989
    0.0098910582
    0.0104359905
    0.0080237056
    0.0101371922
    0.0082343203
    0.0099582210
    0.0129142347
    0.0094645269
    0.0100091960
    0.0115049129
    0.0093026707
    0.0077059588
    0.0101377094
    0.0078237016
    0.0078926258
   -0.0175142413
   -0.0314030726
   -0.0324967631
   -0.0169127076
   -0.0310450187
   -0.0306947797
   -0.0134625993
   -0.0235431594
   -0.0252223132
   -0.0222498993
   -0.0197315817
   -0.0218392527
   -0.0317404775
   -0.0179075509
   -0.0269715066
   -0.0242728973
   -0.0241854494
   -0.0331436364
   -0.0302883001
   -0.0290263584
   -0.0285165642
   -0.0260795360
   -0.0246624236
   -0.0259343828
   -0.0246213418
   -0.0242330884
   -0.0315741064
   -0.0265274913
   -0.0308342675
   -0.0282435153
   -0.0327235313
   -0.0189742627
   -0.0239672471
   -0.0244261984
   -0.0273015865
   -0.0271891065
   -0.0176068415
   -0.0197743947
   -0.0318396288
   -0.0322508072
   -0.0266802202
   -0.0276407748
   -0.0324304633
   -0.0177854271
   -0.0249627834
   -0.0317426432
   -0.0292765622
   -0.0274639954
   -0.0236777958
   -0.0318219530
   -0.0323494887
   -0.0307077650
   -0.0329700371
   -0.0274613174
   -0.0289767315
   -0.0260313741
   -0.0224423467
   -0.0169401727
   -0.0271180962
   -0.0193511514
   -0.0330900049
   -0.0287447228
   -0.0235087583
   -0.0206656436
   -0.0313948764
   -0.0316984948
   -0.0300510567
   -0.0228309580
   -0.0140994950
   -0.0327343299
   -0.0327500110
   -0.0315805053
   -0.0234414754
   -0.0329647320
   -0.0245660720
   -0.0308178684
   -0.0180690057
   -0.0231662150
   -0.0318199494
   -0.0294243808
   -0.0142461666
   -0.0135287941
   -0.0190628089
   -0.0188788031
   -0.0307131697
   -0.0220847017
   -0.0195377408
   -0.0294789340
   -0.0208566789
   -0.0329971422
   -0.0242933726
   -0.0265693358
   -0.0299771134
   -0.0256997898
   -0.0291053907
   -0.0324285437
   -0.0198124836
   -0.0306919533
   -0.0266600090
   -0.0240587796
   -0.0279189011
   -0.0283305316
    0.0100709232
    0.0051756985
   -0.0027403482
    0.0092656798
    0.0061599034
    0.0042608644
    0.0062223822
    0.0148434846
   -0.0017855153
   -0.0020719751
    0.0041934376
    0.0044106582
   -0.0045907849
    0.0055137550
   -0.0078602363
   -0.0017162412
    0.0054564405
    0.0093044651
    0.0090669490
   -0.0087184056
    0.0074210613
    0.0057828654
   -0.0184296324
    0.0018459798
    0.0150633755
    0.0099121266
   -0.0049348286
   -0.0069967922
    0.0083823689
    0.0130891165
   -0.0081285048
    0.0093914170
    0.0087514155
    0.0136760598
    0.0088732072
    0.0084728326
    0.0089669982
   -0.0064926626
    0.0073250628
    0.0076802709
   -0.0164429441
    0.0080006609
    0.0145128807
    0.0071938827
    0.0083759889
   -0.0017561491
    0.0105168504
    0.0074328910
   -0.0028138025
   -0.0140097844
   -0.0087790886
    0.0082090743
    0.0082752581
    0.0058618494
    0.0061076543
    0.0012231663
    0.0087630572
    0.0094654880
   -0.0034320400
   -0.0009159647
    0.0002431036
   -0.0054765829
   -0.0119341779
    0.0116598762
    0.0114513579
    0.0104892220
    0.0120616796
    0.0106950779
    0.0117726317
    0.0100517625
    0.0122003130
    0.0111370548
    0.0108987759
    0.0114280890
    0.0114148295
    0.0112748139
    0.0123096492
    0.0101718472
    0.0113581402
    0.0111213432
    0.0108033559
    0.0106062624
    0.0124882931
    0.0109276476
    0.0105865777
    0.0109318752
    0.0104521316
    0.0121583599
    0.0122335905
    0.0112448297
    0.0103286539
    0.0106173587
    0.0126713808
    0.0116566550
    0.0121760634
    0.0123901210
    0.0109964790
    0.0105686305
    0.0107358666
    0.0129026476
    0.0126949436
    0.0109020339
    0.0138510552
    0.0119059285
    0.0091354967
    0.0079468798
    0.0106713670
    0.0078500257
    0.0097746240
    0.0082218775
    0.0103444078
    0.0081340817
    0.0084206223
    0.0085898757
    0.0101337042
    0.0094103504
    0.0126077897
    0.0121364692
    0.0078810492
    0.0084720945
    0.0095741707
    0.0082595987
    0.0090734758
    0.0080563107
    0.0083568650
    0.0078971178
    0.0106941819
    0.0085908142
    0.0105570184
    0.0117634588
    0.0141041817
    0.0126794596
    0.0112216318
    0.0078751204
    0.0137525256
    0.0117949672
    0.0086682877
    0.0100035832
    0.0151509920
    0.0131092912
    0.0109141643
    0.0140963865
    0.0126168148
    0.0087454069
    0.0079948599
    0.0086290689
    0.0092083269
    0.0100874548
    0.0106926863
    0.0112579946
    0.0081464222
    0.0100040952
    0.0133185664
    0.0081573845
    0.0088564694
    0.0085384052
    0.0080973658
    0.0129234095
    0.0097525054
    0.0096889854
    0.0096448165
    0.0082210536
    0.0088316221
    0.0090632957
    0.0108606339
    0.0062187777
    0.0115328723
    0.0124563611
    0.0069675631
    0.0080520864
    0.0086388446
    0.0087817269
    0.0131598300
    0.0129084064
    0.0122098021
    0.0108907060
    0.0126950996
    0.0070090298
    0.0077873584
    0.0095578795
    0.0077658711
    0.0054992766
    0.0049112879
    0.0107770782
    0.0082077980
    0.0030854756
    0.0038905368
    0.0081439973
    0.0073994748
    0.0047481303
   -0.0017192707
    0.0029428320
    0.0023024980
    0.0084444768
   -0.0000246858
   -0.0036637290
    0.0089756032
    0.0046671571
    0.0074589881
    0.0076989353
    0.0073799044
    0.0085134612
   -0.0052268173
    0.0075204081
    0.0119023854
    0.0119751968
    0.0111815029
    0.0100610975
    0.0107782524
    0.0106744508
    0.0110468125
    0.0113057278
    0.0118681854
    0.0113216401
    0.0110703373
    0.0117684271
    0.0121598501
    0.0121818063
    0.0116443642
    0.0124273367
    0.0115713054
    0.0105103724
    0.0111821251
    0.0122104556
    0.0113659421
    0.0120557423
    0.0124965676
    0.0115651601
    0.0127488779
    0.0108321907
    0.0118471621
    0.0116083421
    0.0144026977
    0.0134746569
    0.0122723273
    0.0135256690
    0.0101012093
    0.0118470213
    0.0134473334
    0.0103336243
    0.0114776137
    0.0110192566
    0.0110554141
    0.0122168066
    0.0116781708
    0.0099130306
    0.0116009616
    0.0102579316
    0.0053951917
    0.0042809092
    0.0091022399
    0.0041090607
    0.0091386470
    0.0105532041
    0.0048253657
    0.0092686245
    0.0110015366
    0.0063038009
    0.0096763735
    0.0017609454
    0.0052835104
    0.0031007346
    0.0123058115
    0.0044226831
   -0.0038899576
    0.0012453722
    0.0079516222
    0.0075002345
    0.0008354143
    0.0071554344
    0.0066781857
    0.0056162170
   -0.0118993836
    0.0002207318
    0.0051048239
    0.0015269241
   -0.0062534535
    0.0040020043
    0.0069258768
    0.0012232604
    0.0026089407
    0.0116378483
   -0.0001823979
    0.0056127058
    0.0013789233
    0.0040596407
    0.0042845091
   -0.0019843780
    0.0008348449
    0.0088008383
   -0.0022931667
   -0.0045935232
    0.0071874084
    0.0001520422
    0.0026016998
    0.0116612189
    0.0068903987
    0.0088543685
    0.0076439538
   -0.0033372514
    0.0067238198
    0.0032988332
   -0.0038556999
    0.0114385845
    0.0049531337
   -0.0024140972
    0.0074874427
   -0.0067422217
    0.0066036627
    0.0103819189
   -0.0020803880
    0.0024569041
    0.0104715413
    0.0008589942
    0.0079175339
    0.0072836385
   -0.0019825557
   -0.0084914582
    0.0111006656
    0.0070561471
    0.0042261518
    0.0052139378
    0.0106278332
   -0.0060696608
    0.0017303511
    0.0070747871
   -0.0114365813
    0.0060445224
    0.0080460363
   -0.0111764773
    0.0046217654
    0.0058776742
    0.0021875516
   -0.0046847670
   -0.0160537948
   -0.0011995004
    0.0066082524
    0.0070913078
    0.0003785849
    0.0069987996
   -0.0161387311
    0.0106478476
    0.0074919587
   -0.0018352294
    0.0081955213
    0.0051001455
    0.0022204005
    0.0005433126
    0.0051107795
   -0.0018612876
    0.0051387558
    0.0038449235
    0.0061420606
    0.0016909044
    0.0023889900
    0.0012672232
   -0.0012229890
    0.0055965631
    0.0038169346
    0.0012710561
   -0.0052034206
   -0.0092070109
   -0.0078705045
   -0.0045016055
    0.0098239792
   -0.0106980774
   -0.0094089167
   -0.0078347860
   -0.0048523744
   -0.0062374247
    0.0010810525
    0.0051286203
   -0.0028034569
    0.0024165972
   -0.0057936263
   -0.0053229002
   -0.0008966477
    0.0000113604
   -0.0116797631
    0.0044677576
    0.0004983559
   -0.0085585072
   -0.0048793720
   -0.0110024060
   -0.0113754520
   -0.0082777431
    0.0056444429
   -0.0095390973
   -0.0047402516
   -0.0026452260
   -0.0115259758
   -0.0031379619
    0.0074781480
    0.0074411429
    0.0105151216
    0.0125559217
    0.0095254543
    0.0084427313
    0.0114644749
    0.0094891140
    0.0101927799
    0.0092944920
    0.0105700226
    0.0082650859
    0.0082979033
    0.0070148575
    0.0112023138
    0.0087666374
    0.0086508129
    0.0108073482
    0.0072136359
    0.0072606875
    0.0096310914
    0.0081451904
    0.0118187280
    0.0078617571
    0.0083270896
    0.0070334189
    0.0083440170
    0.0083921623
    0.0087447709
    0.0085203404
    0.0072881166
    0.0088258640
    0.0107360123
    0.0109356068
    0.0078658194
    0.0098990379
    0.0097546567
    0.0080743035
    0.0094668638
    0.0076182426
    0.0078229956
    0.0091954978
    0.0073938146
    0.0071003335
    0.0087021209
    0.0091001931
    0.0122468807
    0.0077039502
    0.0081208343
    0.0095743243
    0.0073567458
    0.0112680276
    0.0116299223
    0.0078621904
    0.0085444849
    0.0091879236
    0.0070190403
    0.0102848167
    0.0070251834
    0.0078160195
    0.0089282106
    0.0112794550
    0.0077386530
    0.0110058839
    0.0080552117
    0.0071156490
    0.0108763896
    0.0078312381
    0.0109698362
    0.0084893099
    0.0123443331
   -0.0133188784
   -0.0203964742
   -0.0129864812
   -0.0278673499
   -0.0196053727
   -0.0225916509
   -0.0249251604
   -0.0279370695
   -0.0214402282
   -0.0127498494
   -0.0245859012
   -0.0220773256
   -0.0277272504
   -0.0177054990
   -0.0175053463
   -0.0266609014
   -0.0248441394
   -0.0249540253
   -0.0278939191
   -0.0254317765
   -0.0205756878
   -0.0247253567
   -0.0192400972
   -0.0272045047
   -0.0251450110
   -0.0156116635
   -0.0177147901
   -0.0160104920
   -0.0262851415
   -0.0270878458
   -0.0145813003
   -0.0245364621
   -0.0116579284
   -0.0165163533
   -0.0197658430
   -0.0266521982
   -0.0214395318
   -0.0235658040
   -0.0223987397
   -0.0174161167
   -0.0234021045
   -0.0187967677
   -0.0236340265
   -0.0277736391
   -0.0242087070
   -0.0266105185
   -0.0130428557
   -0.0214989581
   -0.0185031500
   -0.0190652420
   -0.0267763686
   -0.0272207871
   -0.0269228162
   -0.0222625382
   -0.0268421231
   -0.0178886747
   -0.0122927527
   -0.0191500594
   -0.0138568038
   -0.0237527116
   -0.0121455508
   -0.0218090333
   -0.0244625238
   -0.0139254848
   -0.0214736584
   -0.0273278060
   -0.0207780196
   -0.0238564445
   -0.0147162663
   -0.0195101874
   -0.0214656939
   -0.0255239813
   -0.0249583840
   -0.0138248253
   -0.0247132828
   -0.0219745294
   -0.0196331928
   -0.0146961285
   -0.0271851056
   -0.0193657116
   -0.0218934511
   -0.0269941568
   -0.0274759746
   -0.0213410966
   -0.0259790988
   -0.0252727666
   -0.0218301125
   -0.0190850853
   -0.0177936995
   -0.0188463514
   -0.0189077735
   -0.0220792772
   -0.0165253690
   -0.0212878814
   -0.0262452283
   -0.0255849979
   -0.0244087985
   -0.0195651867
   -0.0278078530
   -0.0153204785
   -0.0234723264
   -0.0205961397
   -0.0257426231
   -0.0276264270
   -0.0194366886
   -0.0278042989
   -0.0233209654
   -0.0278013154
   -0.0231454653
   -0.0275997222
   -0.0258644689
   -0.0259981837
   -0.0233793083
   -0.0173274665
   -0.0250363756
    0.0050918422
    0.0057963475
    0.0086039119
    0.0013825611
    0.0005338999
    0.0019934877
   -0.0037674907
   -0.0067087340
    0.0051670138
    0.0107055743
    0.0035945373
    0.0026443427
    0.0077045309
    0.0062690711
    0.0046642886
    0.0109094236
    0.0109083927
    0.0043269338
    0.0058594253
   -0.0129213091
    0.0031158009
    0.0103202489
    0.0038077796
    0.0047366048
    0.0112084381
    0.0074448571
    0.0073851097
   -0.0039850207
    0.0076132183
    0.0061411236
   -0.0014692205
    0.0055879113
   -0.0077743433
    0.0078898368
   -0.0144837908
    0.0074024504
    0.0078613168
    0.0068564461
    0.0076740573
    0.0042933016
    0.0069969616
    0.0005597446
   -0.0109586471
    0.0050848605
    0.0077326819
    0.0015233377
    0.0041141515
    0.0066427121
    0.0082760295
    0.0081798088
    0.0071777035
    0.0004285585
   -0.0064064782
   -0.0052076493
    0.0120988398
   -0.0047756660
    0.0115196870
   -0.0022133749
   -0.0074706219
   -0.0037003400
   -0.0147231943
    0.0102031702
    0.0122913219
   -0.0059848912
    0.0069072704
    0.0066134225
    0.0113833254
    0.0081607555
    0.0002275897
   -0.0135185160
    0.0036947729
    0.0087048717
    0.0079569963
    0.0099247032
   -0.0030138890
    0.0007059191
    0.0073927772
   -0.0003848402
    0.0060123294
   -0.0057773437
    0.0090546060
   -0.0039219882
   -0.0092213491
    0.0083393692
    0.0075748076
   -0.0097337527
    0.0023857059
    0.0013207194
    0.0096089357
    0.0104303497
    0.0100816436
    0.0099407058
    0.0102823585
    0.0105979566
    0.0105272943
    0.0107854133
    0.0094066998
    0.0107642811
    0.0107287891
    0.0093964209
    0.0112918579
    0.0095765952
    0.0107064448
    0.0103992442
    0.0109056885
    0.0107732931
    0.0101033218
    0.0094751799
    0.0096022344
    0.0078772765
    0.0073272032
    0.0071186613
    0.0096557481
    0.0092410130
    0.0071193629
    0.0073864369
    0.0074961592
    0.0106132050
    0.0123652169
    0.0080723968
    0.0087034013
    0.0080968330
    0.0076075924
    0.0104673544
    0.0082174011
    0.0070970743
    0.0099672933
    0.0087870012
    0.0082821658
    0.0113913459
    0.0102592175
    0.0071804389
    0.0111546153
    0.0070892226
    0.0091327578
    0.0073790035
    0.0082452991
    0.0080216583
    0.0080060558
    0.0081157613
    0.0115128974
    0.0085331492
    0.0075795227
    0.0071368311
    0.0078488879
    0.0083157005
    0.0091371254
    0.0077132850
    0.0094969355
    0.0070053320
    0.0070496809
    0.0075359089
    0.0088708498
    0.0108923830
    0.0091173886
    0.0098613859
    0.0116294053
    0.0087237310
    0.0075040039
    0.0090459260
    0.0105951483
    0.0082340928
    0.0100755189
    0.0097577895
    0.0079172100
    0.0071671382
    0.0107008838
    0.0101979491
    0.0094774187
    0.0104240164
    0.0087667053
    0.0071408792
    0.0072682638
    0.0084724149
    0.0107504001
    0.0106979439
    0.0074216247
    0.0079212835
    0.0089435375
    0.0090081724
    0.0109751078
    0.0109445973
    0.0070292378
    0.0088257141
    0.0106763282
    0.0088901135
    0.0076647881
    0.0080597260
    0.0098284371
    0.0099129776
    0.0088587058
    0.0089812769
    0.0079938443
    0.0085100533
    0.0070498073
    0.0080821388
    0.0079730308
    0.0077075566
    0.0062732104
    0.0052531655
    0.0076100112
    0.0057772666
    0.0071078299
    0.0038157024
    0.0090282327
    0.0075423630
    0.0058600837
    0.0096073116
    0.0069852373
    0.0052691798
    0.0093442940
    0.0061929394
    0.0051609443
    0.0048562395
    0.0011884554
    0.0016046772
    0.0043186577
    0.0043799413
    0.0025818413
    0.0018973408
    0.0033805519
    0.0065439527
    0.0104661063
    0.0099526860
    0.0108196380
    0.0101511850
    0.0097518958
    0.0103533935
    0.0107761253
    0.0094845511
    0.0110424752
    0.0104404955
    0.0101906210
    0.0110387449
    0.0102503514
    0.0098818602
    0.0095864971
    0.0099933928
    0.0091983139
    0.0112720288
    0.0042317051
    0.0070311278
    0.0019089175
    0.0028117157
    0.0014970349
   -0.0010898720
    0.0009119451
    0.0050546758
    0.0066243812
   -0.0008137690
   -0.0053745605
    0.0040422776
    0.0061823098
    0.0061360077
    0.0063960605
    0.0017921486
    0.0092966484
    0.0028696377
    0.0075822169
    0.0012993274
    0.0013421381
   -0.0006672609
    0.0020101071
    0.0054487926
    0.0050523941
    0.0081672361
    0.0056242027
    0.0093036151
    0.0081323482
   -0.0108004656
    0.0056369159
    0.0079699124
    0.0064654419
    0.0031074215
    0.0061525561
    0.0032497631
    0.0050109679
    0.0025033733
    0.0099764913
    0.0033256869
    0.0062931756
    0.0062191972
    0.0014667870
    0.0071033921
    0.0085643018
    0.0022472324
    0.0044817369
   -0.0101015238
    0.0071295714
    0.0070994088
    0.0043522979
    0.0049802596
   -0.0005306481
   -0.0066040546
    0.0009843582
    0.0025666655
    0.0044071376
    0.0063706411
   -0.0012789676
    0.0022032343
    0.0042293223
    0.0055963272
    0.0065893728
    0.0070297073
    0.0062359258
   -0.0126594294
    0.0053965688
    0.0061976942
    0.0068507460
    0.0035835445
   -0.0003073238
    0.0025507975
    0.0002483406
   -0.0014605646
    0.0061424555
   -0.0047045805
   -0.0111148760
   -0.0035882502
    0.0009225388
    0.0034999768
   -0.0095581358
    0.0048709643
   -0.0034353995
   -0.0045386434
    0.0091332505
   -0.0030171748
   -0.0029509105
   -0.0053422404
    0.0058075739
    0.0030543862
   -0.0036083600
    0.0040965858
    0.0017855461
   -0.0019933007
    0.0017401306
    0.0017286957
   -0.0077744865
    0.0088062868
    0.0036586409
    0.0093811523
    0.0007796266
    0.0001909179
   -0.0001057183
   -0.0024320975
    0.0066676940
    0.0066440835
   -0.0016734080
   -0.0036361379
    0.0087461516
    0.0007295408
   -0.0133255766
    0.0064178217
    0.0054625392
    0.0087778090
    0.0049952039
    0.0076967553
   -0.0069592517
   -0.0020293935
    0.0025538602
    0.0057441390
    0.0076173241
    0.0056302340
    0.0051457612
    0.0036251821
   -0.0030376579
    0.0033861395
    0.0046996146
    0.0055212533
    0.0023158039
   -0.0051734791
    0.0037645820
    0.0076077126
    0.0050549349
   -0.0003695775
    0.0054509349
    0.0079515711
   -0.0008127768
    0.0052564436
    0.0005063954
    0.0070428802
   -0.0041637704
   -0.0002020492
    0.0069179027
   -0.0001181902
    0.0001122262
   -0.0024860618
   -0.0048084666
    0.0075068264
    0.0058061460
   -0.0019327347
   -0.0029164150
   -0.0003276318
    0.0074027473
   -0.0087012437
    0.0041545650
   -0.0051981894
   -0.0035770661
    0.0006894387
   -0.0019587268
   -0.0054877840
   -0.0001598658
   -0.0026352372
    0.0043986934
   -0.0072463215
   -0.0015583529
   -0.0051374265
    0.0003801680
    0.0019105006
   -0.0062922670
   -0.0079744659
   -0.0066511694
    0.0079114969
   -0.0050268051
   -0.0020948678
   -0.0033819288
    0.0048853145
   -0.0088946724
   -0.0051363069
   -0.0031474620
   -0.0054023137
    0.0001129887
   -0.0091536613
   -0.0048714667
   -0.0098893256
   -0.0084565299
   -0.0001070647
    0.0066224344
   -0.0063697328
    0.0029336206
    0.0035174615
    0.0005971711
   -0.0098019043
    0.0017245050
    0.0063738392
    0.0040137906
   -0.0007287156
   -0.0059752368
    0.0025427481
   -0.0023985254
    0.0006186801
   -0.0050743361
   -0.0033705265
   -0.0094070964
   -0.0020691524
   -0.0078645457
    0.0073123953
    0.0077047819
    0.0067144641
    0.0089270724
    0.0080040929
    0.0079797239
    0.0070585333
    0.0064257081
    0.0079463182
    0.0063392181
    0.0105085400
    0.0074577475
    0.0092649594
    0.0067233527
    0.0074119903
    0.0092719666
    0.0085687898
    0.0075347138
    0.0094439225
    0.0070169254
    0.0098254443
    0.0093757746
    0.0085333541
    0.0082789712
    0.0065311000
    0.0078919551
    0.0074598299
    0.0077402361
    0.0065825018
    0.0072092352
    0.0064141052
    0.0072516921
    0.0084890805
    0.0098884001
    0.0068360400
    0.0065586031
    0.0064093765
    0.0063944150
    0.0086495862
    0.0086739062
    0.0069022130
    0.0078405163
    0.0095128473
    0.0076053123
    0.0094725749
    0.0087253946
    0.0089458603
    0.0090504243
    0.0092469762
    0.0063868266
    0.0083384587
    0.0088383443
    0.0067848726
    0.0066093260
    0.0073572886
    0.0086242949
    0.0096866184
    0.0066589824
    0.0088667308
    0.0079330791
    0.0085808715
    0.0103000104
    0.0083365497
    0.0072847795
    0.0087454311
    0.0081144592
    0.0074517001
    0.0068211415
    0.0067488576
    0.0075296655
    0.0063348967
    0.0075154430
    0.0070147609
    0.0074592711
    0.0092148553
    0.0067535268
    0.0076971343
    0.0072081216
    0.0092721746
    0.0101485240
    0.0091463400
    0.0099470420
    0.0075503116
    0.0094247987
    0.0083053278
    0.0072082917
    0.0079041879
    0.0084690917
    0.0081348825
    0.0069692379
    0.0063334656
    0.0095701385
    0.0084929371
    0.0093337758
    0.0073697633
    0.0088324851
    0.0089997929
    0.0077069422
    0.0072047549
    0.0088142966
    0.0086119739
    0.0068341210
    0.0086439051
    0.0083776776
    0.0082323177
    0.0091352000
    0.0075177911
    0.0094572103
    0.0067923069
    0.0077487939
    0.0092747491
    0.0093479171
    0.0087246989
    0.0094877323
    0.0095765320
    0.0076347663
    0.0092742384
    0.0092618384
    0.0068215579
    0.0085282355
    0.0063194728
    0.0081756112
    0.0085102666
    0.0080095321
    0.0088358001
    0.0065203580
    0.0087243667
    0.0097091920
    0.0069914639
    0.0098340512
    0.0092402281
    0.0091949217
    0.0068464393
    0.0077445425
    0.0082691288
    0.0074042509
    0.0065969973
   -0.0142254427
   -0.0219959966
   -0.0231816852
   -0.0177794466
   -0.0222182594
   -0.0180182584
   -0.0167985877
   -0.0176052167
   -0.0199938222
   -0.0181276101
   -0.0108695126
   -0.0192189417
   -0.0227075704
   -0.0171718552
   -0.0170241918
   -0.0187805360
   -0.0200937523
   -0.0190403081
   -0.0194188559
   -0.0168059078
   -0.0225177432
   -0.0173750884
   -0.0182156113
   -0.0111681550
   -0.0177387186
   -0.0166843506
   -0.0190352625
   -0.0131778596
   -0.0187925498
   -0.0207478150
   -0.0217516895
   -0.0205108851
   -0.0109649760
   -0.0178061733
   -0.0221524371
   -0.0233897781
   -0.0169265379
   -0.0148954685
   -0.0237333900
   -0.0216086782
   -0.0128710251
   -0.0179196400
   -0.0134753968
   -0.0231524813
   -0.0156434416
   -0.0216962375
   -0.0236305782
   -0.0172347456
   -0.0206234581
   -0.0191755478
   -0.0179685987
   -0.0224693108
   -0.0195134472
   -0.0216684066
   -0.0157834214
   -0.0156513826
   -0.0179440653
   -0.0210834330
   -0.0179747535
   -0.0229590215
   -0.0166365932
   -0.0167198952
   -0.0187542296
   -0.0146948549
   -0.0162420586
   -0.0147896239
   -0.0149639950
   -0.0184503021
   -0.0164887814
   -0.0180303655
   -0.0210055817
   -0.0179564085
   -0.0211051588
   -0.0173039314
   -0.0197315901
   -0.0236531369
   -0.0186256884
   -0.0148768867
   -0.0155285816
   -0.0122700179
   -0.0120326439
   -0.0217891633
   -0.0158952190
   -0.0219670845
   -0.0136225873
   -0.0232036552
   -0.0209755173
   -0.0222610560
   -0.0232497685
   -0.0222357269
   -0.0143708765
   -0.0168196865
   -0.0200401123
   -0.0134745603
   -0.0110614470
   -0.0217836971
   -0.0165583156
   -0.0150905453
   -0.0129106578
   -0.0170262557
   -0.0204744834
   -0.0177938288
   -0.0222870869
   -0.0163891827
   -0.0175285726
   -0.0112328024
   -0.0161417405
   -0.0189379280
   -0.0223424387
   -0.0214296154
   -0.0196632707
   -0.0200330557
   -0.0116731350
   -0.0206445844
   -0.0204922668
   -0.0206502957
   -0.0208699789
   -0.0137519971
   -0.0198791218
   -0.0229048292
   -0.0185930172
   -0.0216217792
   -0.0215299785
   -0.0145971498
   -0.0201400007
   -0.0225186389
   -0.0186463763
   -0.0221998689
   -0.0135869963
   -0.0116551450
   -0.0185868748
   -0.0234568504
   -0.0179035201
   -0.0205201740
   -0.0129552333
   -0.0235177006
   -0.0180005598
   -0.0158712760
   -0.0152593635
   -0.0194683356
   -0.0207198103
   -0.0186023381
   -0.0206719540
   -0.0197861266
   -0.0152468966
   -0.0211544042
   -0.0196133875
   -0.0222684913
   -0.0152790655
   -0.0167304317
   -0.0113099786
   -0.0122576446
   -0.0217845030
   -0.0202338592
   -0.0193581623
   -0.0170959520
   -0.0123968140
   -0.0166108549
   -0.0122041830
   -0.0162387797
   -0.0162935248
   -0.0210825130
   -0.0136976855
   -0.0197945674
   -0.0233960083
   -0.0145729589
   -0.0222375240
   -0.0227539986
   -0.0236398060
   -0.0199418181
   -0.0190076763
   -0.0154096850
   -0.0228307731
    0.0020479483
    0.0011241606
    0.0009028114
   -0.0126885391
    0.0077114777
    0.0036377230
   -0.0019213783
    0.0019241162
   -0.0033687371
    0.0074985320
    0.0021182485
   -0.0095911954
   -0.0119302433
    0.0014810041
    0.0079249577
   -0.0044461067
    0.0033407977
    0.0044697947
    0.0103658168
    0.0055475942
    0.0045715931
   -0.0060149477
    0.0056509807
    0.0059388622
    0.0046771291
    0.0019448629
    0.0062042719
    0.0041413417
    0.0021857997
    0.0054420886
    0.0010191918
   -0.0062310294
   -0.0055746225
   -0.0048809355
    0.0044342617
    0.0053896084
    0.0051266419
    0.0066663971
    0.0071432314
   -0.0028116624
   -0.0088978519
    0.0037057371
    0.0065483507
    0.0101624149
    0.0037475704
   -0.0008288006
    0.0039455250
    0.0073872602
   -0.0043743149
   -0.0085028260
    0.0074367807
    0.0035201792
   -0.0014991021
    0.0060521643
   -0.0058546054
    0.0052566590
    0.0059383103
    0.0011452581
   -0.0010462200
    0.0031407426
    0.0026624547
   -0.0143501717
    0.0046771430
    0.0041087645
    0.0021008579
    0.0084475574
    0.0072138491
   -0.0025653098
    0.0036078910
    0.0081501738
   -0.0057359546
    0.0011807087
    0.0044665804
   -0.0139040406
    0.0064097392
   -0.0037910815
   -0.0101043142
    0.0038016893
   -0.0057947450
    0.0069909221
    0.0075894016
    0.0050566393
    0.0059758387
    0.0035078926
    0.0048039968
   -0.0066006358
    0.0042120704
   -0.0058438998
   -0.0030163657
    0.0021112668
    0.0048084957
    0.0060896070
    0.0060915894
    0.0060542705
   -0.0029144221
    0.0019293948
   -0.0043655442
    0.0000301292
   -0.0105215262
    0.0084927084
    0.0034818764
   -0.0047137660
   -0.0074326371
    0.0067586214
    0.0060001824
    0.0036951784
   -0.0055608926
   -0.0053137723
   -0.0015743982
    0.0043661909
    0.0037442538
   -0.0059808178
   -0.0081489795
    0.0010118759
   -0.0038078211
    0.0054224377
   -0.0135569234
    0.0058073635
   -0.0008441362
    0.0069175263
    0.0078156305
   -0.0031569958
    0.0070628244
   -0.0114847183
    0.0027588400
    0.0058662978
    0.0011831288
   -0.0058871453
    0.0098758222
    0.0038705455
   -0.0047985784
    0.0086630277
    0.0059168482
    0.0049845704
    0.0062912921
   -0.0032450541
   -0.0082043000
    0.0075163131
    0.0065758579
    0.0050597034
    0.0049549736
    0.0047650179
    0.0091537201
    0.0054067992
    0.0060361720
    0.0033321069
   -0.0020685814
    0.0072407287
    0.0089892469
   -0.0046619793
    0.0055697376
    0.0077197131
    0.0056425476
    0.0066656224
    0.0069972293
    0.0068338435
    0.0042430044
    0.0064414479
    0.0068276866
    0.0105847542
    0.0067063283
    0.0063617509
    0.0064098013
    0.0072213372
    0.0087266812
    0.0090180279
    0.0097481917
    0.0069682374
    0.0085863705
    0.0076554912
    0.0083215664
    0.0087007034
    0.0079460090
    0.0082873144
    0.0102049489
    0.0099912389
    0.0063855053
    0.0092553239
    0.0104523698
    0.0069497382
    0.0078237600
    0.0084671097
    0.0070063075
    0.0078967825
    0.0066095270
    0.0079746020
    0.0092160727
    0.0079781212
    0.0070149740
    0.0083806231
    0.0096818751
    0.0064107529
    0.0069078013
    0.0094492995
    0.0083458247
    0.0067938168
    0.0074896039
    0.0070079783
    0.0063549027
    0.0065459574
    0.0088237626
    0.0088866674
    0.0074104481
    0.0066298492
    0.0065544667
    0.0075626355
    0.0081778810
    0.0091922964
    0.0081140535
    0.0084215519
    0.0096566118
    0.0079259791
    0.0083596695
    0.0105490285
    0.0093625142
    0.0074603022
    0.0092785082
    0.0078789846
    0.0067148952
    0.0089543674
    0.0095757714
    0.0068123651
    0.0099047737
    0.0072985890
    0.0069469007
    0.0093333601
    0.0077931163
    0.0070100951
    0.0096438184
    0.0067788002
    0.0074715346
    0.0085853007
    0.0082871802
    0.0079888158
    0.0090900510
    0.0084986705
    0.0073670398
    0.0091646512
    0.0072306845
    0.0067478553
    0.0087508470
    0.0078153560
    0.0100888255
    0.0080148097
    0.0088597483
    0.0069171661
    0.0090940324
    0.0063865587
    0.0093169042
    0.0072630228
    0.0092429838
    0.0071468067
    0.0066187550
    0.0102561446
    0.0067751754
    0.0075417489
    0.0095066090
    0.0071470733
    0.0083414112
    0.0080906172
    0.0091331360
    0.0080264836
    0.0090674140
    0.0094540766
    0.0098356278
    0.0069847868
    0.0084734167
    0.0077329715
    0.0080918636
    0.0080452911
    0.0076350579
    0.0090373701
    0.0065416611
    0.0064775327
    0.0083591313
    0.0081731033
    0.0078523335
    0.0082833287
    0.0075125586
    0.0095181437
    0.0076944562
    0.0072022570
    0.0069155719
    0.0091943245
    0.0063353607
    0.0085750320
    0.0086281674
    0.0077728427
    0.0100831918
    0.0072871280
    0.0098807102
    0.0073062767
    0.0097612869
    0.0076885363
    0.0094249532
    0.0077209328
    0.0066429450
    0.0070926252
    0.0083640763
    0.0063390035
    0.0094155546
    0.0080848489
    0.0063231220
    0.0078248156
    0.0090204986
    0.0068586346
    0.0086161404
    0.0087923368
    0.0086369520
    0.0076026257
    0.0088887143
    0.0090112260
    0.0065763448
    0.0098806376
    0.0066812428
    0.0073870618
    0.0102558411
    0.0095006855
    0.0070739318
    0.0067141078
    0.0069479158
    0.0086591662
    0.0075009031
    0.0070537714
    0.0088378849
    0.0094481553
    0.0085790514
