    0.0217331309
    0.0246187289
    0.0022429132
    0.0158138922
    0.0178462889
    0.0144096113
    0.0209099885
    0.0190746094
    0.0255563624
    0.0261528336
    0.0206478621
    0.0155550961
    0.0182146575
    0.0236815763
    0.0222339198
    0.0191434197
    0.0215185111
    0.0190772983
    0.0259805007
    0.0192333157
    0.0152244174
    0.0210523683
    0.0054216612
    0.0033026462
    0.0200159497
    0.0054931814
   -0.0159056321
   -0.0150314790
    0.0145354126
    0.0062398054
   -0.0022314538
    0.0058370547
   -0.0101038662
    0.0048533424
   -0.0153072269
    0.0133998565
    0.0038555759
   -0.0165247080
   -0.0170172836
    0.0168519401
    0.0110913782
    0.0266160212
   -0.0094529997
   -0.0109291825
   -0.0055356353
    0.0238255487
    0.0054040695
   -0.0016690836
   -0.0096218985
    0.0077225213
    0.0025716319
    0.0096698114
   -0.0097372252
   -0.0096601590
   -0.0128269588
    0.0070048146
   -0.0100272844
    0.0114613217
    0.0011121824
   -0.0065035027
    0.0156025130
    0.0034256578
   -0.0033355141
   -0.0083297355
   -0.0030446505
    0.0055548780
    0.0063221174
    0.0072405489
   -0.0015091410
    0.0117175292
    0.0044895436
    0.0170954096
    0.0071255384
    0.0092305608
    0.0113631966
    0.0130730565
    0.0144894538
    0.0160093798
    0.0142154144
    0.0115730469
   -0.0145566907
    0.0105650627
    0.0130755048
    0.0141861710
    0.0163944230
    0.0065676524
    0.0252671561
    0.0122909303
   -0.0069989167
    0.0213248618
    0.0219265748
    0.0136855331
    0.0154097033
    0.0124400866
    0.0260173102
    0.0128225544
    0.0111142787
    0.0171782156
   -0.0010558141
    0.0064607234
    0.0106309609
   -0.0208953150
   -0.0318954939
   -0.0309818884
   -0.0342431120
   -0.0194258509
   -0.0430788994
   -0.0428498778
   -0.0355662308
   -0.0411583090
   -0.0189330814
   -0.0424551097
   -0.0422683065
   -0.0414426219
   -0.0249071177
   -0.0321623167
   -0.0278384709
   -0.0442954414
   -0.0375661588
   -0.0429945220
   -0.0416989263
   -0.0160623300
   -0.0455520869
   -0.0428739881
   -0.0319610168
   -0.0235349152
   -0.0449176458
   -0.0347277833
   -0.0444648230
   -0.0275005898
   -0.0232376244
   -0.0228198189
   -0.0247286748
   -0.0308118904
   -0.0393930481
   -0.0384316725
   -0.0368915150
   -0.0408946957
   -0.0399205776
   -0.0362539803
   -0.0408372744
   -0.0447518321
   -0.0220890627
   -0.0421745482
   -0.0430454167
   -0.0304707540
   -0.0455244439
   -0.0396258572
   -0.0383071640
   -0.0229179953
   -0.0250040796
   -0.0297822874
   -0.0259315012
   -0.0273462414
   -0.0432591287
   -0.0360476744
   -0.0211037745
   -0.0346911663
   -0.0247687602
   -0.0390746371
   -0.0454920833
   -0.0395276352
   -0.0217978532
   -0.0203314030
   -0.0388732326
   -0.0303466900
   -0.0434793553
   -0.0433070493
   -0.0404550132
   -0.0295334459
   -0.0417099650
   -0.0321475085
   -0.0424332898
   -0.0328027249
   -0.0247017168
   -0.0429894866
   -0.0450929175
   -0.0275005097
   -0.0379041419
   -0.0396775754
   -0.0411138927
   -0.0424854182
   -0.0401656691
   -0.0197134536
   -0.0144865433
   -0.0454248816
   -0.0340381242
   -0.0449088111
   -0.0301620402
    0.0130290893
    0.0141254085
    0.0131214915
    0.0223382135
    0.0149397082
    0.0108690262
    0.0113547243
    0.0167160250
    0.0131012648
    0.0169887689
    0.0115994830
    0.0128114371
    0.0123796821
    0.0147759499
    0.0105890859
    0.0154462079
    0.0104038458
    0.0115101998
    0.0192178832
    0.0129822085
    0.0137247589
    0.0190668400
    0.0127162785
    0.0139465243
    0.0129803172
    0.0107684469
    0.0177845024
    0.0202287795
    0.0168705942
    0.0136837240
    0.0059225081
    0.0053382179
    0.0113029068
    0.0142169804
    0.0107494035
    0.0112396117
    0.0107778891
   -0.0008695164
   -0.0121351943
    0.0141815999
   -0.0066487844
   -0.0001370545
   -0.0036221786
    0.0136347299
   -0.0013170684
    0.0128380052
    0.0120445119
    0.0133429669
    0.0108431366
    0.0030793427
    0.0096703156
    0.0150299851
    0.0200332269
    0.0172841882
    0.0232195930
    0.0217411324
    0.0187273048
    0.0206996441
    0.0187756464
    0.0210295924
    0.0162290763
    0.0226895058
    0.0150858945
    0.0128860009
    0.0170334110
    0.0210064235
    0.0214040324
    0.0205859001
    0.0228573296
    0.0139004171
    0.0202392870
    0.0193297896
    0.0216741205
    0.0238917841
    0.0187120718
    0.0222814836
    0.0088685782
    0.0132002140
    0.0134231389
    0.0018154988
    0.0039222044
    0.0057601458
    0.0110521060
    0.0134058463
    0.0026414225
    0.0034459685
   -0.0007014216
    0.0014175711
   -0.0055407177
    0.0066829781
    0.0108311474
   -0.0039800167
    0.0028211298
    0.0011810541
    0.0039366521
    0.0123625428
    0.0012356273
    0.0069015923
    0.0027390965
    0.0023306246
    0.0084360234
   -0.0043413957
    0.0080140079
    0.0097407601
    0.0119949253
    0.0138292734
    0.0154486245
   -0.0044149931
    0.0162588041
    0.0032099915
    0.0040073690
    0.0126964339
   -0.0106090359
    0.0022235105
    0.0047984794
    0.0112732721
    0.0062623655
    0.0027363358
    0.0104701472
    0.0072270615
    0.0093794905
    0.0010640172
    0.0110091630
    0.0037963304
    0.0044015820
    0.0002520920
    0.0109487562
    0.0018548864
   -0.0007856058
   -0.0075595834
    0.0120332569
    0.0075408574
    0.0095185088
    0.0028432838
   -0.0028606118
    0.0073497229
   -0.0087745771
   -0.0008035737
    0.0146091883
    0.0156280930
    0.0160647774
    0.0171418332
    0.0154125762
    0.0165312349
    0.0159677034
    0.0158348243
    0.0167227913
    0.0132061499
    0.0160791693
    0.0162951428
    0.0168921067
    0.0159783475
    0.0153693602
    0.0152520820
    0.0140970240
    0.0155548970
    0.0159944518
    0.0166630829
    0.0162132604
    0.0149580408
    0.0140232604
    0.0150831013
    0.0197811653
    0.0169864327
    0.0255542867
    0.0150774323
    0.0194531637
    0.0163408040
    0.0177156620
    0.0180520231
    0.0196553342
    0.0153091339
    0.0157158095
    0.0264795180
    0.0145001830
    0.0147847656
    0.0207991273
    0.0249241855
    0.0095661409
    0.0067820104
    0.0017935872
    0.0080534780
    0.0036554170
    0.0074911019
    0.0102583724
    0.0095080829
    0.0103219446
    0.0092270591
    0.0108167126
    0.0103340567
    0.0054595543
    0.0111201390
    0.0055921709
    0.0084858285
    0.0051963784
    0.0110966497
    0.0087875919
    0.0105677055
    0.0115714346
    0.0099472422
    0.0135375769
    0.0105771084
    0.0085243738
    0.0077125551
    0.0076073670
    0.0099594031
    0.0133889260
    0.0125144841
    0.0123728939
    0.0114241687
    0.0090627010
    0.0132873319
    0.0129517102
    0.0131900013
    0.0082277053
    0.0110699231
    0.0129025092
    0.0118083251
    0.0135582659
   -0.0038877144
    0.0055085288
    0.0080622752
   -0.0008416947
    0.0046092096
   -0.0058728144
    0.0059429864
    0.0082172622
    0.0103958362
    0.0063657818
   -0.0043740320
    0.0072086410
    0.0064974081
   -0.0027102496
    0.0118820491
    0.0011874477
    0.0072312924
   -0.0017604050
    0.0180606055
    0.0217544502
    0.0121825452
    0.0178120215
    0.0144589191
    0.0200582379
    0.0125573614
    0.0109739866
    0.0133789904
    0.0167983798
    0.0166594013
    0.0170680991
    0.0205217878
    0.0032751916
    0.0138559543
    0.0138356680
   -0.0079548925
   -0.0027025357
   -0.0065028526
    0.0044841822
   -0.0003488838
   -0.0161092646
   -0.0107209728
    0.0187444011
   -0.0097661652
    0.0076177935
   -0.0013292633
    0.0021496937
   -0.0039374686
    0.0103108583
    0.0167676440
    0.0009411834
   -0.0081453896
   -0.0159310445
   -0.0040935044
   -0.0014282200
    0.0033870326
    0.0167920217
    0.0076897649
    0.0215743516
    0.0207066012
   -0.0095055108
    0.0001157441
    0.0060573078
   -0.0011803267
    0.0016174306
    0.0197302420
   -0.0132189996
   -0.0156110112
    0.0047848857
    0.0050582100
   -0.0146431198
   -0.0086413206
   -0.0062463983
    0.0082385906
   -0.0027977446
   -0.0046428188
   -0.0083894088
    0.0080812735
    0.0186319742
    0.0022771419
    0.0042417553
    0.0102188211
    0.0195201201
    0.0027024098
   -0.0001395194
    0.0056770815
   -0.0038367839
    0.0103166926
    0.0079068820
    0.0080538733
    0.0149712887
    0.0197164556
    0.0131412986
   -0.0048514508
    0.0083312799
    0.0101265050
    0.0098217703
    0.0032370496
    0.0050732792
    0.0110487603
    0.0045547142
    0.0117052937
    0.0093564523
    0.0014063177
    0.0047770987
    0.0140035402
    0.0059376775
    0.0012981207
    0.0031583387
    0.0023218556
    0.0123258466
    0.0080617552
    0.0060930924
    0.0107603856
   -0.0101411095
   -0.0007568232
   -0.0000321760
    0.0166785591
   -0.0148745437
   -0.0020931380
   -0.0338826484
   -0.0155830286
   -0.0267987859
   -0.0198252922
   -0.0267609418
   -0.0284712970
   -0.0321111097
   -0.0260551867
   -0.0281725351
   -0.0298063893
   -0.0194809301
   -0.0337639828
   -0.0252154498
   -0.0183402374
   -0.0261586634
   -0.0279248733
   -0.0370540067
   -0.0322191567
   -0.0182485266
   -0.0202830545
   -0.0238047505
   -0.0288884393
   -0.0363083957
   -0.0280394713
   -0.0320068166
   -0.0363049084
   -0.0331881988
   -0.0262344180
   -0.0369889891
   -0.0313508235
   -0.0325255696
   -0.0307231197
   -0.0185984959
   -0.0333902487
   -0.0360702033
   -0.0167748453
   -0.0184147529
   -0.0197758782
   -0.0227303452
   -0.0345403440
   -0.0350640644
   -0.0339189331
   -0.0338645706
   -0.0190165540
   -0.0256448867
   -0.0293001803
   -0.0296366769
   -0.0350100641
   -0.0332724497
   -0.0326853919
   -0.0353142122
   -0.0304119984
   -0.0191850487
   -0.0339454670
   -0.0362380978
   -0.0235755513
   -0.0347196547
   -0.0267019645
   -0.0331545772
   -0.0370017376
   -0.0364635350
   -0.0326683841
   -0.0197933656
   -0.0356815483
   -0.0344450776
   -0.0269914501
   -0.0292389008
   -0.0357014463
   -0.0286243707
   -0.0238212087
   -0.0245571254
   -0.0344307909
    0.0152101197
    0.0102813141
    0.0127949918
    0.0170244452
    0.0161326050
    0.0104001401
    0.0171024477
    0.0126737614
    0.0114975053
    0.0109752152
    0.0116288799
    0.0125276562
    0.0102781587
    0.0122104946
    0.0151018243
    0.0119870873
    0.0110210356
    0.0143388058
    0.0108157316
    0.0167669810
    0.0152798623
    0.0105766065
    0.0105610576
    0.0113714722
    0.0160411000
    0.0069702014
   -0.0015016161
    0.0085295158
    0.0072323154
    0.0055059086
    0.0073455648
    0.0087543501
    0.0084636016
   -0.0036046199
   -0.0019186044
   -0.0079623716
    0.0029728213
    0.0103486644
   -0.0029370793
    0.0002096930
    0.0178092413
    0.0147767661
    0.0167137699
    0.0170339306
    0.0168280605
    0.0151801050
    0.0186565231
    0.0146097202
    0.0187976357
    0.0190861063
    0.0119925637
    0.0159238409
    0.0181404354
    0.0198671815
    0.0169487549
    0.0174012795
    0.0157069928
    0.0166759857
    0.0171468341
    0.0176052887
    0.0046307165
    0.0037472789
    0.0083289504
    0.0095256391
   -0.0002350211
   -0.0065484245
    0.0010333424
    0.0059353169
    0.0037710119
    0.0049058283
    0.0009048431
    0.0073843560
    0.0063369770
    0.0111025723
    0.0017786956
   -0.0039932975
    0.0054512448
    0.0045089847
    0.0062611257
    0.0105008230
    0.0051115259
    0.0086392882
    0.0065131400
    0.0029138155
   -0.0014823728
    0.0090525091
   -0.0009021213
    0.0093071272
   -0.0014026960
    0.0111849381
    0.0092607220
    0.0100287801
    0.0068939974
    0.0084205514
   -0.0003082738
    0.0030642622
   -0.0010150130
    0.0010793748
   -0.0009261722
   -0.0061241492
    0.0021623657
   -0.0054229771
    0.0090985779
    0.0035867903
    0.0082827573
    0.0097581640
    0.0022936159
    0.0058844271
    0.0003152431
    0.0030881027
    0.0012152176
    0.0112024413
   -0.0032741665
    0.0028657616
    0.0075741644
    0.0113455069
    0.0035599486
   -0.0000023864
    0.0054966546
    0.0073376030
   -0.0101536394
   -0.0100821461
    0.0048634034
   -0.0001550999
   -0.0059498789
    0.0026529621
    0.0070491619
    0.0137894941
    0.0132177358
    0.0124976011
    0.0123032108
    0.0125639966
    0.0137169029
    0.0126707628
    0.0134269663
    0.0116835420
    0.0143309752
    0.0129315095
    0.0128369745
    0.0118636120
    0.0140135605
    0.0139286214
    0.0136127264
    0.0179129222
    0.0217190958
    0.0138453179
    0.0129079650
    0.0160791540
    0.0135588034
    0.0167553462
    0.0165929611
    0.0158713351
    0.0153025375
    0.0144977848
    0.0141622308
    0.0125029592
    0.0201135403
    0.0186945937
    0.0122413844
    0.0126305767
    0.0081774648
    0.0070708054
    0.0088714778
    0.0107615947
    0.0048426501
    0.0060332245
    0.0082220868
    0.0058405029
    0.0082982440
    0.0068403708
    0.0059662409
    0.0104589450
    0.0070815109
    0.0095823633
    0.0074902836
    0.0087572720
    0.0086546304
    0.0107394210
    0.0114023507
    0.0096622339
    0.0063684581
    0.0100562450
    0.0085181873
    0.0060878427
    0.0097977803
    0.0069150936
    0.0111722132
    0.0103438775
    0.0063380469
    0.0107638293
    0.0107742823
   -0.0110585857
    0.0037909700
    0.0035520209
    0.0012938269
   -0.0033931697
    0.0030598836
    0.0094789938
   -0.0037349761
    0.0070723951
    0.0007323545
    0.0080085318
    0.0112765498
    0.0071398095
    0.0058715185
   -0.0072097639
    0.0091908155
    0.0023827613
    0.0106790929
    0.0074899567
    0.0141126767
    0.0056909329
    0.0136244223
    0.0165584863
    0.0135814987
    0.0142193039
    0.0079492976
    0.0162936099
    0.0111487429
    0.0077744999
    0.0059820209
    0.0073825740
    0.0140276637
    0.0098447067
    0.0169885349
    0.0094354779
    0.0167678736
    0.0067004066
    0.0177015296
    0.0161595487
    0.0058010400
    0.0062660917
    0.0081039455
    0.0174156754
    0.0023770360
   -0.0015230212
    0.0145429007
   -0.0005115126
   -0.0065477159
   -0.0019298326
   -0.0034595691
   -0.0045344741
    0.0120002268
   -0.0117763002
    0.0011490794
   -0.0051044768
   -0.0057270848
   -0.0120598085
    0.0087923415
    0.0160019890
   -0.0107139943
    0.0123777103
    0.0063054927
   -0.0136065337
   -0.0000364062
   -0.0077762895
   -0.0088730627
    0.0058151511
   -0.0119660327
    0.0052183711
    0.0139348978
    0.0179652315
    0.0010360669
    0.0120362591
    0.0079421462
   -0.0056560354
    0.0079925975
   -0.0101143242
    0.0010292939
    0.0058483188
   -0.0115764825
   -0.0116253983
   -0.0004732002
   -0.0092028189
   -0.0053085167
    0.0132518705
    0.0136115748
    0.0161495779
    0.0114696750
    0.0074632824
   -0.0120288803
   -0.0065453904
   -0.0106751688
   -0.0049600790
   -0.0013343923
   -0.0104314527
   -0.0007483270
    0.0101058387
   -0.0094050613
    0.0025278988
   -0.0029667407
   -0.0034807259
   -0.0036771571
    0.0162618917
   -0.0150148217
    0.0038446788
    0.0031589562
    0.0107643698
    0.0099108407
    0.0026455411
    0.0093234436
   -0.0066800197
    0.0134537560
    0.0064237396
    0.0103521251
   -0.0055319236
    0.0032036045
    0.0101107413
    0.0139651274
    0.0018269386
   -0.0084176752
    0.0095550900
    0.0081611879
    0.0067028194
    0.0079071820
    0.0093389262
    0.0089054140
    0.0151487693
    0.0041085323
   -0.0041445281
    0.0058560102
   -0.0037550244
    0.0117134040
    0.0054218621
   -0.0118771439
    0.0177545271
    0.0131176433
   -0.0011960261
    0.0092233099
    0.0086282026
    0.0161751997
    0.0061123035
    0.0104797895
    0.0172772086
    0.0154306494
    0.0124916026
    0.0124331753
    0.0075414307
    0.0041422619
    0.0045723887
    0.0082596739
    0.0120178648
    0.0167211283
    0.0113575035
    0.0088342652
    0.0058837758
   -0.0062445846
    0.0095631828
    0.0095738701
    0.0165180429
   -0.0039917166
    0.0080629808
    0.0088561843
   -0.0284827710
   -0.0259861255
   -0.0207644168
   -0.0211298725
   -0.0196254631
   -0.0241628540
   -0.0170681367
   -0.0304673066
   -0.0247385636
   -0.0212636267
   -0.0226125022
   -0.0282632475
   -0.0302295765
   -0.0259912568
   -0.0274947875
   -0.0196408518
   -0.0252344482
   -0.0140672220
   -0.0214769097
   -0.0210252055
   -0.0217089509
   -0.0177942854
   -0.0244267957
   -0.0289435634
   -0.0279312455
   -0.0299993403
   -0.0237307364
   -0.0297131197
   -0.0295600354
   -0.0201398651
   -0.0212870979
   -0.0303449563
   -0.0269728295
   -0.0224696894
   -0.0278552909
   -0.0305444104
   -0.0197936787
   -0.0292181257
   -0.0191868498
   -0.0235277935
   -0.0195841696
   -0.0153845366
   -0.0241603347
   -0.0302580622
   -0.0277103853
   -0.0159654821
   -0.0223941282
   -0.0218840052
   -0.0265058768
   -0.0179118244
   -0.0307033906
   -0.0205656601
   -0.0274703302
   -0.0206941829
   -0.0249317092
   -0.0301588917
   -0.0141833711
   -0.0198730684
   -0.0259478918
   -0.0120033001
   -0.0264836371
   -0.0147617774
   -0.0240808169
   -0.0171866821
   -0.0244287263
   -0.0305429405
   -0.0271555040
   -0.0204283642
   -0.0248050934
   -0.0278005510
   -0.0292642719
   -0.0240653484
   -0.0260357988
   -0.0247710701
   -0.0209506614
   -0.0291078263
   -0.0233356908
   -0.0244500453
   -0.0304290095
   -0.0249556799
   -0.0272254821
   -0.0154418591
   -0.0242578937
   -0.0145748853
   -0.0177529096
   -0.0267735482
   -0.0227007137
   -0.0297787115
   -0.0275921470
   -0.0297892897
   -0.0273534956
   -0.0181758342
   -0.0162198691
   -0.0259965889
   -0.0160179136
   -0.0282882152
   -0.0252728797
   -0.0290456146
    0.0090622085
    0.0102385812
    0.0103264500
    0.0100782293
    0.0132383144
    0.0117381041
    0.0107008695
    0.0141505640
    0.0115751684
    0.0120124230
    0.0105385880
    0.0100071089
    0.0127789549
    0.0101090810
    0.0104748943
    0.0104995201
    0.0092823624
    0.0119755162
    0.0111218850
    0.0100962865
    0.0097724543
    0.0104372427
    0.0143950323
    0.0097775366
    0.0093419349
    0.0104653679
    0.0102612828
    0.0132857282
    0.0100410530
    0.0135252336
    0.0098657008
    0.0129322959
    0.0105726753
    0.0112240549
    0.0094538141
    0.0106465154
    0.0100804464
    0.0096432339
    0.0103007169
    0.0109889980
    0.0134618964
    0.0098035461
    0.0109800145
    0.0096897195
    0.0091248762
    0.0105263253
    0.0096327704
    0.0107844265
    0.0102651894
    0.0108408735
    0.0098572428
    0.0136308820
    0.0100690772
    0.0118508452
    0.0108705233
    0.0099890203
    0.0112253935
    0.0003936758
    0.0080636264
    0.0029240756
    0.0051805702
    0.0064443433
   -0.0070620829
    0.0072263665
   -0.0090786795
   -0.0055934764
    0.0069708888
    0.0084362772
   -0.0048034590
    0.0024527680
    0.0073355277
   -0.0019702976
    0.0056507295
    0.0014491621
    0.0015572027
    0.0043663422
    0.0070488070
    0.0072403499
    0.0000835036
   -0.0063572486
    0.0143128414
    0.0160923600
    0.0098344666
    0.0147835215
    0.0154810071
    0.0153298495
    0.0124035890
    0.0157689570
    0.0133330633
    0.0137701446
    0.0129601113
    0.0150416905
    0.0134833634
    0.0107349479
    0.0151840464
    0.0001964678
    0.0036648606
    0.0007612276
    0.0085053813
    0.0098107019
    0.0090140620
    0.0073211820
    0.0060210998
   -0.0075943321
    0.0016867865
    0.0060931808
   -0.0017351747
    0.0098978794
    0.0050913261
    0.0018100962
    0.0016070187
    0.0065583965
    0.0003469193
    0.0105800726
   -0.0018268557
    0.0070058799
    0.0094550523
   -0.0008018260
    0.0021376444
    0.0013041909
    0.0016455917
    0.0066557567
    0.0026938705
    0.0068045324
    0.0027489080
    0.0004015883
    0.0021187508
    0.0027995494
    0.0076748376
    0.0092686168
    0.0030350033
    0.0058350496
    0.0055346816
    0.0072921488
    0.0036261300
    0.0070975026
    0.0067215268
    0.0025012366
    0.0073078931
    0.0090450760
   -0.0003559921
    0.0105191266
    0.0030144230
    0.0091578049
    0.0056137704
   -0.0043927184
    0.0087824881
    0.0040888276
    0.0088782718
    0.0019473382
    0.0041059402
    0.0039378340
   -0.0095964738
   -0.0051217742
    0.0100431166
    0.0018925383
    0.0081021158
    0.0062682866
    0.0031674329
    0.0092395791
   -0.0004773329
   -0.0018100142
    0.0085661750
   -0.0043275797
    0.0038373394
    0.0025323696
    0.0036276348
   -0.0079229547
    0.0100085571
    0.0093849503
    0.0094274254
    0.0026521428
    0.0098287606
    0.0053334522
    0.0011367052
    0.0011724340
    0.0078462528
   -0.0001958631
    0.0098040448
    0.0025601817
    0.0098172653
    0.0057742538
    0.0050144022
    0.0033389182
    0.0077192604
    0.0034260566
    0.0076887383
    0.0091219114
    0.0079985839
    0.0092246712
    0.0083882356
    0.0014848484
    0.0123018625
    0.0115160954
    0.0121378698
    0.0119939372
    0.0122948652
    0.0116191660
    0.0110129690
    0.0116689123
    0.0111720382
    0.0118982944
    0.0116269774
    0.0116234797
    0.0108627330
    0.0106310446
    0.0118593703
    0.0111219920
    0.0117977724
    0.0125531523
    0.0119185966
    0.0108017677
    0.0117195983
    0.0137664230
    0.0141094831
    0.0150625125
    0.0119414587
    0.0151955111
    0.0113832365
    0.0141684192
    0.0132206765
    0.0130422859
    0.0131502008
    0.0114155812
    0.0138883519
    0.0121819582
    0.0127673669
    0.0182950723
    0.0141132338
    0.0118409046
    0.0115282880
    0.0143036251
    0.0119110338
    0.0176281451
    0.0019143201
    0.0053750352
    0.0032200464
    0.0016985655
    0.0074443419
    0.0085941676
    0.0079028979
    0.0068371996
    0.0062086500
    0.0075505949
    0.0048924931
    0.0032578395
    0.0084205768
    0.0058784876
    0.0026539280
    0.0023052213
    0.0050292452
    0.0037422981
    0.0052996776
    0.0067245264
    0.0053528285
    0.0068098591
    0.0090706515
    0.0065767028
    0.0066169026
    0.0073111635
    0.0082901661
    0.0075677746
    0.0098392350
    0.0098427390
    0.0078367188
    0.0076753871
    0.0083708900
    0.0073485223
    0.0092835853
    0.0080423630
    0.0087719697
    0.0086738939
    0.0079608363
    0.0080249304
    0.0078646338
    0.0029927751
    0.0014514463
    0.0056290431
   -0.0014096078
    0.0000063143
   -0.0022605611
    0.0045919648
    0.0012839015
    0.0003758688
   -0.0038902881
    0.0020608597
    0.0067011644
   -0.0025746153
    0.0041485484
   -0.0103198324
   -0.0035855114
    0.0026120349
    0.0002506522
    0.0010856770
    0.0101554142
    0.0140802507
    0.0135223243
    0.0076177356
    0.0086467424
    0.0105768365
    0.0074296471
    0.0131862403
    0.0077228946
    0.0114957506
    0.0106807032
   -0.0018502708
    0.0105172818
   -0.0023589669
    0.0092395843
    0.0009861733
   -0.0050691904
    0.0052069645
    0.0043671523
    0.0065408037
    0.0139186067
   -0.0046950945
    0.0134661373
    0.0054795999
    0.0141157330
    0.0068370884
   -0.0132059490
   -0.0058198811
   -0.0049186188
   -0.0073111038
    0.0057763878
   -0.0089326978
    0.0021773954
    0.0017653883
    0.0014602732
   -0.0063937180
   -0.0123970437
    0.0029268432
    0.0025837915
    0.0114676034
   -0.0054925551
    0.0072391232
    0.0132065568
   -0.0068357559
   -0.0126475009
    0.0103846190
   -0.0061252653
    0.0115623069
    0.0014941319
   -0.0095268624
    0.0111123322
   -0.0030707610
    0.0127431409
    0.0106229571
   -0.0041329220
   -0.0054364602
   -0.0005023751
   -0.0042887808
   -0.0070844956
    0.0099122376
   -0.0051379570
    0.0106166173
    0.0053847800
    0.0011810211
    0.0023993291
   -0.0102018937
    0.0092378140
   -0.0055912084
   -0.0108650266
    0.0037383228
   -0.0067075826
    0.0051145082
    0.0077505646
    0.0075355714
    0.0095858180
   -0.0044455603
   -0.0048925003
   -0.0013251365
    0.0064675608
   -0.0083992710
   -0.0106814608
   -0.0011649178
   -0.0056671638
    0.0151589983
   -0.0110389217
   -0.0053719196
    0.0047659971
    0.0155269598
   -0.0064101801
   -0.0076976332
   -0.0097528424
   -0.0000536237
    0.0035099861
    0.0005007875
    0.0155527338
    0.0156145141
    0.0015294974
   -0.0017471952
   -0.0042396938
    0.0113658304
    0.0021960999
    0.0053572439
   -0.0114681865
    0.0033959817
   -0.0100939119
    0.0124954899
   -0.0068944556
    0.0084804147
    0.0103831283
    0.0125034832
    0.0020142947
    0.0117423470
    0.0065582798
    0.0066903950
    0.0140954087
    0.0057578142
    0.0122912317
    0.0094281709
    0.0060761545
   -0.0011775807
    0.0107964538
    0.0149896428
    0.0110318541
    0.0051258913
    0.0071708276
    0.0119456006
    0.0060498134
    0.0063067193
    0.0042018406
    0.0061756814
    0.0049066498
    0.0057554310
    0.0084844852
    0.0126523926
   -0.0010317517
    0.0073414131
    0.0053836536
    0.0110498274
   -0.0090054001
    0.0065480439
   -0.0070139513
    0.0017176243
    0.0071438129
   -0.0036251702
    0.0088535210
    0.0024502751
    0.0042336216
    0.0136590680
    0.0114670410
    0.0138327338
    0.0030736189
    0.0094080186
    0.0034268704
    0.0093274811
    0.0059524083
    0.0141518722
    0.0138416201
    0.0113615148
    0.0028749228
    0.0092317250
    0.0120079713
    0.0101149535
    0.0103029579
    0.0086162423
    0.0100750463
    0.0127772421
    0.0139429227
    0.0079950391
    0.0016656618
    0.0107078098
    0.0098532989
    0.0078116431
    0.0120826739
    0.0093814469
    0.0094693193
    0.0057648681
    0.0010118939
    0.0072694956
    0.0042082910
    0.0138332098
    0.0074683838
    0.0096978387
    0.0077935675
    0.0036703183
    0.0067698668
    0.0135138648
    0.0132861828
    0.0052042955
    0.0125607686
    0.0078102983
   -0.0185135861
   -0.0242219895
   -0.0147507036
   -0.0258066657
   -0.0255217439
   -0.0149041551
   -0.0157931132
   -0.0245250634
   -0.0207522599
   -0.0257084029
   -0.0197695603
   -0.0218989495
   -0.0255289261
   -0.0257224121
   -0.0149527496
   -0.0208871600
   -0.0220328552
   -0.0153208661
   -0.0241828937
   -0.0179486938
   -0.0248120650
   -0.0181539435
   -0.0137298567
   -0.0227486719
   -0.0235677250
   -0.0151956961
   -0.0212520634
   -0.0183281663
   -0.0164537195
   -0.0242622936
   -0.0234008281
   -0.0217563259
   -0.0244083804
   -0.0218287525
   -0.0112556200
   -0.0207431124
   -0.0155165472
   -0.0245756655
   -0.0207996990
   -0.0208623448
   -0.0228286902
   -0.0226633448
   -0.0257943808
   -0.0232451386
   -0.0242426065
   -0.0170975177
   -0.0179559317
   -0.0238825453
   -0.0185118672
   -0.0227291615
   -0.0222902640
   -0.0158800778
   -0.0254339385
   -0.0247633227
   -0.0230430408
   -0.0219730821
   -0.0255713767
   -0.0183762275
   -0.0247220372
   -0.0196829176
   -0.0163405521
   -0.0233641959
   -0.0240487320
   -0.0159671084
   -0.0217041187
   -0.0221831782
   -0.0237440120
   -0.0247225843
   -0.0134979904
   -0.0163111558
   -0.0141522559
   -0.0209948643
   -0.0221507625
   -0.0246140246
   -0.0174282600
   -0.0200443601
   -0.0123494972
   -0.0176015606
   -0.0183144688
   -0.0138888142
   -0.0216263449
   -0.0252210188
   -0.0233278860
   -0.0115450787
   -0.0131023459
   -0.0127835232
   -0.0251970133
   -0.0158335102
   -0.0247379180
   -0.0252635819
   -0.0231827614
   -0.0209059161
   -0.0182976928
   -0.0234473612
   -0.0225219934
   -0.0248222503
   -0.0245468161
   -0.0118821814
   -0.0206452918
   -0.0199787057
   -0.0130262417
   -0.0173575386
   -0.0136840733
   -0.0255446361
   -0.0131411132
   -0.0193090255
    0.0133426186
    0.0135805204
    0.0130427521
    0.0101517644
    0.0103159622
    0.0119258966
    0.0129127939
    0.0089219035
    0.0097613471
    0.0102128246
    0.0093282618
    0.0087763766
    0.0104165540
    0.0086273798
    0.0104563808
    0.0091276534
    0.0104030028
    0.0086811928
    0.0103548768
    0.0097516568
    0.0107354068
    0.0102892124
    0.0085921776
    0.0109794836
    0.0096344694
    0.0102273960
    0.0092184645
    0.0108908288
    0.0142530252
    0.0108502893
    0.0123537341
    0.0118792341
    0.0094936117
    0.0086928883
    0.0108349589
    0.0092512628
    0.0098908587
    0.0104828166
    0.0093471769
    0.0107186828
    0.0115831049
    0.0087039249
    0.0087552649
    0.0084289289
    0.0121822529
    0.0117547845
    0.0126624312
    0.0084943300
    0.0096350441
    0.0109892562
    0.0109221819
    0.0087821324
    0.0083539933
    0.0090697845
    0.0092872471
    0.0120429817
    0.0089797120
    0.0107779718
    0.0095866119
    0.0087242453
    0.0093864603
    0.0096173364
    0.0107785552
    0.0100510991
    0.0090744999
    0.0097047497
    0.0102030273
    0.0092077382
    0.0097540721
    0.0103745833
    0.0098060705
    0.0099417092
    0.0088833410
    0.0116844015
    0.0096454371
    0.0097943312
    0.0087154923
    0.0089656581
    0.0107081900
    0.0106473274
    0.0105023296
    0.0093262786
    0.0054133396
   -0.0024357280
   -0.0000341111
    0.0011754271
   -0.0048128137
    0.0044555966
    0.0033544794
   -0.0025178282
   -0.0027750349
    0.0035152361
   -0.0065781570
    0.0028533452
    0.0052806446
    0.0020134635
    0.0016715127
    0.0043271507
   -0.0007344930
    0.0052058938
    0.0030543476
   -0.0031207976
   -0.0062619725
    0.0130762581
    0.0110519871
    0.0112707193
    0.0113141117
    0.0129363905
    0.0098495378
    0.0105594219
    0.0128320962
    0.0105856077
    0.0119959298
    0.0111766221
    0.0051103354
   -0.0112555239
    0.0067738462
    0.0005616873
    0.0023816235
    0.0086938367
    0.0086702258
    0.0068142584
    0.0005442732
    0.0023625925
   -0.0032300085
   -0.0053841140
    0.0067168755
    0.0060633056
    0.0101708539
    0.0085358029
    0.0045795783
    0.0024623539
    0.0052825477
    0.0074329446
    0.0032608777
    0.0045986829
    0.0087145871
    0.0079147870
   -0.0010192592
    0.0012462124
   -0.0103537425
    0.0027935463
    0.0096761740
    0.0071974024
    0.0011787711
   -0.0027811380
    0.0033995571
    0.0074495246
    0.0075948654
    0.0090987111
   -0.0035845064
    0.0035099196
   -0.0084632536
    0.0037824908
    0.0034842856
    0.0003298104
    0.0062514528
   -0.0022989979
    0.0084230862
    0.0048780781
   -0.0012748653
   -0.0059162500
    0.0046694419
    0.0026004012
    0.0075572783
    0.0019261608
    0.0066007943
    0.0069679284
    0.0052379138
    0.0082709309
    0.0052168239
    0.0064047733
   -0.0049054595
    0.0065920540
   -0.0016298515
    0.0010764782
    0.0015350368
    0.0037777782
    0.0041155441
    0.0024096872
    0.0080625269
    0.0081833391
    0.0027028954
    0.0078893750
    0.0045011500
    0.0019825714
   -0.0000845921
   -0.0007847424
   -0.0009509263
    0.0073862257
    0.0059543572
    0.0082102169
    0.0069289993
    0.0072023595
    0.0083182018
    0.0026547012
    0.0043363012
    0.0077647589
    0.0035057093
    0.0015851177
    0.0020439528
    0.0084885911
   -0.0079219754
    0.0041913835
   -0.0043412302
    0.0027007078
    0.0036951447
    0.0017151176
    0.0083098233
    0.0066274699
    0.0048082460
    0.0076896335
    0.0071549641
    0.0059987650
    0.0012289198
   -0.0054454873
    0.0029162834
    0.0007855766
    0.0054531347
    0.0014307646
    0.0079004539
    0.0039110861
    0.0061731412
    0.0075322585
   -0.0019699612
    0.0041390350
   -0.0000239087
    0.0019842640
   -0.0022753203
    0.0087460846
    0.0039336045
    0.0024132152
    0.0031210897
    0.0024676528
    0.0032867380
    0.0005290275
    0.0030325537
    0.0001544196
    0.0047861989
   -0.0014597781
    0.0013593029
   -0.0021886644
    0.0076780798
    0.0068838529
   -0.0008146153
    0.0038594062
    0.0055454510
    0.0072654705
    0.0055642242
    0.0087011063
    0.0040646418
    0.0071409314
    0.0107368648
    0.0105274959
    0.0104777259
    0.0101669086
    0.0098150961
    0.0106115950
    0.0097590699
    0.0101894346
    0.0098798476
    0.0105064593
    0.0105005946
    0.0101242317
    0.0106199279
    0.0127022837
    0.0116127564
    0.0116445255
    0.0114504836
    0.0120526886
    0.0138037142
    0.0115866836
    0.0048565323
    0.0022822293
    0.0032913313
    0.0010496863
    0.0046802251
    0.0029581117
    0.0011529986
    0.0078054262
    0.0071647001
    0.0060594985
    0.0067120413
    0.0065838803
    0.0072873438
    0.0077762702
    0.0083214412
    0.0066107447
    0.0080993975
    0.0080055331
    0.0077154097
    0.0080569898
    0.0070500288
    0.0076662562
    0.0073760896
   -0.0034835804
    0.0036169984
   -0.0002099341
   -0.0042505364
   -0.0012248403
    0.0026775614
    0.0014721974
   -0.0008095944
    0.0033336271
   -0.0040073239
   -0.0049997997
    0.0089036242
    0.0056147504
   -0.0119973147
   -0.0073921744
    0.0096583603
    0.0069556885
    0.0029354295
    0.0107375105
   -0.0068007433
   -0.0018849864
   -0.0024887194
    0.0067441788
   -0.0007694542
    0.0016879905
    0.0124601661
   -0.0049470244
    0.0118605285
    0.0011231521
    0.0068933393
    0.0018087109
    0.0114035910
    0.0049599037
    0.0102917886
   -0.0060118863
    0.0011305272
    0.0033306432
    0.0002775533
   -0.0093293692
    0.0063347233
   -0.0081748065
   -0.0008518969
    0.0088888503
   -0.0068674638
   -0.0087175713
    0.0006504136
    0.0053416978
    0.0100102295
    0.0016586951
   -0.0032123706
   -0.0094735508
    0.0084043351
    0.0072555110
    0.0073781679
    0.0122546620
   -0.0022458549
   -0.0079360612
    0.0056092134
    0.0077620764
   -0.0014787391
   -0.0031606576
   -0.0093392285
    0.0073102098
   -0.0060871755
   -0.0055101232
   -0.0002863605
   -0.0044822894
    0.0074582240
    0.0111979032
    0.0046667092
   -0.0028167720
    0.0109583953
    0.0047904471
    0.0072055243
    0.0071742046
    0.0087753297
    0.0084927266
    0.0002996023
   -0.0065810831
    0.0088038687
   -0.0116378035
   -0.0030771931
   -0.0044630204
    0.0051167302
    0.0068054357
   -0.0066002358
   -0.0083111744
    0.0108176482
    0.0103082651
   -0.0011277390
   -0.0066599417
   -0.0036748805
   -0.0057897266
   -0.0100198507
   -0.0078545168
    0.0020216350
    0.0006787354
   -0.0057720110
    0.0025684606
    0.0088538123
    0.0061671988
   -0.0088947233
    0.0084144237
    0.0041268201
   -0.0048532773
    0.0042014951
    0.0092587933
   -0.0061023782
    0.0024746474
   -0.0057476522
    0.0113183690
    0.0108139368
    0.0052294187
    0.0032247670
   -0.0022939874
    0.0080334524
   -0.0052629550
    0.0112519368
   -0.0033220396
    0.0072723919
    0.0030817764
    0.0043118667
    0.0062411694
    0.0100625662
   -0.0087525722
    0.0011794298
   -0.0077637809
    0.0121555175
    0.0032171765
    0.0040264310
    0.0070040934
    0.0067655196
   -0.0100908286
    0.0114931047
    0.0113850839
   -0.0001331146
   -0.0100659539
   -0.0091245658
   -0.0068813437
   -0.0013277536
    0.0076585025
    0.0063312383
   -0.0045887802
   -0.0002372476
    0.0028255414
    0.0102602042
    0.0105364592
    0.0035392822
    0.0025816747
    0.0075745488
    0.0096896870
    0.0101460626
    0.0053072697
    0.0040260014
    0.0087361730
    0.0025194553
    0.0082583792
    0.0016202599
    0.0082954253
    0.0117152042
    0.0109531631
    0.0071078967
    0.0041801853
    0.0126755696
    0.0109011459
    0.0077904618
   -0.0047209144
    0.0072112997
    0.0088801667
    0.0036131207
    0.0041888907
    0.0060560581
    0.0043329672
    0.0020502727
   -0.0014594629
    0.0062988114
    0.0131198013
    0.0064149821
   -0.0066736900
    0.0090167130
    0.0062595428
    0.0093901080
   -0.0015454434
    0.0091986590
    0.0080515019
    0.0022603648
    0.0087485901
    0.0034708862
    0.0019746254
    0.0113110173
    0.0047476094
    0.0095733551
    0.0111973301
    0.0032754642
    0.0122669246
    0.0102527011
    0.0073930815
    0.0117416368
    0.0008734440
    0.0048437068
    0.0054816356
    0.0054492301
    0.0043336506
    0.0079274956
    0.0055678164
    0.0064397077
    0.0078920989
    0.0043884260
    0.0043202650
    0.0113748848
    0.0045945921
   -0.0031734652
   -0.0052799875
   -0.0082964867
    0.0105781395
    0.0060226055
    0.0074237545
   -0.0009674429
    0.0077284056
   -0.0035698742
   -0.0058155415
    0.0099522372
    0.0081593418
    0.0063202564
    0.0121930677
   -0.0069262346
    0.0088831352
    0.0115595329
    0.0070652539
    0.0046494035
    0.0108223863
    0.0028773395
    0.0085577423
    0.0121195659
    0.0087386110
    0.0121196235
    0.0064660099
    0.0001487429
   -0.0000408382
    0.0015237674
   -0.0014440012
    0.0099914090
    0.0067291385
    0.0029711401
    0.0090909454
    0.0124584341
    0.0055924846
    0.0035493589
   -0.0066737337
    0.0006582394
    0.0125187033
    0.0039812666
   -0.0035480961
    0.0071587115
    0.0005233773
    0.0108843806
    0.0078815946
    0.0078027945
   -0.0013425015
    0.0031246030
   -0.0019598868
    0.0108852523
    0.0001522387
    0.0090264524
   -0.0020883706
   -0.0000052911
    0.0048999689
    0.0087486239
    0.0057852572
    0.0066083604
    0.0097840115
   -0.0064700106
    0.0111568974
    0.0074143791
    0.0049744164
   -0.0052382557
    0.0029279716
    0.0113694476
    0.0084926132
    0.0105121644
   -0.0045419965
   -0.0083556230
    0.0051571422
   -0.0147632187
   -0.0131214527
   -0.0191481000
   -0.0205556709
   -0.0139295123
   -0.0168717448
   -0.0215054055
   -0.0144119863
   -0.0167016373
   -0.0216917536
   -0.0198226131
   -0.0168675417
   -0.0176646822
   -0.0184230576
   -0.0205951677
   -0.0149025794
   -0.0214211466
   -0.0219832812
   -0.0178146675
   -0.0186255902
   -0.0206917443
   -0.0218444739
   -0.0205072519
   -0.0179293370
   -0.0201900278
   -0.0131626208
   -0.0207966212
   -0.0200427783
   -0.0140967566
   -0.0196269957
   -0.0150534944
   -0.0141157120
   -0.0212730831
   -0.0115734967
   -0.0184833686
   -0.0161222393
   -0.0202941685
   -0.0173428149
   -0.0198854093
   -0.0157376567
   -0.0197089624
   -0.0139083052
   -0.0138819399
   -0.0215324536
   -0.0185006570
   -0.0180132699
   -0.0206794988
   -0.0107964067
   -0.0133662627
   -0.0110908402
   -0.0125825752
   -0.0209787018
   -0.0108417329
   -0.0209843820
   -0.0119786686
   -0.0198402755
   -0.0173770190
   -0.0142540591
   -0.0167235486
   -0.0201593845
   -0.0150532931
   -0.0210825904
   -0.0137648908
   -0.0196446750
   -0.0176029295
   -0.0219210597
   -0.0160414960
   -0.0218375144
   -0.0133028459
   -0.0202776344
   -0.0136080867
   -0.0151040745
   -0.0172362434
   -0.0196211884
   -0.0126360882
   -0.0206052604
   -0.0112503131
   -0.0137720133
   -0.0155867090
   -0.0134669590
   -0.0180624856
   -0.0144177574
   -0.0136570267
   -0.0142962513
   -0.0189260592
   -0.0121914174
   -0.0193183965
   -0.0213895926
   -0.0155620457
   -0.0160909516
   -0.0215349477
   -0.0179636689
   -0.0157350547
   -0.0156577531
   -0.0203657162
   -0.0198253478
   -0.0216440026
   -0.0179185349
   -0.0151433545
   -0.0116367268
   -0.0113333626
   -0.0219043225
   -0.0124462486
   -0.0191094748
   -0.0218497077
   -0.0156802785
   -0.0198810870
   -0.0184986652
   -0.0140892012
   -0.0197754267
   -0.0148090500
   -0.0119631398
   -0.0165084460
   -0.0219948378
   -0.0213196699
   -0.0198609255
   -0.0199803584
   -0.0192260712
   -0.0218700522
   -0.0184629221
   -0.0162643588
   -0.0132005775
   -0.0204649288
   -0.0167525855
   -0.0155417159
   -0.0188367716
   -0.0181204216
   -0.0185792903
   -0.0206093923
   -0.0133298597
   -0.0140664411
   -0.0217061468
   -0.0187191345
   -0.0198555559
   -0.0196306557
   -0.0190979474
   -0.0214307326
   -0.0133555550
   -0.0168966674
   -0.0165280652
   -0.0193471460
   -0.0217052505
   -0.0177622927
   -0.0180491754
   -0.0161133034
   -0.0196825781
   -0.0127376119
   -0.0136280018
   -0.0152678708
   -0.0193870417
   -0.0218100357
   -0.0203080431
   -0.0162387225
   -0.0121495717
   -0.0164981154
   -0.0175369528
   -0.0181424899
   -0.0188712713
   -0.0203130527
   -0.0144022011
   -0.0119491357
   -0.0156569570
   -0.0162562523
   -0.0194927617
   -0.0121634480
   -0.0125350318
   -0.0155695413
   -0.0141216837
   -0.0119983916
   -0.0179575036
   -0.0214874663
   -0.0118072027
   -0.0144501761
   -0.0190091634
   -0.0216762606
   -0.0137153212
   -0.0152282084
    0.0085088784
    0.0102370579
    0.0091202427
    0.0077006588
    0.0097114561
    0.0077135190
    0.0083234281
    0.0091043611
    0.0113699989
    0.0079838018
    0.0100987895
    0.0089690047
    0.0088567034
    0.0102464658
    0.0098185203
    0.0086170290
    0.0077588359
    0.0106564743
    0.0079410468
    0.0098393813
    0.0098667848
    0.0087551246
    0.0073316153
    0.0089603544
    0.0082262371
    0.0095459013
    0.0078617320
    0.0093475388
    0.0106320492
    0.0083264163
    0.0102574612
    0.0104187960
    0.0085094150
    0.0091651566
    0.0129793228
    0.0076253544
    0.0088154177
    0.0095140789
    0.0118982537
    0.0124750729
    0.0091868091
    0.0114437356
    0.0082538027
    0.0093201685
    0.0078656661
    0.0084240554
    0.0078009928
    0.0087868418
    0.0079838994
    0.0078528941
    0.0089910054
    0.0089369670
    0.0085223947
    0.0086737691
    0.0080233514
    0.0090262326
    0.0092325303
    0.0093072168
    0.0087100354
    0.0095541147
    0.0088543975
    0.0101931395
    0.0086252272
    0.0112665074
    0.0089951632
    0.0090119314
    0.0090086930
    0.0121229277
    0.0095764860
    0.0092934001
    0.0093547227
    0.0095101748
    0.0087822220
    0.0086168645
    0.0075245240
    0.0110536663
    0.0101421445
    0.0088163434
    0.0105833376
    0.0096776528
    0.0075646255
    0.0110282677
    0.0091596450
    0.0086643171
    0.0106511890
    0.0084546941
    0.0103800315
    0.0096256847
    0.0095784035
    0.0113386043
    0.0084575323
    0.0091111226
    0.0098843963
    0.0092211234
    0.0088378474
    0.0113972798
    0.0087697473
    0.0092709168
    0.0091710540
    0.0093744316
    0.0092345721
    0.0087005424
    0.0118230387
    0.0099717221
    0.0079819707
    0.0114635408
    0.0087744875
    0.0110411887
    0.0093995160
    0.0093427944
    0.0096979391
    0.0076879959
    0.0119146988
    0.0084020665
    0.0081683339
    0.0083355885
    0.0083331515
    0.0086165524
    0.0084870350
    0.0085031159
    0.0114695690
    0.0089107209
    0.0077501968
    0.0099074909
    0.0094846153
    0.0082686719
    0.0080318221
    0.0082222105
    0.0089021653
    0.0080208662
    0.0100771989
    0.0044729802
   -0.0018887058
    0.0012496605
    0.0057224874
    0.0067462802
    0.0019298716
   -0.0044032580
    0.0070909118
    0.0054376387
    0.0049506981
    0.0040046031
    0.0062037196
    0.0028646722
    0.0015973353
    0.0030076000
    0.0009199336
   -0.0009183766
    0.0071015804
    0.0058574219
    0.0043901399
    0.0031226828
    0.0017196628
    0.0038376040
   -0.0098378034
    0.0028132572
    0.0033670329
    0.0070401480
    0.0045289501
   -0.0023040294
    0.0008794675
   -0.0068945863
   -0.0115059030
    0.0067208559
    0.0045573712
    0.0053009388
    0.0039010359
    0.0043650376
    0.0067796662
    0.0061967539
    0.0043566976
    0.0053971620
    0.0030621894
    0.0013063190
    0.0055286040
   -0.0011017803
    0.0072974290
    0.0046374886
    0.0025423757
    0.0011277387
   -0.0022929779
    0.0009438575
    0.0021693347
    0.0082802313
   -0.0008688440
    0.0012695750
    0.0072455509
    0.0069499788
   -0.0017202465
    0.0009279822
    0.0024354593
   -0.0096418184
    0.0061573391
    0.0074455182
    0.0007158193
    0.0010593458
   -0.0022905522
    0.0025073703
    0.0060982695
    0.0039313613
    0.0058366774
    0.0013963376
    0.0040100455
    0.0054160826
    0.0075380725
    0.0062847375
    0.0024428386
    0.0031059430
    0.0058763749
   -0.0059363850
   -0.0019322399
    0.0051929485
    0.0018597780
    0.0023049630
    0.0041632531
    0.0022160912
    0.0008625921
    0.0046503765
    0.0033253634
    0.0042176867
    0.0025441494
    0.0055928108
    0.0027808308
    0.0003207359
    0.0013673747
    0.0047077700
    0.0073971791
    0.0066467040
    0.0005698355
    0.0071048123
    0.0051093346
   -0.0001248275
    0.0055561813
   -0.0041240286
    0.0070999563
    0.0010078330
    0.0077961359
   -0.0052774793
    0.0000297520
    0.0017736013
    0.0015197980
    0.0073982375
    0.0037161675
    0.0030700162
    0.0070113149
    0.0042011996
    0.0054161951
    0.0059291701
    0.0053720463
    0.0029938715
   -0.0010642960
    0.0069401347
   -0.0101129787
    0.0071568284
    0.0060055635
    0.0027142839
    0.0004556486
    0.0070664539
    0.0027642623
    0.0075393070
    0.0053305279
    0.0042505816
    0.0034153706
    0.0065273697
    0.0050041615
    0.0039467905
    0.0068869474
    0.0075312376
    0.0032719355
    0.0039435947
    0.0051136873
    0.0023762571
    0.0039119283
    0.0005761002
    0.0068832632
   -0.0002042000
    0.0016980969
   -0.0114285938
    0.0000831716
    0.0022491810
   -0.0051664162
    0.0036306280
    0.0009576437
   -0.0003976546
    0.0049215884
    0.0034917341
    0.0040321361
   -0.0031335622
   -0.0001598778
    0.0065897636
    0.0054320418
    0.0019504132
   -0.0007024309
    0.0048555886
    0.0063205387
    0.0058762379
    0.0036814259
    0.0056786819
    0.0023555276
    0.0014923786
    0.0029266689
    0.0017992807
   -0.0056616911
    0.0035593329
    0.0076551473
    0.0024377930
    0.0043564156
    0.0052922480
    0.0004607065
    0.0054972324
   -0.0065198317
    0.0072095615
   -0.0034522492
    0.0069450000
   -0.0014300533
   -0.0013020982
   -0.0001830537
    0.0077675836
    0.0052005164
    0.0062198648
    0.0074198650
   -0.0030657616
    0.0070988382
    0.0039220086
    0.0027501261
   -0.0076217979
    0.0018274299
   -0.0002918057
    0.0071337877
    0.0006934577
    0.0023757226
    0.0048959893
    0.0006854446
    0.0053760886
    0.0019981747
    0.0027540434
   -0.0011438626
   -0.0077346472
    0.0056249230
    0.0038388592
    0.0023861773
    0.0029208519
    0.0014133580
    0.0030392495
    0.0073592641
    0.0065432906
    0.0001805183
    0.0064193945
    0.0016261640
    0.0019865502
    0.0023251184
    0.0065452044
    0.0015884153
