0.660926 0.628066 3.023013
-0.213522 -0.038685 2.445302
2.084192 -0.809924 2.399713
1.276210 -0.255366 3.073263
1.417110 0.423102 3.106042
2.184160 0.945680 2.543643
0.628895 0.307360 3.066010
0.728168 -0.102211 3.067023
0.931591 1.765448 2.062569
0.676075 1.680254 2.135356
0.179682 -0.323855 2.745613
0.745139 -0.807379 2.747737
0.703037 -0.333661 2.997547
0.439483 0.964256 2.797503
-0.073782 -0.349791 2.497698
1.833683 1.522162 2.237874
1.350224 1.549085 2.451930
0.500078 -0.339114 2.924065
0.562503 1.587608 2.238316
1.196330 0.529242 3.112645
1.986518 0.703707 2.821604
0.960184 0.828190 3.017212
2.488077 1.911428 -0.354682
2.632630 1.834231 -0.253050
1.806427 1.785545 1.905767
1.343250 -1.275910 2.307691
3.093245 1.188152 -0.421742
3.253225 0.246097 1.446316
2.341948 1.690015 1.660451
0.897707 -1.538085 2.088711
2.567467 1.648220 -0.720752
0.392831 -1.992633 1.244906
1.473318 -1.853044 1.699077
2.821085 0.979250 1.799515
3.355644 0.595474 1.065401
0.618825 -1.209870 2.295738
2.218222 1.813900 -0.865017
2.988739 -0.392670 1.783310
2.669046 -0.895699 1.899338
2.129727 1.648933 1.874380
2.351817 2.092640 -0.060416
0.666098 1.998236 1.720683
2.975468 -0.074545 1.871727
2.754863 1.365279 -0.820274
3.190273 0.883120 1.275784
1.269263 1.837157 1.987027
2.698693 0.587700 2.097123
0.568263 -2.143275 0.955037
2.582710 1.381717 -1.009103
2.720397 1.204337 1.756886
2.980296 1.279423 1.295719
2.680239 1.812982 0.938099
2.887770 -0.260291 1.942798
0.209505 -1.387057 -1.244816
3.230011 1.186104 0.088142
0.489547 -1.819984 1.631802
2.705993 -0.576496 2.029683
2.479071 1.035502 2.095905
2.908639 1.674245 0.232642
3.230690 1.080693 0.917639
0.097340 -1.400625 1.907143
2.723137 0.388364 2.120203
2.586617 -0.428715 2.184515
1.852888 -1.482741 2.004476
2.969848 1.566171 0.013883
2.861736 1.665700 0.831508
0.658766 -1.714420 1.845064
1.015354 -1.396418 2.224412
1.872671 1.571370 -1.724441
-0.720620 2.197439 -2.159193
1.413745 2.067580 -1.896194
-1.195652 2.782662 -0.979678
1.879901 2.178472 -1.145543
0.297108 2.499709 -2.062738
-0.382819 2.560764 -1.958142
-0.969536 2.371421 -1.875140
-1.385972 1.244824 -2.200244
-0.840034 2.896145 -1.196658
-0.136318 2.926324 -1.520105
-0.613326 2.379605 -2.055915
1.684322 0.525311 -2.060008
1.719559 2.424186 -1.044855
-1.090034 1.788530 -2.216098
-1.216061 2.268640 -1.783769
-1.389772 2.418896 -1.415601
1.127902 2.298002 -1.922625
0.101789 2.007872 1.735134
-0.893364 2.054092 -2.176147
0.170065 -1.220655 -1.496329
-0.540133 2.692695 1.046415
-0.380925 2.416547 1.396500
-1.190976 2.131392 -1.926877
-0.651278 2.914857 -1.322520
-0.819884 1.787618 -2.358514
-0.106479 1.814927 1.823739
-0.237064 2.811295 -1.684428
-0.535032 2.167440 -2.249694
-1.403345 2.514454 -1.238274
2.002640 1.632029 -1.495268
1.368965 2.294899 -1.732030
1.887441 2.309418 -0.843101
3.388967 0.978492 -0.190564
1.360606 -2.585265 -0.584973
3.474417 0.579936 -1.062191
3.140615 -1.278181 1.475674
0.472147 -1.771717 -1.118942
2.821230 -2.520878 -0.322339
3.051469 -2.255169 0.583359
1.613408 -1.008409 -2.205491
2.881730 -2.272291 0.759406
1.693473 0.372881 -2.028201
2.733113 -0.807332 -2.112745
3.904102 -1.035099 0.564807
2.631562 -2.598906 -0.012624
0.819846 -2.315430 -0.664755
3.229575 0.502393 -1.450603
2.068584 0.261090 -2.094362
3.048865 -2.395423 -0.373111
2.427794 -2.458597 0.747345
3.913090 -0.845042 -0.924404
3.449428 -1.563250 1.004772
0.528794 -1.132463 -1.634775
3.814408 -1.565547 -0.451484
3.246479 -0.730400 -1.827380
1.518402 -2.671383 -0.185110
2.455735 0.791986 -1.685476
3.129159 -2.237311 -0.790744
3.635622 -0.605210 1.150899
2.714514 -1.783234 -1.732028
3.070476 -0.869951 1.639742
1.181210 -2.480092 0.451580
1.094523 -0.665742 -2.093977
2.091237 0.478568 -1.982715
1.587914 -2.648888 0.240321
2.521011 -0.437574 -2.190856
1.835046 -2.446005 -1.177374
2.204156 -2.628632 0.399440
3.062550 -1.994421 0.997858
3.842769 -0.838970 0.791016
3.995383 -0.140259 0.228536
1.937963 -1.857460 -1.854341
3.784967 -1.274096 -0.975447
3.533965 0.665609 0.520841
2.896294 -2.381833 0.495627
3.402143 -1.788137 0.841334
2.218777 -2.102744 1.323208
3.343886 -1.970496 -0.965807
2.587675 -2.479443 0.589668
3.599907 -1.005864 1.129413
3.454073 0.215051 1.125681
2.982631 0.894600 -1.270373
2.567518 0.481448 -1.879488
2.411154 -1.601331 1.666505
3.425604 -0.279333 1.354381
2.493225 -2.161726 -1.471419
1.427693 -2.071561 -1.580162
0.731866 -1.122205 -1.808335
1.665819 -2.669337 -0.486149
2.107608 -1.850826 1.558611
2.094623 -0.801706 -2.258874
3.338115 -1.818246 -1.188257
3.452093 -1.329715 1.164395
2.226854 0.744205 -1.782834
2.910252 1.078827 -1.056045
4.029037 -0.264395 -0.459080
3.671059 0.568649 -0.621917
2.923879 -2.479181 -0.173993
3.005227 -2.384255 0.284162
2.084771 -2.395074 -1.261852
2.407602 -1.833676 1.516430
3.264163 -0.512833 -1.817990
3.264362 -0.938442 1.489021
2.362195 -2.263524 -1.391489
1.152090 -1.954162 -1.570101
2.723181 0.845199 -1.516240
2.324060 -1.518050 -2.023460
3.650561 -1.744375 0.397065
1.706071 -0.117103 -2.207681
4.043355 -0.210555 -0.135983
4.069005 -0.409992 -0.198737
4.023586 -0.730231 0.305587
2.273620 -2.081105 -1.627551
3.766968 -0.969644 0.891536
2.430065 0.957229 -1.528691
0.389388 -1.973269 -0.566355
3.352541 -2.175428 -0.341736
2.482975 0.108075 -2.085512
2.911950 -1.712769 -1.674951
1.015221 -2.188617 -1.192413
-3.636090 1.197866 0.255681
-2.280645 -0.274170 2.209971
-2.540139 0.571306 -1.857820
-0.350960 2.280603 1.533913
-1.649090 0.468660 -2.160313
-2.493663 2.341811 1.300887
-3.456882 0.843636 1.249802
-1.346877 2.954989 0.307122
-2.098417 2.777063 0.696904
-1.606413 2.916702 -0.151440
-2.665790 1.828642 1.726304
-1.855494 2.724008 1.085988
-3.080209 0.607846 1.819251
-1.657736 1.283210 -2.053639
-2.781123 2.199263 1.174160
-1.457547 2.921433 0.592636
-3.029763 1.927521 1.188694
-2.856631 2.277249 0.884317
-0.724949 2.614615 1.263485
-3.123796 0.124858 1.704987
-2.309196 0.801482 -1.964853
-0.967462 2.902927 0.541762
-1.854312 2.642964 1.261345
-1.991610 2.842068 0.529491
-3.478346 0.354216 1.215795
-3.314367 1.624875 1.012894
-1.248596 2.953687 0.095857
-0.604682 -0.740464 2.037512
-1.162443 -0.592281 2.262008
-2.142216 0.653954 -2.042201
0.122275 -0.268106 -2.822613
0.644298 0.477522 -2.998721
-0.183170 0.938741 -3.030169
-1.067292 0.939758 -2.546470
-0.250106 0.281299 -3.004685
-0.275354 0.479488 -3.030133
-0.563277 -0.488870 -2.443711
0.193013 -0.831537 -2.220648
1.023885 -0.418829 -2.360356
-0.919052 -0.166297 -2.444950
1.396807 0.419595 -2.489088
0.578856 -0.336843 -2.700526
0.201980 -0.970314 -1.890379
-0.885138 0.514749 -2.740459
0.894492 0.002711 -2.762131
-0.639320 0.888722 -2.879591
-0.666982 -0.241581 -2.597005
-0.805595 0.909549 -2.775967
-0.106771 0.740222 -3.067435
1.139685 1.137322 -2.653424
0.168103 1.849711 -2.569556
1.390828 3.014175 -0.858782
0.824600 3.505915 -0.091252
0.556972 3.421786 -0.917725
0.900997 2.824831 1.058201
-0.447318 2.712512 1.065272
-0.186215 3.466188 -0.662152
-0.492724 3.237390 0.465860
1.487236 3.084720 -0.044391
0.803942 3.427623 0.311601
1.076200 3.245422 -0.883724
0.110739 2.819247 1.188583
1.538396 2.921793 -0.726258
1.697601 2.575376 -0.859259
-0.416850 3.175355 -1.078035
0.123787 3.528858 0.228829
1.348160 2.956573 0.573560
-0.063397 3.540110 0.037952
-0.114466 2.634773 1.246621
0.305922 2.995604 -1.506386
-0.399596 3.433945 -0.000451
1.355958 3.197126 0.010211
-0.304279 2.888374 1.017763
1.112820 2.661523 1.044905
0.111630 3.525603 -0.671120
0.945576 3.042053 0.845481
-3.798168 0.092527 -0.975707
-2.560996 -0.224899 2.109649
-0.946380 -1.365202 2.094232
-2.778181 -2.810990 -1.003117
-3.755847 -1.618256 -1.201417
-3.538477 -0.900153 -1.700084
-3.437824 0.457346 -1.208694
-3.464355 0.262911 1.241964
-1.864442 -3.187639 0.381214
-2.497634 -2.667207 1.314084
-1.241688 -2.717752 -1.421272
-2.345265 -2.900946 -1.145020
-0.409615 -2.320009 -1.299900
-1.749388 -2.157530 1.925864
-3.092011 0.362925 -1.660963
-0.599342 -2.705792 -0.925701
-3.415640 -2.333429 -1.007487
-2.455804 -3.103541 -0.475980
-3.341309 -1.930369 -1.531637
-3.704749 0.583293 -0.240474
-2.013132 -2.871582 -1.301223
-2.497606 -1.617429 2.084627
-2.412154 -2.693362 -1.442405
-3.062789 -2.850918 -0.374344
-3.257033 -0.195347 -1.836694
-0.195183 -1.633412 -1.621431
-2.604583 -1.371823 2.121318
-1.412983 -1.593111 2.163648
-2.325969 -0.554888 2.243653
-2.328231 -0.285285 2.192326
-1.002504 -0.915680 2.175153
-0.034894 -1.356890 -1.560158
-0.747758 -1.106237 2.051172
-3.230410 -2.760339 -0.132563
-1.972715 -2.943390 1.058925
-3.591868 0.630023 -0.618593
0.116176 -1.840292 -1.042225
-3.122362 -2.706489 -0.770513
-3.882823 -1.657401 -0.914804
-2.657318 -0.582752 2.147497
-2.806647 -1.986565 1.778141
-3.284456 -2.351813 -1.176542
-1.607265 -1.209974 2.281948
-4.079301 -1.018197 -0.768633
-3.072565 -0.163962 -1.960977
-2.413451 -3.072713 -0.663584
-2.792691 0.155819 -1.983442
-2.228453 -2.667623 1.417291
-3.830996 -1.351067 -1.219530
-1.900297 -3.034343 -1.002051
-3.873316 0.303417 -0.360994
-2.582733 -3.092062 0.148155
-1.485001 -3.038130 -0.937918
-0.157678 -2.272675 -1.010137
-3.799942 0.460251 -0.045065
-1.644932 -1.984635 2.023617
-2.168288 -1.072511 2.281141
-2.392833 -2.911776 0.975824
-0.686827 -2.350767 -1.525576
-2.830462 -1.722491 1.904973
0.179365 -1.378889 -1.251143
-1.380435 -2.865513 -1.250767
-2.432530 1.097668 -1.877951
-1.933416 2.911864 0.115109
-3.367105 2.137043 -0.804660
-1.595052 2.647390 -1.122776
-1.978677 1.574528 -1.908495
-2.732208 2.298655 -1.390956
-2.506297 1.998320 -1.697188
-2.848472 1.834232 -1.614606
-2.586512 2.704904 -0.945249
-3.656558 1.223396 0.171292
-3.303942 2.301571 -0.650111
-3.249446 2.275494 -0.842271
-1.827537 2.715873 -1.097583
-3.121003 1.874741 -1.387382
-2.501871 1.646081 -1.826262
-2.487755 2.874518 -0.008501
-3.349943 1.043312 -1.272360
-2.303481 2.924839 -0.078090
-2.278777 2.075995 -1.712910
-1.791518 2.524988 -1.353873
-3.288112 2.107683 -1.001186
-3.557693 1.981072 -0.268451
-2.739590 0.419595 2.146743
-2.237947 0.039180 2.486240
-0.759751 2.237454 1.853570
-1.588694 1.983446 2.415215
-0.164137 1.546360 2.166733
-2.259554 1.657938 2.377817
-1.103329 0.464862 2.893900
-2.134300 0.583230 2.739844
-1.658582 1.567532 2.718009
-1.343578 1.921986 2.497934
-0.798503 2.149040 2.065127
-2.376579 1.288754 2.499286
-1.521549 2.341186 1.867898
-0.157578 1.104786 2.394931
-2.526690 1.318840 2.343820
-2.539171 0.483249 2.419515
-0.849466 0.953231 2.856095
-0.354053 0.139933 2.448593
-1.584228 -1.389066 -2.752583
-3.335923 -1.060019 -1.887102
-0.945197 -2.166245 -2.022820
-2.841917 -1.709672 -2.307187
-1.370481 -2.357904 -2.087316
-3.053391 -1.579446 -2.164348
-2.402217 -1.315345 -2.686911
-2.422059 -1.586718 -2.610481
-2.728054 -0.880406 -2.537974
-1.846556 -1.641349 -2.701750
-1.032882 -0.734201 -2.560869
-1.724431 -1.237736 -2.791251
-1.125034 -1.854149 -2.423277
-2.457122 -0.784755 -2.661358
-1.899918 -2.378320 -2.168353
-1.356290 -1.481944 -2.678029
-2.741135 -2.303472 -1.810853
-2.224142 -0.995835 -2.758123
-2.510906 -1.762677 -2.496235
-1.968146 -1.246999 -2.789208
-1.381710 -0.683825 -2.695537
-4.381394 -1.108616 -0.250514
-4.244576 -0.712702 1.158980
-3.618479 -1.665419 1.648736
-4.178252 -0.776940 -0.614457
-4.173225 -1.331428 -0.590886
-3.103626 -1.993021 1.658380
-4.011605 -2.097742 0.755630
-3.839909 -0.101074 1.308655
-4.459960 -1.206041 0.575401
-3.521243 -0.706587 1.827047
-3.761012 -1.508250 1.623022
-4.303166 -1.420092 -0.312495
-4.336871 -0.432161 0.741738
-3.758304 -0.628958 1.669617
-3.993827 0.089467 0.813157
-3.861894 -2.308352 0.430190
-3.528234 -1.348505 1.812641
-4.185289 -1.250393 1.266287
-4.438170 -1.407403 0.417585
-4.248985 -0.525409 1.058211
-0.100243 -2.653651 -0.338358
-1.650809 -2.944449 1.250221
-0.966381 -2.757893 1.584600
-0.722523 -2.957419 -0.454817
-0.091125 -2.763858 0.931749
0.256709 -2.373355 -0.031861
-0.677383 -3.083107 0.977688
-0.544050 -2.708883 1.483839
-1.155638 -1.847442 2.060848
-1.698779 -2.516048 1.688758
-0.246038 -2.573670 -0.598415
-1.201215 -2.874136 1.472753
-1.345482 -2.964202 1.335947
0.064867 -2.671650 0.038085
-0.531008 -1.974418 1.909697
-0.653965 -3.121336 -0.035465
-1.569590 -2.367112 1.828604
-0.562203 -2.864005 -0.501894
0.164132 0.103414 3.122090
-0.050233 0.872817 2.826961
2.224851 1.245898 2.651029
0.602453 0.659976 3.255394
1.442275 0.606879 3.316741
0.908261 1.779961 2.544830
1.939674 0.788952 3.105364
1.896941 0.220343 3.224561
0.971075 -0.349828 3.295632
0.986791 0.826498 3.277115
1.142903 1.012597 3.208173
0.399262 0.096743 3.237777
0.484965 1.446180 2.783588
2.169740 -0.672340 2.817041
1.677147 0.776416 3.214926
1.839208 1.069997 3.026397
3.435175 1.525164 0.133165
3.286441 1.757102 0.331720
3.502302 0.997134 1.360815
2.831595 0.788375 2.381583
2.944324 2.007934 -0.305396
3.508487 -0.047360 1.692984
3.303642 1.507369 -0.461646
1.374462 2.339890 1.887632
1.631395 -2.059191 1.958888
0.932463 -1.353143 2.666842
1.873547 -1.347607 2.557686
2.920650 0.568912 2.368243
2.328249 -1.060359 2.527011
2.439103 1.150218 2.512767
1.693296 1.765020 2.444482
1.175550 -1.765167 2.357747
0.682657 -2.554695 0.796651
3.080235 -0.802697 2.048729
3.405607 1.013524 1.553770
2.970148 0.151834 2.379030
3.100993 1.767372 1.227509
1.715744 2.211900 1.976900
1.120328 -1.219502 2.754425
0.564459 1.861816 2.359208
0.824442 1.968705 2.318400
2.635338 -1.051074 2.331051
1.064854 -1.913645 2.206605
0.399507 -1.939002 2.023513
0.906185 -2.127220 1.926057
3.157489 1.877672 0.725085
1.164091 2.359454 1.877149
2.498040 -1.412068 2.181448
3.640995 0.337727 1.400805
2.510852 2.254871 -0.540803
2.922022 1.317513 2.017565
3.693452 1.001625 0.536793
1.705014 -1.943708 2.081881
2.866276 1.731750 -0.937849
0.726531 -1.427728 2.589910
0.809447 -2.297018 1.628254
3.272621 1.735610 0.009196
2.328323 -1.342010 2.350458
2.345725 2.397896 -0.416599
1.581848 2.602961 1.322332
2.765202 0.193746 2.547324
2.676646 2.231543 -0.298771
0.569025 -1.307994 2.633809
1.545625 2.693914 1.057010
3.123581 1.496365 1.587156
1.734500 1.857419 -2.252109
0.956024 2.528420 -2.307052
2.402083 1.753085 -1.415487
-0.896845 1.774721 -2.727131
0.838494 2.890626 -1.989471
1.273008 2.897400 -1.690442
-0.805761 3.370137 -0.949050
0.171273 2.822110 1.532631
-1.624028 2.243068 -1.978339
2.191876 1.621708 -1.863968
-0.111469 2.542328 -2.483437
0.953568 3.104838 -1.607262
-0.778781 2.209317 -2.559436
1.464083 2.273982 -2.206569
2.060362 2.470213 -1.258803
-0.703221 2.927516 -1.947504
1.659552 2.508476 -1.813981
-1.143839 2.671734 -1.985164
-0.377118 2.707922 -2.300499
1.940290 2.166059 -1.825665
1.213411 2.455431 -2.231917
-0.738432 3.316159 -1.209967
1.327278 2.667433 -1.945568
1.765562 2.101092 -2.073014
1.244061 2.054662 -2.491619
1.614469 2.188483 -2.149060
-1.542209 0.813103 -2.546455
-0.008614 1.969551 -2.834620
0.555044 2.077714 -2.734266
-1.112304 2.186928 -2.416053
1.800179 0.747771 -2.440545
1.964639 1.922563 -1.981324
2.398336 1.991300 -1.169407
-0.963983 3.376096 -0.183842
1.895684 0.575222 -2.339899
1.572575 1.279949 -2.574640
4.270096 -0.651168 -0.870201
0.672591 -1.161192 -2.135729
3.945462 -0.508805 1.240009
3.873473 0.887199 0.042545
4.184365 0.002809 0.607891
2.056682 -0.680174 -2.574524
2.007601 -2.586715 -1.530658
4.135111 0.456770 -0.358403
2.650968 -2.421705 1.288149
4.127764 -0.635000 0.933035
2.782701 -1.419662 1.981169
3.993033 -1.442554 0.856457
1.667123 -0.717399 -2.558783
0.858549 -1.144503 -2.247952
1.581871 -2.991879 -0.154976
1.604879 -1.281554 -2.452052
3.602756 -2.153158 -1.000813
3.622358 -0.261565 -1.881127
2.055101 0.521043 -2.308585
3.700557 -0.071266 1.459632
2.324929 -2.318058 1.520517
3.968344 0.256456 -1.207080
3.293147 -1.631313 -1.884233
3.700403 -1.067774 1.471084
3.472387 -1.895798 1.225653
3.259567 -2.532783 -0.790252
4.339295 -0.546822 -0.593696
1.235480 -1.724337 -2.174870
3.835427 -2.120291 -0.234590
2.057540 -2.889985 -0.922998
3.942495 -1.326873 1.034299
3.572814 -0.011759 -1.863150
0.714494 -2.651384 -0.509893
3.391313 -2.195218 0.971698
3.677753 -2.230463 0.330733
3.729892 1.037984 0.169957
3.641133 1.122031 -0.504649
3.906869 0.691755 0.520046
4.011137 0.307857 0.780917
3.641126 -0.776418 -1.883336
3.961584 -1.692039 0.656499
3.074336 -2.653246 0.471615
4.086615 -1.324399 0.749425
1.453114 -0.335551 -2.514156
3.037728 -1.695503 1.724812
2.710417 -0.161324 -2.416715
2.003910 -0.970418 -2.547747
2.612355 -2.300742 -1.740540
4.149495 -1.137636 0.731100
3.977281 -0.336703 -1.464997
4.145250 -1.471655 0.410327
4.060851 0.035303 -1.179542
0.800421 -1.346810 -2.151424
2.310433 -2.149975 -1.975211
3.771896 -1.334983 -1.572728
4.084637 0.511958 0.233627
4.192652 -0.832830 -1.052740
4.198086 0.337020 -0.183626
4.378191 -0.671279 -0.062453
3.985172 -1.752533 -0.788779
3.799839 -2.128785 0.191891
2.976099 -2.602370 0.748475
2.762640 0.921469 -1.871461
4.142735 -1.114790 -1.054834
3.199629 -0.906758 -2.207976
2.807095 -2.114772 1.540560
4.218271 0.128720 -0.648706
3.730554 -2.106014 0.513595
4.026171 -0.631986 1.117606
2.157309 -2.486085 1.359222
3.683945 -0.658029 1.556259
2.446574 -1.942847 -2.103934
-1.013386 2.917493 1.544862
-3.886069 1.310985 0.807995
-2.255663 3.133635 0.354292
-0.708628 2.557089 1.952562
-0.923397 3.133295 1.029838
-3.120460 1.615900 1.970878
-0.846748 3.187241 0.784718
-1.556584 0.530790 -2.513989
-2.307835 0.634379 -2.344110
-3.360577 0.453148 2.012542
-2.651722 0.932555 -2.158817
-1.855564 3.167484 0.848006
-3.472538 2.096214 0.932104
-2.717890 0.113436 2.495145
-0.826575 -0.809424 2.479881
-1.867746 0.842809 -2.458016
-2.981574 1.538741 2.140300
-1.512800 3.289673 0.309360
-2.876707 1.846327 2.047409
-0.756750 3.017226 1.249171
-0.930008 -0.633970 2.597576
-4.000779 0.945844 0.619075
-2.515267 2.719476 1.391558
-2.187655 2.980757 1.147152
-0.957237 2.560072 2.019592
-0.139426 0.296860 -3.277699
1.471826 1.185161 -2.666505
-0.182397 1.366987 -3.155586
0.153919 1.278391 -3.216983
0.055473 0.146037 -3.262024
0.237850 1.796382 -2.934126
-0.278705 1.201735 -3.196429
-0.328466 0.684416 -3.271269
1.525039 0.949397 -2.689008
1.238347 0.652318 -2.975051
0.897505 -0.499224 -2.751220
0.235010 -0.177584 -3.142777
-0.903870 -0.043369 -2.875236
1.197641 0.427373 -2.989277
0.074925 -0.818816 -2.657809
0.045641 3.635106 0.605445
-0.496453 3.458006 -1.051026
0.091920 3.824320 -0.106073
1.361221 3.336054 0.510316
-0.806938 3.483730 -0.046764
1.157000 3.628697 -0.316297
0.380047 3.338898 1.070482
0.484620 3.717464 -0.858442
-0.116271 3.153280 1.194582
0.717006 3.168886 1.175184
1.864274 2.965769 -0.554186
1.477043 3.376081 0.174128
0.129530 3.522832 0.823786
0.480661 2.954778 1.387133
1.635215 3.062988 0.536212
-0.198176 3.692714 0.327544
1.768840 3.048256 0.256418
1.075094 3.610857 0.235769
-0.862235 3.376773 0.260070
-0.283523 3.602138 0.503288
-3.276931 -1.989866 -2.050455
-3.586674 -2.902070 0.139608
-2.930095 -1.201369 2.393341
-1.750888 -1.191666 2.636088
-1.921578 -3.394595 -1.015802
-0.071357 -1.791540 -1.926611
-2.684233 -3.319446 -0.796484
-3.120741 -2.202756 1.902455
-3.191443 -2.302161 -1.902498
-4.111131 -1.074993 -1.499059
-2.343817 -3.516603 -0.129494
-3.850320 0.006696 -1.647233
-3.499790 -0.868761 -2.195340
-3.303846 -0.079086 2.078890
-2.587226 -2.974556 -1.572990
-0.352113 -2.051151 -2.016340
-3.775455 -0.915955 -1.943843
-3.763313 -1.453682 -1.858822
-3.651114 -0.621301 -2.053483
-3.459783 0.679060 -1.594321
-4.221602 -1.093792 -1.301558
-3.269465 0.157791 -2.126063
-3.688145 -0.434254 -1.987641
-3.252603 -2.518167 -1.656099
-1.245704 -3.427204 -0.719956
-2.958004 -0.949369 2.403619
-0.874940 -2.449833 -2.051159
-2.326241 -0.967555 2.606915
-1.324663 -3.117224 -1.482389
-1.987271 -0.708324 2.649099
-2.903480 0.003663 -2.402754
-3.260905 -0.691375 2.235517
-4.330683 -0.429733 -1.001407
-2.069463 -1.302491 2.608145
-1.230427 -2.765759 -1.902275
-2.614695 -3.031105 1.351682
-1.166215 -3.464157 -0.442470
-2.634945 -3.423438 -0.376273
-1.394541 -3.485289 -0.588239
-0.285655 -2.943979 -0.886199
-2.469506 -3.335232 0.827109
-0.282081 -2.157304 -1.890576
-4.307008 0.157785 -0.465493
-2.231207 -2.913920 1.659645
-3.723190 0.250854 -1.654787
-3.320326 -0.893659 2.202092
-3.365527 -3.036136 -0.517489
-3.656740 -0.837717 -2.061333
-2.217735 -3.371966 -0.996018
-3.434930 -2.364575 -1.634223
-2.437496 -3.107460 -1.444089
-0.901751 -1.432558 2.434052
-0.734832 -2.701382 -1.737182
-3.307424 -3.106171 0.209860
-3.331252 -0.366946 -2.266202
-3.575588 0.096989 1.781010
-3.420688 -2.199965 -1.790979
-1.730697 -3.553725 -0.344886
-1.724691 -2.487844 2.108009
-1.267912 -2.250750 2.205210
0.023811 -2.355784 -1.386945
0.031649 -2.529692 -1.144933
-3.867275 -2.630707 0.019371
-1.227691 -3.503110 -0.186496
0.029697 -1.451458 -1.969731
-3.434721 -2.554933 -1.425732
-1.623010 -1.964106 2.412352
-2.168402 3.183392 -0.079116
-3.563484 2.313693 -0.772796
-2.908377 1.369004 -1.962203
-3.563977 2.392052 0.055115
-3.832281 1.885564 -0.533068
-2.309850 3.175243 -0.193468
-2.585116 1.415875 -2.089554
-3.101252 2.854666 -0.487525
-3.378834 0.924040 -1.578967
-2.022152 3.189632 -0.416588
-2.866933 1.736857 -1.922894
-3.565961 1.732636 -1.317783
-3.678810 1.096465 -1.227789
-2.155056 2.701879 -1.536431
-2.681456 2.973740 -0.876104
-3.177148 2.396056 -1.315728
-0.649419 2.291092 2.217130
-0.123919 1.821889 2.305291
-1.879281 2.146777 2.509449
-2.613815 0.987049 2.700827
-0.987446 -0.236477 2.848719
-2.121563 0.134499 2.901603
-1.029826 1.758754 2.884170
-1.151617 1.243171 3.116264
-1.190033 0.163756 3.073754
-1.314371 2.294945 2.445396
-1.468819 2.466569 2.178582
-1.674600 -0.118771 2.929260
-2.247534 2.183947 2.227453
-0.356780 1.167414 2.856698
-0.567057 1.468204 2.873641
-2.588687 1.747015 2.376769
-2.529478 1.642917 2.517220
-2.193950 -1.151264 -3.009131
-3.242604 -1.004988 -2.433131
-2.538997 -0.695481 -2.873833
-1.076319 -0.323414 -2.723209
-1.944242 -2.257944 -2.623858
-1.584058 -1.683412 -2.923452
-3.036048 -0.585040 -2.547180
-2.073931 -2.026723 -2.768512
-2.925804 -0.699069 -2.664580
-2.991907 -1.480914 -2.601844
-1.822382 -1.870146 -2.866532
-2.033372 -0.130927 -2.791222
-2.605248 -1.609907 -2.797852
-4.717199 -0.882787 0.147832
-4.515978 -1.085408 -0.542918
-4.008075 -1.893035 1.541037
-4.547785 -1.813023 0.426738
-4.222901 -0.902704 1.630197
-3.859406 -0.038974 1.621498
-4.426517 -1.651303 1.141174
-4.026988 -2.485115 0.408738
-4.454621 -0.061702 0.021936
-3.771122 -1.816664 1.782739
-4.180090 -2.263943 -0.131440
-4.626478 -0.441701 0.064240
-3.523216 -2.244852 1.611860
-4.131557 -0.410946 1.595126
-3.430286 -0.704329 2.126473
-3.900346 -2.545379 0.673709
-4.408506 -0.969839 1.397020
-3.939851 -0.680162 1.852602
0.360437 -2.534417 -0.280738
-1.065806 -3.339500 1.165145
-0.699272 -3.283138 1.160149
-1.084585 -3.494512 0.277258
-0.171868 -3.141553 -0.120603
-1.310826 -3.434122 0.877404
-0.364864 -2.023833 2.093009
-0.332575 -3.105733 -0.419599
-0.091939 -2.313809 1.819696
-0.750389 -3.452370 0.285198
-0.675691 -2.307407 2.112131
-0.175674 -1.773165 2.039930
-1.092592 -2.431179 2.122017
0.172825 -2.242548 1.616105
0.428389 -2.657150 0.324574
-0.734275 -2.026080 2.220772
-0.863845 -3.448167 0.732873
0.605781 -0.859116 3.269095
2.363322 0.564355 3.201049
0.071371 -0.407281 3.245554
2.409490 0.150595 3.203299
1.047980 0.781984 3.545799
0.329082 0.989402 3.313208
0.806058 0.409251 3.591375
1.521201 1.716459 2.960066
2.150376 0.317371 3.364911
0.010194 0.340227 3.308337
1.281154 0.090664 3.616523
1.101595 -1.030565 3.234755
2.214558 -0.100090 3.306650
1.393784 -0.815974 3.348550
1.180976 1.169806 3.398273
2.176132 1.039270 3.161110
0.097279 0.766647 3.278886
1.917115 0.415183 3.465247
0.479357 1.311723 3.204452
1.817102 -0.482097 3.392696
-0.070342 0.719099 3.187576
0.266763 0.719324 3.378553
0.213448 -2.057147 2.344444
0.732673 -1.543593 2.926142
2.574367 1.462354 2.700117
-0.327646 0.107688 3.060404
1.840735 -1.138250 3.083092
2.164038 -1.260252 2.916273
-0.118395 -0.495636 3.101216
0.899917 -2.275158 2.295210
1.290909 -2.489682 2.005036
3.319489 2.166364 -0.170228
3.210174 2.105397 -0.632131
3.546017 1.942102 0.008156
2.209869 2.912316 0.885506
3.113676 1.516772 -1.477449
3.358839 1.469787 1.960987
2.455738 -1.303251 2.753025
3.526452 1.904110 -0.232251
3.936874 1.312693 0.212383
2.653387 2.598360 1.257951
1.305598 2.719180 1.934980
3.874742 0.493457 1.674823
1.934376 1.713992 2.842078
2.774150 2.674817 0.254921
3.824479 0.003890 1.828753
2.677870 2.291515 -1.094482
3.758652 0.602029 1.862518
1.119850 -2.745147 1.514498
2.852344 1.391750 2.546996
3.237451 -0.900480 2.360870
3.056648 2.121783 1.620190
1.663419 2.197074 2.531189
0.442803 1.819863 2.802569
3.369406 2.141341 0.793238
0.007752 -0.990331 3.002767
0.790547 -1.242442 3.103752
3.639805 0.626847 2.046977
0.204676 -1.664511 2.697833
3.940966 0.876336 1.308482
2.910331 0.149698 2.864005
2.787179 1.154329 2.719418
2.964481 1.485554 -1.647012
3.861922 1.423514 -0.024518
1.730356 -1.574813 2.867441
1.501289 -2.509809 1.938001
1.051190 -2.573788 1.869484
2.028269 2.938610 1.059360
1.892369 2.758723 1.671466
1.063799 1.835292 2.887545
0.375590 -0.894271 3.167338
2.691760 1.606608 2.528966
3.319890 1.538283 -1.209244
2.895528 -0.893929 2.671984
3.937400 0.734592 1.420274
0.809764 -2.709248 1.556273
3.444804 0.982941 2.171484
3.969260 1.057176 1.005519
2.337579 -0.977751 2.974153
0.045139 -1.371690 2.827885
1.663036 -2.398909 2.066965
3.299021 1.911703 1.544812
3.087321 2.139275 -0.796558
3.302285 2.091840 -0.447750
3.700947 1.456088 1.332712
1.383040 2.897172 1.573578
3.092138 -1.324521 2.248836
0.732935 -1.891458 2.666222
3.163953 1.455043 2.214392
-0.508738 3.560590 -1.677343
-1.602450 1.307046 -2.879513
1.116817 2.060883 -2.961938
-1.184380 0.484951 -3.119641
0.357684 -1.176920 -2.612802
-1.348243 3.567827 -0.587515
2.088560 3.022452 -1.122753
-1.561933 2.402040 -2.437843
1.728874 0.959653 -2.915749
1.390594 2.567811 -2.517400
-1.106960 3.050219 -2.142871
-0.741993 3.811736 -0.492960
2.527115 2.484893 -1.162927
0.302132 -1.415537 -2.379562
-1.387661 1.021802 -3.040719
-0.783271 2.154639 -2.992786
-0.067531 2.479897 -2.945539
1.959927 3.173774 -1.001971
-1.331142 1.931966 -2.856518
-1.118488 2.144536 -2.866055
-0.715623 3.672081 0.579655
1.150940 2.660512 -2.575325
1.983631 1.532802 -2.636751
2.457043 2.748791 -0.622989
1.650849 1.123047 -2.953599
-1.001879 3.520683 -1.430878
0.915761 2.895532 -2.473258
0.769475 -1.059368 -2.624539
0.452964 2.544293 2.175705
-0.895639 3.727518 -0.839725
2.498794 2.229436 -1.600577
-1.092984 2.616853 -2.576156
-0.858437 2.611973 -2.686706
1.394295 3.093300 1.266312
1.132201 3.103441 -2.139695
0.146274 3.641629 -1.629651
0.330285 2.717017 2.068557
-0.584845 3.319742 1.354317
-1.505474 3.313282 -1.299555
-1.169124 3.546496 -1.153628
-0.493549 2.224482 -3.034276
2.272065 2.774616 -1.260637
0.672134 2.291055 -2.987714
2.054185 3.141556 -0.803885
-1.383721 3.325178 -1.450246
0.820234 3.208417 1.462345
-1.647867 2.766564 -2.028295
-1.008467 1.196676 -3.197850
2.359949 2.833576 -0.801001
1.966660 1.203082 -2.722210
-0.192640 3.451984 -1.961808
-1.441970 1.347639 -2.970992
1.136625 3.172322 1.345107
2.573145 1.965419 -1.709511
1.008781 3.380856 -1.809806
-1.034555 2.408247 -2.753336
4.626064 -1.130812 0.010139
4.285053 -1.262390 1.107864
1.630994 -1.061812 -2.822444
2.635921 -2.595006 1.581046
4.283691 0.018110 1.144928
4.604136 -0.226203 0.406201
1.223788 -3.180407 0.341095
3.904809 -2.478254 -0.441499
4.206296 0.151954 -1.504414
1.563227 -1.285881 -2.763811
4.323647 0.480552 -0.986793
2.964416 -3.118211 -0.374031
3.580558 -1.983882 -1.842210
4.468051 -0.958501 0.854868
2.470045 -3.054694 -1.209026
3.921689 0.908406 -1.311123
2.561897 -0.846146 -2.800604
4.018475 1.174593 0.165378
2.108104 -0.525970 -2.877339
4.266633 -0.325711 1.283716
1.190665 -2.455851 -1.996202
4.277929 0.524070 0.762168
1.767072 -1.908312 -2.535963
3.256814 -1.449887 -2.389943
4.495202 -1.303780 0.553563
3.640996 -2.729608 -0.335567
2.025029 -1.159786 -2.821123
3.889084 -2.482362 0.217534
3.114483 -2.138135 -2.076412
2.361734 -2.739879 1.491588
1.203173 -2.093884 -2.305587
3.568895 -2.161062 -1.691552
3.646887 -0.478297 -2.289366
3.528218 -1.739491 1.767909
4.651968 -0.725350 -0.548142
3.859068 -2.483428 -0.640790
4.134886 0.863328 -0.922718
4.578753 -1.165447 -0.633317
4.128537 -0.240274 1.470409
3.615985 0.279367 -2.135431
2.977370 -2.010639 1.951856
2.386477 0.739231 -2.498989
1.820337 -3.232796 -0.834405
3.459361 -2.316164 -1.635768
4.414577 -1.394918 0.722566
4.179072 0.833469 0.555413
4.319746 -0.499331 1.216362
2.723832 0.055660 -2.690568
4.161927 -1.547459 1.144860
3.451306 -1.171916 2.064175
4.049425 -2.082522 -1.063179
3.938476 -0.836724 1.715067
2.699285 -3.197957 -0.478103
4.450713 0.272932 0.550997
4.034908 -1.444728 1.402745
3.418625 -2.617023 -1.245892
3.696309 1.394585 -0.855991
1.187782 -3.175480 -0.604814
4.671617 -0.329191 -0.228187
0.819751 -2.987726 0.524561
2.915572 -0.833122 -2.694486
0.794985 -3.067539 -0.079379
4.501455 0.190391 -0.751275
0.867188 -3.070145 -0.537868
3.157897 -0.122830 -2.556703
3.684895 -2.348508 -1.318193
2.756984 -3.201578 -0.114570
1.073623 -2.939525 -1.236865
3.541473 -2.093354 1.491393
2.558972 -1.874626 -2.482846
4.589319 -1.238493 -0.449029
2.731291 -0.379032 -2.760143
1.963622 -2.661591 -1.931258
4.001235 0.133817 -1.806084
4.475734 0.383251 0.251887
4.053662 -2.182285 0.570266
2.395641 -0.566301 -2.845889
1.678793 -2.219988 -2.325773
3.979051 -1.792962 -1.529579
2.117993 -1.384941 -2.758500
2.908375 -1.084266 -2.660416
2.056880 0.375386 -2.705256
4.621387 -0.000995 -0.160095
1.335117 -2.958799 1.072759
3.960612 1.091290 -0.934185
4.684907 -0.556682 -0.145802
1.491294 -3.138582 -1.023882
3.457574 -1.741965 -2.115928
3.186016 -2.943801 0.489608
4.487761 -1.607481 -0.178536
2.296100 -2.370831 -2.192633
4.232614 0.915471 -0.253594
0.529307 -2.367892 -1.663607
4.268782 -0.108549 -1.515984
1.768613 -0.081285 -2.829310
3.286852 -1.125719 -2.471892
3.938581 -1.643140 1.406979
4.339221 -1.767564 0.470621
-3.937001 1.603546 1.446643
-2.625425 2.538564 2.162457
-3.158218 0.322587 2.644225
-2.005522 0.693522 -2.787399
-1.240132 -0.315465 3.122018
-2.123134 -0.135194 3.067593
-2.843673 1.483186 -2.309033
-1.091046 3.604684 0.569138
-1.976457 3.527172 0.703990
-1.922520 3.577602 0.348363
-4.143653 1.397972 -0.711399
-2.825050 1.047494 -2.436485
-2.025017 3.367577 -0.856145
-2.518523 2.944426 1.736539
-3.070123 1.330860 2.605155
-2.457704 3.295957 1.046969
-3.950175 1.948185 1.013765
-1.652526 3.487516 1.089924
-2.683521 1.804493 2.656729
-3.287432 0.106335 2.508946
-3.645358 0.549628 2.207869
-2.906242 -0.024441 2.755272
-0.954786 3.532380 0.893258
-4.334340 1.094435 -0.156623
-3.479713 1.703343 2.071461
-2.926887 1.776937 2.521554
-3.244460 1.169987 -2.123065
-1.288813 2.740806 2.360558
-2.167620 0.923633 -2.728402
-1.134646 2.847796 2.238420
-2.770262 3.022621 1.353200
-0.884217 -0.748168 2.917035
-2.550599 1.496079 -2.458696
-2.106873 3.469999 0.835568
-3.293108 1.966771 2.098356
-1.981934 1.728095 -2.564735
-2.751475 3.132912 1.112844
-3.987839 0.634543 1.728089
-1.777483 1.065056 -2.792041
-2.643707 3.330005 0.489514
-1.065276 3.102546 1.903663
-2.736464 2.873355 1.659869
-2.744095 0.190814 2.887628
-3.343112 2.744532 1.004210
-4.009586 1.670690 1.215312
-2.405097 2.705669 2.120018
-4.335478 0.897261 -0.335185
-2.502363 -0.227650 2.910212
-2.485036 2.787712 1.976124
-2.023533 1.890690 -2.480942
-2.747151 2.676820 1.921453
-1.044504 3.389068 1.368314
-3.694075 1.057989 -1.697007
-1.628238 3.200568 1.746029
-2.501108 1.708324 -2.398231
-3.358150 0.978141 2.461093
-1.959111 2.213489 -2.313661
0.125956 -0.595567 -3.181087
-0.917699 0.111554 -3.221734
-0.338807 -0.847755 -2.904373
-0.565532 -0.678693 -2.972800
-0.058658 1.533235 -3.363678
1.554733 0.469580 -3.022145
-0.693054 0.274829 -3.371324
0.987068 -0.592635 -2.962555
1.294523 0.219774 -3.178012
-0.578610 0.446412 -3.438941
-0.853056 0.999066 -3.296402
0.403560 -0.943171 -2.854220
0.865385 1.314838 -3.321920
-0.409781 1.335861 -3.378714
0.083074 -1.030419 -2.779480
-0.238940 0.459116 -3.528202
0.860278 0.928084 -3.419238
-0.110244 -0.734613 -3.058509
0.300878 0.986848 -3.532027
-0.259145 1.515946 -3.341799
-0.524793 0.860821 -3.453586
1.158120 1.087067 -3.252919
0.606272 -0.843032 -2.906644
-0.269496 4.002596 -0.142695
0.934944 3.413091 1.201995
1.523215 3.479858 -1.058875
0.382547 3.986199 0.398362
1.267435 3.410224 1.001038
-0.100704 3.839882 0.686919
1.205790 3.861209 -0.446649
-0.108293 3.659701 0.995761
-0.439743 3.856687 -0.828274
0.114575 4.065469 -0.367868
0.053694 3.975855 -0.829418
-0.431884 3.855203 0.406850
1.460481 3.676613 0.235054
0.867441 3.702590 -1.289260
0.177372 3.903289 0.625569
-2.010872 -3.366109 -1.791497
-2.589110 -2.962846 2.011088
-2.070599 -3.880629 0.271712
-0.722244 -1.835297 2.622143
-1.287302 -1.209315 2.931364
-2.331812 0.142426 -2.909426
-4.813850 -0.492685 -0.542176
-3.698737 -0.615431 -2.460090
-0.056234 -3.221619 -0.868918
-3.322925 -3.340560 -0.999517
-4.682543 -0.645716 -1.104516
-1.274052 -3.778406 -0.766051
-2.223600 0.566292 -2.743000
-3.964085 -2.790886 0.922471
-1.935033 -2.847192 -2.376575
-2.334344 -3.741293 0.793282
-0.903734 -2.336860 2.453412
-2.367128 -3.575800 -1.336485
-1.702614 -0.791712 2.995834
-0.685221 -2.390681 -2.452716
-4.832290 -0.788431 -0.555246
-0.954866 -1.483717 2.806360
-0.710550 -3.689446 0.228978
-1.554790 -3.648457 1.148444
-2.114207 -3.065463 -2.150537
-2.606745 -3.113709 -1.961128
-3.281352 -0.698714 -2.742052
-2.790858 -3.387647 1.340709
-4.831288 -1.036784 -0.529064
-3.220882 -3.398443 0.879485
-1.568590 -2.967386 -2.256972
-2.336199 -3.602472 1.168200
-3.893623 -2.638018 -1.416880
-4.158175 0.375564 -1.598591
-2.536222 0.447956 -2.736778
-2.452116 -2.680813 -2.428560
-1.583009 -2.294679 2.625928
-3.017814 -2.175971 2.418936
-4.475790 0.148462 -1.191506
-2.895063 -2.475175 -2.417630
-2.867502 -1.460433 2.745277
-4.350524 -0.012279 -1.552641
-1.819008 -3.541343 1.394047
-2.058112 -1.560891 2.904488
-3.314658 0.681834 -2.244006
-1.936154 -3.846492 -0.668308
-0.303749 -1.573335 2.500064
-3.628646 -2.470511 -1.916395
-4.537827 0.541677 -0.009242
-2.367129 -2.113667 2.669508
-0.539091 -3.515250 -0.859106
-2.924601 0.436320 -2.606010
-3.500707 -3.002323 1.310131
-0.347931 -1.866392 2.425076
-3.295226 -3.079609 -1.542967
-2.286092 -2.788860 2.257793
-3.646796 -1.980487 -2.234692
0.063477 -2.943829 -1.268843
-0.169164 -3.413316 -0.361041
-1.824701 0.379645 -2.863768
-3.444885 -3.229458 -1.080244
-2.987655 0.094824 -2.724613
-2.263510 -1.873894 2.786497
-2.905513 -3.208762 1.552418
-3.479515 -0.473541 2.477027
-1.509784 -3.165981 -2.038190
-1.323213 -3.466535 -1.570346
-2.426131 -0.997857 2.932659
-0.654541 -3.428170 -1.233559
-4.303557 -2.482743 -0.764521
-3.812778 -2.925435 -1.089265
-4.179420 -2.726032 -0.554814
0.147890 -1.669592 -2.263086
-4.268850 0.255657 1.391093
-2.455045 -0.718907 2.927396
-1.748694 0.041490 -2.988248
-3.660846 -3.288231 -0.115652
-3.233938 -0.172806 2.562539
-4.603378 -0.980363 -1.310735
-2.482671 -3.815886 0.280810
-2.229937 -3.154008 -2.031453
-3.173745 -1.158106 2.661770
-2.103784 -3.741496 -1.019192
-3.816803 -0.080365 2.119283
-1.585547 -3.549879 1.360088
-2.847944 -0.377627 2.779072
-3.610358 -0.901995 -2.537576
-3.536103 -2.669991 1.693729
-3.961900 -2.193452 -1.776352
-0.985251 -1.933896 2.677557
-3.469076 -2.331764 -2.165112
-3.486973 -1.375661 2.445330
-3.611269 -0.596604 2.401240
-3.468917 -1.196213 2.488176
-2.984248 -0.554101 2.749841
-3.742339 0.570645 -1.965211
-3.190981 -3.491161 -0.760032
-2.398393 3.403146 -0.349532
-2.697145 2.162418 -2.110506
-2.670174 3.015976 -1.366460
-2.766335 3.295857 -0.477594
-2.538052 3.256989 -0.954189
-3.044547 2.358501 -1.827906
-3.638606 2.699986 -0.011168
-3.428489 2.828332 -0.811723
-3.546761 1.881785 -1.672607
-2.667615 2.660213 -1.788193
-2.750068 2.321783 -2.004786
-3.470456 2.504817 -1.299767
-3.930805 2.300560 -0.138607
-4.025412 1.422862 -1.076513
-3.203902 2.903957 -1.059069
-2.947314 1.691708 -2.168256
-2.879275 3.263232 -0.292353
-2.255399 3.399906 -0.582623
-2.714117 3.326074 -0.260307
-3.982059 1.599386 -1.128508
-2.524334 1.477242 2.943094
-1.459711 1.518125 3.291958
-0.991809 -0.175722 3.164971
-0.873808 2.180977 2.837150
-2.440612 1.241392 3.075065
-0.872294 1.538766 3.228009
-2.750963 1.167082 2.868341
-1.196538 0.651122 3.413812
-1.561045 2.315462 2.771478
-1.820214 1.562234 3.224059
-1.767429 1.088742 3.362177
-2.661697 1.536065 2.811465
-1.281918 2.315481 2.783332
-2.112935 0.290495 3.226565
-1.780323 0.326630 3.332337
-0.206372 1.074618 3.068200
-1.102157 0.195504 3.326880
-2.324288 0.270995 3.126252
-2.658996 0.658207 2.982874
-1.113255 2.382259 2.694163
-2.028869 -0.128976 3.103362
-0.323282 0.577663 3.149248
-1.365550 -2.363941 -2.782676
-0.815273 -0.850411 -3.014191
-2.377209 -2.611976 -2.530845
-1.018071 -1.994906 -2.891761
-1.754502 -0.618067 -3.236104
-1.941955 -0.197136 -3.100172
-2.777450 -0.323311 -2.923444
-2.962350 -0.877770 -2.959840
-2.002435 -1.224621 -3.272030
-1.562230 -0.549092 -3.203722
-1.642936 -1.578715 -3.212723
-1.944819 -2.420293 -2.801669
-1.681519 -0.279971 -3.130911
-3.253108 -1.296758 -2.740366
-0.772088 -1.406709 -2.970676
-1.677053 -2.539937 -2.692589
-1.214980 -1.188303 -3.188340
-1.176594 -1.560014 -3.119291
-2.970117 -1.772478 -2.822448
-1.659760 -0.863991 -3.267510
-0.645925 -0.785488 -2.903163
-1.936694 -0.924758 -3.277567
-4.718353 -1.021802 1.345555
-4.616472 -2.185574 0.369404
-4.490661 -2.307313 0.704105
-4.545292 -2.088494 1.022277
-4.865076 -0.482560 -0.081125
-4.504111 -1.992486 1.236418
-4.509628 -0.124055 1.336977
-4.556607 0.077481 1.004508
-4.615932 -1.852551 1.158988
-3.756152 -1.637000 2.168951
-4.871835 -1.404997 0.835864
-4.707995 -1.971093 0.686005
-4.729187 -0.794478 1.303076
-3.944857 -1.527733 2.095014
-4.567982 -1.286539 1.556284
-4.133857 -1.217487 2.027054
-4.497606 -1.797364 1.422495
-4.718017 -1.723777 1.043889
-4.918972 -0.854189 -0.108559
-1.228247 -3.452389 1.477034
-0.776503 -3.609994 1.033517
-0.509365 -2.575678 2.205631
0.385538 -2.790340 1.304927
-0.531494 -3.625084 0.701374
-0.438461 -3.583926 0.040779
0.014838 -2.472194 1.980710
-0.051560 -3.093766 1.473498
-0.739425 -3.684730 0.646645
0.221528 -3.224694 0.635742
-0.632514 -3.453675 1.339160
-0.241238 -2.258108 2.236202
0.311397 -3.028699 1.038312
-1.225103 -3.114846 1.920692
0.423119 -2.952488 -0.125451
-0.002625 -3.402643 0.323390
-0.655548 -3.364298 1.510613
-0.080176 -3.266453 1.213119
-0.282736 -3.355571 1.265418
1.295492 0.464357 3.845486
0.049616 0.521228 3.585900
0.551951 1.063513 3.631938
1.390353 -0.427516 3.764661
1.643218 0.295860 3.807594
1.637019 1.199798 3.590441
1.242854 -0.660961 3.699473
0.473916 0.771385 3.704255
1.703389 0.016659 3.787384
0.729172 0.301421 3.829800
1.740445 1.414391 3.447351
3.001469 -0.454774 3.160746
2.016265 2.491825 2.615697
3.732738 2.282023 0.225385
0.649742 -0.722942 3.637124
3.578770 2.354774 1.061155
4.061492 1.302493 1.610578
3.060953 2.819101 1.022057
0.739975 -1.765484 3.191622
0.564028 -1.445004 3.350175
1.068815 2.828152 2.392032
3.467126 -0.194594 2.829465
1.076692 2.329706 2.933155
3.049856 2.458773 1.888663
-0.262072 0.157398 3.471668
0.781728 -1.208376 3.493373
2.753016 -2.161092 2.336389
4.003637 1.914646 0.256108
0.977697 -2.921849 1.935068
0.608741 -3.238695 0.794779
2.948389 2.937980 0.797702
4.254360 1.411934 0.672745
1.321022 -1.682378 3.265712
3.402052 1.463526 2.503881
1.960305 -1.195386 3.408372
2.849446 -1.359314 2.923641
3.923042 -0.506927 2.223017
3.266194 2.738915 0.513114
2.277161 -0.610511 3.496407
1.660056 2.022903 3.122449
3.796952 0.323763 2.474769
0.244428 -1.526465 3.225971
1.301974 2.793380 2.432557
1.129122 -2.986536 1.811918
4.371579 0.595867 1.283850
2.112280 2.748426 2.258469
2.957220 -1.188668 2.940356
1.669628 2.214636 2.975486
3.391962 1.301979 2.609665
1.016845 -3.212166 1.158105
-0.491699 -0.973155 3.161131
2.549149 -1.267281 3.148644
-0.224809 -0.296896 3.464267
0.386863 -0.533356 3.629400
0.577238 -3.098029 1.402985
1.374002 -2.683756 2.318854
2.966352 2.556484 -1.090365
2.390769 -1.615956 3.029426
3.354240 1.979040 -1.382308
0.178502 -0.883088 3.485602
1.847307 -2.255037 2.725259
1.780041 1.499316 3.400336
2.494429 0.485128 3.464086
0.646848 -2.418439 2.611017
3.453959 2.270849 1.573007
1.346196 -3.088272 1.551544
2.184061 1.805484 3.116345
1.748990 -2.392582 2.608767
4.237583 1.451070 0.072753
3.276054 2.168648 2.006308
3.766534 0.022304 2.523868
2.954736 1.660958 2.779001
2.429611 1.506384 3.180982
2.578566 1.937901 2.837099
2.019059 1.449891 3.362262
2.177617 -1.858142 2.953684
1.491489 -2.532368 2.502358
3.774526 2.181095 0.856530
2.907608 2.762428 1.510415
3.466439 -0.769009 2.691704
3.603088 -0.842542 2.515045
3.795774 1.767018 1.668198
3.932898 1.995197 0.033979
0.366181 2.141191 2.975799
3.189237 -1.463732 2.589078
3.062705 -0.943044 2.974020
2.853347 1.124702 3.119012
0.016268 1.328042 3.336527
4.118497 1.078263 1.671618
2.739244 -1.646197 2.813423
2.052796 -2.535628 2.322778
2.731954 -0.517700 3.311023
2.682832 0.251542 3.395472
3.342311 0.782900 2.864788
0.177969 2.014527 3.009749
0.229374 2.421968 2.678921
3.417998 2.610913 0.474434
1.479144 -2.153797 2.900335
4.029184 1.627264 1.283706
1.880073 2.842259 2.229906
3.254594 1.166414 2.804659
1.290051 -1.101696 3.551613
4.353374 0.791429 1.217153
1.010846 -1.728905 3.240008
4.214623 0.507114 1.752084
1.363009 2.100452 3.107616
3.884804 1.958243 -0.349036
-0.431221 3.710078 -2.142435
0.424907 4.153867 -1.124303
-1.024999 4.032071 0.226071
2.076980 2.905824 -2.175514
-0.698919 4.166256 -0.610724
1.956161 3.556538 -1.198848
-1.096808 -0.017343 -3.423551
1.023984 3.222872 1.899871
-0.360447 1.871167 -3.570321
-0.816873 4.141846 -0.165054
-0.563905 3.887384 -1.772087
2.153980 3.443911 -1.075344
2.008077 2.159950 -2.819381
-0.394185 4.143052 -1.120099
0.117224 2.753938 2.474072
-0.800414 4.080601 -1.030035
0.816157 3.231275 -2.671073
-1.005774 2.175344 -3.299817
-0.849218 4.137014 -0.441946
-0.461528 2.071647 -3.485292
0.080989 3.233324 -2.788289
2.490120 3.140388 -1.044147
1.744175 3.565490 -1.546132
-0.745532 -0.458285 -3.377736
-0.301791 2.157340 -3.473697
2.407129 3.267967 0.177350
-0.583075 4.175901 0.057316
1.811661 1.992286 -3.039003
-1.262322 0.659834 -3.475559
0.601724 3.204325 -2.756580
1.993482 3.490017 0.613464
1.222899 -0.448340 -3.265536
-0.231552 3.079840 -2.911901
2.315059 1.345380 -2.851780
-0.333223 -0.856096 -3.257586
0.333394 3.633784 -2.302550
2.851802 2.213275 -1.750004
-1.910316 1.690266 -2.993422
0.972014 2.151952 -3.362840
0.299544 2.002879 -3.545375
0.911648 3.724068 1.277763
-1.377179 3.908454 -0.810381
0.010918 3.640220 1.609535
2.045873 3.091044 -1.982598
-1.215206 3.513542 -2.054140
-0.590325 -0.800628 -3.243434
-1.429954 3.255867 -2.249772
-0.349359 2.329543 -3.390543
0.472512 3.378545 1.899227
-0.296888 3.400519 1.883080
-1.061420 4.033932 -0.841489
1.879643 3.031192 -2.236981
-1.690428 2.782710 -2.542011
1.695330 3.654291 0.699000
-1.661645 3.308622 -1.964917
-1.560839 3.499788 -1.754778
-1.517712 2.653170 -2.771101
0.611051 4.118134 -1.164894
-0.967255 3.927977 0.699851
0.650323 3.575104 1.613320
0.775274 3.867647 -1.773454
1.233683 2.182559 -3.257371
-1.517358 3.664395 -1.453133
-1.490456 3.411271 -1.979851
-0.179091 3.629940 -2.311776
-1.025635 4.083078 -0.275574
-1.561952 3.101372 -2.328219
0.730440 4.053201 -1.318348
1.074710 3.486680 -2.261827
1.274968 1.951206 -3.335243
-1.007131 2.356430 -3.211854
0.505748 2.483890 -3.306631
0.236516 3.761035 1.418312
-1.020626 2.592158 -3.070507
-0.080836 4.049343 -1.528120
-1.467288 0.963936 -3.385583
0.467094 1.898735 -3.563974
-0.638119 2.654621 -3.154253
-0.471271 3.618786 1.567293
-0.549854 3.868582 1.115452
0.100381 2.559134 -3.297356
1.566448 3.631279 0.927547
0.597642 3.825616 -1.930805
4.714055 0.565382 -0.663153
2.973029 -3.112756 -1.494851
4.432950 1.139498 -0.444210
4.172538 -2.461184 -1.034467
4.614534 -1.947116 -0.684408
2.518889 0.412536 -2.960255
0.805196 -3.034611 -1.541696
4.126818 -1.247139 -2.162678
2.499707 -3.540856 0.319956
4.359096 -2.019707 -1.322680
4.894685 -0.139007 0.456364
4.985386 -0.459807 -0.068595
4.105805 -2.704723 -0.476341
4.239440 -2.094800 -1.459960
2.656810 0.539572 -2.879758
3.224996 -2.964529 1.255011
4.804715 -1.056995 0.784360
1.075303 -1.737898 -2.821608
4.913868 -1.126223 -0.548818
2.621369 -3.054758 1.497610
4.593061 -1.268729 -1.483558
2.420568 -3.266024 1.212120
1.174652 -1.169994 -3.028135
3.071515 -3.385987 0.242903
4.301372 -0.733826 -2.066823
2.875076 0.682700 -2.748591
1.907889 -3.067262 -1.905087
4.780606 -0.025772 0.806351
4.201392 1.015884 -1.410381
4.853141 -1.466519 0.042713
3.685485 -0.976035 -2.611570
4.963971 -0.568893 0.242826
3.690306 -1.484753 -2.471567
3.697028 -2.618896 1.288900
3.659942 1.623062 -1.341132
3.128788 -0.447049 -2.944894
2.358774 0.109164 -3.077197
3.094514 -2.778600 -1.915811
4.681726 -0.971518 1.128879
3.550078 -0.165118 -2.696130
2.428519 -2.484112 -2.473819
2.854162 -1.490583 -2.904810
4.360980 -2.231758 -0.996180
4.525277 -0.564730 -1.760447
4.768696 -1.645463 0.268889
3.391881 -2.063181 2.085626
1.665635 -3.613469 -0.066431
4.763564 -0.830429 -1.269794
4.400237 -0.904272 1.623444
4.372728 -0.403939 -1.972520
3.364843 -3.073347 0.882493
4.571241 0.168274 1.192844
4.588359 -1.718815 -1.144950
4.588376 -2.048048 0.231943
4.968571 -0.680892 -0.486704
4.513004 -0.144713 -1.718799
4.239391 -2.568138 -0.419167
4.678510 -0.321454 1.165171
3.340187 -2.169674 -2.338474
2.632519 -0.626332 -3.108593
3.270045 0.737425 -2.542598
2.597491 -2.570050 -2.358396
4.373318 -0.919326 -1.950760
4.537615 0.970354 -0.483322
3.142060 -3.189977 0.876545
3.437376 -0.675794 -2.795972
3.031628 -3.386478 -0.633452
4.712662 -1.829538 0.102865
2.174877 0.298676 -3.045770
3.561867 -1.699658 2.178041
4.051181 1.324781 -1.225975
4.963596 -0.209387 -0.041119
2.828238 -3.481280 0.163696
4.847933 -1.275089 -0.751540
1.114036 -2.540300 -2.321967
4.422931 0.352109 -1.642758
2.885247 1.181426 -2.434702
4.331807 0.830511 -1.392735
1.239301 -3.054427 -1.775603
4.236446 1.316085 -0.767057
4.941333 -0.211981 -0.529839
4.666449 -1.947379 -0.241564
3.916089 -2.662098 0.887589
2.666459 1.146678 -2.538032
4.029992 1.438562 -1.044090
4.399231 1.157410 0.292318
3.567434 -2.986055 -1.079830
1.612509 -0.967566 -3.144008
3.906877 -1.508151 -2.282444
3.516758 -2.786605 -1.542783
4.866948 -0.598811 -0.999627
4.146989 0.093186 -2.133396
3.492454 -2.165034 1.944238
3.165461 -3.372594 -0.064121
4.005513 -0.451149 -2.381397
4.233381 -2.549682 0.271082
4.816461 -1.186614 -0.959769
0.792067 -1.401657 -2.837483
4.940138 -0.048677 -0.214239
2.050406 -3.625117 -0.223443
2.156808 -2.721500 2.008719
4.002533 -1.285732 1.983549
0.887209 -1.642937 -2.792538
3.926507 -2.172483 -1.825978
2.315332 -2.587300 2.113727
3.569612 0.263051 -2.573921
-0.727647 2.596716 2.863192
-0.460680 3.242096 2.117472
-0.734885 3.683194 1.441863
-2.647529 0.404757 3.330293
-3.263035 3.350969 -0.211337
-1.322685 3.957391 0.566279
-1.074378 2.325801 3.100959
-3.788215 0.199022 2.524678
-2.555379 2.278414 -2.484098
-2.695012 3.695488 0.197290
-3.321372 0.974508 2.930584
-4.068749 0.541988 2.223660
-2.046262 3.819200 0.939642
-4.721540 0.864478 0.388678
-2.703334 2.752072 -2.032528
-3.655483 1.442898 -2.136673
-2.172158 2.990589 -2.048827
-4.176732 1.120663 -1.595553
-2.694671 1.455526 3.188821
-2.648210 3.645155 0.857252
-1.737916 3.302679 2.190551
-1.970336 3.571574 1.679260
-4.711780 0.977977 0.039734
-1.864229 3.933350 0.348169
-3.118149 0.963609 3.068476
-1.693786 -0.544985 3.386586
-2.098097 1.968634 -2.811228
-2.529891 3.612360 -0.768492
-0.396513 0.172810 3.438459
-1.348941 -0.499181 3.421886
-0.960763 3.655829 1.590129
-1.439296 2.646502 2.893086
-4.185231 1.694508 -1.290367
-4.654428 1.213209 -0.208752
-2.132356 0.255991 3.487392
-3.217404 0.186301 3.003837
-2.266828 3.225246 2.117591
-2.460513 2.910734 -2.007349
-4.331779 2.161914 -0.109184
-2.562779 3.690070 -0.415362
-1.395283 3.891165 0.956396
-2.446486 1.225551 -2.951720
-4.393925 1.179416 -1.169050
-3.861987 2.327572 1.657203
-0.999644 3.462866 1.963182
-1.330887 -0.027958 3.542536
-0.809362 3.272845 2.200594
-3.983878 1.438300 2.152475
-3.564424 3.145917 0.303931
-2.160746 2.170021 3.086355
-2.286436 3.749803 -0.577313
-3.258560 2.797652 1.913537
-4.285748 1.662929 1.500448
-3.492887 3.108728 0.914097
-3.007442 2.359380 2.563699
-1.297615 2.746625 2.814802
-3.369728 1.932453 2.563502
-2.048164 3.902479 0.242870
-2.707022 2.623405 2.542809
-4.305886 0.648853 1.856148
-3.268628 1.214768 2.922864
-3.338074 3.317237 0.438254
-2.218031 3.291819 -1.652494
-2.305384 3.742480 0.977638
-3.673218 2.978971 0.784355
-3.076650 1.141912 3.064376
-3.062139 3.501173 -0.011902
-2.942116 2.644072 2.369422
-2.132618 2.481192 -2.506154
-2.161680 -0.059562 3.433788
-2.441124 3.653074 1.138563
-2.258411 3.637461 1.359588
-4.121525 0.358826 2.138619
-1.589733 2.563858 2.944951
-2.919348 2.044316 2.825860
-2.304550 3.417539 1.797649
-4.454345 1.895280 0.541653
-3.116225 2.659231 2.213940
-2.022238 3.899154 0.442476
-2.449066 3.061040 -1.842778
-1.849250 3.388076 2.041004
-3.103381 2.051106 2.702087
-0.721553 0.006882 -3.560935
1.011957 0.289404 -3.612177
0.202960 -0.414788 -3.563335
0.805466 1.045570 -3.673847
1.258868 0.203110 -3.480333
-0.350969 0.359131 -3.742224
0.238645 0.986427 -3.779347
0.272062 -0.855564 -3.281319
0.436219 -0.666380 -3.399123
-0.483111 -0.512812 -3.422777
1.023450 -0.428519 -3.363397
-0.172415 -0.103053 -3.670285
-0.373544 0.899714 -3.739252
0.520470 0.866842 -3.764233
0.479929 0.641569 -3.781726
0.060841 1.213364 -3.736166
0.065888 -0.808395 -3.322151
-0.466257 0.601811 -3.731894
0.405061 1.158599 -3.733843
0.842976 -0.128583 -3.567300
1.124471 -0.237985 -3.408643
0.169978 4.188185 0.551298
1.173158 4.149142 -0.276838
1.577447 3.903412 0.185972
0.144744 4.241199 -0.801651
-0.006195 4.228313 0.360101
1.090972 4.051132 -0.972320
1.282981 4.089867 -0.459891
-0.255561 4.224477 0.157996
1.542403 3.965849 -0.212255
0.018649 4.295458 -0.399863
0.519386 4.264610 -0.665932
-2.513041 -2.291059 2.937143
0.508432 -3.311176 -0.396988
-2.824913 -1.426858 3.132586
-1.935108 -3.202405 -2.513191
-3.894799 -3.529717 -0.271230
-4.696826 0.660268 0.919846
-4.759076 0.214227 1.260683
-4.893858 0.183776 -1.061643
-2.752303 -3.907504 -1.213983
-2.459759 -2.761861 -2.797603
-0.674956 -4.024837 -0.490354
-0.185608 -2.445060 -2.584850
-1.858003 -0.378472 -3.428500
-4.024093 -0.082876 -2.527978
-0.806392 -1.098166 3.176440
-2.527885 -0.730612 3.260232
-2.831558 -2.567000 2.690399
-4.075616 -3.081297 -1.270255
-4.549473 -0.528186 -2.053670
-2.118544 0.052802 -3.325365
-3.482864 -3.384779 1.469791
-1.642215 -2.665584 2.807809
-4.628831 0.045957 1.620255
-4.165772 -0.886613 2.392568
-1.128324 -2.914636 -2.674581
-1.598445 -3.992503 1.217898
0.272721 -2.440871 -2.224538
-4.146947 -2.679585 -1.724274
-1.353869 -0.942960 3.305946
-3.835752 0.502859 -2.436248
-0.743434 -1.564865 -3.208795
-0.995515 -4.028321 -0.949614
-2.897964 -3.211119 2.130828
-3.927920 -1.131406 2.585591
-3.425488 0.593735 -2.683866
-3.065248 -0.195336 3.030879
-0.825556 -3.611291 -1.781787
-3.334585 -2.257746 -2.756497
0.069559 -3.416225 -1.257157
-4.389393 -1.777379 -2.076985
-1.515420 -3.178174 2.398045
-2.128081 -3.459488 -2.218026
-1.945222 -1.875616 3.177226
-0.259261 -1.689967 -2.966790
-3.656931 -0.342562 2.749537
-4.955441 -1.242030 -1.299011
-1.469833 -3.539582 -2.112754
-0.310084 -3.212236 -1.990358
-4.567790 -2.778241 0.440430
-1.298721 -3.517627 1.982404
-3.596430 -0.952442 2.831264
-3.384049 -3.842214 0.308550
-5.084755 -0.224284 -0.743035
-2.609629 -0.127042 -3.286998
-3.547380 -2.366643 2.438571
-2.882944 -0.689464 3.161651
-3.648320 -0.935161 -2.922440
-2.822942 -0.486196 -3.287738
0.001590 -3.720407 0.101853
-3.050497 -0.205108 -3.162106
-1.461196 -4.102946 -0.985240
-1.634024 -2.744536 -2.879038
-3.481485 -3.668005 -0.974669
-4.374477 -3.071921 0.184977
-3.279620 -2.903031 2.217214
-2.548780 -3.669605 1.689697
-5.111198 -0.304443 0.558409
-5.033874 0.063713 0.531220
-1.609174 -3.512058 2.043291
-2.531124 0.454167 -3.118426
-0.925814 -2.754077 2.611674
-3.746163 -3.588533 -0.629073
-1.028644 -2.422714 -2.972060
-1.580664 -4.237932 -0.223976
-0.591745 -3.931356 0.694927
-3.450037 -1.048956 2.911657
-4.271204 -2.334066 1.758826
-4.864169 0.648717 0.008027
-1.788759 -1.653132 3.242013
-1.439477 -1.677186 3.214939
-4.884125 0.556156 0.327622
-2.713019 -3.567206 1.772899
-3.690268 -2.919331 1.875572
-3.144385 0.596409 -2.835784
-2.950700 -2.322171 -2.907259
-3.455571 -3.793177 -0.506889
-1.376928 -3.720697 1.706881
-4.242085 -0.308191 2.254880
0.022916 -2.706555 -2.239188
-4.742935 -1.592337 -1.618547
-0.234983 -3.859792 -0.159826
-3.279794 -3.603195 1.290086
-2.214985 -3.034698 2.512182
-3.581661 -3.683527 -0.695345
-2.343305 -0.904000 3.296326
-2.045653 -1.688772 3.225006
-2.995454 -1.607626 -3.157981
-4.650353 0.693873 -1.123012
-4.509064 0.519154 -1.616371
-3.326005 -0.517268 -3.088211
-3.223680 -3.668745 -1.335717
-0.299572 -2.862664 -2.345877
-2.517176 -2.548265 -2.921558
-2.538734 -4.162788 0.177501
-4.755020 -2.456616 0.506258
-2.251925 -4.021255 1.082488
-2.879948 0.581744 -2.955130
-2.525547 -2.913254 2.544961
-4.478755 -2.298491 1.472941
-4.561710 0.660421 -1.374587
-1.329712 -3.748249 -1.771958
-3.514294 -1.814518 -2.842778
-2.370655 -4.016983 -1.165142
-3.062974 -3.865361 0.889023
-0.335251 -3.865761 0.467591
-2.034835 -0.888120 3.330914
-2.059469 -2.926672 2.618994
-3.484655 -2.868037 -2.227753
-0.909940 -3.246424 2.174564
-3.320126 -3.696990 1.025510
-4.455417 -2.370462 -1.566637
-1.516220 -4.123712 0.806254
-2.710823 -3.381321 2.022873
-1.244167 -2.642989 -2.893725
-4.366689 -2.845057 0.966693
-0.195652 -1.371734 -3.006411
-1.969485 -4.017480 1.163570
-1.271234 -3.989251 -1.249116
-1.604745 -1.448411 3.278774
-2.450069 -1.459360 3.222052
-1.286139 -4.203808 0.119570
-3.271806 -3.038922 2.092316
-2.547408 -2.069930 3.025743
-3.622899 -1.149453 2.800966
-0.554502 -2.367438 2.708373
-4.522096 -0.026735 1.820758
-4.797591 -2.004836 -1.209654
-5.005301 0.168298 -0.638415
-2.941100 3.367807 -1.004861
-2.765619 2.845676 -1.917407
-3.280873 3.295405 -0.610411
-3.326742 2.409031 -1.930117
-4.188146 2.270949 -0.609331
-2.951124 3.066668 -1.564229
-4.211625 2.026846 -0.926128
-3.635798 3.056620 -0.400190
-4.065286 2.155756 -1.180828
-3.186351 2.991952 -1.475009
-2.934119 2.865334 -1.812531
-3.599328 2.406555 -1.680239
-3.121881 3.299886 -0.948204
-1.185609 1.112865 3.634701
-1.706949 0.537868 3.625538
-1.816535 2.150356 3.181358
-1.932431 0.932881 3.588924
-1.522320 0.920710 3.654078
-0.714592 1.113316 3.552352
-1.899559 1.545595 3.473528
-1.737598 -1.150355 -3.520524
-1.821603 -2.438581 -3.091238
-2.179668 -2.226602 -3.195814
-1.060640 -2.066887 -3.160748
-2.725946 -1.672728 -3.269580
-2.221418 -2.416141 -3.069603
-1.287724 -2.336843 -3.082500
-4.649752 -1.193885 1.863158
-5.203609 -1.174312 0.361899
-4.857186 -2.215014 0.646161
-4.764797 -1.990172 1.314867
-4.875628 -2.014586 1.017859
-5.042259 -1.499615 1.061473
-5.168961 -0.834778 0.742869
-4.812474 -0.652003 1.609712
-5.070776 -1.783161 0.530217
-4.860070 -0.882213 1.576054
-5.014850 -0.885515 1.274691
-4.494150 -1.257334 2.024645
-5.121447 -0.557577 0.802558
-5.120296 -1.532335 0.709628
-4.866333 -1.295933 1.536049
-5.182226 -1.188151 0.646602
0.206834 -3.487877 0.906559
-0.337483 -2.834218 2.276287
-0.516174 -3.799783 1.049836
0.346772 -3.367860 0.946303
-0.264436 -3.740707 0.941751
-0.485910 -3.176150 2.063355
-0.391225 -3.403423 1.760797
4.008092 2.105623 1.670015
3.211387 3.201002 0.231528
1.600618 -2.668487 2.850535
3.453427 2.302554 -1.559419
0.680479 -0.181733 4.074566
0.221329 -1.720708 3.512735
3.999041 -1.106120 2.456623
4.090769 2.042569 -0.832240
-0.191170 -0.633817 3.793058
1.582677 0.047080 4.085270
3.027820 0.861393 3.505289
1.499762 3.006882 2.689351
4.526470 1.388810 1.270466
3.251796 2.670803 -1.319922
3.843407 2.586135 -0.289700
2.677862 2.595918 2.684484
3.837506 2.678516 0.335190
3.566932 2.924765 0.611535
0.523794 2.291260 3.336473
4.377675 1.878369 0.907156
0.388118 1.171002 3.875295
3.545980 2.947745 0.205207
2.391939 1.665043 3.524939
0.436673 -2.558957 2.914851
0.874987 1.831883 3.673842
2.561932 0.816871 3.752978
1.708217 3.123753 2.488528
0.999277 -3.370535 1.775399
2.836578 -0.188489 3.690864
3.396894 2.967306 1.155231
3.837548 1.898155 2.223525
4.295662 1.782575 -0.697006
2.849779 3.258091 1.388829
4.482208 0.588015 1.965466
3.935859 2.545156 0.735379
1.878315 1.958238 3.528157
3.502368 -1.050406 3.031960
4.024137 -0.550874 2.657952
3.382008 0.680341 3.303898
1.404049 -0.751242 4.005817
1.128185 1.029075 3.993630
3.684332 2.610205 1.446914
0.757422 -3.204516 2.094943
2.074652 -2.970611 2.299652
2.173816 2.487502 3.051610
-0.339619 -1.623140 3.350122
1.404516 -0.009039 4.101327
0.006042 0.851057 3.856757
3.942281 2.547316 0.080809
1.111503 -3.475125 1.490688
3.005655 2.937972 1.920856
0.547859 -0.750053 3.968490
4.071770 2.243854 1.231711
4.008494 0.787844 2.663165
3.361426 1.669006 -2.186392
0.276785 -1.132434 3.800035
3.556677 -0.826073 3.069834
3.750692 2.280391 -1.164642
3.389615 2.877483 -0.701630
4.362283 1.676202 1.405049
1.721810 0.491763 4.044610
1.243412 2.794158 2.957723
2.055013 -0.190265 3.986350
1.588476 -2.486225 3.041862
1.375133 2.897177 2.836317
2.960639 1.800764 3.154505
2.223517 1.420532 3.695392
2.669569 3.322042 1.472394
0.213717 -0.655586 3.919019
2.360576 3.478872 1.385229
1.386754 -2.073134 3.410381
4.048135 -0.075410 2.711502
1.439398 0.769439 4.038299
4.639766 0.250911 1.667681
2.064852 -2.088258 3.264096
3.278425 2.327929 -1.725238
0.823507 -1.369208 3.800398
0.874376 -0.792231 3.996698
4.269938 0.415837 2.385999
2.053181 -2.860235 2.474425
0.719257 0.905852 3.999530
1.263015 1.624417 3.782490
2.772382 -0.888620 3.588176
4.441919 1.839507 0.420067
3.751115 0.050038 3.044594
4.205403 2.148306 -0.208190
4.023612 -0.773779 2.583669
3.655575 -0.996499 2.911048
3.337441 1.191202 3.188717
1.929792 -1.463879 3.678440
3.657255 -0.605056 3.043837
2.746488 0.141347 3.747028
2.087771 2.717525 2.861455
2.865620 2.819435 2.259834
4.143456 -0.365328 2.546046
1.961334 1.719739 3.637511
3.239689 3.120689 1.000327
3.067620 -1.280540 3.264352
3.257427 3.038802 1.271500
2.040505 3.041969 2.487908
4.332298 2.018108 0.127896
2.387618 -0.448091 3.854480
2.064543 -2.516986 2.883904
0.427247 0.810125 3.974411
1.281991 2.372756 3.334231
3.074917 3.120201 1.403829
3.432847 2.879456 1.345060
1.013524 -2.878229 2.639733
2.138666 1.918404 3.478970
3.361668 -0.956382 3.187725
1.116413 2.437043 3.287298
4.212465 2.182336 0.763351
2.120226 1.195751 3.807878
3.470044 2.749239 1.589900
2.967332 3.330312 -0.019466
2.821643 2.669318 2.495740
0.718543 0.422718 4.074670
3.049052 -1.926870 2.870511
0.929401 -2.283518 3.252446
4.327115 1.914294 -0.321578
0.731326 2.510299 3.198269
0.174578 -2.440292 2.950178
1.583370 -0.962219 3.932163
1.308274 -0.276235 4.090095
2.746051 3.000332 2.087957
4.612748 1.453130 0.165318
0.956592 2.238548 3.431180
1.236228 3.000782 2.723298
1.589380 -1.977984 3.452893
4.387493 1.669575 -0.588631
4.620710 0.839373 1.503621
2.564771 -2.192433 2.964017
3.946379 2.556490 0.502663
2.542145 3.168406 1.970322
-0.165878 -1.802799 3.321936
4.261523 1.028407 2.199247
3.875281 1.706145 2.341501
2.575400 -0.054732 3.820674
0.969530 0.922881 4.015674
0.464137 0.374147 4.041177
3.242641 1.834926 2.924442
3.246575 3.152758 -0.039791
2.444666 2.576381 2.843934
-1.478604 4.161199 -1.207058
-0.055744 4.597739 -0.506582
0.954767 3.833625 -2.440547
1.604639 3.633013 -2.334969
0.064371 4.466263 -1.352489
0.630869 2.084407 -3.839891
-0.766784 4.139311 -1.952336
0.235599 0.566416 -4.075188
0.191563 4.407635 -1.536519
-0.116395 4.132496 1.455959
1.041102 4.283529 0.802003
2.371988 3.789016 -0.046998
1.805878 3.695288 -2.061602
0.285439 3.140514 2.607119
0.619933 4.488245 0.379548
-1.693707 2.982324 -2.882856
1.131950 -0.098097 -3.803629
-1.552554 2.672192 -3.197865
-0.583364 4.366634 -1.488386
2.868564 3.325320 -0.576865
2.489353 3.600986 -1.126609
1.585971 4.047613 -1.585705
-0.720941 0.453567 -3.984969
1.275867 2.741597 -3.348660
3.086420 2.712409 -1.544240
-0.243597 3.658249 -2.816641
0.086757 2.811046 2.841459
-1.219655 2.400425 -3.509926
0.860111 -0.887776 -3.558306
-1.892523 3.514524 -2.121089
1.865123 4.027358 -1.202328
0.123582 4.553179 -0.955455
2.758364 2.652508 -2.226645
1.045198 4.464003 -0.583440
2.284103 3.791114 0.340625
-0.105475 0.250402 -4.036643
1.592862 4.275368 -0.319640
2.784426 3.383905 -0.824403
0.579653 1.548685 -3.991021
0.033761 4.460509 0.670627
-0.802685 0.723570 -3.986801
-0.812406 4.426047 -1.075842
-0.410767 4.462744 0.545822
1.425663 3.352623 -2.786331
0.000461 3.510360 2.289952
1.694967 3.951556 0.984418
-1.929232 1.842024 -3.361117
1.279511 3.417724 2.094363
1.556983 2.509027 -3.358432
-0.071677 2.872711 -3.502159
-0.815202 2.001927 -3.803413
-1.113586 0.760199 -3.899683
1.181995 3.604210 -2.635647
0.788710 4.376547 -1.406660
1.388910 3.964353 -1.966358
-0.772765 3.247175 -3.108611
-2.094564 2.122497 -3.134325
-0.294324 1.830979 -3.945804
-0.331103 1.615995 -3.993121
-0.782208 4.201815 1.106796
2.068027 3.762498 -1.599307
0.768392 -0.282158 -3.840744
2.853191 1.992184 -2.570292
2.889090 1.516819 -2.711365
-0.002662 4.596916 -0.150665
0.700771 3.974325 -2.325613
-1.157531 3.481969 -2.725595
1.865313 2.144205 -3.366981
-1.087200 3.722364 -2.469580
1.964362 1.448398 -3.517737
0.454030 -1.323289 -3.360157
-1.684377 4.089539 -1.074718
1.871691 4.135810 -0.296760
-1.462910 1.254922 -3.743071
0.539804 3.528994 2.228120
1.302077 -0.294701 -3.684376
2.063864 3.911493 0.478961
0.043861 4.309668 1.100492
-1.695317 2.059685 -3.427418
-0.684542 0.963610 -4.014170
0.445571 4.540985 0.207940
-0.395512 0.031830 -3.968566
-0.734601 4.239138 -1.748327
0.377216 3.651420 2.121400
0.484193 4.487483 -1.170736
0.728829 3.520057 2.195239
0.476739 4.043096 -2.275088
2.210806 2.792321 -2.728028
2.104693 2.670489 -2.910330
1.947551 3.045415 -2.732433
0.125440 -0.817385 -3.691692
0.140846 4.595901 -0.565137
-0.173189 3.888874 -2.536180
-0.523258 -0.183566 -3.893457
0.077901 4.517052 -1.147344
0.401166 3.311234 2.455899
-0.144047 3.345064 -3.140857
2.096200 3.577715 -1.926414
2.558026 1.459163 -3.072251
2.617187 3.046169 -1.992724
-0.123963 3.261686 2.512314
-0.380695 1.010384 -4.061657
3.013619 2.383005 -2.074002
-0.662383 3.779092 -2.577490
2.494142 2.997582 -2.226774
-0.067831 4.569313 0.131459
1.307389 4.319586 -1.050519
1.719637 4.200002 -0.675976
1.511704 1.516573 -3.736325
2.274371 3.495363 -1.822714
0.791041 0.091389 -3.937324
-0.791882 4.463124 0.192496
2.315912 2.847724 -2.580530
-1.184884 4.155503 -1.611756
2.710423 2.524280 -2.404465
0.872332 0.972212 -4.000643
0.376628 3.396032 -3.084474
-1.278589 4.007972 -1.866476
-0.726277 2.695718 -3.514148
-1.649547 1.088639 -3.668316
1.230701 4.403543 -0.056139
2.668991 1.613003 -2.926262
-0.760025 4.380557 0.616759
-1.582581 2.834400 -3.070091
-0.544169 1.982850 -3.867343
3.082340 2.140495 -2.150145
0.165690 1.370072 -4.054980
1.304962 3.729897 1.704387
1.937444 4.080516 -0.005110
1.510903 4.057914 0.945925
2.139203 1.423801 -3.410557
0.786750 -1.275636 -3.332612
-0.353554 2.704374 -3.579454
4.964684 -0.058099 1.197930
4.343321 1.280033 -1.547111
5.157974 -1.161748 0.598937
4.825024 -2.152641 0.533413
3.407985 0.739667 -2.847004
1.613338 -3.126098 -2.297601
4.160253 -2.003485 -2.217614
1.056783 -3.578026 -1.348553
2.190386 -1.547768 -3.340802
4.258543 -2.110827 -2.025240
3.118857 -1.910580 -2.986409
4.183310 0.324732 -2.461377
2.462670 -3.886716 0.041908
2.134707 -3.514870 -1.752901
4.544565 -1.082353 -2.196348
5.042166 0.682684 -0.179939
3.804958 -3.265812 -0.899120
4.552956 -2.506922 -0.994639
2.259607 -3.893420 -0.544946
5.248747 -0.287430 -0.598712
3.367213 -3.539985 -0.821726
4.725647 -2.042494 -1.311492
5.122201 -1.004685 -1.116122
4.492589 -1.931655 1.558302
4.601796 -0.837502 -2.167329
3.904831 -1.510163 2.404139
3.494126 -2.157033 -2.663131
2.836257 -3.507606 -1.514089
3.186758 -2.629511 2.194665
2.578768 -3.270871 -2.040557
4.025035 0.779254 -2.383623
5.018995 0.601670 0.439168
3.952220 -3.254536 -0.387855
2.287626 0.283132 -3.357465
2.166337 -2.878311 -2.573304
2.262055 -1.183522 -3.422251
5.068771 -1.668171 0.384968
5.185576 -0.459087 0.684536
3.187923 -3.690779 -0.284438
1.793285 -1.778273 -3.267685
4.208208 -2.779036 0.983413
2.868204 0.295801 -3.238078
4.589762 -0.592458 1.904953
4.438001 -2.820796 -0.181975
3.070272 -1.179201 -3.241092
4.321909 -2.193940 1.577365
3.810463 -3.359732 0.037356
3.574371 1.515522 -2.175682
3.996981 1.166601 -2.124190
1.459051 -3.593767 1.233996
1.122154 -1.727749 -3.179646
4.890678 -2.134760 0.222394
1.308026 -3.641387 1.056184
4.311122 -1.452784 -2.350040
4.009223 1.440382 -1.827359
3.458900 -1.471872 -2.996429
4.646397 -1.541814 1.584420
1.670437 -1.380576 -3.383353
2.925613 -3.460188 1.259743
5.164979 -0.838581 -1.028394
2.853077 -3.185930 1.754581
4.633449 -2.537430 0.272109
0.935804 -2.682846 -2.547971
2.972990 -3.749366 -0.518553
3.341558 -3.249264 1.322974
4.619147 -2.175853 -1.384044
5.118155 0.457478 -0.362924
4.143887 -2.949360 -1.034413
1.142551 -1.958252 -3.088370
3.083659 -3.611831 -1.012785
3.784543 1.031388 -2.425201
4.745764 0.873845 -1.253271
1.967813 -2.262863 -3.040807
2.802947 -3.720653 -0.945625
4.134806 -1.028034 2.345550
5.155906 -1.527965 -0.025541
4.642895 1.393456 -0.167595
4.078071 -1.413265 2.296351
1.944052 -1.453567 -3.376635
4.928809 0.918259 0.041579
3.863276 -2.786894 1.491044
4.004575 -1.684988 2.251965
0.852149 -2.920337 -2.276975
5.030441 0.644073 0.265794
4.418702 -0.320820 -2.385426
2.638762 0.527779 -3.222735
4.971495 -0.382576 -1.562735
3.783870 -2.357663 -2.310779
5.000640 0.670493 -0.682480
4.698309 0.655815 -1.588045
4.958975 -1.743060 -1.034475
4.358835 0.025473 -2.382589
2.533899 -0.665812 -3.438204
4.330912 -1.539459 1.998921
3.038312 -3.524392 -1.318076
4.402037 -0.732014 -2.414824
3.842236 -3.063267 -1.359205
5.174288 0.017798 -0.789836
2.027743 -1.148349 -3.442404
2.354138 -2.975923 2.158770
0.992451 -3.766965 0.253274
4.451310 -2.720184 -0.758249
4.738579 1.244454 -0.356384
4.630191 -0.329240 -2.128369
4.464436 -2.136720 -1.713862
1.706582 -3.918565 -0.318058
3.785940 -3.277297 0.611472
4.708891 -1.770625 1.325297
4.214790 1.068948 -1.964402
2.647542 -3.083288 -2.260170
3.874586 -1.960703 2.217623
4.802977 1.087302 0.334734
3.516334 0.054162 -3.030060
4.379120 -2.637376 -1.184160
4.997788 -1.957249 -0.257481
4.765895 -2.066959 0.882864
3.266835 -1.808550 -2.967227
2.946688 -1.756141 -3.116856
4.302832 -2.309727 -1.782845
5.102297 -1.065901 0.858812
4.815117 -0.916510 1.544528
4.701666 -0.134722 1.697345
5.194999 -1.063141 -0.795048
1.608622 -3.542897 -1.674301
2.289011 -0.919141 -3.456797
2.490204 -2.300054 -2.967590
3.698820 -2.988933 1.388005
4.579878 -0.131918 -2.159982
3.096339 -2.841133 -2.334933
1.159950 -3.834980 -0.270238
3.524295 -2.228329 2.304792
4.052860 -2.377894 -2.031322
2.613775 -1.966124 -3.119991
5.248603 -0.794148 -0.649575
5.265369 -0.984638 0.017923
2.700830 -3.811111 -0.623450
3.694276 -3.219324 -1.247387
1.845664 -0.812385 -3.481508
4.926016 0.421789 -1.287273
3.294884 -3.058681 1.660486
5.288894 -0.708700 -0.262344
4.866725 -2.158435 -0.596924
5.252847 -0.375465 0.324938
2.972818 -3.658878 0.691572
2.483069 -0.872718 -3.435432
5.221530 -0.658260 -0.831108
1.610812 -0.975585 -3.450829
1.315859 -1.757987 -3.214556
4.928458 0.772416 -0.821600
4.936760 -1.660736 0.904471
4.815655 -2.190565 -0.776087
4.397092 -0.985779 -2.389693
5.177256 0.045518 0.453486
4.542935 -0.132561 1.914175
4.632595 -1.306060 1.714834
2.696139 -3.770875 0.554851
4.680067 0.047406 -1.968919
5.212608 -0.318089 -0.824172
5.238490 -1.158652 -0.337038
2.525045 -3.359056 1.633957
4.768198 1.198332 0.064888
4.544429 -1.204381 1.869848
1.559928 -2.597974 -2.790524
2.756341 -2.295641 -2.905987
2.796736 -2.638677 2.354861
2.019864 -3.435663 1.604584
3.483882 0.330921 -2.972035
3.097838 0.448227 -3.111355
4.264838 1.466649 -1.411163
3.201202 -3.456120 1.031107
4.888222 -2.179212 -0.252200
0.841275 -1.981211 -2.977464
3.707511 0.786741 -2.636838
2.503305 -3.745456 -1.097575
4.578008 -2.647701 -0.313411
4.221607 -1.179202 2.234133
4.759832 -0.690562 1.662056
-2.940001 3.572447 1.763852
-1.524717 4.237246 0.945104
-2.684517 2.363344 3.194968
-4.954552 1.182232 -0.545046
-2.281727 2.218604 3.422735
-4.912696 1.274973 1.051664
-3.254810 3.498937 1.532261
-2.715634 4.044645 0.465317
-0.945170 0.670316 3.914938
-4.200257 2.840662 1.021361
-1.765391 4.275262 -0.167578
-2.419702 3.752387 1.852298
-2.980657 2.044390 3.220356
-1.991344 1.483094 3.766518
-1.723622 3.549455 2.434656
-2.867690 2.580935 -2.566701
-4.709762 2.013811 0.947511
-1.688323 1.525302 3.797930
-3.813492 2.238987 2.456244
-1.853974 3.102326 2.907626
-2.225693 1.982828 3.547536
-3.009572 0.584920 3.543102
-2.751017 0.971879 -3.243828
-4.089012 2.797314 -1.027135
-3.420959 2.488599 2.646671
-2.401259 4.139530 -0.217540
-3.469413 1.560082 -2.715834
-2.350872 2.799322 3.030214
-1.386222 2.832388 3.180372
-3.145097 3.281936 2.044142
-1.408732 3.549501 2.466325
-0.588708 -0.524908 3.691050
-2.622105 2.578931 -2.690313
-1.665253 -0.468052 3.772921
-0.196154 1.891455 3.506724
-4.492561 1.188234 -1.718919
-2.711117 2.860767 -2.428385
-1.955958 3.556108 2.372977
-0.557407 2.824563 3.082642
-0.427929 0.984795 3.801275
-3.506771 2.984959 -1.672115
-0.747992 4.011798 1.554900
-2.567171 2.321578 -2.875206
-3.408786 3.455603 -0.995095
-2.781427 1.766323 -3.042565
-3.332990 0.511982 3.360395
-4.182369 2.612943 1.523785
-2.571726 -0.022150 3.676639
-4.010936 0.888201 2.795437
-4.348008 0.840842 2.402519
-2.761365 4.004886 0.663991
-2.098398 -0.309889 3.749857
-4.441066 2.588930 -0.368597
-2.968521 2.602790 2.885954
-3.647938 3.077751 1.747994
-2.489229 3.991066 1.203253
-2.718808 3.315679 -1.944757
-2.411992 3.504210 -1.869788
-3.178896 1.576295 3.296137
-2.555082 3.964214 -0.822678
-2.678780 2.990342 2.721047
-1.576457 0.308855 3.919676
-4.411922 2.414206 -0.885729
-0.800660 3.908138 1.810871
-3.478926 3.625475 -0.147973
-2.031666 3.316955 -2.253335
-2.980109 3.936704 0.300889
-0.338262 3.247949 2.616593
-1.977094 3.309792 2.669843
-3.117445 3.787736 -0.524098
-2.728361 4.024921 -0.219305
-1.931386 0.043361 3.850861
-2.806663 2.803291 2.819868
-3.273451 1.308475 3.313251
-2.629094 1.330163 -3.231964
-0.996852 4.148831 1.253524
-1.893067 0.750470 3.891601
-4.142523 2.477648 -1.389945
-1.233389 4.109475 1.422449
-2.398360 1.790250 3.572539
-2.200657 1.527944 -3.316231
-0.646770 -0.091799 3.810795
-2.806061 1.663947 3.461157
-2.932568 0.263266 3.565829
-1.162240 3.463755 2.568855
-4.546984 2.290996 -0.675572
-1.528782 2.925649 3.101736
-2.383109 4.048342 -0.725753
-1.885582 3.929640 1.762941
-0.866651 0.485081 3.905786
-2.756726 -0.207206 3.567669
-3.091399 3.016671 -2.031950
-1.925424 4.113253 -0.872058
-2.650430 4.079060 0.283400
-3.075074 1.202292 3.450159
-0.935656 2.629368 3.297689
-4.280831 2.541240 -1.018735
-2.916335 3.940628 -0.238619
-3.641816 2.951316 -1.549629
-2.631115 3.527763 -1.704305
-3.537114 3.438046 -0.789980
-3.468479 3.645309 0.402421
-0.526965 3.102731 2.833474
-1.833796 2.908810 3.079282
-2.410429 2.061124 -3.064831
-1.104524 1.446120 3.827074
-3.089499 0.902979 3.485943
-0.507916 -0.244227 3.749561
-3.153148 3.591652 -1.072768
-3.065297 3.350580 -1.624689
-0.805524 -0.748342 3.653038
-4.517457 2.093683 1.456664
-0.811246 1.502143 3.782162
-3.231255 3.598744 1.328171
-3.138577 1.991264 -2.761295
-4.275181 1.906121 -1.700981
-3.472815 1.864907 2.985733
-3.552809 2.308615 -2.271001
-3.006640 0.086879 3.508417
-4.222778 2.954963 0.055699
-0.678182 3.364172 2.602217
-3.695374 3.459392 -0.164484
-5.007145 1.302477 0.283751
-1.775206 4.233069 0.856167
-2.199119 3.733677 -1.616073
-4.671949 2.153085 -0.433519
-2.650747 2.023607 -2.993104
-4.140545 3.017217 0.629983
-4.122448 2.898253 -0.727731
-4.564339 2.442732 0.523335
-1.340363 -0.060673 3.882040
-3.327503 -1.166389 -3.466561
-0.513477 -2.123939 -3.328939
-3.521409 -4.098499 -0.779010
-5.037969 0.053949 -1.726078
-1.744660 -1.520867 3.617038
-4.051109 -3.522455 -1.416304
-0.458197 -3.237924 -2.601081
-5.335593 0.399964 0.068912
-3.031591 -1.945750 3.300136
-4.290613 -0.477284 -2.838356
-3.533315 -1.531081 -3.311838
-1.011196 -1.913899 3.432993
-1.384549 -1.354224 -3.742597
-3.761851 -3.652066 -1.590237
-2.933966 -2.273626 -3.333265
-0.841876 -1.559041 -3.603017
-1.241071 -3.036822 -3.041103
-5.373159 -0.586288 1.053441
-5.448573 -0.351625 -0.784113
-3.655461 -1.163774 -3.301114
-1.475452 -3.258122 2.779765
-2.222312 -4.080399 1.777689
-3.795560 -3.134622 2.137569
0.415042 -2.364762 -2.655514
-1.819249 -1.798404 -3.679309
-4.775659 -2.128274 -1.952551
-3.242104 0.807688 -3.094457
-3.109458 -2.536636 3.014289
-1.253976 -4.042364 -1.927750
-3.150448 -4.319822 -0.458514
-0.023071 -3.119528 -2.434802
0.518312 -3.400075 -1.492902
-4.767197 -1.289474 2.189357
-1.042336 -2.554409 3.176877
-1.494294 -0.243553 -3.738380
-3.660734 -3.059995 2.323398
-2.709743 -1.264865 -3.668718
-2.945934 0.603924 -3.315978
-4.818645 -1.792634 1.954470
-2.766033 -2.625748 3.088804
-5.420365 -1.818542 0.127894
-2.356436 -3.387605 2.631264
-2.826749 -3.332036 -2.668966
-5.524246 -1.222284 -0.336223
-0.137450 -3.805484 1.501675
-1.207530 -1.469350 3.576664
-3.611889 -2.549031 2.742669
-2.779092 -3.739268 2.107483
-3.444211 -4.011420 -1.215168
-0.056439 -3.925798 1.138443
-2.453993 -4.414032 0.872572
-4.068709 -3.831370 -0.158442
-2.403015 -0.571455 3.621040
-1.989239 -4.351869 -1.362321
-3.209047 -4.306258 0.240519
-2.847562 0.857095 -3.224515
-5.019287 -1.103374 1.847025
-1.467671 -4.464543 -0.957026
-1.047444 -1.850008 -3.583137
-4.133078 -2.894648 -2.164776
0.367115 -3.671013 -1.190922
-1.697456 0.134104 -3.668042
-3.964681 -0.411366 2.965855
-2.658138 -4.472770 0.322008
-1.758193 -4.243575 1.508938
0.292030 -3.469722 1.579207
-4.464064 -3.303478 -1.030491
-4.935927 -1.892982 1.712231
-3.307544 -1.623384 -3.401597
-4.351050 0.225923 -2.589220
-3.553948 -3.696834 -1.750076
-5.155106 -2.450371 -0.567512
-2.874999 -0.415122 -3.621233
-4.932069 1.069352 -0.820525
-4.934264 0.452213 -1.658525
-4.329005 -3.020213 -1.778141
-3.090200 -3.450756 2.302945
-1.643584 -1.932706 3.514148
-0.207860 -3.356288 -2.326245
-0.279032 -1.657979 -3.375439
-0.932252 -2.297469 3.272452
-3.807472 -4.013513 -0.042874
-3.424697 -3.942830 1.288545
-2.497458 -2.739892 3.092188
-1.477323 -1.778957 -3.668774
-1.534827 -2.530954 -3.390863
-5.362666 -1.401856 -1.102103
-2.792647 -2.028764 -3.473051
-4.626196 -3.014696 1.115895
-3.762528 -3.839392 1.055982
-3.690023 -0.085028 -3.204794
-3.196449 -3.662776 1.978135
-2.663344 -4.476129 -0.399253
-2.014509 -4.190611 1.607432
-1.900331 -0.734208 -3.798818
-5.269147 0.407372 0.618215
-2.662813 -1.288038 3.554081
-2.870045 -4.421849 -0.393983
-4.573586 -0.797118 2.461061
-4.054529 -0.393292 -3.020463
-2.044815 -4.578604 0.110512
-4.898792 -0.008475 -2.000091
-0.127730 -4.177437 0.210610
-0.966651 -1.605817 3.502040
-2.766457 -3.501890 -2.520229
-3.631174 -0.221781 3.145780
0.149678 -4.013162 0.296802
-2.505511 -4.085591 -1.804454
-3.103755 -4.161915 1.100786
-2.044865 -2.698365 -3.304542
-4.261725 -0.421807 2.732682
-5.084613 -2.169400 -1.303658
-1.974308 -3.347899 2.717029
-3.004902 0.752483 -3.223861
-4.121633 -2.987052 1.960696
-3.853414 -2.054958 2.831780
-2.525728 -0.036292 -3.641828
-4.553023 -0.101864 -2.494823
-0.944982 -3.183216 2.729286
0.206463 -3.366649 1.829068
-3.372829 -0.929003 3.336644
0.359013 -3.299385 -1.869765
-4.535954 0.967485 -1.870122
-0.538359 -2.011228 3.257100
-3.576238 -3.751493 1.506350
0.164506 -3.098912 2.178567
-5.136446 0.744118 -0.695474
-2.090725 -3.527760 2.534299
-3.498584 -0.472900 3.255656
-2.679126 -2.035524 3.378055
-5.276596 -1.844794 -1.062098
-4.042304 -3.427067 1.479571
-5.356019 0.225858 -0.588479
-5.435616 -1.181933 -0.929865
-4.806678 -3.028509 0.466120
-2.922489 -1.078114 3.502709
-4.864056 -0.230976 2.010981
-4.609756 -3.322205 0.168039
-3.339428 -2.958925 2.623341
-3.845314 -0.448540 -3.175508
-1.332305 -3.574766 2.454509
-0.876468 -2.790745 2.995030
-2.163857 -4.478963 0.771098
-5.371126 -0.959517 1.085207
-0.188437 -3.665543 1.787655
-3.788374 -4.010907 -0.366003
0.567575 -3.564792 -1.035865
-1.879193 -3.336096 -2.854719
-3.973839 -3.025624 -2.202645
0.477671 -3.589854 1.048511
-3.125008 -3.125212 2.600810
-3.308524 -4.129383 -1.059167
-1.716139 -3.426835 -2.770303
-1.516069 -2.390103 3.333491
-2.523653 -1.832836 -3.599438
-1.953129 -1.182840 -3.784126
-0.079411 -1.628383 -3.282814
-2.436872 -4.405772 -1.037941
-3.594673 -1.146837 3.213274
-5.038529 -0.156024 -1.822935
-0.592290 -3.399191 2.387443
-0.779340 -2.138254 -3.417063
-5.346920 -2.071106 -0.146878
-2.451310 -1.520517 3.561944
-5.508414 -0.553369 -0.555168
-1.373499 -2.974562 2.984635
-4.513277 0.124056 -2.459064
-4.021256 -3.846013 0.303983
-3.247351 -4.253248 0.527039
-1.183572 -1.123896 -3.738074
-2.525822 -4.091487 1.661952
-0.213318 -4.080966 -1.055605
-0.271323 -2.680461 2.812297
-5.041817 0.222102 1.491880
-3.883356 -2.820212 -2.473786
-2.164265 -2.635277 3.205816
-0.294485 -2.188711 3.083050
-0.472554 -1.207599 -3.534776
-4.348702 -0.020112 -2.682585
-0.125811 -3.798809 -1.625011
-3.180502 -0.804261 3.419101
-0.856157 -3.970556 -1.887206
-1.906106 0.543779 -3.531056
-1.598629 -3.993986 -2.075459
-0.812146 -2.469327 -3.280775
-0.768628 -1.897942 -3.496480
-2.188693 -0.905039 3.659047
-1.836165 -2.219800 3.418329
-5.254455 -1.707908 1.124762
-5.214585 0.669375 0.268467
-0.533423 -2.699061 -3.050004
-4.180059 0.940248 -2.337680
-3.692206 -1.570269 -3.213928
-3.281733 -2.505602 -3.076355
0.577174 -3.661984 0.543480
-1.157619 -3.743655 2.215106
-1.067124 -2.443341 -3.361898
-2.349840 -1.137329 3.628458
-2.561162 -3.577007 -2.509072
-0.089407 -2.890502 2.556059
-4.766398 -2.659556 1.348921
-2.779144 -3.756159 -2.208022
-5.477814 -0.885787 -0.806852
-3.658507 -3.149768 -2.361984
-3.599133 -2.528543 -2.886337
-1.003185 -4.451035 0.540604
0.147538 -3.878736 -1.046144
-3.536277 -1.838764 3.106935
-1.548192 -1.004784 -3.789016
-3.468533 -2.794582 -2.793742
-4.714115 -2.963087 -1.112787
-3.621629 -4.079104 -0.598094
-3.918864 -2.297300 -2.792473
-5.200305 0.734502 -0.000035
-3.642689 0.583755 -2.991610
-0.587705 -3.933526 1.663689
-5.504809 -1.065429 0.496552
-2.613811 -3.016948 -3.002645
-3.005090 -2.959811 -2.910169
-3.875860 -3.903737 0.575110
-3.108530 -1.239518 3.425104
-2.511239 -4.184530 1.480906
