0.737179 -0.902071 -2.630633
0.234804 -1.761948 -2.801381
-0.691867 -2.187047 -2.471912
1.107200 -1.752494 -2.387647
0.224986 -2.816278 -1.980407
-0.336991 -1.658676 -2.806181
0.722539 -0.192125 -2.167488
-0.906069 -0.370652 -2.208797
-0.290946 -2.121397 -2.653779
-0.776216 -2.710744 -1.798923
-1.289166 -2.020154 -2.033504
-0.146602 -0.914332 -2.804825
-0.343325 -0.253960 -2.414121
0.882810 -1.840311 -2.532552
0.809896 -2.234197 -2.367168
0.639436 -2.254754 -2.453279
-0.230217 -1.072752 -2.829955
1.335088 -1.195286 -2.197326
-0.038359 0.056517 -2.105201
-0.514658 -2.820167 -1.821680
0.475625 -1.137573 -2.786394
0.445520 -2.781416 -1.950213
-1.179027 -1.262681 -2.382626
0.386123 -1.534345 -2.814111
-0.818564 -1.277203 -2.654425
1.150425 -2.832043 -1.096512
0.190115 -2.475071 1.566231
-0.216115 -2.714113 1.366572
0.308707 -3.001282 1.011318
-0.970395 -2.809902 -1.320463
0.988458 -3.060820 -0.803452
-0.016008 -3.326528 -0.743774
0.004928 -2.255280 1.712290
0.008085 -3.393564 -0.089848
-0.516490 -3.265904 0.332929
0.777232 -3.064119 0.654514
-1.152637 -3.021920 0.196837
-0.370378 -3.265542 -0.841004
0.805051 -3.150923 0.398889
-0.588261 -2.971139 0.949979
-0.061736 -3.360193 0.191055
-1.114711 -2.906217 0.604396
1.336923 -2.903145 -0.529334
-0.945861 -2.588782 1.201025
1.193728 -3.036720 -0.119450
0.406607 -3.255224 -0.851649
1.378262 -2.563633 -1.208541
0.204140 -1.984157 1.824860
2.254776 -2.065156 1.513033
3.100023 0.574462 -0.743078
0.675086 -2.232285 1.661514
3.319250 0.490828 -0.166152
1.755699 -1.766934 -1.680741
3.420683 -0.958528 0.665950
1.579673 -2.735817 0.558833
0.973964 -2.416780 1.478291
2.249645 -2.519327 0.449047
3.213041 0.085413 1.262666
2.163487 -2.574919 0.072740
2.025643 -2.484897 -0.618993
1.994914 -2.367540 1.273128
2.864564 0.782984 1.316357
3.484941 -0.276366 0.631046
1.860494 -1.094390 -1.981741
3.485124 0.031165 0.284524
3.317941 -1.150249 0.853538
3.312982 0.561730 0.053073
2.520775 -2.230762 0.913049
1.715263 -2.553347 -0.712469
1.496097 -0.399480 -2.165788
3.211976 0.765011 0.242352
2.107596 0.928346 1.897789
1.265529 -0.468089 -2.187902
2.854628 0.965538 1.100515
2.687072 -1.777962 1.402266
1.754284 -0.550827 -2.109856
2.563878 -2.322993 0.439223
1.219209 -0.219114 -2.181236
2.980445 -0.948555 1.618153
2.178493 -2.385319 -0.684285
2.843181 -1.307118 1.610697
3.057177 -1.389415 1.237402
1.534411 -1.288801 -1.995048
2.931949 0.167000 1.652940
0.862486 -0.276783 -2.168907
2.382044 0.087471 -1.782681
3.048892 -1.525062 1.111172
0.182974 -1.573725 2.034392
1.701845 -0.011574 -2.089396
1.511633 -1.070112 -2.073163
1.815961 -2.688558 -0.118781
3.208583 -1.270890 1.033876
3.037629 0.907278 0.765564
3.185102 0.289935 1.197440
3.138215 -0.496177 1.496735
3.404739 0.111381 0.735241
-2.974858 0.885600 0.978020
-3.129443 -0.772064 1.465079
-2.063530 -2.583579 -0.221934
-2.184316 -2.051359 1.584493
-2.463429 -2.409344 0.157090
-1.809337 -2.658083 -0.301743
-2.905692 -0.241042 1.786148
-1.526598 -0.894494 -2.114164
-2.964749 -1.025864 1.607329
-2.857926 0.613225 1.482863
-1.632855 -2.754400 0.145472
-1.861185 -2.695662 0.181022
-2.621886 0.452522 1.841657
-2.009978 -2.540455 0.857560
-1.555111 -2.729241 0.621284
-1.686631 -2.732055 -0.036897
-3.071473 0.673941 1.066686
-2.786117 -2.153322 0.219563
-0.849541 -2.118421 1.832408
-2.743857 0.516172 -1.309438
-3.347707 -0.009631 1.005716
-3.256942 0.586155 0.646310
-3.201698 0.755236 0.451195
-2.040186 -0.014261 -1.980888
-1.734305 -2.083545 -1.414783
-3.484906 -0.081451 0.505818
-3.065424 -1.197595 1.372391
-2.706011 -1.939692 1.162998
-0.433878 0.370724 2.314084
-0.010145 0.213109 2.177565
-3.433257 0.245340 0.096801
1.932858 -1.265907 -1.937188
3.058634 0.346033 -1.122630
2.573856 -1.550290 -1.715002
3.265285 -1.813666 -0.743271
2.572343 -1.804881 -1.528218
3.573764 -1.297901 0.039975
3.606713 -1.328117 -0.237797
2.835765 -1.518593 -1.601033
3.121206 -0.986181 -1.605084
2.669542 0.287169 -1.516635
1.850709 -1.789224 -1.642943
2.937562 -1.636196 -1.443698
3.419460 -1.689624 -0.430059
3.691211 -0.909751 -0.105219
3.381486 -1.233385 -1.223465
2.029101 -2.201290 -1.171381
3.550032 -1.247712 -0.869753
2.883861 -2.186655 -0.435051
0.875768 -1.328919 2.677977
1.679927 -0.998091 2.837159
2.264992 -0.469790 2.642317
1.917441 -0.724901 2.816190
0.632439 -0.708157 2.765169
2.612429 -0.165696 2.258002
1.948956 -0.967928 2.762464
1.331516 -0.821557 2.908594
1.798496 0.339643 2.572486
2.482217 -1.175538 2.323391
0.109689 -0.963677 2.326541
0.380196 -0.603586 2.625760
1.349999 -0.123540 2.861814
2.480726 0.397188 1.992150
1.045037 -0.723606 2.893935
0.840976 0.404292 2.511375
1.361390 -0.374247 2.912621
1.864741 -1.786664 2.291958
1.856444 -1.512718 2.544979
2.716069 -0.316887 2.169271
2.049282 -0.422864 2.759357
1.462730 -1.408118 2.703447
0.234797 0.543745 -2.332253
0.199029 0.824511 -2.368304
2.884965 1.636589 0.856930
0.118975 2.637926 -1.715056
0.290069 3.138212 -1.099683
1.575044 3.105200 -0.957536
3.002106 1.842398 0.185442
2.374683 0.981463 1.689885
3.035435 0.806258 -0.768120
0.227977 0.956864 2.245508
3.139009 1.266488 -0.208733
2.913228 2.089274 -0.066195
1.998548 3.087844 -0.033073
0.340380 0.682970 -2.381116
0.898955 0.768100 2.290733
0.029896 3.300365 0.125959
0.820766 1.301750 2.296523
1.343158 3.179408 -0.961619
1.509886 3.278374 -0.452120
0.008835 1.689527 2.091244
2.442831 2.553899 -0.849472
1.529103 3.297504 0.109669
1.149963 3.178321 -1.061167
1.291739 3.105656 -1.146900
0.703398 0.352863 -2.344612
0.353380 3.369599 -0.382008
2.823357 0.572638 -1.180856
0.097115 3.241225 -0.699106
0.521063 1.524650 2.248666
2.467837 2.700812 0.176055
3.038672 1.301548 -0.753188
0.768932 1.081599 2.310339
2.765854 1.979241 -0.978342
0.536284 3.330006 0.563116
0.271107 3.345947 0.292707
0.198759 2.063387 2.004988
0.002761 1.601406 -2.252182
2.833400 1.347782 1.083795
3.148136 0.894928 -0.092759
2.713143 2.424784 -0.140058
0.331031 0.305567 -2.287055
0.519062 3.325395 -0.711811
3.115831 1.418082 0.128755
3.122053 1.431058 -0.051819
-0.247992 -1.324223 2.285534
-2.504382 0.203019 2.165315
-2.403789 -1.465912 2.197722
-2.111257 0.117433 2.562636
-1.322631 0.652308 2.384274
-1.007846 -1.755530 2.401290
-1.293817 -1.505528 2.648068
-0.333618 -0.987927 2.528776
-2.261312 -1.301674 2.450895
-2.644005 -1.348636 1.974172
-1.174448 -2.082312 1.983838
-1.514974 0.424937 2.578028
-1.897485 -0.950911 2.786036
-1.700816 -0.374251 2.872389
-0.766605 -0.628928 2.824037
-0.586784 -0.763439 2.736521
-1.451460 -2.060252 2.036111
-2.169394 -0.954781 2.657120
-1.933965 0.220763 2.595322
-1.934709 -0.393920 2.804515
-3.533563 -0.046809 -0.671871
-3.588866 -0.696037 0.296224
-2.461127 -2.307107 -0.771494
-2.728826 -0.028144 -1.703158
-2.731026 -1.445933 -1.703007
-1.843545 -1.684356 -1.721070
-3.461748 -1.091828 -1.163926
-2.098901 -2.280022 -1.010412
-2.199284 -0.290420 -1.957746
-2.580620 -2.320765 -0.198502
-2.817729 -2.119427 -0.898722
-3.671570 -0.374703 -0.486260
-3.639416 -0.501149 0.100021
-2.523683 -1.850835 -1.507328
-3.031790 -1.145609 -1.637768
-2.509712 -0.521491 -1.944185
-2.236336 -2.132875 -1.261463
-2.879294 0.079269 -1.548880
-2.437121 -0.916685 -1.968488
-3.371696 0.122690 -0.895197
-2.781261 2.312235 -0.251205
-0.153045 2.990243 -1.297300
-1.653855 0.942532 2.139057
-1.212892 0.081013 -2.199189
-0.233442 3.337044 0.295905
-3.073512 0.972919 0.535963
-3.006862 1.611418 -0.666833
-3.042766 1.403995 -0.690644
-2.496771 2.463392 -0.899917
-0.482398 3.087261 -1.261610
-0.505787 0.444496 -2.356083
-1.788019 3.052472 -0.854421
-0.476506 0.956584 2.290259
-2.639141 0.717800 -1.509210
-1.156653 3.383296 0.182672
-0.040920 3.306434 0.097431
-0.757912 0.113612 -2.258291
-0.431373 2.816841 -1.624688
-2.607478 2.543662 -0.318661
-0.550688 3.402148 0.200556
-0.229539 3.361771 0.054790
-2.933454 2.046293 -0.087006
-2.976812 1.769451 0.466471
-1.631958 3.248809 -0.357535
-2.952738 1.552027 0.742465
-0.396258 0.600061 -2.376335
-3.006000 0.819474 -0.860620
-2.952486 1.057978 0.886723
-0.413514 0.598407 2.239908
-2.914718 1.192838 -1.097313
-3.152577 1.002897 -0.060688
-0.076001 2.430460 -1.877005
-0.652991 3.361596 -0.614594
-0.271839 2.866615 -1.520569
-1.674158 0.138761 -2.075834
-0.546800 3.417056 -0.042327
-3.015647 1.405097 0.642959
-3.103876 1.461168 -0.315984
-0.053876 1.290261 2.186349
-0.594153 3.227030 -1.009736
-2.792711 2.259356 0.273835
2.223231 0.758478 -2.168525
0.591293 1.124165 -2.591570
0.571451 0.852792 -2.515140
1.146954 0.798161 -2.606409
1.960628 1.705309 -2.465527
2.210307 2.503267 -1.689625
1.868475 0.585361 -2.327936
1.637220 0.957566 -2.582687
2.754719 1.816312 -1.288554
0.769368 1.443675 -2.662781
2.611965 1.450750 -1.860940
1.025363 1.192511 -2.693866
2.565925 1.782737 -1.844061
1.487581 1.627959 -2.656128
1.772360 2.296648 -2.290960
0.805311 0.974826 -2.622531
1.917464 2.337995 -2.175440
2.347119 0.686809 -1.990630
2.169706 2.935826 1.275769
1.419564 3.015266 1.711464
0.442524 3.194701 0.924909
1.982354 3.155921 0.366021
0.158240 2.610153 1.655033
2.692932 2.349012 1.066146
2.300988 2.692828 1.465620
0.476906 2.004640 2.173425
0.568189 2.952741 1.624673
2.185554 1.968777 2.007127
0.239845 2.082269 2.015996
1.247737 3.384513 0.569378
1.361830 2.849378 1.901978
1.089146 3.323259 1.135930
2.637788 2.327741 1.262178
1.266095 3.340991 1.072443
2.323300 2.910575 0.981545
0.911712 1.790786 2.335454
1.960999 2.947686 1.511878
1.044887 2.879552 1.877129
-1.094089 3.031495 1.712629
-2.341339 2.821367 1.185674
-1.290294 2.881016 1.880071
-0.180626 2.243797 1.914262
-2.707099 2.404189 0.858086
-1.884739 3.236888 0.626076
-1.642638 1.388005 2.265686
-0.589882 3.209049 1.144423
-2.826769 2.009645 0.895876
-2.108768 1.185086 1.984363
-1.184450 1.441775 2.339181
-1.762958 3.085392 1.453772
-0.506534 2.540959 1.971431
-2.498853 2.741201 0.483564
-0.786402 3.340279 0.706875
-1.819145 1.613062 2.234544
-2.649368 2.203774 1.345425
-0.879887 3.228174 1.328805
-1.665272 3.256496 0.232984
-1.586268 3.319746 0.944818
-0.128113 1.565484 -2.345515
-2.169208 0.936107 -2.292996
-2.108703 1.085589 -2.380338
-0.253530 2.211798 -2.174807
-1.266543 2.554992 -2.220760
-2.696531 1.229110 -1.678323
-1.428330 2.095942 -2.521956
-1.792835 1.676840 -2.553345
-1.282144 1.390281 -2.703838
-0.641833 1.712325 -2.593085
-2.001116 1.535502 -2.470940
-0.453061 1.448828 -2.553754
-1.170297 2.883084 -1.771883
-2.102749 2.588675 -1.701962
-0.553500 2.736465 -1.811034
-0.942566 1.852982 -2.625813
-2.376596 2.501071 -1.280556
-1.509664 1.388039 -2.670698
-0.392747 2.653595 -1.810757
-1.995532 1.991719 -2.346354
0.660982 -2.925596 -2.067651
0.267107 -1.016886 -3.061023
-0.648012 -1.890627 -2.914251
-1.055421 -0.743094 -2.673270
-0.357976 -1.042480 -3.050153
1.004091 -2.698686 -2.118423
1.164863 -2.373993 -2.322503
-0.417279 -1.839629 -2.998650
0.190953 -2.459222 -2.745788
-0.026772 -0.336389 -2.818899
1.486826 -2.340890 -1.894369
-0.340791 -0.287304 -2.750710
-0.484408 -2.615741 -2.550512
0.858178 -2.547854 -2.421634
0.071802 -3.066732 -2.048795
0.075948 -0.184953 -2.712534
-0.084864 -1.352805 -3.107429
1.286793 -1.458829 -2.610403
0.324445 -2.273494 -2.841856
0.253995 -2.998101 -2.143342
1.389696 -1.758336 -2.450275
0.433643 -2.532197 -2.639865
1.060997 -0.974065 -2.744546
-1.086941 -2.988016 1.167542
1.211612 -3.155508 -1.178251
1.585916 -3.091958 -0.591267
0.229618 -3.679705 -0.478229
0.045262 -3.660150 -0.672201
1.505716 -3.110657 -0.774687
-1.021852 -3.485689 -0.161390
1.110320 -2.876823 -1.679192
1.361495 -3.219301 -0.767937
-0.373955 -3.676987 -0.130106
0.983656 -3.481833 0.110482
-0.421725 -3.410963 -1.293553
0.332322 -3.385449 -1.372089
0.828647 -3.464780 -0.871169
0.519958 -3.083946 1.360346
1.685506 -2.482147 -1.514360
-0.372187 -2.613494 1.823548
-1.586592 -3.127207 -0.057918
-0.296588 -3.406081 0.946745
1.011254 -3.487380 -0.321459
-1.297005 -3.276835 0.315079
0.145943 -3.699346 -0.083869
1.288680 -3.258133 0.402830
-0.515795 -2.504325 1.863574
-0.824169 -3.375051 0.725895
-1.082439 -3.403687 0.289318
0.313200 -2.928157 1.578275
1.659440 -2.881247 -1.009210
1.129164 -3.289227 0.588944
-0.912660 -3.464756 -0.752060
1.182007 -3.306957 -0.849396
-0.240040 -3.582066 -0.935170
-1.421200 -3.102413 -0.979749
0.763113 -3.578539 -0.011287
0.006275 -3.687851 -0.499988
0.474147 -3.436331 -1.218648
1.229373 -3.126900 0.815028
0.419722 -3.662565 -0.001329
0.152301 -3.629017 0.396832
-0.168898 -3.691988 -0.403637
-1.409305 -2.923886 -1.330680
0.704971 -3.171955 1.168443
-0.588048 -3.615876 0.109159
1.432712 -2.978704 1.079592
2.099039 -2.942962 0.582935
0.612627 -1.964329 2.365248
2.705525 -2.652647 0.314354
1.020667 -2.815894 1.477703
2.610557 0.799212 2.131000
3.860319 -0.241951 0.347060
3.544487 -1.512854 0.884999
3.037348 -1.453743 1.856315
3.841325 -0.024466 0.157039
3.463261 -1.795046 0.604442
2.095418 -2.780499 1.165728
3.298515 0.194933 1.739256
2.200629 -0.152846 -2.305690
1.287717 -2.929672 1.238715
2.212060 -2.921874 0.373226
3.192419 -0.488951 1.985311
3.700361 0.167678 0.929949
3.529783 0.708400 0.865193
1.601212 -2.585124 1.778242
3.779985 -0.561592 0.873145
2.364033 -2.852811 0.019804
2.057285 -2.792902 -0.793960
3.566226 0.710108 -0.339031
3.615017 -0.218955 1.322561
1.525920 -0.807932 -2.477628
3.811234 0.043409 0.510113
2.971697 0.839081 1.766235
3.673754 -1.167293 0.883219
3.212229 -1.803406 1.305859
3.363503 -1.341222 1.478261
1.407755 -3.065723 0.784368
3.486668 0.704303 -0.629505
3.051742 0.484880 1.909228
2.660908 -0.007048 -2.034738
0.350980 -1.724441 2.440053
3.383830 -0.335818 1.739820
1.271377 -0.527481 -2.526435
3.595937 0.744101 -0.047878
3.587719 -0.476957 1.396494
0.029896 -0.041227 2.637368
2.849554 1.013018 1.753550
3.409421 0.520066 -0.997057
1.548446 -3.109848 0.354594
2.210834 -2.601530 -1.049696
2.854732 -1.887060 1.723763
2.616709 -2.599478 -0.530867
-3.134265 -0.296651 2.045757
-2.654956 0.294994 2.337893
-3.024666 -2.038979 1.320028
-1.725570 -2.902492 1.150652
-3.701094 0.118098 0.964596
-2.817067 -2.471617 0.844715
-0.039879 -1.322426 2.502851
-2.587780 -0.167690 -2.106922
-3.825499 -0.263059 0.657997
-3.470655 0.855902 0.805010
-3.647164 -0.289671 1.261021
-0.770869 -2.385008 2.034661
-1.600703 0.801073 2.574975
-1.844198 -0.260375 -2.436661
-3.133980 0.626340 1.725857
-3.312914 -1.910513 0.906590
-1.993009 -2.744879 1.330164
-3.392549 -1.276664 1.472090
-1.590628 -3.096368 0.441435
-3.698138 0.309380 0.799568
-1.909630 -2.844915 -0.792625
-2.932530 0.614295 1.962452
-3.845213 -0.738458 0.392644
-1.368654 -0.470815 -2.522416
-2.119905 -0.367226 -2.352536
-1.757748 -1.650653 -2.162253
-2.999569 -2.393918 -0.130029
-1.101142 -0.379927 -2.530710
-3.172647 -0.548456 2.004115
-2.428269 -0.224357 -2.204756
-2.087985 -2.557999 1.590984
-2.589252 -2.606960 0.940286
2.441020 -2.381662 -1.252649
2.133857 -1.771692 -1.960900
3.897315 -0.879977 0.109256
3.773605 -0.626997 -1.157728
2.980879 -2.081896 -1.341029
3.284461 -0.440018 -1.774688
2.997529 -2.345477 -0.771467
3.121054 -0.150325 -1.817484
3.153350 -0.865017 -1.902842
2.601987 -2.160623 -1.505147
3.034599 -2.372069 -0.195312
3.370194 -1.970502 -0.971368
2.943660 -1.201040 -1.973776
2.839238 -1.761266 -1.758731
3.691017 -1.557913 0.183535
3.052403 -1.553138 -1.757037
3.811705 -0.008641 -0.421737
1.906689 0.184810 2.911404
1.759215 -1.610778 2.811400
1.967625 -0.510179 3.058126
1.702562 0.485273 2.799331
1.590753 0.345451 2.907564
1.166797 -2.036967 2.487163
1.302668 0.000199 3.074872
2.242269 -0.437233 2.933235
2.549534 0.097620 2.570978
1.424127 -2.234737 2.219689
1.752202 -2.181015 2.225080
1.008186 -1.888401 2.613874
2.121838 0.044474 2.882530
0.628680 -1.712576 2.626236
1.471228 -1.091373 3.092222
1.847324 -1.044830 3.038245
0.118969 1.137961 -2.708036
2.719148 2.748269 -0.918053
0.014793 3.659714 -0.108009
1.396831 3.399104 -1.286425
0.491140 3.748577 0.088673
3.260030 0.776312 -1.137213
0.497621 0.464539 -2.711805
0.928429 -0.083129 -2.538255
2.000003 3.471445 -0.209145
3.069352 1.250602 -1.513316
3.010470 1.120461 1.475774
3.393253 1.543321 0.467317
1.047465 3.597199 -0.977184
0.196202 2.797938 1.931267
3.001975 2.532297 -0.546155
3.207786 1.857719 0.833452
3.221210 2.168315 0.317984
2.385882 3.237942 -0.102697
3.406318 1.345301 -0.682980
2.959645 0.572216 -1.615862
0.080171 3.562137 0.702963
2.866776 2.649154 0.602201
3.119137 1.838073 1.057703
1.554769 0.123694 -2.505278
1.458240 3.674495 -0.242264
2.590672 0.392932 -1.984138
0.429611 2.931962 -2.000877
1.923058 3.494516 0.230644
0.548612 3.517138 -1.187741
0.789964 3.766716 -0.146560
0.417510 3.662499 -0.729401
3.350829 1.905427 -0.206004
0.552755 3.082426 -1.861167
3.284989 2.058844 -0.328411
3.349029 1.603180 -0.743932
1.869224 3.216843 -1.291132
0.017922 1.687140 2.464221
0.165762 3.508120 -1.057641
1.422178 3.680073 0.151146
2.836602 2.670625 -0.781658
0.199946 2.365822 2.239866
0.223969 3.652375 -0.629138
0.496642 0.645407 -2.745229
2.750458 1.329914 1.776978
3.213877 2.248145 -0.095218
0.259918 0.930073 2.599121
1.020371 3.751573 -0.234454
3.463174 1.223713 0.293012
0.200238 0.410707 -2.650926
2.649133 2.990026 0.257929
0.598888 1.189304 2.641305
2.707144 2.475320 -1.342410
2.165071 3.377177 0.118465
-2.360770 -0.470595 2.866646
-2.270522 -1.454090 2.679810
-0.263911 -0.002699 2.726739
-0.041087 -0.840206 2.636575
-0.578806 -0.309196 2.987060
-1.519753 -0.901971 3.129678
-2.978916 -0.372486 2.220876
-1.405227 0.073732 3.048318
-1.243551 -1.968468 2.570338
-1.317004 0.476770 2.846412
-2.308560 0.044421 2.779049
-1.276384 -1.738690 2.776641
-1.030324 -1.879732 2.626521
-0.953952 -1.571330 2.845254
-0.653748 0.276878 2.819576
-3.796316 -1.428029 -0.687142
-3.840127 -1.396429 -0.397031
-3.676894 -1.501521 -0.990806
-2.912968 -0.645349 -2.052740
-3.166739 -2.284359 -0.207357
-3.836872 -0.128789 -0.623605
-3.301110 -2.098083 -0.835664
-2.797614 -1.206504 -2.046215
-3.862595 -1.316832 -0.206892
-3.043315 -2.371183 -0.429571
-3.932856 -1.039984 -0.390717
-2.871524 -0.277496 -2.013431
-3.898744 -0.306552 -0.158955
-3.570552 -0.281717 -1.408320
-3.683401 -0.917889 -1.318326
-0.450616 0.284267 -2.660025
-0.186044 1.034219 -2.725304
-0.817324 3.763654 0.077484
-0.709212 -0.002747 -2.577474
-1.795446 3.290247 -1.220651
-0.254268 3.431502 1.133961
-3.013417 1.369999 -1.577847
-0.481923 1.701010 2.554923
-1.497725 3.657990 0.177724
-3.261767 0.971985 -1.164308
-0.807775 3.385780 -1.459361
-0.070692 1.420840 2.531747
-3.466902 1.398586 -0.205356
-2.162052 3.356949 -0.440485
-0.480353 3.455960 -1.300042
-0.420192 3.740368 -0.227513
-2.991962 2.615004 0.068959
-2.464598 3.173480 -0.208125
-3.327945 1.286480 -0.971582
-0.948771 3.710080 -0.599305
-2.950997 2.451339 -0.897329
-0.978304 3.429170 -1.367975
-3.087178 2.202072 -0.912732
-3.269168 2.094167 0.201037
-0.611004 3.718968 -0.557290
-2.030896 3.174466 -1.207071
-3.384074 1.717957 -0.432658
-3.229928 1.765482 -0.989864
-1.738482 3.583402 0.125377
-1.217781 1.345681 2.597398
-0.329287 2.127682 2.387349
-0.071679 2.703386 1.971692
-3.380964 1.102038 0.701353
-3.386053 0.872834 -0.804127
-1.062026 3.663047 0.620739
-2.406141 0.456765 -2.162698
-1.746891 3.455865 -0.876951
-0.523195 3.065596 -1.876426
-2.810220 2.822711 0.244522
-1.433545 3.684946 -0.161882
-0.386950 3.327305 -1.502627
0.831871 2.882852 -2.174134
1.123468 0.911070 -2.891520
2.865061 1.820254 -1.778962
0.761194 1.382766 -2.908195
1.714151 1.087592 -2.842719
0.776753 1.932805 -2.827143
2.347777 1.737919 -2.488764
1.952535 3.052433 -1.517474
1.624092 2.134277 -2.729104
1.013056 2.907792 -2.177734
1.056767 1.966215 -2.853300
1.575408 2.810431 -2.233621
1.473170 2.954589 -2.074183
2.304671 2.659881 -1.874316
1.117296 2.622076 -2.489086
1.676876 3.131292 -1.605191
2.062073 2.757856 -2.005013
1.480808 1.424325 -2.920332
1.593396 0.314699 -2.567559
2.766962 1.013197 -2.005861
0.487230 1.155754 -2.815746
1.766769 2.641498 -2.336468
2.009042 0.507394 -2.512688
2.063315 2.875708 -1.810517
2.045963 1.506714 -2.724307
2.732891 1.690883 1.820516
1.026728 2.085051 2.556293
2.311356 2.908763 1.673358
2.925232 2.190624 1.341679
0.587941 2.906935 2.055735
0.855949 3.422762 1.480285
1.284687 1.420237 2.576036
2.774547 2.602359 1.290441
1.982441 1.265445 2.371106
1.234844 3.537519 1.264855
0.885909 1.886055 2.568161
1.293329 2.269510 2.513791
2.245326 2.524027 2.060575
1.500354 1.578724 2.570318
2.388469 1.426960 2.152111
2.171631 1.516113 2.318027
2.683036 2.882292 0.955628
2.117652 3.370561 0.430359
2.889793 2.581970 0.851454
0.359390 2.730727 2.078962
1.166478 3.026617 2.076952
2.785741 1.524158 1.729153
2.232620 1.922101 2.277314
2.606180 2.161806 1.893162
1.489705 2.672198 2.313829
1.531465 3.470919 1.362312
-2.122459 3.013661 1.734829
-2.017242 3.333504 1.280787
-1.213401 3.620963 0.856222
-0.986034 3.506229 1.325780
-2.865385 1.825628 1.607425
-1.259475 2.219684 2.530107
-2.421567 2.383960 1.987974
-0.838834 3.050328 2.009456
-1.211775 3.478967 1.424705
-2.181952 1.827011 2.319030
-1.052209 1.605178 2.592973
-1.266241 3.544959 1.237547
-1.669490 3.517791 1.108894
-0.459896 3.136762 1.738133
-2.744236 2.623145 1.335579
-2.509466 2.906849 1.391618
-1.229479 0.472033 -2.720741
-1.941837 0.321736 -2.426486
-2.912972 1.387248 -1.798848
-1.030914 1.749649 -2.908116
-1.130339 2.993921 -2.063006
-1.062106 2.477202 -2.599212
-0.401860 2.697632 -2.201323
-2.787047 2.115915 -1.716829
-2.855829 1.524935 -1.905599
-2.807397 1.796567 -1.910168
-2.121886 0.471871 -2.418636
-1.625681 2.314054 -2.636573
-1.789471 2.401832 -2.522574
-0.538718 2.157406 -2.671240
-0.642921 1.085498 -2.856432
-0.482506 2.463212 -2.462017
-0.284393 -3.290753 -2.096671
0.942129 -0.423300 -2.897262
0.215301 -2.561378 -2.965585
0.672945 -0.813849 -3.170248
-0.180893 -2.450718 -3.039768
-1.628591 -2.316785 -2.228834
-0.220100 -0.176653 -2.988531
0.942174 -1.535946 -3.124304
1.189528 -0.759052 -2.892330
0.425051 -2.104006 -3.168857
1.228175 -2.701427 -2.344700
-0.444708 -0.792390 -3.227755
0.655879 -1.040178 -3.223730
-1.059756 -2.643878 -2.557331
0.993780 -3.067709 -2.045152
-1.057203 -1.997842 -2.958372
0.431258 -2.612522 -2.889080
-0.954791 -0.520042 -2.939330
-0.015456 -2.313572 -3.123085
0.497408 -1.817332 -3.239003
-1.295207 -1.817476 -2.853728
0.238653 -2.948530 -2.623791
1.299022 -2.535709 -2.444664
-0.893265 -1.490410 -3.150947
0.548178 -0.368524 -3.033054
0.015746 -1.779080 -3.306482
-1.215899 -1.650371 -2.949234
-0.255574 -1.098734 -3.319191
1.497246 -1.446641 -2.743449
0.135154 -0.306374 -3.074898
0.877333 -1.050190 -3.140090
-0.823055 -2.845378 -2.514352
0.104913 -2.868103 -2.723611
-0.844525 -0.374771 -2.920895
1.218349 -2.359793 -2.660609
-1.260917 -2.028853 -2.806779
-0.693008 -1.635129 -3.215282
1.004953 -0.781234 -3.014424
-0.686577 -3.797857 -1.034738
-0.308696 -3.995491 -0.055649
1.233398 -3.728838 -0.193528
-0.910438 -3.779371 0.462837
1.082526 -3.404405 1.168529
0.732380 -3.911350 -0.002950
0.678871 -3.574358 1.147057
-0.366349 -3.036306 1.893127
-0.054474 -3.758880 -1.367453
0.341817 -3.870661 -1.019521
-1.088820 -3.791904 -0.325576
-0.343512 -3.554062 1.300971
0.095661 -3.576229 -1.699125
-0.272001 -3.408978 1.518167
-0.952986 -3.205558 -1.918230
-0.533081 -3.482547 1.353950
-1.372744 -3.632077 0.136287
-0.037871 -2.952509 1.993315
1.687044 -3.082114 -1.420442
1.526069 -3.556276 -0.036016
0.516579 -3.501873 -1.727578
1.090330 -3.719953 -0.812120
0.682436 -3.669211 0.963881
1.406890 -3.488881 -1.026096
0.252827 -3.718956 -1.425725
0.051426 -3.952827 -0.787652
-0.816929 -3.857831 -0.636091
-0.684823 -3.914984 -0.491564
0.930321 -3.828071 0.188158
-1.132269 -3.403867 -1.524964
1.774372 -2.764491 -1.704730
-0.341480 -3.741956 -1.355334
-1.691002 -3.402537 -0.632507
0.486858 -3.275251 1.631753
1.537074 -3.554521 -0.226035
0.363867 -3.955574 0.251978
-1.563818 -3.339240 -1.133129
-0.137466 -3.947420 -0.798755
-0.906776 -3.679327 0.773624
-1.205564 -3.587317 0.671433
-0.238927 -3.809966 -1.223708
-0.865806 -3.395429 1.327995
1.742345 -3.361450 -0.633366
-1.114099 -3.777191 -0.008989
0.167451 -3.244840 1.720503
-0.652396 -3.927382 0.051951
-0.534977 -3.585228 -1.588657
0.088465 -3.841276 0.770337
1.477396 -3.086462 -1.661469
1.655882 -2.471463 -2.066811
1.077711 -3.071531 -1.992008
2.584666 -3.126398 0.267148
2.430494 -3.054399 -0.710138
2.880482 -2.753266 1.162486
3.535777 -2.074487 1.165140
1.724036 -1.317420 -2.681138
4.101019 0.332244 0.487420
3.542719 -2.311011 -0.099476
2.892681 -2.240680 1.929759
2.755811 -2.616827 1.596215
3.843381 0.216796 -1.116472
4.007654 -1.514408 0.310020
3.607472 -0.296251 2.009149
2.711109 -2.214183 2.119099
2.196203 -1.158266 -2.591763
2.294527 -3.251081 0.442793
2.257222 -0.165616 -2.652388
3.054992 -0.083914 -2.182309
3.768818 -1.513501 1.339641
3.173477 -2.551773 -0.675079
3.459639 -2.432160 0.146253
3.132958 -2.046376 1.863434
1.378647 -3.226831 1.395884
3.185814 -2.699265 -0.028073
3.045634 0.447359 2.428265
1.878403 -2.139349 -2.238532
3.661477 0.678423 -1.169609
3.847799 -1.604897 1.023738
1.675163 0.905183 2.894817
4.145029 -1.031484 0.364307
1.141739 -3.034846 1.785098
1.919210 -2.669069 2.121243
3.762111 0.253496 1.633479
4.120504 -0.019749 0.807272
3.338362 -2.538491 -0.140814
3.806800 0.770700 -0.750682
3.968303 -0.838767 1.309070
1.836421 -0.713107 -2.779287
1.449966 -0.779174 -2.835662
1.328889 -0.355015 -2.865109
3.743033 -0.131042 1.788703
2.375316 -2.399683 2.179408
3.755667 0.819371 1.205392
1.880938 -3.278907 1.014259
3.043308 -2.819611 -0.022338
2.454445 -2.158095 -1.969335
1.612554 -2.831099 2.021191
3.049896 -0.301697 -2.207508
3.356778 -1.299952 2.120585
3.261596 1.159601 1.738422
3.287205 -2.544277 -0.363705
3.588584 -0.035487 1.997504
0.753731 -2.067461 2.739475
1.782252 -3.417995 0.144189
3.098046 -2.751093 -0.208618
3.908498 -1.326865 1.161100
3.802435 -0.325221 1.713372
2.929735 -2.900872 0.445138
3.376015 -0.702570 2.271135
0.432587 0.595304 2.983245
1.990078 -3.343422 -0.181752
3.483867 -1.382574 1.921828
2.274846 -2.130714 -2.088840
2.794604 -2.693693 -1.040464
2.231978 -0.698541 -2.660603
4.005663 0.446177 -0.487274
2.503000 0.095865 -2.506503
2.054611 -3.347472 0.224830
3.062723 1.061099 2.060600
1.833150 -1.863381 -2.423900
2.025875 -0.190678 -2.734034
3.446207 0.382904 -1.666995
3.976897 0.661876 0.634683
3.504842 -2.207474 0.990765
1.650477 -0.400123 -2.829935
2.223929 -0.979426 -2.622498
-3.090698 -2.007784 1.947342
-3.766210 -0.612674 1.766317
-2.827636 0.363672 2.624157
-1.837844 -3.075851 1.552300
-2.129511 -2.411320 -1.922737
-3.563319 -2.025290 1.179012
-4.088048 0.054012 0.902482
-3.749071 0.601941 1.438216
-2.988335 -0.407949 -2.258601
-2.588210 -2.893104 -0.908017
-1.817592 -0.308082 -2.795826
-4.207702 -0.445127 0.332605
-3.750784 -1.631109 1.260208
-1.163313 0.794800 2.995225
-3.955723 0.396367 -0.719826
-2.637120 0.045890 -2.444912
-2.641179 -3.079255 -0.117078
-1.746288 -3.424995 0.127130
-0.519214 -2.295890 2.525231
-2.602062 -2.658150 1.694231
-1.822249 0.668221 2.966997
-3.762245 0.946580 1.005338
-2.664750 -3.063440 0.514498
-1.028704 -0.217834 -2.862114
-2.433857 -0.363616 -2.589056
-2.495590 0.802888 2.648302
-3.099502 -0.895270 2.500519
-3.457428 -0.451976 2.199442
-0.084029 0.103691 3.007390
-3.090955 -1.660716 2.206266
-4.146410 0.092830 -0.165050
-0.260115 0.026378 3.081003
-2.077622 0.724335 2.869238
-2.310837 0.570563 2.839797
-2.738956 0.775333 2.513127
-3.056530 0.168382 -2.131491
-2.029922 -2.768140 1.948198
-2.898972 -2.879820 -0.338770
-1.979690 -0.077971 -2.736829
-2.886790 -1.879465 2.245897
-1.804363 -3.404278 -0.046433
-1.931934 -3.300655 0.880677
-3.105178 0.965166 2.089929
-0.004512 -0.327935 3.023880
-2.457292 -1.874554 -2.168153
-2.754837 -3.025831 0.038182
-2.150477 -3.274450 -0.301636
-1.708435 -3.293252 1.094414
-2.986017 -2.698283 -0.719714
-3.042919 -2.211058 1.798282
-3.799908 -0.367061 1.719662
-2.513875 -3.135649 0.580729
-2.965794 -2.616565 1.312579
-2.256966 -3.275603 0.285721
-3.821656 0.669086 1.206885
-2.291212 -3.069960 1.219522
-3.353436 -2.234667 1.299911
-2.425381 -3.094639 0.968177
-4.147548 -0.104344 -0.343612
-1.562653 -3.144404 1.527858
3.694103 -0.403779 -1.690603
3.926039 -0.208655 -1.250087
3.940462 0.025782 -1.023919
2.773446 -2.166491 -1.789214
3.644566 -0.768573 -1.788403
3.797422 -1.040473 -1.560732
3.372824 -2.381231 -0.773177
3.462181 -0.905825 -1.960383
2.894515 -1.968039 -1.900793
4.181627 -0.982594 -0.255867
3.386158 -2.260285 -1.073501
3.201971 -1.155630 -2.116250
3.930381 -1.008550 -1.350142
4.079364 -1.325398 -0.734375
3.373399 -0.150163 -1.937723
3.575810 -1.369280 -1.724254
3.711482 -1.973092 -0.927116
3.506480 -2.079226 -1.187718
1.659629 -2.037824 2.808980
1.195735 -1.685075 3.097574
2.684542 -0.221634 2.895690
1.400040 0.379821 3.178592
0.954520 -0.540230 3.370987
2.598117 -1.717883 2.583015
1.189177 -1.907469 2.944990
2.848335 -0.702304 2.785266
1.117013 -0.301390 3.375938
1.484044 -0.770462 3.392557
1.948919 -0.773764 3.308677
2.905921 -0.346486 2.712587
1.838669 -1.991750 2.804106
1.224692 -0.751261 3.396125
2.789506 -1.536896 2.529337
1.867074 -1.685364 3.025914
2.217127 0.248144 3.035435
2.654558 -0.502342 2.956265
1.529392 -1.204136 3.305424
0.476029 -0.417815 3.219421
0.739394 -1.018233 3.274822
0.577838 -0.140055 3.218560
0.857427 -1.392835 3.189363
1.503592 -1.506019 3.191238
0.526486 -0.980278 3.207521
2.669652 -1.462998 2.700662
2.183634 -0.289066 3.211567
1.719641 -0.374881 3.361599
1.530167 -0.081133 3.337963
2.405947 -1.904221 2.579071
1.757393 0.489323 3.073632
1.589794 3.576127 -1.587509
3.688553 1.962288 -0.236646
0.153431 0.656543 2.901507
3.414851 1.991659 -1.291860
0.622492 3.368703 -2.058034
3.499961 0.943463 -1.454088
0.681189 0.163999 -2.997545
1.726156 0.254506 -2.866918
0.612196 3.860451 1.125165
3.648494 1.675445 0.768586
0.181094 1.473401 -3.041280
1.214709 3.445709 -1.918464
3.737358 1.304979 -0.784318
0.946448 1.640812 2.927578
0.080196 3.368408 1.800996
0.254347 2.040054 -2.917220
3.491796 2.421496 -0.362332
1.727091 0.442942 -2.913307
1.493149 0.357104 -2.962182
3.384977 1.809005 -1.470390
0.362559 2.463920 -2.750794
0.520752 2.772201 2.445843
1.372603 1.444264 2.904997
3.790157 1.263834 0.393986
2.429727 3.620098 -0.014498
0.883546 1.105916 2.988040
2.792956 3.339315 0.113080
3.310379 1.773355 1.479720
0.965603 4.054395 0.466609
3.203444 2.478914 -1.256623
3.416430 0.889803 -1.602975
0.941842 4.079090 -0.452569
0.049938 2.345584 -2.744572
1.874707 3.266024 -1.866630
3.411732 2.592114 0.060480
0.154196 3.447741 -1.864147
0.324656 0.259938 -2.992022
0.027599 3.808855 -1.157829
0.334786 3.518317 1.682230
2.057340 3.777680 -0.581861
0.542499 4.092544 -0.270171
2.862827 3.006683 -1.146430
3.387293 2.251715 0.970148
3.114235 3.017348 -0.005106
3.044948 1.897665 1.796181
2.890630 1.581024 2.074340
3.644157 2.105498 -0.020036
0.112918 3.133946 -2.208558
0.873018 3.137679 -2.302419
2.437320 3.513808 0.647041
1.644020 3.307403 -1.940165
2.789771 1.428817 2.200338
0.160028 0.899770 2.924864
3.598033 2.026812 -0.721649
2.576856 3.510131 0.148626
0.194678 2.637276 2.480623
0.224654 2.003674 2.785254
2.733464 3.283864 0.652482
2.394467 3.244008 -1.452145
0.131115 1.178721 2.919602
3.377685 1.590537 -1.581240
3.077389 3.029525 -0.426048
3.789436 1.477330 0.215706
0.250111 4.012753 -0.616620
2.822766 3.114093 0.875803
1.008509 3.984910 -0.895226
0.502493 3.948020 0.868355
3.480491 2.415676 0.334431
3.654585 2.024927 0.256751
3.316355 2.638168 0.536170
0.219214 2.180765 2.718639
3.753810 1.681479 -0.348544
0.103193 3.724189 -1.393050
3.545473 1.645537 -1.218643
1.084288 1.292121 2.964910
-0.776562 -1.618646 3.055048
-2.887744 -1.119700 2.651340
-2.520348 -0.953620 3.014750
-2.608086 -0.403698 2.983628
-2.165483 -0.373696 3.229699
-0.685716 -1.132982 3.229085
-0.653366 -0.052174 3.223711
-1.400140 0.511624 3.106570
-1.260224 -1.616289 3.140001
-1.604097 -0.034535 3.317577
-0.284972 -0.900253 3.103683
-1.588047 -2.220942 2.630275
-2.078935 -2.134847 2.551880
-2.406705 -1.458644 2.905614
-0.997466 -1.696010 3.064208
-2.270993 -0.673047 3.191475
-2.012210 0.203314 3.141093
-0.948973 -0.750449 3.363027
-2.726917 -1.036895 2.836337
-1.698168 -2.099002 2.740566
-1.732887 0.432441 3.110698
-1.089303 0.057793 3.292951
-0.817310 -0.312596 3.323824
-3.919806 -1.695890 -0.798302
-2.859198 -2.282863 -1.612811
-3.986650 -0.414967 -1.219045
-3.846955 -1.110118 -1.465577
-2.836936 -1.271072 -2.280990
-4.102448 -1.294564 -0.647997
-3.262874 -0.683434 -2.124367
-3.973467 -1.521892 -0.896319
-3.768363 -1.359968 -1.478853
-3.809006 -1.569876 -1.260085
-4.080024 -1.438681 -0.388617
-3.503742 -1.226612 -1.855320
-3.512829 -0.165888 -1.816634
-4.165969 -1.083672 -0.225182
-3.316058 -1.995546 -1.550244
-4.112616 -0.182813 -0.570970
-3.590809 -2.238607 -0.332138
-2.949199 -0.710263 -2.304442
-3.968963 -1.683000 -0.143881
-3.806413 -1.944847 -0.065179
-3.989736 -0.257077 -1.135397
-3.015699 -1.674068 -2.029435
-4.031127 -0.880987 -1.164925
-3.238300 -1.258981 -2.064626
-3.793791 -1.752350 -1.089058
-0.427576 3.314718 1.956946
-3.192381 1.418255 1.767197
-1.716116 3.368228 -1.827452
-0.587519 3.190900 -2.245919
-0.148730 1.995172 2.772525
-3.136097 2.067526 1.585867
-0.408155 3.596595 -1.723232
-3.196686 2.466059 -1.285370
-1.105763 1.919967 2.844766
-1.698785 1.042010 2.847165
-2.694796 1.571802 2.253499
-1.322967 4.053188 -0.242404
-1.232474 3.685815 -1.550767
-0.222754 0.127823 -2.935455
-3.216061 1.803303 -1.750097
-3.576834 1.027333 -1.294909
-2.214375 3.674804 -0.690654
-3.277836 1.849668 1.494798
-3.177361 2.779441 -0.834155
-0.891720 4.036496 0.577348
-0.029481 1.498685 2.864446
-2.240705 3.392908 -1.377420
-0.113610 1.798558 2.822875
-2.006748 3.846814 -0.159308
-3.022532 1.749591 1.882761
-3.433784 2.502551 -0.479516
-0.065221 3.239981 -2.083822
-3.461046 2.507440 0.020619
-1.004388 0.819848 -3.112129
-0.380765 1.776846 -3.015358
-0.495099 0.318213 -3.028110
-0.597114 4.002024 -0.848095
-2.776175 0.717652 -2.358937
-0.336185 3.852861 -1.211993
-1.229313 1.599397 2.905692
-2.886497 2.554425 -1.690372
-2.949634 3.192191 -0.237754
-0.518933 1.330739 -3.105725
-1.758833 3.944511 -0.113195
-2.706070 3.258536 0.791028
-0.487972 3.763948 1.311114
-0.461178 0.951189 2.973100
-0.655274 0.745725 2.973329
-2.134048 3.761617 -0.453372
-1.010635 3.613987 -1.719513
-2.005833 3.395848 -1.596294
-2.819780 3.312745 0.143269
-1.131400 0.344961 -3.025934
-0.149709 0.661884 -3.040289
-2.686740 3.378722 0.449171
-0.292803 3.443995 1.772345
-1.197284 3.963083 0.758707
-0.826835 0.275222 -3.029757
-2.127888 0.294421 -2.707624
-2.179180 3.184791 -1.748828
-3.698130 1.450347 -0.872819
-2.578448 3.475741 -0.527725
-2.914181 3.000229 0.914328
-3.194044 1.613704 -1.853302
-2.689476 3.433219 -0.107623
-2.012775 3.559770 -1.301317
-0.510010 1.278027 2.970556
-0.151789 3.364298 -1.970053
-0.181097 1.282387 2.923610
-3.247428 2.577230 0.880475
-0.700748 0.838564 -3.121399
-0.152273 4.024856 0.271925
-0.584343 0.065438 -2.961245
-1.452822 0.122933 -2.905931
-0.465115 0.728638 2.958246
-1.436859 3.793542 -1.246221
-2.997645 2.639777 -1.440867
-1.068639 1.454847 2.948961
-0.042342 2.340002 -2.745322
-0.558897 1.462878 2.954743
-0.078257 1.529585 -3.010342
1.863209 1.448824 -3.067986
1.570546 3.042749 -2.338147
2.565709 0.767217 -2.546550
2.395535 2.332654 -2.515455
2.040012 0.693432 -2.877002
1.882478 1.129046 -3.047451
2.032525 1.059592 -2.976828
0.632794 1.461538 -3.123228
1.519844 1.379674 -3.157758
2.651227 1.381355 -2.586162
2.118081 2.486926 -2.610859
1.175429 1.830852 -3.140347
2.006951 3.022357 -2.137062
1.762157 0.813287 -3.023809
0.800120 2.687907 -2.707830
2.908637 1.465614 -2.285956
0.708291 1.704946 -3.116565
1.274197 2.110682 -3.056556
2.515130 1.489534 -2.702547
2.512724 2.824881 -1.878063
2.974066 2.847058 1.106508
2.182553 1.864854 2.591548
2.635053 2.291962 2.174557
0.976371 2.161093 2.781929
1.338509 1.940262 2.822709
1.204687 3.331591 2.106308
1.707855 3.563090 1.659543
1.643305 2.294789 2.709060
2.267485 3.339722 1.598103
1.501920 3.392371 1.997274
2.849699 2.847409 1.461099
2.986734 2.643640 1.427171
1.651462 1.788615 2.788606
2.730527 3.138247 1.175057
1.078296 3.699362 1.512800
1.645883 2.602159 2.593168
1.356362 3.645768 1.622270
2.351270 3.105056 1.848498
0.957132 3.744103 1.367063
0.524505 2.999989 2.280086
2.735039 3.023569 1.418866
3.054746 2.163058 1.668089
1.578041 3.670715 1.496597
2.052577 3.014531 2.168535
0.833622 3.345776 2.044786
2.481241 1.909289 2.398966
2.424690 3.181803 1.664346
-1.256095 2.965946 2.436022
-2.965473 2.035006 1.863732
-1.863697 1.792748 2.730471
-1.932749 2.140294 2.661762
-2.576140 2.829786 1.898276
-2.746252 2.566896 1.905989
-1.765104 3.780061 0.890200
-2.115443 2.383933 2.510913
-0.627892 3.232680 2.105700
-2.656937 3.038607 1.540984
-2.718034 2.059124 2.164494
-1.569187 1.921107 2.796101
-2.680026 2.874112 1.720889
-2.917402 2.653373 1.565500
-1.229802 3.446347 1.963608
-1.224797 3.129686 2.307380
-2.075306 1.749632 2.649494
-2.395544 2.694847 2.175842
-2.152477 3.554542 1.254971
-1.549478 3.587941 1.683173
-2.383751 2.969441 1.964100
-2.482389 2.516116 2.209929
-0.854189 2.934776 2.427637
-1.436552 2.611466 -2.778239
-0.908593 2.433120 -2.896590
-1.106285 0.989405 -3.153273
-1.088261 1.626146 -3.173280
-0.599009 1.313509 -3.115254
-2.235831 2.531029 -2.499366
-2.669531 2.668879 -1.864850
-0.790649 1.760777 -3.122987
-0.793695 1.526631 -3.153175
-2.146095 3.002605 -2.047297
-2.016557 1.738949 -2.975706
-1.400697 0.940832 -3.129982
-2.367098 0.724901 -2.693095
-1.216397 2.704745 -2.730943
-1.762892 1.206605 -3.094264
-1.818363 2.833457 -2.478477
-1.036469 2.549291 -2.838800
-2.132551 1.258283 -2.950875
-1.930681 2.264106 -2.838403
-1.683031 3.065549 -2.266878
-0.448420 -3.244056 -2.595153
-1.422719 -1.295560 -3.121211
-1.151974 -2.181900 -3.123919
-0.598381 -2.793408 -3.011993
1.366374 -2.013030 -3.048267
1.270644 -1.375584 -3.225328
-1.375957 -1.092780 -3.138512
0.862472 -2.954132 -2.753773
-1.225771 -2.816375 -2.642140
-0.189017 -2.865343 -3.041881
0.717075 -1.351994 -3.479745
0.336418 -2.833190 -3.047021
0.995832 -1.627787 -3.355479
-1.403661 -1.613338 -3.118191
-0.464510 -1.870329 -3.485987
-0.530403 -1.218988 -3.526183
-0.699981 -3.134877 -2.634571
-0.027312 -2.431064 -3.332546
1.003586 -3.153211 -2.416694
-0.818292 -1.972658 -3.358198
0.267550 -3.390878 -2.425765
0.885421 -3.098286 -2.576595
-0.754033 -0.424879 -3.270856
-1.502974 -2.504086 -2.662978
0.848910 -4.193360 -0.491128
-0.249856 -4.278233 -0.681132
-0.453745 -3.507333 1.851404
-0.467263 -3.726192 1.574392
-1.417035 -3.339918 -1.968707
-0.670773 -3.290279 2.015380
0.984222 -3.885241 1.055270
-0.259057 -3.526217 1.864113
-1.732508 -2.581377 -2.382758
1.340904 -3.511245 -1.807846
-1.223780 -4.042761 -0.622341
-0.998806 -4.152987 0.018218
-1.663279 -3.839294 -0.072703
-0.841670 -3.616496 -1.983863
-0.624611 -4.228873 0.253840
-0.061034 -4.182479 -1.129458
-0.552860 -3.419158 -2.318521
1.365810 -3.921944 -0.889555
1.129043 -3.892374 0.909572
1.413478 -3.734853 -1.346752
-0.485645 -3.751565 -1.929443
-0.565253 -4.096531 -1.223991
0.234995 -4.041346 1.078578
-1.590679 -3.124482 -2.062798
1.716765 -3.798430 0.017962
0.852386 -3.534348 -2.084025
0.571850 -3.900737 1.261330
-0.391970 -3.877302 1.360143
1.094824 -3.242858 -2.282629
0.529588 -4.264619 -0.511356
0.074927 -4.085558 -1.393607
-0.358113 -4.194172 -1.018845
-0.325020 -3.701478 -2.036100
-0.058499 -4.195969 0.689229
-1.855623 -3.360209 -1.468300
-0.015873 -3.951233 1.279757
-1.207236 -3.928932 0.722830
0.123008 -3.635712 1.748453
0.148090 -3.516271 1.886015
1.629578 -3.820862 0.273580
0.565139 -3.207553 2.118066
-1.417015 -3.547992 -1.685432
0.756026 -3.723018 -1.872952
1.690919 -2.654291 -2.368828
1.044137 -3.801102 -1.573016
-0.896297 -3.657912 1.502922
-1.166482 -3.721415 -1.620786
1.766866 -3.726928 0.710813
4.445460 0.077772 0.863375
4.546902 -0.281017 0.276249
3.563160 -2.791779 -0.179782
2.578045 -3.082352 1.756599
4.344836 -0.948925 1.230213
4.430114 0.289560 0.735094
1.902935 -3.183265 2.027926
4.204682 0.976373 -0.334340
1.678355 -3.419550 1.708628
4.125817 -0.702715 1.811614
2.103834 -0.622821 -3.068779
3.093065 -0.858378 -2.567868
3.098457 -1.427339 -2.411285
3.105975 -2.695789 1.794501
2.470444 -0.266749 -2.940664
0.263931 -2.475539 2.751124
3.595437 1.194370 1.910951
2.432111 -2.874404 -1.789716
4.207283 -0.853326 1.615530
1.309377 -2.110723 3.136879
2.941623 0.048569 -2.662441
3.467136 0.117430 2.618420
2.163296 -1.433859 -2.895833
3.848553 -2.262805 -0.761181
2.764693 -2.074265 2.685575
3.861692 -0.218533 -1.853140
2.146891 -3.594975 -0.528064
3.418037 -2.616044 -1.082392
1.244684 -0.693798 -3.199060
2.670855 -3.352705 1.009708
1.745924 -3.697769 0.888559
2.255615 -3.231947 -1.378270
2.734452 -3.204056 1.339967
4.083714 0.421442 1.687069
1.985759 -3.105952 -1.727083
2.403270 -2.525292 -2.172648
4.102878 -2.057340 0.612377
4.528096 -0.528283 -0.191372
4.018579 0.071390 -1.569373
1.526827 -3.362120 1.858385
3.124356 -0.544574 2.955073
2.706876 -2.193369 -2.262431
1.915406 -0.467263 -3.123749
2.168183 -3.491378 -0.868170
1.876230 -2.641157 -2.284712
2.948158 -0.514705 3.073751
2.105993 0.321916 3.365642
3.254916 -0.397591 -2.481830
2.485287 -3.334498 1.333314
4.239713 0.023022 1.538059
2.815575 -0.522582 -2.774107
2.361778 -3.554268 -0.355498
4.241881 -1.812954 0.468014
2.954809 -1.667692 2.788934
1.646800 -1.289887 -3.061403
3.238108 -2.703837 -1.227793
2.384673 -2.895105 2.171985
4.522532 -0.000942 0.306979
4.186208 -0.199633 -1.326762
2.134302 -3.660297 0.536048
3.665145 0.560440 2.255302
3.917840 0.627047 -1.484327
1.753222 -2.735877 2.608285
2.552610 -3.185210 1.593248
0.262462 -2.781808 2.471881
3.083899 -2.854264 -1.196181
4.497632 -0.003844 -0.239616
4.190196 -1.944749 0.082797
3.350978 -2.744106 1.345666
2.961034 -3.106427 -0.854737
2.904357 -2.883357 -1.372513
4.414438 -0.436483 -0.765037
3.609221 0.337461 -2.033067
2.511460 -3.538740 0.281253
3.450991 -0.271334 -2.310436
2.924245 -3.252612 -0.455648
3.705844 -2.618378 0.656151
4.496296 0.178799 0.113358
3.447658 -1.204750 2.571411
4.379265 -0.285839 -0.869091
2.256721 -2.900486 -1.861717
1.560657 -2.660451 2.717005
4.241538 0.323779 1.392858
3.867929 -2.339655 0.902595
1.463726 -0.322131 -3.195118
3.838194 -2.266923 1.160197
1.398536 -2.952007 2.449166
1.659127 -1.759725 -2.896199
1.512761 -3.733196 0.881258
1.815612 0.803667 3.289070
1.954090 -3.438200 -1.164045
3.299772 -2.987818 -0.419751
4.081377 -2.145540 0.288411
2.792890 -0.921942 -2.746454
0.453994 0.641887 3.341351
1.116457 -3.278985 2.035195
4.341654 -0.001075 -0.906957
2.743716 -3.374243 0.754865
4.059783 0.819584 -1.056998
4.521710 -0.865206 0.125453
2.011584 -1.293456 -2.983405
1.779436 -1.415903 -3.001914
2.603038 0.284616 3.180484
4.427839 -0.100018 -0.658128
1.217246 -0.230911 -3.204923
3.354716 -2.408016 1.852681
4.024779 0.694000 -1.243326
0.981040 -1.866849 3.262972
-0.208582 -0.828795 3.430032
-3.997301 0.692903 -1.298794
-3.219502 -0.083730 -2.488501
-4.477513 -0.875918 -0.351214
-4.466498 0.211605 -0.217179
-3.421645 -1.084312 2.631626
-4.543839 -0.567389 0.359514
-0.926621 0.463178 3.462981
-3.029474 -0.815304 2.995410
-3.692545 -1.343438 2.251514
-2.302593 -3.073725 1.981081
-4.326530 -1.196870 1.126474
-2.003649 -2.112879 -2.636618
-0.642752 -2.820908 2.545712
-4.072239 -0.652868 1.913292
-2.842503 -3.215619 -0.763650
-3.810491 -2.518184 -0.131868
-1.091491 0.889950 3.323731
-4.205995 0.177811 -1.177477
-3.257055 0.276763 -2.387205
-1.495935 -2.062406 3.147683
-2.724995 -2.957406 1.821010
-0.640688 -2.404176 2.904813
-2.171400 -3.124664 -1.607583
-3.795948 0.436695 2.144048
-2.774570 -1.341232 3.031596
-2.862689 -2.060242 2.628468
-1.261739 -3.222929 2.115660
-2.290360 -3.539700 -0.556492
-1.464193 -2.746869 2.651504
-1.850235 -2.636134 -2.297084
-1.594316 -3.611068 1.286897
-0.055081 -1.743500 3.124054
-2.995465 -1.896476 2.636030
-1.988723 -2.714613 2.557401
-2.445423 -3.413808 1.161228
-1.479159 0.837045 3.328865
-4.097818 0.661324 1.492021
-2.929669 -1.310228 -2.570446
-2.236373 -0.887196 -3.000231
-3.181798 0.930848 2.555075
-1.645504 -3.046338 2.295422
-3.152483 -1.911295 -2.122988
-4.117956 -0.352751 1.847721
-3.080698 0.213164 2.914438
-2.277473 -1.930632 3.020724
-2.888720 0.140307 3.055949
-2.408988 -3.559241 0.573794
-1.327350 -3.608573 1.366508
-1.309671 -0.709736 -3.195794
-0.851888 -2.668626 2.724671
-2.788619 -3.269822 1.071841
-2.731261 -3.097622 -1.195480
-1.403836 -3.357597 1.888607
-2.198962 -1.428831 -2.886027
-4.550372 -0.350344 0.186646
-3.210510 -1.057068 -2.441814
-2.162751 -2.234655 2.882617
-3.933595 -0.642779 2.130192
-2.731418 1.042711 2.817433
-1.594298 0.651756 3.383200
-4.266415 0.893675 0.533226
-1.853192 -0.869179 -3.108348
-0.229441 -1.168433 3.375369
-3.736042 -0.164321 -2.004922
-4.487032 -0.827988 0.706991
-2.610479 -3.465061 0.615870
-2.915451 1.049501 2.693660
-3.160629 -2.834239 -1.120369
-2.612321 -3.469086 -0.202412
-2.924492 -1.506364 2.879927
-3.229885 -3.104686 -0.042029
-2.357426 -1.316924 -2.862384
-2.538965 0.218734 3.225059
-2.361670 0.753839 3.139281
-2.424604 -1.950023 -2.570109
-4.482635 -0.503123 0.863080
-3.621665 1.018601 2.025704
-2.265960 -2.771481 2.380917
-2.555391 -0.684019 -2.897072
-2.285728 -2.379424 -2.351073
-0.027441 0.560052 3.242777
-2.790618 0.655807 2.964463
-1.335253 -2.885450 2.526767
-1.005709 -2.136671 3.122032
-4.535707 -0.177458 0.398501
-4.031054 -1.831866 1.321753
-3.126241 -0.044522 2.929833
4.110847 -1.453432 -1.319905
3.575362 -2.259590 -1.384919
3.894246 -1.528865 -1.644454
4.192067 -1.526475 -1.049893
3.998849 -1.528403 -1.480646
3.330222 -2.194039 -1.748921
4.363762 -1.309880 -0.491039
4.006688 -1.894329 -1.084061
1.892226 -0.985827 3.545740
1.083837 -1.680347 3.364636
0.942307 -1.347715 3.485729
2.479470 -0.743709 3.350737
2.136706 -1.790268 3.159634
1.079139 -1.037853 3.587837
1.588515 -0.047218 3.571856
1.761080 -1.130158 3.543753
0.623732 -0.989710 3.500460
2.048570 -0.757692 3.531416
0.833398 -0.498242 3.590563
2.473096 -0.378253 3.350473
1.329984 -1.791781 3.318696
2.463680 -0.167542 3.324389
2.570517 -0.998813 3.262537
1.662116 -0.648135 3.622831
3.263418 2.361490 1.836636
0.823988 0.471722 -3.419863
0.168287 4.338939 0.533017
2.105542 4.055442 0.790372
2.487868 3.089141 -2.179629
1.441399 4.354423 0.354991
1.951722 4.054136 -1.133997
0.935796 0.735529 -3.451134
0.898037 3.756250 -2.121012
4.031838 0.980328 -1.037157
3.279661 3.182511 0.779564
2.326898 0.207661 -2.974584
2.874239 3.717294 -0.209552
0.187207 1.008248 -3.418310
2.410692 3.709434 -1.409027
1.294684 1.200780 3.286865
0.977777 4.392132 0.508498
3.995420 1.574475 0.879149
2.701621 3.458168 1.355888
1.886819 3.531047 -2.107450
3.298442 2.924809 -1.357854
1.819702 4.164351 -0.936750
4.049631 1.952858 0.006629
3.735448 1.537889 1.525820
1.941543 4.229108 0.203661
0.059529 2.971990 2.641384
3.231887 3.346614 0.410629
0.489623 0.307972 -3.375801
3.540827 1.154315 -2.041408
3.983773 1.812484 0.747516
0.055035 2.351795 -3.126220
3.216046 3.398124 -0.331379
0.153343 3.872310 -1.857799
3.766358 2.345855 -1.026516
0.603980 1.928058 -3.349148
4.143177 1.430086 -0.308071
0.302074 2.055832 3.143379
0.221793 3.907574 1.685013
0.103243 4.095067 1.281781
1.309970 4.080416 1.371228
1.266389 3.171763 -2.678206
0.782098 1.333727 -3.457367
2.167997 3.974438 0.955084
1.455886 4.276306 -0.888591
3.867404 2.402523 -0.457501
3.631690 2.756168 -0.755387
2.635804 3.773633 -0.882291
2.511229 1.900923 2.725477
2.608261 3.589623 -1.385430
3.727827 2.351487 0.993860
0.242854 0.993628 3.288532
0.623918 2.591861 -3.094941
0.297224 3.596972 -2.268397
4.091616 1.513261 0.506185
0.503709 3.701857 -2.177427
2.859228 0.434039 -2.683148
1.808302 4.194421 0.697174
2.263013 1.443251 2.961099
0.650277 0.411443 -3.407062
0.938507 2.635043 -3.071670
0.126556 2.419894 2.973511
3.270725 3.341446 0.178955
0.864161 0.019882 -3.309013
3.309653 2.553622 1.621422
3.186259 2.541046 -1.942223
1.548951 4.190941 0.969433
1.373034 4.388854 -0.264183
0.289547 2.729993 2.845465
2.439028 1.062939 -3.033316
0.551325 1.009508 3.323120
3.515920 1.638184 1.851217
0.366165 1.190916 -3.441937
3.663464 2.648154 0.733865
1.319196 3.975056 -1.710572
0.603887 3.124837 -2.755961
1.439957 3.435045 -2.396810
2.390508 0.525894 -3.014205
3.493228 0.842714 -2.098999
4.169237 1.169556 0.039761
0.977024 1.450885 -3.439287
1.264970 4.313465 0.739266
3.393753 1.396698 -2.207374
4.090955 1.703185 0.281081
3.849567 1.711368 -1.356095
3.209046 3.419581 -0.031296
3.518213 1.986971 1.703381
3.208044 3.379690 -0.509832
3.510576 1.650534 -1.993838
1.710646 4.117554 -1.191081
2.075281 1.352969 3.056508
1.789611 0.116425 -3.177355
3.737502 2.072114 -1.382294
3.964647 1.146885 -1.237607
0.901272 3.103388 -2.774673
3.194609 3.299752 -0.860381
2.676894 3.627084 1.063475
3.080516 2.022518 2.229755
2.635385 2.694140 -2.389315
2.926670 3.542711 0.766144
4.038716 1.226694 -0.999055
2.399315 3.567627 -1.671427
2.699424 2.818405 -2.240759
3.828423 1.994003 1.083945
3.985976 1.357460 0.999239
0.988982 3.472130 -2.443517
1.486764 1.675063 3.195150
-0.827123 -1.186800 3.510743
-1.802956 -0.430985 3.594934
-2.275772 -1.421795 3.288989
-2.138659 -0.289707 3.488886
-1.688564 -0.826745 3.606893
-3.667391 -1.609076 -1.877556
-3.784779 -1.704555 -1.677719
-3.692330 -2.054255 -1.481558
-3.703940 -2.191844 -1.278496
-4.119394 -0.345594 -1.473884
-3.919461 -1.380371 -1.689967
-4.126302 -1.319406 -1.375116
-4.254340 -0.716890 -1.265365
-4.026375 -1.939684 -0.946038
-3.958760 -0.508947 -1.766241
-3.547378 -2.364216 -1.260309
-0.589151 2.270136 3.097990
-2.078180 1.632613 3.015173
-2.949281 0.503418 -2.624293
-3.430758 1.955715 -1.985794
-3.342687 3.235893 0.342732
-3.189415 1.320196 -2.445757
-2.876164 3.352778 -1.420250
-3.818470 2.105892 -1.149277
-1.909773 4.011626 -1.287884
-0.160246 1.838429 3.180141
-2.114382 4.171827 -0.020793
-2.692513 3.728908 0.760150
-2.112419 3.845963 1.322453
-3.251398 0.795759 -2.383306
-2.622025 3.828463 -0.709842
-1.809909 3.086483 -2.585257
-3.577603 1.827450 -1.826343
-2.761380 0.871282 -2.821737
-2.029362 0.185029 -3.108657
-2.412866 3.541177 -1.698816
-1.542872 3.614472 -2.162388
-3.572578 2.970949 0.087683
-2.840866 3.260753 -1.614640
-3.801650 2.451612 -0.715366
-0.707968 0.832255 -3.461954
-1.724983 4.311958 -0.053584
-3.738596 2.688562 -0.341214
-3.709227 1.638973 -1.678597
-3.163757 1.730554 -2.388583
-1.613735 3.458503 -2.315003
-3.661064 2.730725 -0.691998
-3.057349 3.105764 1.382257
-3.730108 1.308720 -1.727031
-0.044556 4.296329 0.621665
-3.342522 1.588382 -2.229436
-3.410475 3.139219 -0.549610
-1.760606 1.316484 3.172883
-2.856000 2.739449 -2.157526
-1.860438 0.936925 -3.288930
-3.966863 2.035974 -0.688498
-0.668034 3.455626 2.328956
-0.818402 3.039836 -2.824510
-2.510422 0.844964 -2.984942
-1.434981 4.322318 0.563467
-0.221101 2.929980 2.707887
-0.827822 2.140332 -3.288711
-0.885859 3.343276 2.436347
-0.788513 4.209261 -1.320868
-1.089663 4.427970 0.118831
-2.040329 4.089072 0.770646
-1.220192 3.985257 -1.722449
-2.446139 0.214564 -2.909513
-3.217937 2.666841 1.651526
-0.199438 0.795946 -3.411207
-0.708196 3.982833 -1.784793
-2.678461 0.333654 -2.793217
-2.567949 3.749773 -1.088536
-0.384853 4.422158 -0.225286
-3.609907 1.543795 1.737847
-0.633902 4.445086 -0.050470
-0.204008 4.190428 1.097313
-3.438643 3.154116 -0.206058
-0.357779 2.733986 -2.992609
-0.227018 4.067814 -1.533164
-1.762196 1.511380 3.150322
-0.474160 4.073370 -1.591841
-0.985732 3.091572 2.639540
-0.543292 3.162439 -2.722034
-2.862386 1.858877 2.487328
-1.782120 1.797235 3.089739
-3.820836 1.898749 -1.313221
-2.345503 4.062440 -0.088591
-1.155904 1.597178 3.264006
-1.230364 1.237840 3.294318
-2.222570 0.257964 -3.041746
-3.116000 3.469371 -0.524770
-0.723615 1.269305 -3.461858
-3.180320 0.467601 -2.399249
-2.700515 3.454546 -1.502340
-3.465837 1.421824 1.972380
-3.876774 1.794763 1.100628
-0.659636 1.525318 3.294988
-0.700261 1.586228 -3.425766
-4.080749 1.014827 -0.855449
-3.098401 3.433390 0.610607
-0.477255 2.027966 3.172817
-0.857278 4.395249 -0.659964
1.178588 2.788337 -2.969137
1.244957 2.589286 -3.097611
1.578424 1.992911 -3.309149
1.470467 2.657651 -3.033217
2.584625 2.474139 -2.612685
1.951516 3.044243 -2.559039
2.831847 1.994487 -2.630005
2.599396 2.258167 -2.729967
2.251594 1.616217 -3.149847
2.650223 2.017118 -2.792809
1.652291 2.769511 2.782849
2.316073 3.309309 2.068764
2.002706 2.615919 2.747850
1.889363 2.954841 2.608274
2.283749 2.308903 2.729791
1.648594 3.195906 2.507345
2.759574 2.708685 2.194250
2.185259 2.172771 2.813669
1.422365 2.804300 2.803102
1.350415 3.054659 2.661158
-1.866678 3.353750 2.291410
-1.579970 3.119364 2.582626
-1.667035 2.400481 2.928394
-1.354606 2.824576 2.799119
-1.874170 3.782336 1.676147
-2.749265 2.950600 2.015190
-2.451627 2.262455 2.644519
-1.639391 3.786727 1.794151
-2.195644 3.562145 1.825611
-1.118183 3.442079 2.339578
-2.878323 2.560630 2.156278
-2.786399 2.793340 2.105211
-2.477264 1.305875 -3.029906
-1.529985 2.014666 -3.311640
-2.051250 2.765882 -2.767970
-2.914152 1.923461 -2.566098
-1.957790 1.593021 -3.279851
-2.221038 1.742607 -3.147216
-1.993189 2.586253 -2.924161
-2.589181 2.439439 -2.632178
0.138629 -0.338656 -3.623426
0.326966 -2.886237 -3.312264
1.468192 -2.589784 -3.000619
-0.172988 -0.970246 -3.795917
0.122230 -1.560593 -3.818177
-0.828245 -3.065648 -3.018099
1.073173 -2.936927 -3.007067
0.563062 -2.587081 -3.453320
1.349281 -2.468208 -3.164702
-0.118528 -1.783661 -3.790969
0.252026 -3.307370 -2.944344
-1.213977 -2.751115 -3.069750
0.365092 -0.867227 -3.758765
-0.610676 -1.449661 -3.755786
-1.588915 -2.568060 -2.910926
-0.056946 -3.298875 -2.970732
-0.619512 -0.547291 -3.626336
-0.830136 -1.423805 -3.694292
-0.936658 -4.348021 -1.201007
-1.659246 -4.194981 0.050612
0.178788 -3.222061 2.560949
0.674921 -4.539316 -0.641388
1.449522 -3.935872 -1.676423
0.890415 -4.300116 0.979408
1.069816 -4.418872 -0.737621
-1.415542 -3.670653 -2.108577
0.766826 -4.479913 -0.871992
0.201465 -4.591988 0.311249
1.576980 -4.153100 -0.956471
0.075640 -4.614624 -0.574446
-0.817904 -3.930949 -2.107137
-0.256793 -4.319975 1.212899
0.417887 -3.865017 1.920874
1.763198 -3.422040 -2.121196
0.091872 -3.919282 -2.288060
-1.008566 -4.453296 -0.642448
0.109631 -4.539155 0.602396
-1.530413 -3.975909 -1.511829
-0.895877 -4.419023 -0.993187
0.315499 -4.397250 1.015675
-1.322368 -4.253149 0.648890
1.461005 -4.307039 -0.148404
0.528173 -4.585716 -0.449916
-0.850039 -4.458096 0.480729
0.114839 -4.631513 -0.059143
-0.103488 -4.628067 -0.411027
1.103474 -3.134745 -2.799795
-1.880130 -3.658419 -1.674028
-0.968702 -3.686984 -2.351059
1.442487 -4.303066 -0.482315
-0.925273 -4.075596 -1.827157
-0.517986 -4.368276 -1.417937
-1.487590 -3.853741 -1.783057
-1.694493 -4.152299 -0.640153
-1.141405 -3.656588 -2.300355
0.802104 -4.459683 0.529686
0.440880 -4.492269 0.677607
0.819380 -4.529768 -0.407272
-0.342390 -3.814707 -2.391610
-0.909929 -4.275555 -1.423831
1.892486 -3.957179 -0.965528
0.316634 -4.597174 -0.604363
-1.555390 -4.181973 -0.885849
-0.385197 -4.601049 -0.499405
0.221524 -3.562030 -2.672755
0.227764 -3.476934 2.353407
0.749997 -3.887798 -2.193699
-0.499722 -4.291607 1.209689
4.440978 -2.154320 0.601697
1.202030 -0.551936 3.926404
3.792792 -1.391584 -2.275367
2.118928 -4.035505 0.094944
2.839648 -1.412933 -2.998302
2.432341 -2.045216 -2.928431
2.243208 -3.636706 1.761891
4.747763 -0.704646 -0.797210
2.684648 -0.739357 3.585446
4.153289 -2.604674 0.657300
2.296196 -3.960129 -0.226993
3.258969 -0.541107 3.276094
2.708410 -3.400805 1.832609
4.695394 0.744893 -0.052934
3.605751 -3.065386 -0.803942
2.419970 -3.806308 -0.779753
2.641824 -3.592636 -1.124759
2.106016 -3.928016 -0.704639
2.682894 0.683001 3.416203
2.470900 0.479004 3.569749
4.737616 -1.475668 0.324402
3.532142 -1.347384 2.921255
4.483624 1.260241 0.399470
4.597292 0.953585 0.650238
3.913110 -0.125572 -2.314943
3.617805 -1.188057 2.894319
4.552165 1.130837 0.144477
2.042493 -3.606079 -1.562685
3.203101 -2.403620 -2.231456
4.563962 0.983134 -0.410332
4.517364 -1.716234 -0.804011
3.846154 0.261730 -2.311770
2.450459 -1.651628 3.474112
1.805107 -0.511417 -3.492392
3.814924 -1.488523 2.588603
2.369253 -3.708513 -1.121196
3.894472 -0.585459 -2.347823
3.070452 1.339963 2.870612
3.670647 -1.078961 -2.496279
1.604059 -3.095094 2.767381
1.090590 -2.849306 3.035429
3.949580 -2.809070 -0.495074
3.132719 -3.119837 -1.482520
4.149645 -0.134988 -2.027445
0.080012 -1.298631 3.663957
3.964261 -2.156512 -1.563852
3.205417 -3.432158 1.036851
0.124397 -2.067659 3.387758
4.237664 -1.747064 1.835208
3.304560 -1.959652 2.833203
1.938232 -0.725024 3.832752
3.011384 0.594320 3.269431
4.079135 0.913516 2.092754
4.560773 -1.955789 0.064995
2.264498 -3.123966 2.525333
4.301419 -2.078490 1.340381
2.624838 -1.789480 -2.965642
2.266779 -1.730865 -3.132990
3.783520 -2.350007 -1.641004
4.645455 0.900322 0.039118
4.677658 -0.958886 1.313481
4.356469 -0.791804 2.080400
1.531219 -0.794746 -3.513187
1.756238 -2.339189 -2.966048
4.441330 0.232458 1.841346
2.300071 -1.811449 3.466542
2.089486 -3.692204 -1.368842
3.107980 -3.109645 1.905341
4.093373 0.085701 -2.062802
2.434153 -2.944343 -2.258471
3.503945 -2.426247 -1.918906
1.894442 -1.965714 -3.136496
3.489314 0.615765 2.916327
4.841290 -0.654952 -0.373530
4.860041 -0.867999 0.373013
1.179344 -1.280106 3.829557
3.102898 -3.367320 -1.042137
1.035371 -0.675348 -3.540825
4.480501 0.704978 -1.086746
2.656209 -3.187653 2.210090
2.316831 -0.826709 3.719724
4.886352 -0.559385 0.059556
4.414189 -2.180799 -0.314645
4.846036 -0.186688 0.716385
2.296004 -3.858926 1.126436
1.242331 -2.336602 3.401685
1.748258 -0.742826 -3.489293
4.811010 -0.502972 -0.576561
0.809713 -3.490302 2.303115
0.573153 -0.928594 3.849425
4.483233 1.097127 -0.565928
4.492518 -1.624161 1.364546
4.357071 -2.216734 -0.515024
3.888942 -0.869276 -2.319716
4.761494 0.284149 0.860156
4.052055 0.084982 2.493821
4.152333 -1.227484 2.270875
1.986560 -3.984186 0.973525
2.670454 0.331287 3.521848
4.801032 -0.122517 -0.568803
0.996812 -3.153059 2.741743
4.829979 -1.062620 -0.023983
1.795205 -3.523599 2.180419
4.053726 -1.113765 2.444245
2.053892 -2.334253 -2.897150
3.432489 -0.230270 3.146130
2.099070 -2.717912 2.986694
1.230199 -3.609277 2.147569
2.143478 -1.607669 3.595096
0.644276 -2.714245 3.102047
2.551433 -3.632157 1.506179
3.326534 1.229082 2.742692
4.438231 -2.204036 0.070902
4.091282 -2.728004 0.002442
3.485251 1.057139 2.707836
2.650158 -1.998475 3.232242
2.985679 -3.415311 1.482997
4.294638 -0.539099 2.211846
2.801928 -2.050290 -2.746673
3.550305 -0.097595 -2.661412
3.800797 -3.025618 0.634690
2.716659 -3.034402 2.362175
4.816385 0.222571 0.555806
4.695450 -0.082188 1.332531
2.855029 -3.404453 -1.294894
2.203068 -2.637913 -2.635962
1.892260 -1.659335 -3.262511
1.544968 -0.331380 3.906975
2.438913 -2.729750 -2.459298
0.498794 0.481398 3.758555
4.260105 -2.475597 0.524838
0.949643 -1.986331 3.581074
4.218186 -1.306173 -1.760992
2.651496 -3.679515 1.256064
2.739136 -2.544163 -2.451338
1.863716 -4.086720 0.444280
4.622316 -1.364259 -0.837710
2.597816 -3.872819 0.156504
2.941158 -1.797238 -2.793961
3.498065 -2.403260 2.324856
3.320635 -3.331458 -0.720985
2.540756 -2.197103 -2.796510
4.666143 -1.366257 1.051522
3.953920 -0.085155 2.641800
3.885364 -1.963459 -1.846146
4.256472 -0.888813 -1.842801
3.489592 -3.281569 -0.405934
3.392105 -3.192476 1.329785
1.552340 -3.398860 2.419990
4.831306 -0.852010 -0.321119
3.673201 -3.014293 1.146748
1.081199 -2.248152 3.453244
1.899796 -2.909772 -2.503386
3.421495 -3.387389 0.416494
4.706378 -1.142495 1.100597
2.537724 -3.349295 2.061948
4.442199 -1.621414 -1.123464
3.019548 -2.823871 -1.987658
4.604301 -1.245386 1.367124
2.418401 -1.378524 -3.197883
2.241069 -3.927623 -0.535663
2.382394 -0.586341 -3.338818
3.902702 -2.957063 0.204701
0.391740 -1.311586 3.741894
2.383316 -3.318191 -1.834320
4.244862 -1.730970 -1.456679
2.783556 -3.687828 1.007979
2.567429 -3.700973 -0.926325
4.781650 -1.298364 -0.015980
-1.557920 -1.907678 3.597431
-0.948513 -0.467726 -3.545778
-4.369901 -2.179919 0.926238
-4.874548 -0.714072 0.388338
-2.990966 0.574690 3.287710
-3.496296 -0.091381 -2.705888
-4.332864 -2.387850 0.099517
-2.652918 -2.060612 -2.820517
-1.388527 -0.692750 3.911249
-2.060988 -3.703841 -1.361623
-0.861071 -2.429972 3.331674
-1.910117 -2.178424 -3.026146
-2.345896 -3.018399 -2.225981
-4.552756 -1.318197 -1.083265
-3.048405 -3.533852 1.035365
-2.625665 0.046695 -3.216211
-4.661791 -0.412764 1.478054
-2.497934 -3.879256 -0.296680
-2.747371 -2.899521 -2.116259
-4.232749 -1.433799 -1.674827
-1.967338 -3.800167 1.575303
-0.905721 -1.958701 3.590266
-4.680800 -0.784744 1.371359
-1.743456 -0.958243 3.842434
-3.085521 0.306870 3.304824
-3.866920 -2.917735 -0.439097
-2.828916 0.986526 3.218827
-2.283031 -1.515989 3.581725
-0.197570 0.120243 3.763664
-3.228900 -3.224366 1.540829
-1.705137 -0.251135 3.883174
-2.830552 -1.760653 3.251277
-0.895133 -3.644813 2.072279
-2.210430 0.788645 3.564112
-4.187708 0.133775 -1.922422
-2.861818 -1.427711 3.359269
-1.924052 -1.815970 3.572673
-0.152690 -0.633460 3.786637
-0.458840 -1.093403 3.802368
-2.618131 0.662343 3.452730
-1.460003 -1.469996 -3.388987
-2.744638 -0.738339 3.557402
-0.105747 -0.952717 3.740261
-4.045795 -2.142296 1.818313
-4.036302 -1.284488 -2.030371
-0.678721 -0.516524 3.897359
-3.228065 -2.671444 2.338665
-2.061004 -3.938992 1.085680
-2.717618 -2.668840 -2.360009
-4.235998 -0.530221 -1.923440
-2.182760 -4.008891 -0.080475
-2.798217 -3.275998 -1.583879
-4.252624 -2.400056 0.869639
-2.568795 -1.208810 3.559243
-3.309927 -3.135372 -1.217266
-2.887144 0.200688 3.441732
-2.259518 -2.091047 -2.970687
-3.384648 -1.211198 3.083223
-4.521388 -1.525536 -1.001471
-2.995025 -3.125152 -1.625872
-2.413746 -3.766671 -0.916238
-1.445417 -0.853474 -3.515122
-2.217632 -2.667953 -2.607088
-2.877158 -3.433245 1.586080
-2.693334 -3.083595 -1.941352
-1.603534 -4.093327 0.753601
-2.842689 -1.904426 -2.800650
-4.765802 -1.359225 0.406387
-1.726601 -1.821797 -3.232461
-1.865842 -1.112390 -3.417499
-1.737106 -2.488015 -2.874912
-3.895869 -1.620647 -2.052595
-0.916594 0.444515 3.818647
-2.901568 -0.098626 3.477516
-0.319986 -1.245832 3.741134
-4.248974 -1.201745 -1.757396
-3.202364 -3.079184 -1.463939
-0.617594 -1.749947 3.644611
-4.329527 1.092079 1.448237
-0.623316 0.500538 3.773735
-1.569262 0.630576 3.752258
-4.865911 -0.004698 0.076868
-1.841290 0.638790 3.707238
-3.580642 0.314562 -2.557383
-3.284884 0.863302 2.977306
-4.567898 -0.892437 -1.258660
-3.423268 -0.790274 -2.759587
-1.320343 -3.435814 2.399412
-3.782286 -1.603192 2.570584
-2.818710 -0.914725 3.499990
-2.764235 -0.485435 -3.185229
-2.161903 -2.264357 3.283515
-3.396553 -2.818651 1.980606
-2.186779 -3.872127 1.201327
-4.819215 0.300872 0.275324
-0.125912 -2.196148 3.318347
-2.452346 -3.512168 -1.472270
-3.225895 -2.641437 -1.994717
-0.555618 -2.652699 3.132286
-1.152433 -1.062278 3.873613
-0.854270 -3.449574 2.366924
-4.286479 -1.563874 1.879107
-2.466933 -3.335852 2.132123
-3.849104 -2.867911 -0.669607
-3.659775 -0.112985 2.944873
-4.148238 -2.633439 0.540302
-0.974744 -3.530811 2.263203
-4.451028 0.534964 -1.287617
-1.624822 -3.325168 2.500780
-2.255703 -2.804402 -2.476398
-0.672621 0.021203 3.870909
-4.864564 -0.867795 0.151017
-3.080189 -0.784087 3.372316
-0.997446 -0.296965 3.923150
-2.028863 -2.356343 -2.891057
-0.291284 0.347184 3.745633
-3.826594 -0.807828 2.773512
-2.946134 -3.419425 -1.150719
-4.760580 -0.001396 -0.695343
-4.041316 -0.076977 -2.159762
-2.274859 -0.219603 3.749810
-3.199344 -2.483654 -2.167502
-4.194441 1.078358 1.759740
-4.478122 -1.115883 -1.373694
-3.245557 0.459152 3.158507
-4.677573 0.810082 0.018144
-2.068894 -3.336843 -1.970467
-2.066491 -3.990881 0.842311
-2.995171 -2.880699 -1.945101
-4.122002 0.779740 2.115298
-3.792116 -2.799114 -0.982885
-0.784073 -2.629858 3.186347
-2.789104 -1.127474 -3.099379
-2.379435 -3.182536 2.395216
-4.411167 -1.997401 -0.752055
-3.269689 0.153195 3.216058
-1.982880 0.471883 3.723040
-2.180150 -2.427583 -2.797270
-1.249855 -3.147470 2.749886
-2.523286 -1.929602 3.325064
-4.575722 0.840287 -0.624859
-2.643476 -1.758280 3.347658
-4.779845 -1.072241 0.821066
-1.394386 0.734447 3.736195
-2.354906 -1.881673 -3.038594
-1.946172 -4.075727 0.332782
-0.896484 -3.033375 2.855710
-2.490438 -0.183567 3.672168
-0.179515 -0.313372 3.798353
-2.900177 -3.727434 0.315848
-3.987303 -1.753000 2.232450
-1.657584 -3.786389 1.745976
-3.790574 0.114353 -2.405998
-3.861628 -2.477141 -1.369038
-4.192905 -2.477263 -0.532475
-2.963046 -0.925971 -3.044604
-2.972825 0.858961 3.192314
-4.017788 -2.113901 -1.518721
-1.304300 -3.606004 2.147890
-2.434417 -3.484439 1.913261
-3.743002 0.567534 2.695817
-4.890818 -0.372624 0.188129
-1.580003 -3.670018 1.996065
-3.415851 -2.781346 -1.628662
-2.313870 -1.726636 3.495888
-1.393335 -1.522793 3.755224
-3.110527 -0.838033 -2.970189
1.090861 4.770111 0.108163
2.557467 4.320238 -0.378341
0.685829 1.163420 -3.806612
4.026423 2.050210 -1.618365
0.255111 3.353179 -2.968508
1.319121 4.742352 -0.270099
3.758620 1.923563 2.006114
3.556276 0.732588 -2.547829
0.913286 1.727090 3.605717
0.304989 4.727112 -0.550583
0.590207 4.060215 -2.278456
3.037106 3.879999 0.847747
2.961443 3.712423 1.379434
2.383270 2.765425 2.836637
1.834365 4.155067 1.721318
1.492661 4.709209 0.184488
2.281820 2.203609 -3.290570
1.855041 2.180039 -3.465788
3.322185 1.325526 -2.792105
0.904351 1.228402 3.663918
2.457567 2.507282 2.933996
2.142731 4.415903 -0.945889
2.240491 2.689030 -3.092849
1.044426 4.503582 -1.473703
1.405044 1.720850 3.554864
0.318358 3.204604 -3.090876
0.485779 3.558762 2.687462
1.473638 4.583843 0.927465
1.684202 4.398787 1.319436
0.060431 1.861336 -3.649622
2.968866 3.175771 -2.223140
2.437536 3.315400 2.395487
1.104120 4.318285 -1.853347
3.926963 3.055406 0.035238
0.660072 3.641466 -2.761633
0.641941 4.627963 1.004478
1.570963 2.553723 -3.398608
1.368753 4.710542 0.397117
3.598050 3.498434 -0.117872
3.961020 2.304291 1.429448
1.902808 4.351786 1.270581
0.032290 3.241597 -3.006461
1.978981 4.047410 1.811094
1.212473 3.417721 -2.929204
3.774112 3.258483 -0.377798
1.047596 3.818839 -2.566211
3.327060 3.406574 1.309611
2.270979 4.080471 -1.665490
1.565647 2.835332 -3.257604
4.373293 1.384691 -1.025063
1.808125 4.640354 0.032891
0.549644 1.352825 3.651420
3.598707 3.344084 -0.924580
1.122844 4.424386 1.500426
0.062506 0.064791 -3.607233
0.633030 0.714788 -3.791920
2.019573 4.226095 1.457969
1.639394 4.525078 1.001199
2.506748 0.269245 -3.290608
4.145203 2.665527 -0.057235
3.261688 2.971768 -2.092648
1.724462 4.323644 -1.603007
3.751275 1.530033 -2.279848
2.254772 4.161806 1.378272
0.778513 2.867101 3.198293
0.577743 4.780205 -0.207330
3.917770 1.617967 -2.012115
1.345529 2.464849 3.344107
2.466954 0.565480 -3.368812
0.960362 4.720654 -0.749969
2.169168 1.860965 -3.442496
1.402587 0.773731 -3.745868
2.034398 3.523042 2.434656
3.018887 2.959188 2.230839
2.113605 0.690029 -3.542571
1.683581 1.562434 -3.660235
3.005982 3.949308 -0.833455
0.680053 2.441406 -3.538851
2.436257 1.954923 3.155327
1.435890 4.059398 2.046959
4.099605 1.389598 1.605588
2.884345 3.916962 -1.209069
1.817531 -0.000314 -3.504274
0.397466 0.992588 3.651253
3.409638 0.776788 -2.708197
1.790126 0.314867 -3.593070
4.274882 1.828529 0.987072
0.100435 3.022020 3.035051
0.236319 0.760299 3.620663
2.039426 4.521145 -0.635541
3.501959 2.359347 2.126332
0.899265 4.631034 0.994808
3.291348 1.905371 2.559471
1.637556 3.076134 -3.090436
0.468863 4.434877 -1.626056
4.490283 1.253466 -0.427740
1.187765 1.619273 3.603347
3.124954 3.119781 -2.109973
1.037968 0.892843 -3.796810
2.292561 4.213972 -1.355807
1.678022 2.134597 3.392929
0.749236 4.695756 0.755138
3.246766 3.460536 -1.500475
1.461935 3.812824 2.353015
2.154852 4.505879 0.277955
3.987636 2.660141 -1.096725
4.314909 2.249184 -0.091923
4.037248 2.595224 0.899634
2.722992 2.084759 -3.087801
2.787511 1.703432 -3.151667
1.346539 3.239336 2.906534
0.616017 3.098282 3.054471
1.846816 4.527625 -0.921552
1.762793 2.288821 3.317065
3.654392 2.312989 1.951871
1.020397 3.405332 2.823472
2.905838 1.961532 2.863930
0.644214 4.410514 -1.701453
2.216511 4.484315 -0.377888
3.850247 1.282424 -2.182277
0.249871 4.437350 1.422268
4.211436 2.100657 -1.097787
3.720136 3.029018 1.104468
3.917771 2.665742 1.147769
2.647101 4.214730 0.599108
1.904358 3.717909 2.292543
2.365669 2.790313 -2.970351
1.203004 3.679225 -2.692159
1.972140 4.518837 0.639383
0.198129 4.013807 -2.273981
2.472893 1.814299 -3.311503
3.872229 3.123591 0.204040
2.376729 4.426308 -0.117308
0.215157 4.203586 1.858697
3.022015 0.440118 -2.995327
2.896479 1.310107 -3.137053
3.986442 2.071125 1.547806
0.239580 1.191246 -3.768380
0.612429 1.669973 3.614974
3.436373 1.791590 -2.587715
2.783936 3.691458 1.649831
1.244473 4.509203 -1.405304
0.462011 2.328202 3.430798
3.268467 0.406509 -2.780462
2.868283 2.504190 -2.803867
0.439755 0.024487 -3.651197
1.668230 4.282975 1.579977
1.919320 2.499202 -3.320195
3.092574 2.061215 2.683958
1.394918 3.199375 -3.064751
3.762112 3.241749 -0.560010
1.515673 1.164636 3.594276
2.681023 4.235984 0.359034
2.492016 4.350259 0.287428
4.469027 1.614850 0.012820
2.258253 3.783405 2.003968
4.059357 2.764661 0.421677
2.760867 2.278799 -2.988571
3.510192 2.534552 2.000863
1.715964 4.057187 1.941229
3.206127 1.717086 2.691099
-3.951553 1.972665 -1.809974
-1.970256 3.504846 2.483621
-3.961749 2.733181 0.920381
0.000070 2.969541 3.044661
-3.144972 0.934670 -2.958824
-0.241462 0.457775 -3.724111
-3.767582 2.635628 1.511581
-2.736192 3.942333 -1.394687
-3.264592 3.831245 0.112613
-1.979666 2.895898 2.949979
-4.150154 2.611744 0.301013
-2.246324 0.141228 -3.385264
-0.278360 2.915142 -3.272028
-4.369669 2.072851 -0.032525
-3.496094 0.770012 -2.617997
-1.687522 3.716950 -2.524611
-4.195856 1.723307 -1.416921
-1.103097 1.812640 -3.715516
-0.851789 4.550029 1.240948
-1.179475 1.181342 -3.784885
-3.867415 1.598785 -2.096482
-1.191218 2.906399 3.149113
-2.351290 2.406762 -3.175937
-0.672059 4.150281 -2.155855
-1.127612 3.510637 2.722921
-3.505634 1.418958 2.456991
-0.208240 4.595030 -1.112072
-0.404173 2.603177 -3.450691
-1.118881 4.756025 0.274701
-2.610854 1.135508 -3.325547
-2.908673 2.256588 2.752958
-0.493593 4.103804 -2.207535
-3.126796 2.759507 2.279620
-2.375187 4.417960 -0.322288
-3.364117 3.060847 1.725621
-1.027317 3.019423 -3.237452
-0.766216 2.028292 -3.678661
-1.205914 1.148725 3.644068
-0.279125 4.656627 -0.918769
-1.498041 1.023664 -3.738401
-0.671546 1.720964 3.608125
-2.272815 4.427199 -0.634351
-0.770512 4.784856 0.083528
-1.251592 -0.032280 -3.617893
-4.003742 2.509257 1.119991
-0.626415 0.283795 -3.727587
-3.369813 2.104258 -2.545020
-3.923315 2.284247 1.522708
-4.004958 0.838853 -1.939840
-0.067719 2.296862 3.384621
-0.084546 2.037196 -3.609919
-2.686562 4.077615 -1.140553
-3.199061 1.326713 -2.902137
-0.256415 4.291689 -1.858035
-0.691228 4.440963 -1.640614
-3.032713 2.734786 -2.526275
-1.057740 4.261168 -1.962045
-0.630745 1.793926 -3.731523
-0.949544 2.538442 3.356207
-2.652995 3.586263 1.933180
-4.281812 1.385787 1.180320
-0.926095 3.324979 2.893588
-2.854005 2.620147 2.611133
-4.427011 1.353805 -0.805924
-2.687889 2.075974 2.974272
-0.782759 4.381234 1.626733
-1.820229 4.307460 -1.575012
-1.341244 4.666846 -0.823466
-2.052985 1.649485 -3.531724
-3.807505 1.935692 -2.067297
-1.353796 3.556903 2.642699
-3.750045 3.055242 -1.116254
-0.817600 0.962485 3.669328
-0.545542 1.010372 3.663457
-1.620675 4.688996 -0.179554
-3.417471 1.556978 -2.664695
-2.332164 1.377473 -3.452934
-0.467975 3.517526 -2.861547
-1.090161 4.665307 -0.964980
-2.802402 2.789169 2.545430
-0.663035 2.975727 -3.272446
-1.387355 2.302539 -3.538765
-2.197185 4.362012 -1.057652
-3.529437 2.915660 -1.772826
-2.651332 3.464323 -2.219047
-2.626571 3.192750 -2.509088
-2.586443 3.960204 -1.558751
-3.236446 2.373646 2.412860
-2.687890 3.945323 1.318486
-1.420778 1.135546 3.613008
-0.424120 1.170258 -3.791111
-2.774972 3.723661 1.610021
-0.732054 2.194199 3.490363
-0.707459 1.403259 3.653081
-3.338335 1.507379 2.613054
-3.669782 2.669003 -1.792412
-2.956180 4.040328 -0.586444
-2.786638 4.179904 0.282749
-0.298601 3.315088 2.867028
-2.599187 2.384404 2.908272
-2.411769 1.871783 -3.328794
-1.309589 1.643435 -3.722528
-4.170032 0.981500 -1.632596
-0.375897 2.526356 3.342948
-1.950748 2.539913 -3.290409
-4.211490 2.100882 0.958157
-1.901765 4.312724 1.364105
-1.425387 4.023599 2.100305
-2.549778 4.332867 -0.270160
-3.828459 3.203803 -0.003487
-0.837651 4.742659 -0.646331
-3.371167 1.785170 2.517807
-2.477117 1.938337 3.138519
-1.874985 4.194388 -1.764548
-0.969586 3.643704 -2.754799
-0.417022 4.770603 -0.124085
-0.687973 4.772563 0.259048
-1.782702 0.046933 -3.528625
-2.037914 3.586421 -2.507459
-4.133543 2.677877 0.125347
-2.259357 3.212126 2.594197
-3.861946 2.852807 -1.159730
-0.148012 3.459022 -2.859388
-1.902032 2.893117 -3.120400
-1.829510 0.775291 -3.646728
-1.723611 1.897851 3.446493
-0.606983 0.724449 -3.791707
-3.312051 3.605600 0.930337
-0.124947 1.426463 3.594497
-1.372460 2.966594 3.084492
-3.321815 3.229733 -1.722071
-1.453475 4.438309 1.355454
-4.237644 2.384220 -0.514918
-0.853581 3.326232 -3.034342
-3.389087 2.475548 2.190186
-1.189511 0.610585 -3.760339
-3.701887 2.411502 -1.953616
-2.835848 0.606019 -3.157633
-0.748537 0.144988 -3.698698
-0.763509 1.153355 -3.807932
-1.153566 3.374751 -2.972694
-0.179636 4.276273 1.723240
-1.995673 2.276948 -3.383395
-0.442030 4.481678 -1.514354
-0.899761 4.094154 2.096765
-1.804661 2.475628 3.229837
-2.588081 2.721471 2.739948
-1.846998 3.263314 2.745974
-3.891547 2.669188 -1.347746
-2.154619 3.365016 -2.659826
-3.775957 2.630478 -1.639679
-2.442086 2.377848 3.001937
-3.059021 2.396934 -2.704223
-4.371700 1.959200 0.385310
-3.300788 1.469958 -2.793383
-0.691502 3.132431 -3.173627
-2.725825 2.900975 -2.665693
-0.125983 3.926888 2.228584
-0.907746 0.424492 -3.754630
-0.766781 0.545157 -3.775468
-1.538951 1.602275 3.549095
-0.184626 1.106132 -3.762397
-0.607227 1.382571 -3.790741
-2.501181 2.293432 -3.143502
