    0.0221036350
    0.0209963655
    0.0157400149
    0.0176828987
    0.0028159021
    0.0214199154
    0.0201543555
    0.0203639986
    0.0179784851
    0.0007362102
    0.0124383568
    0.0231047544
    0.0210468241
    0.0184177591
    0.0142750268
    0.0150711548
    0.0230654718
    0.0190905596
    0.0196607070
   -0.0003867480
    0.0226876777
    0.0026985218
    0.0198658015
    0.0218968049
    0.0215331813
   -0.0167429220
   -0.0389570856
   -0.0443308079
   -0.0493329353
   -0.0120970522
   -0.0271197745
   -0.0353687552
   -0.0336695748
   -0.0471603071
   -0.0490052493
   -0.0467936880
   -0.0396100236
   -0.0320694437
   -0.0462200852
   -0.0475695174
   -0.0500750223
   -0.0411780232
   -0.0268421257
   -0.0382703318
   -0.0359543535
   -0.0316039862
   -0.0089058998
   -0.0264552792
   -0.0092041456
    0.0055388198
   -0.0293938039
    0.0045896031
    0.0099014236
    0.0006869135
   -0.0282721167
   -0.0300891990
   -0.0136414320
    0.0016038124
   -0.0138698964
   -0.0094391916
   -0.0147242937
    0.0031592351
    0.0022524573
    0.0138161764
    0.0038888426
   -0.0011032691
    0.0039412521
   -0.0097372969
   -0.0140195297
    0.0147860895
    0.0034016679
    0.0052242348
    0.0173282715
    0.0034163860
   -0.0060344991
    0.0135834548
   -0.0088199530
    0.0160334752
   -0.0012411234
   -0.0055914965
   -0.0027771122
   -0.0034988506
    0.0167439308
    0.0021812505
    0.0200021148
    0.0096958811
   -0.0039595028
   -0.0137521656
    0.0121117650
    0.0171876519
   -0.0201617681
   -0.0024114885
    0.0031450362
    0.0021107830
    0.0000122967
    0.0024139071
    0.0031689766
   -0.0009540977
   -0.0136478124
   -0.0091046564
   -0.0091032005
   -0.0184629865
    0.0016833621
    0.0165961604
   -0.0015710531
    0.0029246222
   -0.0268288896
   -0.0208671181
    0.0033986715
   -0.0172520441
   -0.0286858694
   -0.0242528964
    0.0028625833
   -0.0045952929
   -0.0210188445
    0.0070409155
    0.0016305274
    0.0030183344
    0.0032244508
    0.0107378014
    0.0034072473
    0.0029535067
   -0.0026882511
   -0.0071163016
    0.0065957423
    0.0075164834
    0.0043640786
    0.0128194797
    0.0072549897
    0.0089740193
    0.0050594128
    0.0071200899
    0.0036470884
    0.0050119422
    0.0087389887
    0.0098537668
    0.0083960204
    0.0089580580
    0.0079127984
    0.0044650931
    0.0052890135
    0.0087120733
    0.0001938157
    0.0077136774
   -0.0000305474
   -0.0017892912
    0.0023566692
    0.0037114040
    0.0034626537
    0.0022850662
    0.0032161133
    0.0024664532
    0.0029281825
    0.0052846631
    0.0003588044
   -0.0009563422
    0.0025218422
    0.0050381166
    0.0039707875
    0.0029761420
    0.0058525030
    0.0045104666
   -0.0041454577
   -0.0010961314
    0.0025625633
    0.0041726566
   -0.0006225423
    0.0133678887
    0.0117583081
    0.0031933246
    0.0032829117
    0.0004118969
    0.0000413405
    0.0012212250
    0.0046653751
    0.0044274205
    0.0061991698
    0.0022257333
    0.0005028760
    0.0000809561
    0.0125022355
    0.0060461850
   -0.0000992500
    0.0060229172
   -0.0000378637
   -0.0008674703
    0.0056641968
    0.0004861004
    0.0005926497
    0.0002957302
    0.0007887626
    0.0141926015
   -0.0004182854
    0.0064644393
   -0.0001801101
    0.0059564350
    0.0010720710
    0.0026848390
    0.0057570856
    0.0020598297
    0.0013300379
    0.0002180721
    0.0057581091
    0.0090764265
    0.0035616624
    0.0033972341
    0.0000050855
    0.0152923670
   -0.0003359843
    0.0018722421
    0.0017759324
   -0.0061085729
    0.0038465677
   -0.0015208656
    0.0047747494
    0.0058375546
   -0.0070079274
   -0.0020002648
   -0.0006708381
    0.0001762387
   -0.0016763351
   -0.0139657245
    0.0055391257
    0.0025726023
    0.0045427015
    0.0029454580
    0.0018523625
   -0.0106166493
    0.0022862126
    0.0050879124
    0.0043605900
    0.0072295284
    0.0035684104
   -0.0014678503
    0.0094217556
    0.0092388223
    0.0104219338
    0.0088019544
   -0.0019057534
    0.0112391152
   -0.0047501708
    0.0027588728
    0.0070246341
    0.0047365890
    0.0067236149
    0.0097316390
    0.0108330778
    0.0025786841
    0.0088331473
    0.0111377706
    0.0074273564
   -0.0000012606
    0.0010402419
    0.0058511505
    0.0142855706
    0.0002035823
    0.0030656867
    0.0017407110
    0.0022959635
    0.0008639894
    0.0009128411
    0.0138469265
   -0.0002466556
    0.0059096222
    0.0069391744
    0.0006334552
   -0.0001319951
    0.0160074861
    0.0028133603
   -0.0003404093
    0.0001930024
   -0.0001657068
    0.0005378510
    0.0019248589
   -0.0008140866
    0.0027035201
    0.0129487666
    0.0045158917
    0.0031376405
    0.0067213252
    0.0039714683
    0.0029979774
    0.0046657858
   -0.0004841710
    0.0020414867
    0.0120100004
   -0.0002486779
    0.0024876301
    0.0017329157
    0.0059322805
    0.0001290681
    0.0013053392
    0.0092885129
    0.0108020705
    0.0117093055
    0.0115665357
    0.0092345270
    0.0049150424
    0.0105368163
    0.0107145139
    0.0038727061
    0.0101294153
    0.0069408211
    0.0107901801
    0.0065111985
    0.0099557036
    0.0078260452
    0.0112807116
    0.0073330546
    0.0087494785
    0.0061289541
    0.0070460074
    0.0027360126
    0.0021698415
    0.0050876744
    0.0047081920
    0.0065616262
    0.0061340221
    0.0054383777
    0.0068718428
    0.0058298344
    0.0025996631
    0.0073621187
    0.0047492951
    0.0053834136
    0.0047761773
    0.0049965519
    0.0065216195
    0.0068607192
    0.0068917539
    0.0066104267
    0.0057212655
    0.0072425505
    0.0056828364
    0.0039692608
    0.0034277183
    0.0062568126
    0.0038559016
    0.0036812985
    0.0055443298
    0.0063095906
    0.0066353623
    0.0060947141
    0.0026352687
    0.0024981074
    0.0065841472
    0.0054729324
    0.0050823729
    0.0013437446
    0.0046411477
    0.0091202367
    0.0094562403
    0.0095885143
    0.0065945976
    0.0068587581
    0.0064459886
    0.0088436768
    0.0095805896
    0.0104289474
    0.0093068308
    0.0094306638
    0.0097745035
    0.0042012278
    0.0048387297
    0.0040393603
    0.0093026834
    0.0028317223
    0.0103321266
    0.0040584548
    0.0084707230
    0.0008339028
    0.0181004118
    0.0150381597
    0.0170427636
    0.0180147010
    0.0036327350
    0.0083215007
    0.0157053379
    0.0112227213
    0.0178029598
    0.0046908155
    0.0175952373
    0.0086292290
    0.0079362579
   -0.0008623833
    0.0174655991
    0.0176609864
    0.0150983042
    0.0129035537
    0.0011219285
    0.0130340695
    0.0099404375
    0.0169333175
   -0.0312424780
   -0.0145121543
   -0.0191667172
   -0.0308063023
   -0.0284951927
   -0.0178216215
   -0.0300913007
   -0.0042753671
   -0.0197108187
   -0.0340858640
   -0.0324306250
   -0.0172356819
   -0.0158207330
   -0.0229113601
   -0.0346330664
   -0.0012771798
   -0.0283468548
   -0.0243544693
   -0.0380208710
   -0.0286574110
   -0.0302225670
   -0.0349602378
   -0.0305796737
   -0.0263600123
   -0.0355544356
   -0.0324591862
   -0.0330546262
   -0.0119377769
   -0.0327077194
   -0.0241309829
   -0.0204078079
   -0.0243037439
   -0.0157368232
   -0.0332365366
   -0.0307481704
   -0.0185653479
   -0.0313197042
   -0.0349911862
   -0.0379099605
   -0.0317731240
   -0.0093410451
   -0.0349639722
   -0.0350693186
   -0.0256793196
   -0.0165234348
   -0.0125150906
   -0.0085181911
   -0.0280805587
    0.0030971238
    0.0025907990
   -0.0018609201
   -0.0029204839
    0.0031848002
   -0.0020430981
   -0.0150308800
    0.0013218080
    0.0095643077
   -0.0267497611
   -0.0147882231
    0.0002151477
    0.0016169505
    0.0021462725
   -0.0158277940
    0.0006937408
   -0.0116592994
   -0.0094725709
    0.0034650517
    0.0005694182
    0.0141776293
    0.0022642406
    0.0025445830
   -0.0007016908
   -0.0042428703
   -0.0025062868
   -0.0283773918
    0.0039322135
    0.0020312630
    0.0083240284
   -0.0102612656
    0.0002486557
    0.0153067606
    0.0030046763
   -0.0000243030
    0.0039145429
    0.0029664921
    0.0050728985
   -0.0265912540
   -0.0044281159
   -0.0051634729
   -0.0049783489
    0.0007719458
    0.0027240787
   -0.0056512666
   -0.0201916929
    0.0015095297
   -0.0080556036
   -0.0055705399
    0.0087646096
    0.0016651600
    0.0022420106
    0.0004907213
   -0.0199600071
    0.0044723239
    0.0110003449
    0.0020864819
   -0.0037958692
   -0.0153746089
   -0.0022776894
   -0.0256406592
    0.0019232755
   -0.0115278297
    0.0023570100
    0.0020324718
    0.0142847075
    0.0101454661
    0.0109303091
   -0.0033638024
    0.0158919020
    0.0001178201
    0.0091344482
   -0.0124928888
   -0.0101963255
    0.0000439437
    0.0077972988
    0.0029215238
    0.0064826699
    0.0034971835
    0.0076785034
   -0.0000873211
    0.0076875402
    0.0078957685
    0.0031891601
   -0.0027344081
    0.0033103009
    0.0078411788
    0.0060337214
    0.0009952099
    0.0066157228
    0.0048043258
    0.0035132034
   -0.0025595309
    0.0022541982
    0.0039972239
    0.0038773761
   -0.0089221156
    0.0034026253
    0.0022446182
    0.0027077722
   -0.0111228136
   -0.0087593327
   -0.0075713041
    0.0031714288
   -0.0075089725
    0.0001617692
    0.0005730197
    0.0095308983
    0.0008456614
   -0.0000510648
    0.0009439665
    0.0002422782
    0.0045531487
    0.0121815157
    0.0150277162
    0.0001533714
    0.0043850949
    0.0027975027
    0.0018367512
    0.0002326201
    0.0044173171
    0.0006252266
    0.0022196109
    0.0013512192
    0.0003840024
    0.0024489109
    0.0061985004
    0.0010722898
    0.0021441211
    0.0026967036
    0.0113158338
    0.0000476832
    0.0077023483
    0.0032767385
    0.0010663898
    0.0005621928
    0.0000786991
    0.0000318413
    0.0012500881
    0.0026517584
    0.0010771195
    0.0020618729
    0.0012366759
    0.0046889726
    0.0003403248
    0.0006663301
    0.0007052975
    0.0047546290
   -0.0000312631
    0.0112821546
    0.0036034243
    0.0009065823
    0.0046971121
    0.0000285754
    0.0021203354
    0.0129167077
    0.0012122787
    0.0045294403
    0.0023810932
    0.0008109882
    0.0020533761
   -0.0014709446
    0.0037683424
   -0.0002769116
    0.0024777613
    0.0010028467
    0.0010650543
    0.0035266724
   -0.0074606415
    0.0041600735
    0.0029819579
   -0.0046191230
   -0.0073281104
   -0.0041194430
    0.0040989922
    0.0044315269
    0.0036439894
    0.0050442758
    0.0084235136
   -0.0016374269
    0.0052931462
    0.0022075409
    0.0081320711
    0.0032046655
   -0.0016074792
    0.0042927955
    0.0083106577
    0.0042003714
    0.0069197727
    0.0066612551
    0.0134486560
    0.0098610887
    0.0003223370
    0.0152229880
    0.0009473566
    0.0022686291
    0.0044705198
    0.0047227751
    0.0007557231
    0.0040297334
    0.0012433624
    0.0046696610
    0.0019824772
    0.0000066201
    0.0007795078
   -0.0000104112
    0.0008371726
    0.0002583921
    0.0029741381
   -0.0000563070
    0.0011349998
    0.0010298331
    0.0014640368
    0.0012457308
   -0.0000415309
    0.0010621438
    0.0015889341
    0.0022048850
    0.0007168807
    0.0048012095
    0.0048368534
    0.0044519497
    0.0022573591
    0.0037269279
    0.0016970282
    0.0081660027
    0.0001579088
    0.0027073041
    0.0011534704
    0.0001296665
    0.0012728309
    0.0042068356
    0.0097796737
    0.0045403185
    0.0088175588
    0.0087839294
    0.0075268948
    0.0067832347
    0.0022508507
    0.0070280779
    0.0042684166
    0.0075315405
    0.0047911469
    0.0040789045
    0.0039621535
    0.0056362444
    0.0023835839
    0.0042493836
    0.0084797568
    0.0106648898
    0.0063262557
    0.0094757777
    0.0053549727
    0.0091426376
    0.0034779096
    0.0077302092
    0.0040822512
    0.0052582154
    0.0049266598
    0.0036538656
    0.0047657868
    0.0038605685
    0.0049438660
    0.0038811678
    0.0046216438
    0.0036885460
    0.0051123463
    0.0054536369
    0.0053274595
    0.0050209984
    0.0043654601
    0.0046863342
    0.0032365346
    0.0017884682
    0.0027893019
    0.0046917570
    0.0052378867
    0.0037856172
    0.0050382646
    0.0046977909
    0.0055985031
    0.0041494151
    0.0050777588
    0.0041674428
    0.0025747371
    0.0036119278
    0.0038439361
    0.0054181723
    0.0050859593
    0.0048875118
    0.0040536961
    0.0049913145
    0.0050220952
    0.0036441833
    0.0035983670
    0.0041059892
    0.0039993735
    0.0043278901
    0.0109913411
    0.0096867324
    0.0051392969
    0.0080086112
    0.0038486361
    0.0061297727
    0.0044277108
    0.0040287216
    0.0052701942
    0.0049733605
    0.0089174081
    0.0065686827
    0.0061752011
    0.0067588638
    0.0096296117
    0.0056387255
   -0.0027977288
    0.0144009152
    0.0086554461
    0.0145944692
    0.0095352938
    0.0057512368
    0.0147349090
    0.0130254626
    0.0139922543
    0.0114696510
    0.0039326970
    0.0147704840
    0.0143942467
    0.0057612064
   -0.0014554343
    0.0109372128
    0.0079814716
    0.0143958944
    0.0105014787
    0.0126618433
    0.0111805612
    0.0044375250
    0.0056791965
    0.0132299374
    0.0147311648
    0.0130261594
    0.0120948063
    0.0145685563
    0.0120766625
    0.0148556915
    0.0141438170
    0.0042494043
    0.0056152134
    0.0144906650
    0.0079322462
    0.0101658583
    0.0130772074
    0.0142492425
   -0.0175889618
   -0.0266643605
   -0.0223457118
   -0.0269463316
   -0.0258295292
   -0.0258810569
   -0.0280117640
   -0.0243884429
   -0.0145592692
   -0.0185633721
   -0.0223181240
   -0.0285584914
   -0.0096838890
   -0.0276859368
   -0.0039785532
   -0.0278509890
   -0.0231139777
   -0.0237129221
   -0.0069575149
   -0.0211384079
   -0.0086591884
   -0.0182355139
   -0.0283083198
   -0.0140827077
   -0.0136297053
   -0.0212421649
   -0.0211122808
   -0.0227953613
   -0.0259559824
   -0.0094458787
   -0.0018310037
   -0.0144694882
   -0.0156697863
   -0.0264101594
   -0.0199788956
   -0.0280468442
   -0.0116880891
   -0.0210969296
   -0.0273874406
   -0.0255941292
   -0.0162961000
   -0.0265275665
   -0.0151788674
   -0.0241005463
   -0.0264328087
   -0.0264372893
   -0.0107876575
   -0.0295753250
   -0.0051740138
    0.0034883751
   -0.0020420737
   -0.0102556516
   -0.0074987711
   -0.0079962796
   -0.0036607779
    0.0110164778
    0.0019874061
   -0.0014522157
   -0.0056657824
   -0.0078534115
    0.0047233275
    0.0003784318
    0.0002281243
   -0.0057303855
    0.0088772359
   -0.0133588654
    0.0085371671
    0.0068391533
   -0.0019941322
   -0.0015263212
   -0.0029050536
   -0.0045353065
   -0.0212491363
   -0.0043930036
    0.0017704849
    0.0061334839
    0.0041485239
   -0.0016995475
    0.0034915731
    0.0011873120
   -0.0202909378
   -0.0107361880
    0.0010364658
    0.0013722733
   -0.0028094284
    0.0034035617
   -0.0003986336
    0.0104462077
    0.0125882011
    0.0122628840
    0.0004719463
   -0.0073403733
    0.0017167316
   -0.0173123869
   -0.0055367658
    0.0039594249
   -0.0138409640
    0.0070666007
   -0.0018838703
    0.0022767355
   -0.0022463929
    0.0006485859
   -0.0091934724
   -0.0190582798
   -0.0044061848
   -0.0012157145
    0.0001787460
   -0.0075816019
   -0.0003654828
    0.0035033898
   -0.0152295164
   -0.0021288524
    0.0046444300
   -0.0021356823
    0.0089360040
    0.0033858366
    0.0077231517
   -0.0157435980
    0.0024036796
    0.0084297948
    0.0092281481
    0.0054004965
    0.0019205496
   -0.0039054068
    0.0108721915
    0.0089280833
   -0.0044209011
   -0.0003371131
    0.0019643861
   -0.0153589224
    0.0024121961
   -0.0034833360
    0.0013120153
    0.0014757869
    0.0072332286
   -0.0047441572
    0.0100653359
    0.0018960711
   -0.0022212428
    0.0035373980
    0.0038143289
    0.0074665098
   -0.0086507760
   -0.0195232432
   -0.0134242927
   -0.0085346002
    0.0031954053
    0.0018357999
   -0.0098901994
    0.0132922637
    0.0082315456
    0.0027481661
   -0.0004822647
    0.0000560305
    0.0028149155
   -0.0030164288
    0.0030421767
    0.0025185513
    0.0030678306
    0.0027417719
    0.0024510877
    0.0065211137
   -0.0112429613
   -0.0054778888
    0.0092525228
   -0.0039304562
   -0.0181863557
   -0.0170871146
    0.0022463258
    0.0016424471
    0.0057983908
   -0.0081541357
   -0.0127908855
   -0.0190333538
   -0.0027542933
   -0.0053270939
    0.0001066029
   -0.0112969469
   -0.0071659720
   -0.0135677834
    0.0015950042
   -0.0125949807
   -0.0046777098
   -0.0119222943
    0.0034876548
   -0.0182521410
    0.0058605841
    0.0051405680
    0.0047440888
    0.0033304668
    0.0059121793
    0.0053167036
    0.0000517435
    0.0061670221
    0.0043766326
    0.0028966591
    0.0014269252
    0.0063547806
    0.0049835047
    0.0034511369
    0.0063662884
    0.0052300154
    0.0023264938
    0.0024755466
   -0.0056444910
   -0.0039605604
    0.0014256736
    0.0029699640
    0.0009510706
   -0.0030438102
   -0.0057020751
    0.0003270774
    0.0016502961
    0.0005131132
    0.0006072127
    0.0009787186
   -0.0049786184
    0.0004424893
   -0.0023263816
   -0.0029532478
    0.0024632760
    0.0009437131
   -0.0009633364
    0.0011938044
   -0.0010141566
    0.0020311075
   -0.0028122536
   -0.0023726406
   -0.0010965994
   -0.0018864984
    0.0016364052
    0.0015581137
    0.0021525869
   -0.0040526984
    0.0030233271
    0.0015855218
    0.0015318537
    0.0037287710
    0.0024285181
    0.0024916266
    0.0040651751
    0.0120029127
    0.0093388056
    0.0020456845
    0.0018272757
    0.0077923372
    0.0022957268
    0.0025927905
    0.0039019798
    0.0031623432
    0.0064434065
    0.0012152164
    0.0089657803
    0.0095836069
    0.0029309742
    0.0053486556
    0.0041511487
    0.0038346212
    0.0019400052
    0.0008734321
    0.0036327656
    0.0010674240
    0.0024984002
    0.0011289415
    0.0019386583
    0.0044152074
    0.0004412417
    0.0055846549
    0.0025364685
    0.0011939062
    0.0019369173
    0.0121138784
    0.0006821242
    0.0029718939
    0.0005406506
    0.0004358526
    0.0013594117
    0.0020925355
    0.0010210493
    0.0031219230
    0.0031442335
    0.0014113312
    0.0030094118
    0.0034389528
    0.0019483916
    0.0026227741
    0.0031288977
    0.0037468310
    0.0017124409
    0.0010847091
    0.0040142780
    0.0039591957
    0.0019380110
    0.0016761505
    0.0037939433
    0.0033802658
    0.0008644669
    0.0018292768
    0.0003835301
    0.0023727931
    0.0005513177
    0.0015321081
    0.0014193801
    0.0015099849
    0.0016063391
    0.0040033784
    0.0018233682
    0.0009930267
    0.0026762340
    0.0037090266
   -0.0045898391
   -0.0008490716
   -0.0000323324
    0.0011732995
    0.0014828738
   -0.0016603977
    0.0022464688
    0.0031843992
   -0.0033803720
    0.0022311894
   -0.0009357816
   -0.0075986270
   -0.0058828635
   -0.0017253960
   -0.0045388870
    0.0008040464
    0.0025041321
    0.0002649162
   -0.0004252929
   -0.0061080541
    0.0029483199
    0.0024427526
    0.0015591863
    0.0028448401
    0.0023069394
    0.0050731523
    0.0050811552
    0.0069194332
    0.0033152045
    0.0066757223
    0.0034302892
    0.0047939483
    0.0040383523
    0.0024826333
    0.0056633276
    0.0061070889
    0.0026905205
    0.0034730645
    0.0040172043
   -0.0003287954
    0.0072919729
    0.0012827221
    0.0001900595
    0.0049535087
    0.0054415789
    0.0047664502
    0.0061078302
    0.0033029623
    0.0035234791
    0.0025472508
    0.0023017148
    0.0031093862
    0.0039672496
    0.0029571797
    0.0016015919
    0.0019985144
    0.0041854978
    0.0035944871
    0.0034014843
    0.0005311051
    0.0013906784
    0.0132192246
    0.0035650389
    0.0036673173
    0.0005949760
    0.0025825077
    0.0011839409
    0.0012563252
    0.0038949839
    0.0014185055
    0.0039270026
    0.0006734180
    0.0030702043
    0.0011868001
    0.0026003707
    0.0012084679
    0.0091305935
    0.0071077011
    0.0114950904
    0.0005058607
    0.0064058344
    0.0007785095
    0.0039393901
    0.0028053126
    0.0008320630
    0.0081202028
    0.0006709937
    0.0022318865
    0.0023266489
    0.0036447242
    0.0036104391
    0.0005579570
    0.0016943175
    0.0018089117
    0.0011042519
    0.0102866826
    0.0102656024
    0.0015537934
    0.0031247910
    0.0017179816
    0.0111260671
    0.0083748772
    0.0023703903
    0.0024869678
    0.0006589272
    0.0023989924
    0.0040010337
    0.0008350917
    0.0011681636
    0.0037032753
    0.0022248057
    0.0037887591
    0.0020996475
    0.0092720149
    0.0006696353
    0.0128609123
    0.0103352358
    0.0036269894
    0.0009244092
    0.0021515590
    0.0038004515
    0.0056008679
    0.0037611053
    0.0076804492
    0.0070348770
    0.0038158541
    0.0068619451
    0.0048933976
    0.0079425581
    0.0074833846
    0.0073908944
    0.0077870599
    0.0074506149
    0.0059575705
    0.0049645406
    0.0068603815
    0.0034414594
    0.0081635768
    0.0049309072
    0.0052127735
    0.0072277890
    0.0063063502
    0.0060893030
    0.0030577188
    0.0026922459
    0.0040226612
    0.0038732072
    0.0042917363
    0.0042419832
    0.0040268409
    0.0036179849
    0.0043565022
    0.0036089099
    0.0040009589
    0.0032499350
    0.0031015636
    0.0041514833
    0.0029060397
    0.0031345059
    0.0044187946
    0.0034361680
    0.0039006436
    0.0028251501
    0.0040234727
    0.0032596463
    0.0031706529
    0.0033277354
    0.0042341054
    0.0038178004
    0.0038578605
    0.0036756438
    0.0043305087
    0.0033334648
    0.0041058242
    0.0042504342
    0.0038542722
    0.0037206823
    0.0023282366
    0.0042736894
    0.0038351313
    0.0034490225
    0.0037027346
    0.0042199098
    0.0036378412
    0.0033061849
    0.0038644951
    0.0042300926
    0.0040092639
    0.0041184222
    0.0030783964
    0.0036001875
    0.0039978001
    0.0040553913
    0.0042141271
    0.0051793049
    0.0056362652
    0.0085729394
    0.0072713696
    0.0081566854
    0.0046896510
    0.0031652855
    0.0070937928
    0.0075812227
    0.0032699556
    0.0064522526
    0.0083712304
    0.0073106193
    0.0049708401
    0.0075008856
    0.0043536954
    0.0053675759
    0.0069816962
    0.0056465080
    0.0036533048
    0.0012403837
    0.0107764881
    0.0083243134
    0.0056185057
    0.0086415619
    0.0108212217
    0.0112207845
    0.0036394549
    0.0037264690
    0.0054637862
    0.0114365633
    0.0056188985
    0.0105550246
    0.0100050404
    0.0103218931
    0.0117798246
    0.0020622426
    0.0082442157
    0.0005990838
    0.0096868907
   -0.0007413869
    0.0019102712
    0.0123873289
    0.0053287823
   -0.0178890097
   -0.0177334253
   -0.0209285793
   -0.0220544031
   -0.0035655427
   -0.0193960039
   -0.0216280354
   -0.0211543516
    0.0035184639
   -0.0056941622
   -0.0159595706
   -0.0198375732
   -0.0166493699
   -0.0053554500
   -0.0215659020
   -0.0146386025
   -0.0017209924
   -0.0136624492
   -0.0211305811
   -0.0098770297
   -0.0066575789
   -0.0134233775
   -0.0232026808
   -0.0015900735
   -0.0166744198
   -0.0041314597
   -0.0225632220
   -0.0227142275
   -0.0008976166
   -0.0184283655
   -0.0124080779
   -0.0153139993
   -0.0055969495
   -0.0231046088
   -0.0064110411
   -0.0231196774
   -0.0207356521
   -0.0218058518
   -0.0211337420
   -0.0179379930
   -0.0189356260
   -0.0066585668
   -0.0068117068
    0.0030506013
   -0.0091692060
   -0.0211486488
   -0.0083015144
   -0.0169295174
    0.0012019928
    0.0016752353
   -0.0028889420
   -0.0088523197
   -0.0002429818
    0.0014388245
   -0.0117353677
    0.0023763991
   -0.0147892560
   -0.0003518960
    0.0082619447
    0.0060622152
    0.0053915096
   -0.0059491728
    0.0072666119
   -0.0121648211
    0.0018170295
   -0.0008290629
   -0.0004565378
   -0.0058033223
    0.0062485606
    0.0008230648
    0.0075717241
    0.0005951632
   -0.0039524661
    0.0049045485
   -0.0110054934
   -0.0003377484
    0.0114499705
   -0.0096655589
   -0.0169034039
   -0.0048958377
   -0.0088832837
    0.0010141231
   -0.0031433106
    0.0021998013
   -0.0015418588
    0.0022910629
    0.0043749229
   -0.0150717568
    0.0001423117
    0.0035943189
    0.0087485841
   -0.0089974452
    0.0024837097
    0.0003191026
    0.0019233855
    0.0058984375
   -0.0104461897
    0.0006768257
    0.0066199970
   -0.0100697762
   -0.0006419293
   -0.0024706672
    0.0098439707
   -0.0005821068
   -0.0083559328
    0.0017620567
    0.0041562111
   -0.0137446188
    0.0012001406
    0.0039028246
   -0.0089189583
   -0.0094500355
   -0.0159504989
   -0.0015586724
    0.0024933343
   -0.0001980266
   -0.0054607828
   -0.0039436981
   -0.0015187824
    0.0033021193
    0.0048958417
   -0.0105617746
    0.0055787406
   -0.0058219590
   -0.0036323369
    0.0020486588
   -0.0013348528
    0.0034712388
   -0.0008797584
   -0.0089122123
    0.0010233453
   -0.0029538763
    0.0100377715
   -0.0031164126
   -0.0118079773
    0.0089158443
   -0.0191014170
    0.0025267462
   -0.0083990068
   -0.0036680438
   -0.0011779238
    0.0065421882
    0.0026615379
   -0.0166391560
    0.0034676276
   -0.0092735282
    0.0032157225
    0.0015007967
    0.0083122355
    0.0090944768
    0.0016162147
    0.0031174512
    0.0107158218
   -0.0045930789
    0.0035361100
   -0.0049785925
   -0.0008304645
    0.0036073430
    0.0058501064
    0.0023747220
    0.0024601712
   -0.0010656878
    0.0013611391
    0.0023038678
   -0.0002916369
   -0.0016461121
   -0.0096242627
   -0.0005077573
    0.0059153816
   -0.0141059113
   -0.0003241510
   -0.0050831394
   -0.0016677508
    0.0028111332
    0.0037737693
    0.0055640468
   -0.0051712640
   -0.0078540981
   -0.0098640150
   -0.0034533480
    0.0010255419
   -0.0014437828
   -0.0038523840
   -0.0151207418
   -0.0097733425
   -0.0098644248
    0.0026006111
   -0.0172142167
   -0.0060773108
   -0.0032205287
   -0.0081898719
   -0.0110033746
    0.0026612140
    0.0012638145
    0.0058733450
    0.0078690494
    0.0018568873
   -0.0116424372
    0.0040016334
    0.0001120111
    0.0011998247
   -0.0036171009
    0.0012612551
   -0.0115936046
   -0.0192056347
    0.0111780935
   -0.0114795141
   -0.0088746305
   -0.0034901122
   -0.0157440840
    0.0074587738
    0.0017654098
    0.0057361708
   -0.0051535313
   -0.0003629602
    0.0023003146
    0.0024297913
    0.0017685413
    0.0091007702
   -0.0023114288
    0.0050913745
    0.0005868112
   -0.0101510628
    0.0021752925
   -0.0015400395
   -0.0087576220
   -0.0019689549
   -0.0051777055
    0.0071562290
    0.0015877545
    0.0022285792
    0.0053222401
    0.0007257454
    0.0016536012
   -0.0079202638
    0.0071228420
    0.0034751577
    0.0027831352
    0.0018597860
   -0.0114806729
   -0.0066559472
    0.0015613391
   -0.0020666410
    0.0008652908
    0.0033441581
    0.0016977493
    0.0037353069
    0.0028235423
    0.0034831261
    0.0025220362
    0.0022225564
    0.0021996906
   -0.0004584915
   -0.0037251150
   -0.0023290278
    0.0001094649
   -0.0030797250
   -0.0010116766
    0.0015097894
   -0.0009033706
   -0.0011947326
    0.0001175922
    0.0004764506
    0.0008033428
   -0.0039154881
    0.0011517449
   -0.0004813999
    0.0003194266
    0.0025926079
    0.0090495520
    0.0010950863
    0.0017719932
    0.0028942542
    0.0011817651
    0.0010614180
    0.0082602890
    0.0021486595
    0.0030310181
    0.0017601867
    0.0073030480
    0.0010498517
    0.0081042694
    0.0014284173
    0.0029335291
    0.0012157980
    0.0016957211
    0.0025724219
    0.0024083560
    0.0017939808
    0.0009302322
    0.0016148476
    0.0018716555
    0.0011469770
    0.0034090970
    0.0014393344
    0.0100246002
    0.0040459920
    0.0016635572
    0.0053522475
    0.0011062525
    0.0016764024
    0.0018338686
    0.0061532571
    0.0020233800
    0.0033222489
    0.0023809212
    0.0018691407
    0.0023124217
    0.0036156187
    0.0071680976
    0.0019992443
    0.0008732201
    0.0015018071
    0.0014375917
    0.0010555747
    0.0031214872
    0.0014690939
    0.0017924132
    0.0029653311
    0.0048834075
    0.0024273987
    0.0017077627
    0.0022263093
    0.0061268617
    0.0015967874
    0.0029028709
    0.0094450788
    0.0048367306
    0.0034343635
    0.0012853715
    0.0105867132
    0.0024718395
    0.0028225945
    0.0018591764
    0.0008385371
    0.0034326083
    0.0061939792
    0.0029037413
    0.0021132422
    0.0075954431
    0.0016535947
    0.0015493121
    0.0036813056
    0.0029055044
    0.0068041330
    0.0045099167
    0.0020102894
    0.0069128342
    0.0015048034
    0.0040922140
    0.0016767077
    0.0025976148
    0.0011737417
    0.0022045420
    0.0011112393
    0.0035110984
    0.0010655344
    0.0029072103
    0.0084367815
    0.0023482108
    0.0030291933
    0.0037817008
    0.0012366023
    0.0021816291
    0.0027477509
    0.0035880209
    0.0017932530
    0.0027082899
    0.0017909433
    0.0032016611
    0.0017844811
    0.0017022692
    0.0028736506
    0.0031703852
   -0.0017862768
    0.0007947224
   -0.0016497354
    0.0010337747
   -0.0001029674
    0.0039988263
    0.0035122451
    0.0024590261
    0.0017380830
    0.0044032452
    0.0039969533
    0.0035936088
    0.0039538871
    0.0018600053
    0.0047703457
    0.0011055642
    0.0033802057
    0.0030849967
    0.0058970104
    0.0032720401
    0.0013931408
    0.0046159800
    0.0016286234
    0.0020931684
    0.0011768785
    0.0032854740
    0.0010228305
    0.0017921671
    0.0025145055
    0.0050392219
    0.0009872986
    0.0036247157
    0.0031085067
    0.0058553283
    0.0078650521
    0.0018419246
    0.0023946862
    0.0013005329
    0.0019037186
    0.0015770893
    0.0082148729
    0.0009557488
    0.0013468473
    0.0030490889
    0.0041920543
    0.0027747168
    0.0014221623
    0.0024735743
    0.0034239482
    0.0011569104
    0.0039771141
    0.0012021372
    0.0029505868
    0.0030926412
    0.0070572531
    0.0018105547
    0.0032214640
    0.0039225785
    0.0062898544
    0.0013658099
    0.0034044718
    0.0057797111
    0.0034070866
    0.0010765969
    0.0009609811
    0.0017330200
    0.0015498816
    0.0070848798
    0.0025829439
    0.0086621101
    0.0015775251
    0.0065439476
    0.0011651476
    0.0007421849
    0.0019852592
    0.0008232254
    0.0016503208
    0.0011884757
    0.0045349839
    0.0012465701
    0.0030586110
    0.0013215639
    0.0035701814
    0.0035783500
    0.0028580733
    0.0032418613
    0.0024024688
    0.0010178609
    0.0031203328
    0.0029500833
    0.0074139422
    0.0010821651
    0.0073038643
    0.0055434392
    0.0016612400
    0.0020615109
    0.0017607169
    0.0030938022
    0.0067444738
    0.0028147544
    0.0016158971
    0.0032985776
    0.0007731955
    0.0045144116
    0.0048967622
    0.0057553408
    0.0047060141
    0.0041151378
    0.0036242441
    0.0044951067
    0.0044614962
    0.0057422363
    0.0047477372
    0.0036429190
    0.0032737614
    0.0035784992
    0.0035932683
    0.0034415006
    0.0035625910
    0.0031975263
    0.0034408225
    0.0036558010
    0.0036182566
    0.0034424780
    0.0035946662
    0.0036076878
    0.0036552662
    0.0029053604
    0.0031296150
    0.0033578375
    0.0029899970
    0.0030787785
    0.0034028420
    0.0031022140
    0.0031528128
    0.0058560152
    0.0057486210
    0.0041677126
    0.0044479763
    0.0060497099
    0.0056132427
    0.0045555696
    0.0041717876
    0.0107884400
    0.0049130949
    0.0048927514
    0.0103163815
    0.0094483433
    0.0032267733
    0.0036650563
    0.0062559589
    0.0057825838
    0.0089844921
    0.0019905116
    0.0045491271
    0.0103948516
    0.0095263710
    0.0046897235
    0.0021388252
    0.0105909891
    0.0094629419
   -0.0110700341
   -0.0143737037
   -0.0145130389
   -0.0142904625
   -0.0068486989
   -0.0178767615
   -0.0131848701
   -0.0036733557
   -0.0130919298
   -0.0178232559
   -0.0107694172
   -0.0150130571
   -0.0050225978
   -0.0186892350
   -0.0174497697
   -0.0023635178
   -0.0041163583
   -0.0137382462
   -0.0183787481
   -0.0077108355
   -0.0122738609
   -0.0186501081
   -0.0165888569
   -0.0144556393
   -0.0152576942
   -0.0174501702
   -0.0168833613
   -0.0156699658
    0.0020552788
   -0.0053278051
   -0.0026625576
   -0.0133278538
   -0.0070167723
   -0.0103581015
   -0.0059786352
   -0.0118543364
   -0.0027519206
   -0.0176108253
   -0.0182884419
   -0.0150389021
   -0.0030877465
   -0.0097860112
   -0.0095540301
   -0.0147943378
   -0.0111960522
   -0.0151874330
   -0.0004405844
   -0.0158082886
   -0.0044019896
   -0.0184839454
   -0.0012763358
    0.0000193749
    0.0038559206
   -0.0118834201
    0.0052522360
    0.0047355303
   -0.0102969219
    0.0024156917
   -0.0002312025
   -0.0024812336
   -0.0101402260
   -0.0000760022
   -0.0079773126
    0.0019045707
   -0.0021093343
   -0.0076784653
   -0.0051634935
   -0.0096861865
    0.0015228809
    0.0013964843
    0.0002485629
   -0.0014431726
    0.0016565002
    0.0015122261
    0.0043374549
   -0.0011611114
    0.0017740543
   -0.0053763165
    0.0021452563
    0.0021411559
    0.0015121320
    0.0042964948
   -0.0022214638
    0.0079477152
   -0.0016611620
   -0.0064464696
    0.0043555375
    0.0019872930
    0.0043837938
   -0.0090783297
   -0.0089078347
   -0.0015072493
   -0.0015615572
    0.0039822120
   -0.0025919129
    0.0017864513
   -0.0066084568
   -0.0063080362
   -0.0017676217
   -0.0027769427
   -0.0001743061
    0.0013061512
    0.0012030032
   -0.0001444807
   -0.0077653399
   -0.0019908230
    0.0049911652
    0.0059244632
    0.0014366220
    0.0018417192
   -0.0001866424
   -0.0004499267
    0.0087703786
    0.0054203304
    0.0006674674
   -0.0027351975
   -0.0064060293
   -0.0061426333
    0.0040007024
    0.0004725436
    0.0016103846
    0.0063830230
    0.0011265978
    0.0019021970
    0.0008470619
   -0.0017957377
   -0.0034589832
    0.0102107479
    0.0027861938
   -0.0072740561
   -0.0003498734
    0.0014347105
   -0.0000365535
    0.0009993653
   -0.0111026898
   -0.0057923642
    0.0081533341
    0.0022217014
   -0.0148263819
   -0.0011124907
    0.0022266606
   -0.0011563417
    0.0001804305
    0.0042418091
    0.0011542693
    0.0004617336
   -0.0011241756
   -0.0130356588
    0.0011783410
    0.0023151341
   -0.0112442215
    0.0011642880
   -0.0111027849
   -0.0010011706
    0.0046015607
    0.0002704350
   -0.0062258426
   -0.0138788736
   -0.0022102774
   -0.0092332443
   -0.0092947940
    0.0017495153
   -0.0006492415
   -0.0019434718
    0.0015210860
   -0.0031302080
   -0.0073005013
   -0.0001876495
    0.0039841951
    0.0048372924
   -0.0039119713
   -0.0065796424
    0.0013392606
    0.0006307348
   -0.0034863192
    0.0027498645
    0.0071044523
    0.0004850981
    0.0017980783
    0.0017429506
   -0.0019412169
   -0.0046114988
    0.0032812295
   -0.0091154407
    0.0022550096
   -0.0139167521
    0.0019951287
   -0.0091717428
    0.0043878167
   -0.0037227931
   -0.0035791558
    0.0040139768
   -0.0004582430
    0.0002953001
    0.0025364306
    0.0036492305
   -0.0036786413
   -0.0056699654
   -0.0110995195
    0.0017172647
   -0.0045718281
   -0.0056272225
    0.0015476513
   -0.0053793174
   -0.0002162774
   -0.0081805309
    0.0020967349
    0.0004319207
   -0.0005909437
    0.0061428719
   -0.0095470691
    0.0066909381
   -0.0030371812
   -0.0024567462
   -0.0023982658
    0.0024005882
   -0.0086201763
   -0.0063535285
    0.0009172172
   -0.0035876217
    0.0102010007
   -0.0017471947
    0.0009533587
    0.0012958172
    0.0049100851
   -0.0011234304
    0.0042286689
   -0.0002211173
   -0.0065820689
   -0.0069694829
    0.0056273343
    0.0000650285
    0.0023784539
   -0.0073351061
    0.0061938154
    0.0002609596
   -0.0088213479
    0.0003452194
    0.0030485380
   -0.0121643366
   -0.0045508831
   -0.0000398040
   -0.0006959503
    0.0009945798
   -0.0019877207
    0.0017546221
   -0.0019089810
    0.0012553288
   -0.0061811995
    0.0006234635
   -0.0024119640
   -0.0158655861
    0.0017871874
    0.0038240834
   -0.0016023158
   -0.0029679400
   -0.0003852884
   -0.0016672527
    0.0015270780
    0.0088377248
   -0.0002409451
   -0.0013355261
   -0.0025913809
    0.0036326341
   -0.0000357681
   -0.0046986861
   -0.0124851292
    0.0016798723
    0.0038452567
   -0.0111623721
   -0.0023532490
   -0.0022017857
   -0.0011247654
   -0.0019466610
    0.0009624669
    0.0049919216
   -0.0011868344
    0.0020425873
   -0.0014276974
   -0.0071606829
    0.0090434167
    0.0025480198
   -0.0076565157
   -0.0008008236
   -0.0156753050
    0.0043035747
    0.0002891841
    0.0072969562
    0.0077778364
    0.0047164554
    0.0033173856
    0.0016205055
    0.0006203702
   -0.0022633340
    0.0033586351
   -0.0013818722
   -0.0040016399
    0.0013384717
    0.0017418472
    0.0017644345
    0.0016669778
    0.0017247116
    0.0046619326
    0.0014376279
    0.0029185166
    0.0049137035
   -0.0121708981
   -0.0018766882
   -0.0005603950
    0.0060027807
   -0.0043382826
   -0.0048594403
   -0.0116299548
    0.0015846801
   -0.0070934711
   -0.0042765285
    0.0010820295
   -0.0090645068
   -0.0011951065
   -0.0142413202
   -0.0014713879
   -0.0082905873
   -0.0014825294
    0.0003321969
   -0.0024118533
   -0.0143960980
    0.0030314719
   -0.0104066831
    0.0016564199
    0.0010080777
    0.0011073527
   -0.0003921043
    0.0004687691
    0.0045658702
    0.0016017803
   -0.0005828588
   -0.0037174783
    0.0024671507
    0.0041365360
    0.0006326986
    0.0018245711
    0.0013147618
    0.0029329711
    0.0010789573
    0.0018538065
   -0.0024165054
   -0.0126420097
    0.0001380760
    0.0010899535
   -0.0008081776
   -0.0083197774
    0.0056622795
   -0.0078037755
    0.0009688175
    0.0007621596
    0.0015176099
    0.0038696647
   -0.0103886520
   -0.0029855523
    0.0023368410
   -0.0024546299
    0.0001442227
    0.0019081637
    0.0053609313
   -0.0132969039
   -0.0107133324
    0.0006374370
    0.0003978770
   -0.0077769143
   -0.0020330892
   -0.0133616100
    0.0044422821
    0.0007333906
   -0.0004352708
    0.0055171305
    0.0015713960
    0.0018128321
   -0.0135322617
   -0.0090256767
    0.0009898026
    0.0013950655
   -0.0128626794
    0.0000918663
   -0.0024810953
   -0.0023994781
    0.0053372007
    0.0010754882
    0.0011047545
    0.0066960643
    0.0024043286
    0.0033103077
    0.0010058326
    0.0018552088
    0.0044083264
    0.0025793932
    0.0009200468
    0.0020391324
    0.0016454032
    0.0020407516
    0.0028601183
    0.0022878896
    0.0011420062
    0.0045560440
    0.0048614280
    0.0042516535
    0.0023631410
    0.0027711488
    0.0011204054
    0.0039500041
    0.0012719677
    0.0025555589
    0.0035820886
    0.0027769202
    0.0015607172
    0.0019073987
    0.0058092989
    0.0024878044
    0.0028036961
    0.0015769978
    0.0013612712
    0.0028163115
    0.0014959819
    0.0044903323
    0.0012224471
    0.0012767068
    0.0017263949
    0.0019026442
    0.0034979706
    0.0023900613
    0.0031939613
    0.0013202992
    0.0024882292
    0.0019271913
    0.0015646035
    0.0040782822
    0.0023529450
    0.0011182629
    0.0024565342
    0.0014189153
    0.0019524599
    0.0099169320
    0.0075443449
    0.0020833963
    0.0016418224
    0.0062263224
    0.0014330354
    0.0024316981
    0.0014239572
    0.0034125840
    0.0020416428
    0.0029128188
    0.0009581070
    0.0030470445
    0.0028584625
    0.0059843712
    0.0009851159
    0.0050281827
    0.0068386135
    0.0028563457
    0.0025253785
    0.0062631588
    0.0056667993
    0.0012190530
    0.0048162164
    0.0025421307
    0.0024881585
    0.0015236007
    0.0013579200
    0.0075698116
    0.0023093748
    0.0045814557
    0.0071102307
    0.0015428845
    0.0029431651
    0.0022113488
    0.0010514035
    0.0021349530
    0.0015210118
    0.0021538191
    0.0036733463
    0.0013542076
    0.0020529760
    0.0025195759
    0.0023842210
    0.0069327123
    0.0013308896
    0.0027310204
    0.0013454382
    0.0016868522
    0.0027294930
    0.0012503948
    0.0017429444
    0.0015394710
    0.0015710066
    0.0042812565
    0.0046028616
    0.0029658318
    0.0029064771
    0.0010832655
    0.0027933722
    0.0020013975
    0.0028957263
    0.0023795766
    0.0014191746
    0.0010693250
    0.0034751601
    0.0017894840
    0.0019933462
    0.0017151520
    0.0016765748
    0.0014711813
    0.0027618108
    0.0037051402
    0.0027265174
    0.0014328280
    0.0020569714
    0.0048207968
    0.0013746202
    0.0011283959
    0.0021636295
    0.0053872286
    0.0048276835
    0.0017117526
    0.0068551203
    0.0025816049
    0.0036565922
    0.0022716941
    0.0012427164
    0.0028199089
    0.0050875136
    0.0036070721
    0.0096033011
    0.0021314199
    0.0044163560
    0.0023303803
    0.0035372577
    0.0013484429
    0.0022996786
    0.0013373597
    0.0012865440
    0.0017007120
    0.0025757118
    0.0014476074
    0.0040146978
    0.0021360141
    0.0024579876
    0.0021169130
    0.0026238018
    0.0028785759
    0.0015882324
    0.0029710490
    0.0048172140
    0.0084602585
    0.0018583712
    0.0014451712
    0.0012796756
    0.0029614344
    0.0014464150
    0.0067261195
    0.0040840390
    0.0015762233
    0.0044636220
    0.0025343169
    0.0024258952
    0.0056104669
    0.0016954389
    0.0064137126
    0.0031524127
    0.0029494632
    0.0042490918
    0.0018820337
    0.0028743828
    0.0018093120
    0.0010407198
    0.0045902295
    0.0011393341
    0.0053076399
    0.0025013421
    0.0019474839
    0.0024602332
    0.0010899834
    0.0021527640
    0.0038910887
    0.0054001340
    0.0023092845
    0.0009786111
    0.0064209329
    0.0025954159
    0.0010742164
    0.0010385303
    0.0085445570
    0.0016396618
    0.0085661247
    0.0034255801
    0.0017611158
    0.0036062530
    0.0028828687
    0.0055254482
    0.0012784289
    0.0044219323
    0.0015568787
    0.0013722915
    0.0030874522
    0.0016819854
    0.0057626559
    0.0028632826
    0.0024993064
    0.0015002815
    0.0029032722
    0.0026320046
    0.0022253153
    0.0025210650
    0.0019983614
    0.0014146228
    0.0010212771
    0.0053355433
    0.0029135137
    0.0028793684
    0.0016017253
    0.0022438488
    0.0022947586
    0.0010447146
    0.0039086488
    0.0053737960
    0.0030296390
    0.0010398777
    0.0026819181
    0.0039798473
    0.0048904927
    0.0011650934
    0.0021297905
    0.0023450057
    0.0028335698
    0.0015397264
    0.0023401457
    0.0020081987
    0.0022925276
    0.0068075979
    0.0022402636
    0.0027629647
    0.0024588351
    0.0019433865
    0.0022571943
    0.0011601402
    0.0013072763
    0.0028655956
    0.0026812755
    0.0048173745
    0.0057525379
    0.0031688784
    0.0028729821
    0.0043441719
    0.0015539918
    0.0019818223
    0.0025287703
    0.0011149520
    0.0013339428
    0.0009643786
    0.0020556837
    0.0025227196
    0.0015845253
    0.0028134929
    0.0009586500
    0.0010914239
    0.0075430926
    0.0026043267
    0.0014270868
    0.0029015057
    0.0017014247
    0.0031031529
    0.0038536685
    0.0064530619
    0.0026208908
    0.0075428533
    0.0016834539
    0.0025764605
    0.0029706986
    0.0019522137
    0.0018936791
    0.0016000373
    0.0033826262
    0.0022390416
    0.0072856763
    0.0025399262
    0.0054881017
    0.0088071097
    0.0066737818
    0.0032776547
    0.0020483545
    0.0046631990
    0.0012719320
    0.0024125260
    0.0028637315
    0.0027788903
    0.0029709837
    0.0018942534
    0.0029263375
    0.0021366423
    0.0027292480
    0.0035101278
    0.0015399678
    0.0041562414
    0.0037173781
    0.0031996093
    0.0024891558
    0.0079229918
    0.0077936656
    0.0024944242
    0.0070375878
    0.0063813787
    0.0042606749
