    0.0177431447
    0.0146947582
    0.0169571481
    0.0154235574
    0.0195335095
    0.0143864931
    0.0160784990
    0.0193968839
    0.0174566938
    0.0184316758
    0.0178977349
    0.0132975997
    0.0138674836
    0.0169311261
    0.0172042626
    0.0184693168
    0.0166268992
    0.0181746047
    0.0157342017
    0.0188948649
    0.0147138559
    0.0149639579
   -0.0125030631
    0.0149711767
    0.0077456859
    0.0087140402
   -0.0053079391
    0.0101289206
   -0.0024049044
    0.0102790599
    0.0102879225
    0.0065748983
   -0.0074033386
    0.0149099330
   -0.0076981695
   -0.0107830268
   -0.0005173170
   -0.0113591487
    0.0092078924
   -0.0026119444
    0.0078071953
   -0.0192380112
   -0.0121592800
   -0.0033695434
    0.0003484278
    0.0078817377
   -0.0185162514
   -0.0102551030
   -0.0042863457
   -0.0070656373
    0.0055815634
   -0.0147203125
    0.0152091677
   -0.0170820293
    0.0029328372
   -0.0031867001
   -0.0098163105
    0.0065935794
    0.0171252024
   -0.0071709212
   -0.0013699024
   -0.0097293870
   -0.0006085106
    0.0039211588
    0.0147635774
   -0.0073653138
    0.0086694960
    0.0017431661
   -0.0105755316
   -0.0102905933
   -0.0187029865
   -0.0000759371
    0.0156510468
   -0.0049297174
    0.0032078431
    0.0024413452
    0.0128304507
    0.0067139720
    0.0014805240
    0.0171538941
    0.0042070480
   -0.0019733032
   -0.0100343595
   -0.0003626149
    0.0061263279
    0.0089055710
   -0.0142180519
   -0.0089683653
   -0.0162422457
   -0.0128183286
   -0.0064957855
   -0.0124500596
   -0.0069695578
    0.0007241220
   -0.0140813834
    0.0094604790
    0.0003824384
   -0.0107291957
   -0.0140901007
   -0.0079405072
   -0.0171665078
   -0.0137462362
   -0.0174422207
    0.0086188946
   -0.0019203937
   -0.0160158684
   -0.0063438817
    0.0060037148
    0.0030386340
   -0.0106090144
   -0.0076876609
   -0.0158207318
   -0.0032096249
    0.0099325696
   -0.0085948701
   -0.0098137001
    0.0121073725
   -0.0121134347
   -0.0014286210
    0.0071465986
   -0.0076199536
   -0.0082971225
   -0.0159271099
   -0.0104359073
   -0.0059795372
   -0.0179360277
   -0.0123770371
    0.0066368448
   -0.0066613083
    0.0029685896
   -0.0065239259
   -0.0175216800
   -0.0123924300
   -0.0072062586
   -0.0188751393
   -0.0172734948
   -0.0103282462
    0.0072419063
   -0.0110771722
    0.0044637054
    0.0162786119
    0.0025979974
   -0.0060849871
   -0.0076247988
    0.0120863972
   -0.0150283577
   -0.0036812354
   -0.0139724700
    0.0047037469
   -0.0133196614
    0.0055306933
   -0.0101526159
   -0.0070933652
    0.0080898491
    0.0074263139
   -0.0147863178
   -0.0159089962
    0.0036756547
   -0.0021664075
    0.0011913414
   -0.0166377108
    0.0015527536
    0.0161813347
   -0.0111836557
   -0.0190922944
   -0.0010102707
   -0.0021264378
    0.0013242813
    0.0070695995
   -0.0074134923
   -0.0050705176
    0.0101069240
    0.0133115429
   -0.0067407625
   -0.0050740685
   -0.0103457563
   -0.0165500566
   -0.0090577073
   -0.0128995043
    0.0098238843
    0.0162798278
    0.0158708412
    0.0174918507
    0.0166723619
    0.0137662719
    0.0138599542
    0.0139909441
    0.0159611431
    0.0150372052
    0.0173746545
    0.0128077802
    0.0134385285
    0.0074301523
    0.0129528683
    0.0162781122
    0.0179504365
    0.0078361772
   -0.0145498771
   -0.0084493817
   -0.0150003652
   -0.0125065690
   -0.0144678852
   -0.0186417963
   -0.0172984836
   -0.0184792497
   -0.0098553655
   -0.0043253871
   -0.0174867230
   -0.0125061429
   -0.0046481165
   -0.0159816618
   -0.0146329016
   -0.0184735883
   -0.0171703323
   -0.0075933918
   -0.0154950403
   -0.0176940816
   -0.0180821278
   -0.0145386780
   -0.0163963103
   -0.0183904719
   -0.0120407230
   -0.0118821779
   -0.0061752244
   -0.0151675226
   -0.0118215109
    0.0154040864
    0.0166218651
    0.0132351426
    0.0166137777
    0.0149706055
    0.0155327981
    0.0076550098
    0.0170293343
    0.0158076627
    0.0139811300
    0.0147087980
    0.0095147608
    0.0149327142
    0.0132122250
    0.0073707310
    0.0155309525
    0.0152814015
    0.0146962456
    0.0171082498
    0.0109011676
    0.0143745508
    0.0136760788
    0.0160862900
    0.0067330391
   -0.0172481061
   -0.0208160652
   -0.0073319999
   -0.0181496146
   -0.0166903454
   -0.0088624291
   -0.0103304383
   -0.0178580669
   -0.0132379772
   -0.0059395070
   -0.0159291840
   -0.0138724475
   -0.0131736503
   -0.0128489303
   -0.0144021408
   -0.0129983190
   -0.0120829619
   -0.0151561285
   -0.0171569787
   -0.0080039979
   -0.0121823299
   -0.0170805120
   -0.0221749189
   -0.0190873135
   -0.0242702485
   -0.0257203813
   -0.0462004642
   -0.0333343481
   -0.0289354825
   -0.0282999332
   -0.0290375441
   -0.0476813581
   -0.0344905512
   -0.0225661345
   -0.0364370028
   -0.0443203367
   -0.0242310152
   -0.0482699106
   -0.0240727341
   -0.0380626655
   -0.0425237097
   -0.0369974337
   -0.0368189292
   -0.0364147484
    0.0010829600
    0.0022803519
    0.0010504602
    0.0017870970
    0.0019347042
    0.0059295254
   -0.0048682828
    0.0022703456
   -0.0009102034
    0.0014270273
    0.0032878141
   -0.0005321010
    0.0004593586
    0.0001026138
   -0.0000126094
   -0.0070336685
    0.0017034209
   -0.0015680079
    0.0011830981
   -0.0238109361
   -0.0029948389
    0.0032673021
    0.0007060780
    0.0010183568
    0.0019848416
   -0.0002813996
    0.0038129429
   -0.0003393055
    0.0014784100
    0.0016591617
   -0.0255795000
   -0.0005821138
    0.0003520641
   -0.0031071095
    0.0008939598
    0.0012488543
   -0.0008713275
   -0.0030794434
   -0.0380205643
    0.0003672410
   -0.0008916420
    0.0014029936
    0.0003137255
    0.0012570758
   -0.0019901674
   -0.0356354716
   -0.0005202588
   -0.0037376661
    0.0022298810
    0.0021423982
    0.0005551170
   -0.0014348119
    0.0007143870
    0.0013742021
    0.0003480139
    0.0010576061
    0.0008490585
   -0.0026545479
   -0.0010785357
   -0.0249159080
    0.0007294421
    0.0010549583
    0.0003862501
   -0.0308423401
    0.0002678460
    0.0011981798
   -0.0002958085
    0.0023552962
   -0.0010009851
   -0.0189870067
    0.0014049183
    0.0009935576
    0.0023225644
   -0.0016301351
    0.0016391812
    0.0013938741
   -0.0022758931
   -0.0131736730
   -0.0026040387
    0.0000570192
    0.0006878563
    0.0020593236
    0.0008514744
   -0.0005906556
    0.0021397669
   -0.0052279755
    0.0012869871
    0.0027822507
    0.0027158085
    0.0013567729
    0.0009990702
   -0.0002927334
    0.0005615571
   -0.0034782061
    0.0006330886
    0.0033237058
   -0.0082319876
    0.0038939058
   -0.0035348649
    0.0010549580
   -0.0359800275
   -0.0054961240
    0.0006072989
    0.0008187894
    0.0017250859
   -0.0017233689
    0.0007940483
   -0.0028353741
    0.0030813980
    0.0014978572
   -0.0008127413
   -0.0277776072
   -0.0041218552
    0.0033961424
    0.0067669555
   -0.0000231557
    0.0028226355
   -0.0007752749
    0.0038214003
    0.0034913860
    0.0039619349
    0.0021366384
    0.0034177217
    0.0003776753
   -0.0040849998
    0.0029304654
   -0.0003201028
    0.0012862759
    0.0040857728
    0.0008382909
    0.0017223685
   -0.0024666275
    0.0031856447
    0.0027480858
    0.0038694907
    0.0019305280
    0.0034501432
    0.0034153059
    0.0120102121
    0.0154628478
    0.0067471753
    0.0129341722
    0.0098769781
    0.0098199435
    0.0108308896
    0.0096183812
    0.0086105722
    0.0077317778
    0.0066962452
    0.0081470380
    0.0062384455
    0.0096698061
    0.0072607768
    0.0082885556
    0.0112471959
    0.0102711136
    0.0088501295
    0.0102147534
    0.0014149924
    0.0022329892
    0.0032245210
   -0.0005926526
   -0.0162425586
    0.0037840877
    0.0043336416
    0.0030271362
   -0.0016263711
   -0.0044260981
    0.0029639646
    0.0037215264
    0.0032125977
   -0.0106084070
    0.0007937306
   -0.0075062326
   -0.0002159246
    0.0019347188
   -0.0046486311
   -0.0019082499
    0.0009985151
   -0.0065963886
   -0.0120848231
    0.0039848070
    0.0022847299
   -0.0027541230
   -0.0023407751
    0.0028948401
    0.0041877573
   -0.0004461499
   -0.0132172470
    0.0007145522
    0.0022522875
    0.0042514383
    0.0016851834
   -0.0048443089
    0.0011485198
   -0.0020320401
    0.0038222605
   -0.0032535700
    0.0030899605
    0.0148184715
    0.0117297761
    0.0108163888
    0.0085454958
    0.0089662820
    0.0152071624
    0.0136779233
    0.0098440116
    0.0049927568
    0.0162100938
    0.0099380459
    0.0173586536
    0.0077583061
    0.0094451023
    0.0122819048
    0.0132552721
    0.0060354780
    0.0045406837
    0.0082286915
    0.0070191610
    0.0099511248
    0.0102719735
    0.0075613541
    0.0080383815
   -0.0161830338
   -0.0010926405
    0.0024327359
   -0.0178911153
   -0.0109139898
    0.0025676071
    0.0014839754
   -0.0009241150
    0.0023669299
    0.0031064894
   -0.0031086827
    0.0019259454
    0.0017302747
    0.0042582163
    0.0012314146
    0.0038905310
   -0.0003943771
   -0.0016926902
    0.0008362122
   -0.0008488461
    0.0026850647
    0.0026777469
    0.0027536140
    0.0021343010
    0.0005704990
    0.0007040940
   -0.0047825244
    0.0028789984
    0.0035434950
   -0.0090575084
    0.0125514270
    0.0150494643
    0.0137521295
    0.0143867956
    0.0127322338
    0.0143884670
    0.0116121926
    0.0152626659
    0.0150683879
    0.0152225388
    0.0144957723
    0.0123273746
    0.0152285911
    0.0128805453
    0.0142109682
    0.0149349286
    0.0126916485
    0.0137047455
    0.0122720353
    0.0144010157
    0.0146664731
    0.0105787592
    0.0131137195
    0.0146608799
    0.0054149969
    0.0045594243
    0.0103880793
   -0.0109818604
   -0.0071638805
    0.0088604768
   -0.0019263079
    0.0087937910
    0.0137604174
   -0.0120453522
   -0.0056870953
   -0.0149582216
    0.0006133530
    0.0063944861
   -0.0017182842
   -0.0154332815
    0.0132136703
   -0.0109457062
   -0.0103534877
   -0.0043889654
    0.0105504872
   -0.0080000408
   -0.0032027321
   -0.0053349433
    0.0143399361
    0.0114161921
    0.0061953748
    0.0000686543
   -0.0088909635
   -0.0101752469
   -0.0078768694
   -0.0141371845
   -0.0114830690
    0.0017633693
   -0.0029280085
    0.0064546439
   -0.0090880511
    0.0106851816
    0.0130301964
    0.0103809821
    0.0036219394
    0.0097788988
   -0.0081422603
    0.0125145815
   -0.0067075710
   -0.0118356650
   -0.0021975836
   -0.0043625704
    0.0113571331
   -0.0088907715
    0.0083058094
   -0.0139401772
   -0.0039599085
    0.0025695791
    0.0043757601
    0.0129402607
   -0.0066899495
   -0.0026543080
   -0.0079797323
   -0.0147894951
    0.0130315149
   -0.0051562514
   -0.0117122578
    0.0020883872
    0.0081162113
    0.0009889022
    0.0005238005
   -0.0082381070
   -0.0035064353
   -0.0073441868
   -0.0040219407
    0.0115104298
    0.0048269900
    0.0072371300
   -0.0009831638
    0.0020867409
   -0.0074899689
    0.0094266568
    0.0057780082
   -0.0055943101
   -0.0122525826
    0.0058967008
   -0.0002456975
   -0.0134057208
   -0.0010292809
   -0.0005604722
   -0.0054244171
   -0.0060470430
    0.0016891105
    0.0008509441
    0.0061209087
    0.0003325426
   -0.0106505674
    0.0128129850
    0.0017684723
   -0.0053294739
   -0.0001870621
   -0.0114983142
    0.0012063207
   -0.0012983658
   -0.0091749425
    0.0056596525
   -0.0120588079
   -0.0089298431
   -0.0104110487
   -0.0031693473
    0.0067925013
   -0.0027905465
    0.0076745544
   -0.0107721128
   -0.0051539649
    0.0074911119
   -0.0023985887
    0.0058373675
   -0.0025912012
    0.0013676952
    0.0005142066
   -0.0012989500
   -0.0159552075
   -0.0120916523
   -0.0014244994
    0.0029778741
   -0.0098436044
    0.0024672441
    0.0115331436
   -0.0059898101
    0.0102370829
    0.0106565354
    0.0129074373
    0.0134340977
    0.0119223481
    0.0143915906
    0.0088957598
    0.0127601269
    0.0101328312
    0.0138205483
    0.0128020538
    0.0110015539
    0.0077265006
    0.0130194087
   -0.0092503539
   -0.0073305265
   -0.0069970865
   -0.0097290459
   -0.0171233144
   -0.0106958302
   -0.0079726343
   -0.0073857985
   -0.0153125837
   -0.0150449915
   -0.0167149196
   -0.0159644844
   -0.0133251521
   -0.0161610046
   -0.0081300927
   -0.0112851442
   -0.0160999391
   -0.0150573002
    0.0130039079
    0.0126796400
    0.0093938122
    0.0140690323
    0.0086403183
    0.0087298137
    0.0088340005
    0.0103511365
    0.0117127978
    0.0098590646
    0.0133421492
    0.0122268607
    0.0134214653
   -0.0119761595
   -0.0106111295
   -0.0047285596
   -0.0111003262
   -0.0098881950
   -0.0059791641
   -0.0178432860
   -0.0108472729
   -0.0118258766
   -0.0072507968
   -0.0137168165
   -0.0099062923
   -0.0141120631
   -0.0108967324
   -0.0149993342
   -0.0159647180
   -0.0157173262
   -0.0160286460
   -0.0075464825
   -0.0139466790
   -0.0091464612
   -0.0122384869
   -0.0115024838
   -0.0152553649
   -0.0334941469
   -0.0194361179
   -0.0230546982
   -0.0311004966
   -0.0294124785
   -0.0338856557
   -0.0297240684
   -0.0329653223
   -0.0274319905
   -0.0296131352
   -0.0185447410
   -0.0190451709
   -0.0357490667
   -0.0251603214
   -0.0243096089
   -0.0235923624
   -0.0182534933
   -0.0290399496
   -0.0292720174
   -0.0313229770
   -0.0207536141
   -0.0213889340
   -0.0346456660
   -0.0261805308
   -0.0323403844
   -0.0330427998
   -0.0239901202
   -0.0339726841
   -0.0350946400
   -0.0323908444
   -0.0340778031
   -0.0199670961
   -0.0221204926
   -0.0213378452
   -0.0236631034
   -0.0011213597
   -0.0012647336
    0.0005274168
   -0.0007345971
   -0.0040847897
    0.0026153365
   -0.0031942160
    0.0000041834
   -0.0040305423
    0.0013542634
    0.0028987076
    0.0014791367
   -0.0052915073
    0.0000796350
    0.0002231277
   -0.0012539627
   -0.0048457735
   -0.0040649123
    0.0004373295
   -0.0060446443
    0.0004315748
   -0.0003699313
   -0.0110964120
   -0.0053898244
    0.0009139157
    0.0010787365
    0.0009734740
    0.0011800029
    0.0029426330
    0.0010635438
   -0.0071340722
   -0.0009698502
   -0.0023166741
   -0.0000371469
    0.0009661464
    0.0001180944
    0.0032852961
    0.0025127086
    0.0043629923
    0.0009462167
    0.0017052576
    0.0007269685
    0.0014667804
   -0.0004255788
   -0.0026565842
   -0.0000536521
    0.0006794191
   -0.0237870104
    0.0021580088
    0.0006928772
    0.0004035447
    0.0015133369
   -0.0007626208
    0.0031430849
   -0.0019817318
   -0.0055580789
    0.0024397597
    0.0041404625
    0.0022073578
   -0.0139884703
    0.0033225136
    0.0008961208
    0.0024756745
    0.0003352873
   -0.0002218681
    0.0004595788
    0.0015940468
   -0.0025466821
    0.0008989609
   -0.0010102069
   -0.0211825208
   -0.0044811256
   -0.0093659836
    0.0001232463
    0.0010556458
   -0.0055788602
    0.0026801747
   -0.0012742488
   -0.0010409838
    0.0003928311
   -0.0009155120
   -0.0250115277
    0.0029191066
   -0.0038195738
    0.0017457687
   -0.0025747327
    0.0004863597
   -0.0040152423
    0.0005857663
   -0.0024370439
    0.0027258869
    0.0029076586
   -0.0209336305
    0.0011173652
   -0.0274119871
    0.0012922611
   -0.0228656297
    0.0019499542
   -0.0015778035
    0.0009825340
    0.0019646617
   -0.0001951314
   -0.0218579558
   -0.0003591060
    0.0016313947
   -0.0033159111
    0.0008721051
   -0.0048439025
    0.0055827243
    0.0010932355
   -0.0017228685
    0.0060062563
   -0.0001437820
    0.0011276725
   -0.0017058547
    0.0008543601
    0.0003697927
    0.0003977927
   -0.0010396838
    0.0011806567
   -0.0032176719
   -0.0033964690
    0.0008466086
    0.0007745665
   -0.0023065241
    0.0011626935
    0.0010087356
    0.0029750343
    0.0021080639
    0.0003742372
    0.0060530630
    0.0004155947
   -0.0022911604
   -0.0112332360
   -0.0110675272
   -0.0002134070
   -0.0069823208
    0.0019386080
    0.0018602143
    0.0014804649
   -0.0036328537
   -0.0035686026
   -0.0077528852
   -0.0017045128
   -0.0030321650
    0.0011155384
   -0.0000194345
    0.0010295083
   -0.0075618204
    0.0015652229
    0.0006294380
   -0.0101577133
    0.0010003318
   -0.0061616185
    0.0075863770
    0.0049859674
    0.0064763824
    0.0098006937
    0.0131824463
    0.0131890017
    0.0080552516
    0.0089414591
    0.0071488680
    0.0079245917
    0.0099764670
    0.0066471262
    0.0071153734
    0.0099324817
    0.0110138716
    0.0142411149
    0.0089145766
    0.0109255594
    0.0018265894
    0.0015409946
    0.0020739024
    0.0001480340
    0.0020492786
   -0.0065481989
    0.0008236900
   -0.0107412345
    0.0000153252
    0.0018341809
   -0.0057786255
   -0.0017638912
    0.0006816181
   -0.0087829808
    0.0012604754
   -0.0061299752
   -0.0066335059
   -0.0142032675
   -0.0054805534
   -0.0040382204
    0.0020710075
   -0.0025072219
   -0.0075334371
   -0.0050598181
    0.0019996629
   -0.0011280866
    0.0001432069
   -0.0020902607
   -0.0017972449
    0.0000703391
   -0.0036323559
   -0.0138622026
    0.0003633134
   -0.0003982878
   -0.0072300097
   -0.0012757460
   -0.0004802952
   -0.0027471670
   -0.0012819838
   -0.0027344827
    0.0006914834
    0.0003397849
    0.0064739240
    0.0146077122
    0.0098571975
    0.0087398033
    0.0048374021
    0.0083034881
    0.0062479867
    0.0055159584
    0.0113545360
    0.0086925261
    0.0045783290
    0.0076553125
    0.0083279098
    0.0101628636
    0.0126263660
    0.0058313964
    0.0091639961
    0.0077303967
    0.0064805208
    0.0081623636
    0.0080454359
    0.0068470554
   -0.0015747556
    0.0007396886
    0.0007235290
    0.0005592619
    0.0018271762
    0.0006518066
    0.0000362525
   -0.0004705866
   -0.0026505954
    0.0003376827
    0.0021503229
   -0.0011910600
   -0.0126521130
   -0.0021930947
    0.0017322062
   -0.0003561427
    0.0012239827
    0.0015903992
    0.0007221707
    0.0121225684
    0.0119433958
    0.0119757143
    0.0119523958
    0.0122715275
    0.0116849255
    0.0101246589
    0.0122294987
    0.0124183950
    0.0101929049
    0.0123277824
    0.0122282186
    0.0121948307
    0.0122755497
    0.0124331506
   -0.0009118557
    0.0066490842
    0.0035133175
   -0.0012998236
    0.0000109658
    0.0038685209
   -0.0008671618
    0.0059556917
    0.0062276618
    0.0067287051
    0.0072195270
   -0.0115415616
    0.0017698137
    0.0069195614
    0.0033221716
   -0.0008624968
    0.0013634446
    0.0040673769
    0.0032637122
    0.0080534521
    0.0113044850
    0.0081108513
    0.0037253083
    0.0104856747
   -0.0061149936
   -0.0020189640
    0.0058311601
   -0.0028786755
    0.0057989994
   -0.0091283792
    0.0009823391
    0.0112873436
    0.0004228785
   -0.0034447588
    0.0100815292
    0.0075879390
   -0.0077844095
    0.0113861000
   -0.0039387439
    0.0048314412
    0.0085932596
    0.0015340733
    0.0025611643
    0.0070071565
    0.0019099378
   -0.0024194257
    0.0096962959
   -0.0057837339
   -0.0057035611
    0.0000878498
   -0.0072844272
   -0.0077287083
   -0.0020412538
    0.0035981421
   -0.0104977837
    0.0095165799
    0.0109358682
    0.0100522715
    0.0098593188
    0.0110777077
   -0.0091928602
    0.0108860492
   -0.0042841545
   -0.0000559070
    0.0069804166
    0.0052321105
   -0.0013179326
   -0.0045128767
    0.0112418913
    0.0024285533
   -0.0075871000
   -0.0100489541
   -0.0036107669
    0.0098529621
    0.0096712764
    0.0078727968
    0.0034338620
   -0.0062560404
   -0.0060000838
   -0.0001442796
    0.0002419796
   -0.0021742748
   -0.0095463873
    0.0014253725
    0.0052901151
    0.0074993721
   -0.0042499294
    0.0006446178
    0.0052904244
   -0.0024309718
   -0.0002639924
   -0.0054970824
   -0.0064861274
    0.0091052469
    0.0052425622
    0.0038415326
   -0.0019791162
    0.0107390057
    0.0004429522
   -0.0100944976
    0.0024918351
   -0.0051062531
   -0.0063902211
    0.0010418415
   -0.0044403712
   -0.0037729283
   -0.0084705642
   -0.0031861225
   -0.0049986325
    0.0026938490
    0.0067769967
   -0.0055735996
   -0.0069491005
   -0.0119719207
   -0.0112806745
    0.0061846987
   -0.0052983463
    0.0076717808
   -0.0013883748
    0.0102881481
    0.0090233389
   -0.0072779995
    0.0075040150
    0.0081584382
    0.0032511732
   -0.0031298757
    0.0075245956
   -0.0015568777
    0.0096898027
   -0.0011702037
    0.0059091648
   -0.0027341602
    0.0005342705
    0.0056148239
   -0.0071273374
    0.0063460184
   -0.0047306275
    0.0106888567
    0.0014441990
   -0.0049612848
    0.0027182708
   -0.0101244494
   -0.0048092364
    0.0021367810
   -0.0023339248
    0.0047563101
   -0.0062439415
    0.0000689380
   -0.0121188152
    0.0037340629
    0.0027849036
    0.0060049117
   -0.0065843816
   -0.0092043309
    0.0110435089
   -0.0081513039
   -0.0046732447
   -0.0058791486
   -0.0101678787
   -0.0098469058
   -0.0055210092
   -0.0024226032
    0.0103096186
   -0.0080858925
   -0.0045047920
   -0.0030383746
    0.0059639978
   -0.0083664449
    0.0046350579
   -0.0116480351
    0.0042130041
   -0.0017568796
    0.0051237582
    0.0047011584
   -0.0035536296
    0.0075273629
   -0.0093545769
   -0.0103272132
   -0.0039334914
   -0.0095620940
    0.0002461327
   -0.0105134628
   -0.0058822596
   -0.0035504963
   -0.0035006819
    0.0076065773
    0.0017215721
   -0.0071572020
   -0.0087472310
   -0.0016668200
    0.0085799252
   -0.0060834449
   -0.0106188290
   -0.0110734568
   -0.0090239370
    0.0052866172
   -0.0066500258
   -0.0075394071
   -0.0017759758
   -0.0003191625
   -0.0058225064
    0.0046300754
   -0.0027577365
    0.0092347594
    0.0104413609
    0.0100025044
    0.0093872510
    0.0103098003
    0.0096286067
    0.0105932577
    0.0107522514
    0.0093500026
    0.0099242615
    0.0106529746
    0.0100310475
    0.0122167833
    0.0084840268
   -0.0111586378
   -0.0093543765
   -0.0134625134
   -0.0096975883
   -0.0113306026
   -0.0135934090
   -0.0137363898
   -0.0083896563
   -0.0088824449
   -0.0106085697
   -0.0116421850
   -0.0114767094
   -0.0138296302
   -0.0091466030
   -0.0054526675
   -0.0126901913
   -0.0053381831
   -0.0098277009
   -0.0076550859
   -0.0071264064
   -0.0122712311
   -0.0076280817
   -0.0116681844
   -0.0050240691
   -0.0140915991
   -0.0126172792
   -0.0116006698
    0.0110117045
    0.0102877336
    0.0102604851
    0.0105309082
    0.0097987680
    0.0099555625
    0.0103819376
    0.0105693140
    0.0112182725
    0.0108557682
    0.0086095431
    0.0103615804
    0.0085303506
   -0.0063365019
   -0.0126767720
   -0.0101249912
   -0.0078892236
   -0.0108381206
   -0.0107399289
   -0.0130321743
   -0.0118800685
   -0.0045616089
   -0.0065206208
   -0.0090496209
   -0.0101652796
   -0.0109808634
   -0.0109436210
   -0.0116957083
   -0.0108765450
   -0.0077449600
   -0.0072031023
   -0.0268202762
   -0.0246135579
   -0.0223706327
   -0.0183579678
   -0.0151553174
   -0.0175577582
   -0.0189305602
   -0.0189596754
   -0.0222029824
   -0.0213481141
   -0.0169133030
   -0.0270199383
   -0.0212268391
   -0.0263952263
   -0.0217924009
   -0.0149950269
   -0.0241024315
   -0.0201744168
   -0.0231948076
   -0.0160441039
   -0.0159980294
   -0.0179307643
   -0.0270529526
   -0.0189576940
   -0.0264652870
   -0.0274594761
   -0.0146616130
   -0.0174009468
   -0.0239735233
   -0.0187353852
    0.0004105252
   -0.0002531466
    0.0035847373
    0.0034329669
    0.0003016183
   -0.0026448032
    0.0006900445
   -0.0027971983
    0.0008836435
   -0.0016975782
    0.0046432134
   -0.0033574947
    0.0028563234
   -0.0012587057
    0.0015629913
   -0.0058369922
    0.0040619773
   -0.0153301160
    0.0004885094
    0.0013555040
   -0.0009373521
   -0.0003595670
    0.0001628414
    0.0045054107
    0.0005169031
    0.0054400536
   -0.0003674076
   -0.0006586624
   -0.0030618803
   -0.0128891700
   -0.0036243834
   -0.0014667851
   -0.0002457979
    0.0029006222
    0.0021520427
   -0.0039689696
   -0.0025646894
   -0.0019250344
   -0.0166786654
    0.0010051468
    0.0016222616
   -0.0084496999
   -0.0063857206
    0.0007141387
    0.0005005534
    0.0004220588
    0.0011013379
    0.0033949798
    0.0044333403
    0.0009158219
    0.0000000722
   -0.0131274594
   -0.0151627287
   -0.0116254331
   -0.0017335715
    0.0000944884
    0.0014580000
   -0.0048844209
   -0.0007720222
   -0.0016517222
    0.0039394023
    0.0039092692
    0.0040602571
   -0.0015659414
    0.0043186236
   -0.0021668901
    0.0002493029
    0.0004934261
    0.0037852823
   -0.0153648158
   -0.0019086488
   -0.0194136417
    0.0003324943
   -0.0220645435
    0.0002817083
   -0.0114404720
    0.0000157489
   -0.0015109488
    0.0038521171
   -0.0004253384
   -0.0024848601
   -0.0098670696
    0.0031548605
    0.0048474800
    0.0031160092
   -0.0031302574
    0.0024762107
    0.0001045279
    0.0007846693
   -0.0009812180
   -0.0042245009
   -0.0017138410
    0.0033570793
    0.0003388443
   -0.0051658918
    0.0005162920
    0.0010341973
   -0.0027908556
    0.0051194635
   -0.0007012904
    0.0009273519
    0.0026783643
   -0.0010007267
   -0.0110350487
    0.0029236873
   -0.0037704492
    0.0009948621
    0.0040076491
   -0.0221681920
    0.0005243622
   -0.0007189445
    0.0010305711
    0.0029649270
    0.0007842972
    0.0009519183
    0.0008432766
   -0.0025764336
    0.0011452471
   -0.0208555265
   -0.0010126966
   -0.0004096870
   -0.0005268316
    0.0057911242
   -0.0038166787
   -0.0054971414
   -0.0068596497
    0.0008744806
   -0.0027308110
   -0.0044812050
   -0.0191160305
   -0.0150712649
    0.0007453283
    0.0032296042
   -0.0027323043
   -0.0017030251
    0.0026987585
    0.0001770113
    0.0023356359
   -0.0112776037
   -0.0104337679
    0.0022909332
   -0.0004426080
    0.0004709672
    0.0006742501
   -0.0052795908
   -0.0105298322
    0.0007542658
    0.0007991460
   -0.0009835539
    0.0038354278
   -0.0151628095
    0.0020942481
    0.0002984983
   -0.0103299787
    0.0005755617
    0.0006150673
    0.0008045690
    0.0035786076
   -0.0012586063
   -0.0171301443
   -0.0013145436
    0.0004272266
   -0.0026706493
   -0.0100099868
   -0.0045783923
   -0.0015408816
    0.0032205530
    0.0046718781
    0.0004848451
    0.0032367335
   -0.0014386178
   -0.0007576989
   -0.0007406290
    0.0006803299
    0.0036334395
    0.0006597255
    0.0001718649
    0.0016454446
    0.0014015754
    0.0011793605
   -0.0022669781
   -0.0002513999
    0.0005497318
   -0.0055410870
   -0.0005748161
    0.0016049481
    0.0023312429
   -0.0022148097
   -0.0123515988
   -0.0067828360
    0.0017580582
   -0.0161087586
    0.0009640017
   -0.0101032221
    0.0019410797
   -0.0227632996
    0.0041727428
   -0.0003884228
   -0.0021781701
   -0.0000262140
    0.0009313653
   -0.0022351015
   -0.0011930848
   -0.0080921670
   -0.0001144105
   -0.0002204124
    0.0000135067
    0.0006279304
   -0.0169593624
   -0.0164684214
    0.0029805644
   -0.0008985795
    0.0002068696
    0.0045542623
   -0.0035594431
    0.0035181223
   -0.0039221771
    0.0003971199
   -0.0034400365
    0.0006913625
   -0.0172026473
   -0.0142318504
    0.0037145470
   -0.0164861990
    0.0005413476
    0.0006701507
   -0.0000597146
   -0.0026347153
   -0.0200875437
   -0.0055438253
    0.0012866356
   -0.0060818566
   -0.0020559623
    0.0004073389
   -0.0054778033
   -0.0056415169
   -0.0005292250
   -0.0041105914
    0.0004081519
   -0.0011254143
   -0.0035790942
   -0.0015794708
    0.0004645716
    0.0007958225
   -0.0053986519
   -0.0024747758
    0.0006632190
   -0.0007558798
   -0.0084978960
   -0.0005889618
   -0.0026031493
    0.0065989661
    0.0068133402
    0.0064898813
    0.0063391606
    0.0094210748
    0.0100447085
    0.0047856946
    0.0057691228
    0.0057609864
    0.0076542701
    0.0058088013
    0.0113841184
    0.0068547640
    0.0077094149
    0.0056605629
    0.0104440075
    0.0052486419
    0.0089049083
    0.0064328665
    0.0092066611
    0.0090968514
    0.0114478607
    0.0054231728
    0.0006887881
   -0.0032439335
   -0.0042756628
   -0.0100461467
   -0.0008403505
   -0.0028020972
    0.0008948073
   -0.0005233257
   -0.0054265985
    0.0010558942
   -0.0009774970
   -0.0010494586
   -0.0074862724
   -0.0081077849
   -0.0070433895
   -0.0048757979
   -0.0016068668
   -0.0032743547
   -0.0096136867
    0.0008236891
    0.0005751586
   -0.0068027759
   -0.0094623805
    0.0005740231
   -0.0005445655
   -0.0072823873
    0.0000565098
   -0.0100883600
   -0.0008731951
   -0.0012344313
   -0.0040716108
    0.0009433489
   -0.0022765393
   -0.0057537340
   -0.0059976966
   -0.0007364758
    0.0006715907
   -0.0026786679
    0.0087575742
    0.0076400841
    0.0084853290
    0.0077446221
    0.0086398907
    0.0072228605
    0.0074701122
    0.0053625387
    0.0107882874
    0.0055127847
    0.0066938040
    0.0082596040
    0.0085223122
    0.0073266067
    0.0078742330
    0.0059212414
    0.0060752633
    0.0105209107
    0.0050908825
    0.0117317171
    0.0065883504
    0.0097030718
    0.0056584287
    0.0050274629
    0.0051029068
    0.0066030727
    0.0010221954
   -0.0013541046
   -0.0005158706
   -0.0004134301
    0.0000886026
   -0.0009587813
   -0.0003391131
    0.0007445498
   -0.0025909188
   -0.0005656076
   -0.0121560057
   -0.0048961044
   -0.0016174315
   -0.0066793232
   -0.0038489636
   -0.0014299572
   -0.0003552479
   -0.0018428285
    0.0009470190
   -0.0003547288
    0.0104687888
    0.0098798800
    0.0100055038
    0.0104038120
    0.0105659501
    0.0101481082
    0.0104758337
    0.0105313788
    0.0105883516
    0.0092916979
   -0.0020257787
    0.0012641140
    0.0096071354
   -0.0019477302
    0.0084523022
    0.0083969983
   -0.0094135072
    0.0068928832
    0.0083340211
   -0.0036725610
    0.0100833855
    0.0085421531
    0.0095632077
    0.0075227623
    0.0047264511
    0.0016807271
   -0.0080694707
    0.0089685503
    0.0090292215
    0.0023622572
    0.0070211208
    0.0062567111
    0.0050515527
    0.0044149098
    0.0061470515
   -0.0074944149
    0.0047529803
   -0.0093132464
    0.0093544131
    0.0029647619
    0.0041841899
    0.0059419499
    0.0020986770
    0.0080632572
    0.0062225153
   -0.0019353519
    0.0037249892
    0.0004769110
   -0.0037125176
    0.0091149781
    0.0047795809
    0.0011087784
   -0.0025834693
    0.0030924711
    0.0089374977
    0.0053659835
    0.0092167081
    0.0072980203
    0.0003914260
   -0.0075476309
    0.0071430695
    0.0091912366
    0.0016591369
    0.0055950271
    0.0029365117
    0.0081876126
    0.0010183661
    0.0090174070
    0.0073423359
    0.0000996713
    0.0090032517
   -0.0026707702
    0.0056358667
    0.0079993107
    0.0059314873
    0.0048493469
    0.0050195216
   -0.0047400545
    0.0078919299
    0.0017763799
    0.0021452750
    0.0025152048
    0.0040238858
   -0.0057288072
    0.0079107192
    0.0012265550
   -0.0035820748
    0.0098035186
   -0.0060208367
   -0.0059613351
    0.0067283959
   -0.0025634701
    0.0070546284
    0.0101138974
   -0.0050106482
   -0.0047831272
    0.0002145121
   -0.0030129720
    0.0087398740
    0.0090167901
    0.0043494891
    0.0066165739
    0.0014315833
    0.0002422330
   -0.0039649170
   -0.0035112565
   -0.0049005337
    0.0084238951
   -0.0038937898
    0.0002916141
   -0.0007268148
    0.0085647523
    0.0084678148
   -0.0010923249
    0.0088344195
   -0.0084501750
    0.0028933081
   -0.0055915069
    0.0045033501
    0.0031247734
    0.0009014421
    0.0041977423
    0.0097817973
   -0.0051396491
    0.0049645147
    0.0047538092
    0.0034840268
    0.0026760172
    0.0065691543
    0.0080394682
    0.0019997016
    0.0068531698
    0.0026258850
    0.0026074461
    0.0057708895
    0.0018527389
   -0.0037006393
   -0.0097542989
   -0.0085103108
    0.0030412961
   -0.0018823554
   -0.0026742678
    0.0068142959
    0.0002383290
   -0.0096652456
    0.0037215555
   -0.0002378462
   -0.0015185497
   -0.0054353761
   -0.0067986170
    0.0072922929
   -0.0012547999
   -0.0000555977
    0.0089108610
    0.0090034132
   -0.0010473480
   -0.0074685833
   -0.0040355912
    0.0006749995
    0.0038401857
   -0.0041387878
   -0.0041137702
    0.0034084789
    0.0094392310
    0.0088765698
   -0.0003117409
    0.0058866984
    0.0040838970
   -0.0019384805
    0.0075909238
   -0.0104584206
   -0.0035565442
   -0.0024073241
    0.0038667333
   -0.0064854965
    0.0087853847
    0.0059413300
   -0.0063343492
    0.0033746334
    0.0039064261
   -0.0039918834
   -0.0090627198
   -0.0036241476
    0.0025198870
   -0.0081973474
   -0.0050760413
    0.0025520499
    0.0069246217
   -0.0000472626
   -0.0034259950
    0.0003713833
   -0.0024787928
    0.0066143565
   -0.0062531860
    0.0046133683
   -0.0002752654
   -0.0056481971
   -0.0025861501
   -0.0006414103
   -0.0053477703
    0.0077854668
    0.0011647142
    0.0055557540
    0.0037870866
    0.0070128302
   -0.0006713447
   -0.0027143369
    0.0040168376
    0.0058450137
   -0.0077014935
   -0.0096010317
    0.0036656521
    0.0040354575
    0.0006097487
   -0.0004621864
   -0.0015450993
   -0.0065583611
    0.0082589845
   -0.0007995873
    0.0063305952
    0.0005288280
    0.0023059067
   -0.0011913935
    0.0053714443
   -0.0047757128
    0.0018966003
    0.0075671759
   -0.0044047109
   -0.0038976266
    0.0056772794
   -0.0017476104
   -0.0007827883
    0.0072412040
   -0.0042890685
    0.0075772402
   -0.0018390150
    0.0002986164
    0.0087741578
   -0.0056628501
   -0.0049721466
   -0.0080179011
   -0.0076103337
    0.0027495325
    0.0040263428
    0.0087869689
    0.0088066966
    0.0093147393
    0.0090637234
    0.0092186393
    0.0096224848
    0.0084256290
    0.0090314283
    0.0090622485
    0.0088979345
    0.0087383467
    0.0090497846
    0.0088100328
    0.0092625707
    0.0085251879
    0.0084178688
    0.0091347787
   -0.0081399987
   -0.0066434656
   -0.0099951671
   -0.0091348531
   -0.0062234682
   -0.0117100500
   -0.0105556458
   -0.0096799645
   -0.0092343004
   -0.0082457625
   -0.0089247434
   -0.0053472438
   -0.0059751521
   -0.0065951811
    0.0084764118
    0.0089849271
    0.0093711196
    0.0087459563
    0.0088029897
    0.0084770502
    0.0088844865
    0.0091125281
    0.0091524756
    0.0083906296
   -0.0085296987
   -0.0087416721
   -0.0073769478
   -0.0115238928
   -0.0077187074
   -0.0058155914
   -0.0072494846
   -0.0108702061
   -0.0093508206
   -0.0063572925
   -0.0056608118
   -0.0116211750
   -0.0046406139
   -0.0104796724
   -0.0108149773
   -0.0087800904
   -0.0109422548
   -0.0106033617
   -0.0101355703
   -0.0108461236
   -0.0053383083
   -0.0054579393
   -0.0082286872
   -0.0068676163
   -0.0208082881
   -0.0133090977
   -0.0148955186
   -0.0176876926
   -0.0215665793
   -0.0187436014
   -0.0153260923
   -0.0211638433
   -0.0137692619
   -0.0210263956
   -0.0181009125
   -0.0120555047
   -0.0130183167
   -0.0130652183
   -0.0161800902
   -0.0125848445
   -0.0162166103
   -0.0139764116
   -0.0125472413
   -0.0213735193
   -0.0162320708
   -0.0178401300
   -0.0139040674
   -0.0212675417
   -0.0144086836
   -0.0121261784
   -0.0178045670
   -0.0170388603
   -0.0214334796
   -0.0200666129
   -0.0147638120
   -0.0005297442
   -0.0078276419
    0.0004122797
    0.0016331696
   -0.0154093384
   -0.0082502713
    0.0004888829
   -0.0090052907
   -0.0070514089
   -0.0001152244
   -0.0039800927
   -0.0006272106
   -0.0009507317
    0.0052403389
   -0.0177119378
   -0.0152785038
   -0.0024046751
   -0.0069278545
    0.0062207767
    0.0031795724
    0.0024279824
    0.0008901467
   -0.0016299196
   -0.0022791412
    0.0007935168
    0.0001169613
   -0.0015813642
   -0.0111975908
   -0.0060532924
   -0.0067160040
    0.0050638974
    0.0001594062
   -0.0026369045
   -0.0002741842
    0.0002067235
   -0.0015757461
    0.0003830237
    0.0024085581
   -0.0012602770
    0.0020294744
   -0.0037295665
    0.0003171158
    0.0033630406
    0.0071911613
   -0.0012251106
   -0.0040891934
    0.0038163003
    0.0010670066
   -0.0018832630
   -0.0012707475
    0.0012182368
   -0.0022854168
   -0.0035339920
    0.0015639390
   -0.0022916194
    0.0004887733
    0.0010351007
   -0.0002696376
   -0.0006560522
   -0.0002647504
    0.0050940226
   -0.0092038518
    0.0008084372
    0.0056743084
   -0.0056725792
    0.0033759305
    0.0015950104
   -0.0041876275
   -0.0003424885
    0.0001436611
    0.0026565748
   -0.0054802174
   -0.0007305633
   -0.0043808220
    0.0003908061
   -0.0007120960
    0.0046039818
   -0.0117683902
   -0.0040637157
   -0.0065399081
   -0.0000665841
    0.0039758724
    0.0001508556
   -0.0045726275
    0.0001273324
   -0.0106328181
    0.0024038465
   -0.0049919689
   -0.0005978619
    0.0040868896
    0.0074572178
    0.0010542427
   -0.0032809637
   -0.0016525542
   -0.0083625869
    0.0017794276
    0.0042526724
   -0.0023362129
    0.0003167245
   -0.0062073420
   -0.0000843096
   -0.0003631107
    0.0038763021
    0.0018824569
    0.0033264448
   -0.0075746319
   -0.0007992074
   -0.0083103039
    0.0026872638
    0.0002269290
   -0.0020596100
    0.0054307975
   -0.0148255423
    0.0002070056
   -0.0002030340
   -0.0129615274
   -0.0002752827
   -0.0001626949
    0.0062530771
   -0.0155879660
    0.0002875105
    0.0038609879
    0.0000228525
    0.0011206169
    0.0033039749
   -0.0011192013
   -0.0042290373
    0.0000669008
   -0.0150257804
   -0.0032446282
    0.0011978850
    0.0034671463
    0.0027417017
    0.0013385268
    0.0029466278
   -0.0025671638
   -0.0010677010
   -0.0022576782
    0.0012090052
   -0.0018530783
   -0.0065591369
    0.0003780327
    0.0001548616
   -0.0012410458
   -0.0075650566
   -0.0042203587
    0.0019626726
   -0.0041911795
   -0.0033141888
    0.0007857797
   -0.0075798757
   -0.0018841194
   -0.0024208273
   -0.0006764871
    0.0009905579
    0.0001170913
    0.0071473707
    0.0036220956
    0.0001232676
   -0.0047908661
   -0.0036188518
    0.0000904060
   -0.0008409824
    0.0006077107
   -0.0056893275
   -0.0052028771
    0.0028365159
    0.0035441501
    0.0001338071
    0.0043753987
   -0.0000967540
    0.0003211510
    0.0001536665
   -0.0065216191
   -0.0016716978
   -0.0136949434
    0.0012894405
   -0.0116112610
    0.0008144012
   -0.0041798954
   -0.0000026405
   -0.0007705801
   -0.0006131443
   -0.0000452989
    0.0020115347
    0.0021426800
    0.0002575103
    0.0002687023
   -0.0016507762
   -0.0165962543
    0.0031884562
   -0.0038670644
   -0.0034487359
   -0.0016782117
    0.0043148960
   -0.0003120770
   -0.0047180905
   -0.0026279452
   -0.0006725620
    0.0014424855
   -0.0046455662
    0.0000459190
   -0.0038773084
   -0.0022942174
    0.0005926711
   -0.0037769036
    0.0021314383
   -0.0021257912
   -0.0004464345
    0.0007593583
    0.0019361617
   -0.0009021432
    0.0004898634
   -0.0009234256
    0.0018580631
    0.0040326636
   -0.0007458873
    0.0052033907
   -0.0001008368
   -0.0024271090
   -0.0123580099
   -0.0022212518
   -0.0027512852
   -0.0014711211
   -0.0030338516
   -0.0002961420
   -0.0002103517
   -0.0001305232
   -0.0012303289
   -0.0072255098
    0.0003845228
   -0.0008576126
   -0.0037833764
   -0.0026481537
   -0.0008183611
    0.0044353053
   -0.0033095936
    0.0011204310
    0.0044948655
   -0.0036950278
    0.0007247073
   -0.0055744184
    0.0011462366
    0.0027705296
   -0.0050903747
    0.0002223876
   -0.0032646574
    0.0007531065
   -0.0202311476
   -0.0106186416
   -0.0025505995
   -0.0022029617
    0.0009940591
    0.0006672967
   -0.0000283769
    0.0028649796
    0.0003355953
   -0.0016517108
    0.0018385314
    0.0053669246
    0.0060620205
   -0.0001618460
   -0.0073671280
   -0.0000335206
   -0.0003263093
    0.0010874790
   -0.0177659420
    0.0048559961
   -0.0006075476
    0.0032230382
    0.0004175411
   -0.0027956975
    0.0022113441
   -0.0016437336
   -0.0000305818
   -0.0000906841
   -0.0020168393
   -0.0024632018
   -0.0006414496
    0.0016423648
    0.0008064617
   -0.0021740274
   -0.0009629065
    0.0014563956
    0.0009167125
    0.0000825266
    0.0028251555
   -0.0031389060
   -0.0059609598
    0.0032682670
    0.0021155434
   -0.0012839312
   -0.0044885050
   -0.0025389029
   -0.0153567249
    0.0002544993
   -0.0100526851
    0.0037231458
    0.0001415111
    0.0024316641
   -0.0092151796
    0.0015603395
   -0.0150676995
   -0.0004040476
   -0.0087608404
    0.0028218196
   -0.0035243991
   -0.0047067130
   -0.0059006764
   -0.0059987960
   -0.0018812573
    0.0032737004
   -0.0002646473
   -0.0061724661
   -0.0007535424
   -0.0045095036
   -0.0056094729
   -0.0040633513
   -0.0053742236
   -0.0021000512
   -0.0043119812
   -0.0027932489
   -0.0004419731
   -0.0036078358
   -0.0028373036
    0.0086185117
    0.0071324343
    0.0049958856
    0.0064019413
    0.0056429967
    0.0069307554
    0.0054448810
    0.0063180054
    0.0059085502
   -0.0044176670
   -0.0007099015
   -0.0011694742
   -0.0073067447
   -0.0002768470
   -0.0031565016
   -0.0058113234
   -0.0060895780
   -0.0042489244
   -0.0048068738
   -0.0054868119
   -0.0021332076
   -0.0002826911
   -0.0003360257
   -0.0025637986
    0.0051729559
    0.0058043069
    0.0066329323
    0.0052394188
   -0.0003195436
   -0.0042293614
   -0.0023979332
   -0.0012114210
   -0.0033013358
   -0.0031039829
   -0.0026380356
   -0.0016862928
   -0.0011098503
   -0.0011005210
   -0.0015332582
   -0.0053975942
   -0.0031888372
   -0.0004442613
    0.0077522418
    0.0020105586
    0.0057160968
    0.0016892626
   -0.0076462474
   -0.0008540811
   -0.0013510851
    0.0010273527
    0.0037597293
   -0.0018619799
    0.0067605340
    0.0030393662
    0.0088153064
    0.0081466458
   -0.0016119089
    0.0084178052
    0.0081808052
    0.0015091637
   -0.0027333460
    0.0070093965
    0.0015419993
    0.0068281593
    0.0071787999
    0.0004883885
   -0.0024105123
    0.0013776578
    0.0052416292
    0.0076639993
   -0.0039920864
   -0.0016476876
   -0.0042806368
    0.0081692579
    0.0084422610
    0.0019550613
    0.0084771457
    0.0046230759
    0.0036022982
   -0.0004276667
   -0.0025146622
    0.0083332799
    0.0075608204
    0.0075415462
    0.0080597164
    0.0076193126
    0.0078076207
   -0.0051778107
    0.0006021342
    0.0076353458
    0.0043262018
    0.0001260876
    0.0073950108
    0.0022542563
    0.0064791995
    0.0070824197
   -0.0023607113
    0.0062287780
   -0.0039111253
    0.0077675234
    0.0083807958
    0.0009810574
    0.0035121992
    0.0026780787
    0.0066889034
    0.0088001145
   -0.0031889670
    0.0060756581
    0.0013185514
    0.0052880003
   -0.0005748834
    0.0049503264
    0.0072463351
   -0.0069595028
    0.0058760702
   -0.0042302247
    0.0072348477
   -0.0024697963
    0.0068559183
    0.0084107688
    0.0037590902
   -0.0001899831
    0.0074509787
    0.0027059189
    0.0065292694
    0.0057348473
    0.0073864861
    0.0053704307
    0.0004133332
   -0.0039285318
   -0.0006674596
   -0.0037486441
    0.0030585399
   -0.0012389300
    0.0075352185
    0.0086327863
    0.0062009537
    0.0026751539
   -0.0058396300
    0.0078955518
    0.0020644484
    0.0033866135
   -0.0026017862
    0.0088530571
    0.0062135807
   -0.0004155303
    0.0023303255
    0.0078365957
    0.0065379063
    0.0032358432
    0.0073693370
    0.0036209487
    0.0041115481
    0.0080185971
    0.0018641024
    0.0080621320
    0.0021751756
    0.0061281541
    0.0084853804
    0.0081434634
    0.0080546016
    0.0048194754
    0.0082593622
    0.0008008535
    0.0078666713
    0.0035472017
    0.0050204224
    0.0071224749
    0.0014686413
    0.0023945324
    0.0080283230
    0.0080630035
    0.0076063750
    0.0052788545
    0.0068108104
    0.0042509950
   -0.0052925789
    0.0047581363
   -0.0059631583
    0.0037425388
    0.0062614260
    0.0070086857
    0.0067684619
    0.0081209561
    0.0072667208
    0.0086336102
    0.0066218081
    0.0075023688
    0.0005022422
    0.0037999502
   -0.0076178178
    0.0081465376
    0.0059610345
   -0.0039267022
    0.0080410429
   -0.0012974703
    0.0033291376
    0.0010960580
   -0.0009619833
    0.0059169979
   -0.0065871730
    0.0006881402
    0.0009560906
   -0.0019355304
   -0.0034715350
    0.0022110890
   -0.0028824148
   -0.0001564018
    0.0058806336
   -0.0030709219
    0.0017677233
   -0.0054521169
    0.0047254543
    0.0074286137
    0.0072810628
   -0.0039525570
    0.0076095518
   -0.0043556444
    0.0072532997
   -0.0008235982
   -0.0062138303
    0.0000214601
   -0.0026348076
   -0.0046680584
    0.0062320849
   -0.0015387681
   -0.0014487907
    0.0073726599
    0.0040643746
    0.0069757797
    0.0071794229
    0.0023656713
    0.0058009186
   -0.0006176812
   -0.0013507728
    0.0073941930
   -0.0022373942
   -0.0015375827
   -0.0026677442
    0.0005535450
    0.0041819889
   -0.0045606656
   -0.0047655550
   -0.0020453647
    0.0071312375
    0.0016584222
   -0.0035970778
    0.0050467040
    0.0034729035
   -0.0034179648
    0.0002773678
    0.0075841107
    0.0024686504
   -0.0013651438
    0.0036300949
   -0.0056549202
   -0.0023278201
    0.0039780808
    0.0051536253
    0.0065698217
    0.0057965649
    0.0075602690
    0.0033763267
    0.0029220158
    0.0060313242
    0.0069709337
    0.0071279483
    0.0074145620
    0.0073282452
    0.0027061708
    0.0071934379
    0.0045432323
    0.0047976551
   -0.0033816169
   -0.0031921581
   -0.0018535767
   -0.0041810453
    0.0070465344
    0.0063175411
    0.0067543730
   -0.0065844707
   -0.0047380831
    0.0075333619
   -0.0030355519
    0.0032706083
    0.0055993563
    0.0003703581
    0.0017725417
    0.0065084085
   -0.0031574147
    0.0051042992
    0.0039740271
    0.0003342700
    0.0010007372
    0.0075121260
    0.0060216616
   -0.0033202470
    0.0077865794
   -0.0069156958
   -0.0027409458
    0.0015431912
   -0.0006039078
    0.0074294965
    0.0058420273
    0.0028057483
   -0.0020244737
    0.0028102844
    0.0074861775
   -0.0041964179
    0.0056439631
   -0.0032925659
   -0.0069617961
   -0.0015298492
   -0.0001451227
   -0.0011622374
    0.0070893393
    0.0077170274
    0.0054434879
    0.0002906423
    0.0078137506
    0.0015010090
   -0.0022662785
    0.0017333295
   -0.0057049986
    0.0021521829
   -0.0056100699
   -0.0060975835
    0.0003452051
    0.0076056435
    0.0076949328
    0.0026002986
   -0.0012204386
   -0.0038420996
   -0.0069674910
   -0.0000267519
   -0.0007038784
   -0.0059056800
    0.0000134301
   -0.0008269665
    0.0052875200
   -0.0052175516
    0.0005534371
    0.0071004368
    0.0046261291
    0.0067920897
    0.0073503331
    0.0075542374
    0.0077589066
    0.0009881001
   -0.0009215823
   -0.0002159457
    0.0072658556
    0.0052189293
   -0.0015783855
    0.0063009863
   -0.0017628045
   -0.0045031344
    0.0065119613
   -0.0047900479
   -0.0055257088
    0.0076006768
   -0.0019165878
    0.0076780638
    0.0026165143
   -0.0030873408
    0.0021678154
    0.0006652822
    0.0007976117
   -0.0051388949
   -0.0021598485
   -0.0021184936
    0.0038951621
   -0.0034194288
    0.0068495518
    0.0074796610
    0.0008903793
   -0.0002869213
    0.0009402987
    0.0034629647
   -0.0050460599
    0.0076162702
    0.0011033807
   -0.0005355003
    0.0066809975
   -0.0019943010
    0.0068868978
   -0.0084499584
    0.0032275805
   -0.0037289525
    0.0068304444
   -0.0076626980
   -0.0016818467
    0.0059249365
    0.0067675663
    0.0025230276
   -0.0012618283
   -0.0030730606
   -0.0023013113
   -0.0026280587
    0.0064862470
    0.0015342407
   -0.0020568404
   -0.0005748978
    0.0033130384
    0.0073939290
    0.0012034750
   -0.0047210972
   -0.0058929178
   -0.0069933696
   -0.0080436676
   -0.0076363334
   -0.0056853337
   -0.0078545783
   -0.0096241713
   -0.0077215018
   -0.0077861861
   -0.0073885164
   -0.0039914653
   -0.0058566692
   -0.0065063540
   -0.0086488643
   -0.0083477342
   -0.0081326777
   -0.0063780238
   -0.0069913381
   -0.0074111961
   -0.0087613239
   -0.0062094600
   -0.0067790089
   -0.0055333760
   -0.0053801876
   -0.0053608564
   -0.0083809010
   -0.0078195366
   -0.0048922912
   -0.0086259614
   -0.0077965977
   -0.0062179005
   -0.0089893467
   -0.0055869694
   -0.0060951669
   -0.0075970959
   -0.0043089288
   -0.0067119015
   -0.0079641454
   -0.0055522539
   -0.0071476352
   -0.0073830224
   -0.0073723619
   -0.0091400223
   -0.0074106473
   -0.0043197580
   -0.0065656439
   -0.0072660401
   -0.0098593166
   -0.0093900199
   -0.0062191271
   -0.0050959246
   -0.0076966171
   -0.0050395092
   -0.0067302409
   -0.0087374255
   -0.0057903102
   -0.0094992316
   -0.0086332222
   -0.0114846225
   -0.0103529996
   -0.0108662720
   -0.0131615893
   -0.0171119156
   -0.0125949027
   -0.0136180690
   -0.0171158175
   -0.0120200879
   -0.0126109844
   -0.0161089338
   -0.0142619576
   -0.0167536555
   -0.0127775738
   -0.0119260590
   -0.0147673074
   -0.0105661531
   -0.0151959420
    0.0017544308
   -0.0017939152
    0.0004544970
    0.0004600347
    0.0010702344
   -0.0100750871
   -0.0008494250
    0.0013457486
   -0.0035760269
   -0.0001712514
   -0.0060150775
   -0.0011787003
    0.0006555732
    0.0005024986
    0.0016048794
   -0.0001015970
    0.0004234841
   -0.0014785987
   -0.0057556039
    0.0017537443
   -0.0009103051
    0.0014553141
    0.0017739790
    0.0007238523
   -0.0003175855
   -0.0066161048
    0.0019825197
   -0.0113227502
   -0.0012482887
    0.0010956680
    0.0019083373
   -0.0019188345
    0.0031117799
   -0.0163221199
   -0.0000872545
    0.0016411963
   -0.0028808448
   -0.0040409797
    0.0026505990
    0.0012534492
    0.0029443332
   -0.0020267250
    0.0064689110
   -0.0003334747
    0.0022223118
   -0.0000016750
   -0.0009558312
    0.0020269190
   -0.0011669907
    0.0059526954
    0.0023465140
    0.0026369069
    0.0005698199
   -0.0006422742
    0.0016415587
    0.0049516525
   -0.0065669731
   -0.0024352537
    0.0020278136
   -0.0026723418
    0.0004256412
   -0.0113609331
   -0.0004376873
    0.0025302430
   -0.0036725175
    0.0052364277
   -0.0056868693
   -0.0010936937
    0.0000694685
   -0.0007144313
   -0.0009824208
   -0.0086996596
   -0.0018128705
    0.0035053716
    0.0031554771
   -0.0047494865
    0.0007711044
   -0.0034408690
    0.0045589692
   -0.0000936863
   -0.0038368883
    0.0038274463
   -0.0056478829
   -0.0117344934
   -0.0033823566
    0.0002638353
   -0.0004387947
    0.0006137963
   -0.0028135089
   -0.0020270567
   -0.0014167028
   -0.0109640148
    0.0019565710
   -0.0013315796
    0.0012269324
   -0.0060560421
   -0.0000586895
   -0.0037130541
   -0.0071332379
   -0.0009392135
   -0.0001967174
   -0.0007984690
    0.0015259504
   -0.0006682032
   -0.0043722465
   -0.0020600190
   -0.0020852859
   -0.0046325810
   -0.0007882656
    0.0027663708
   -0.0007122669
    0.0002069525
   -0.0075591560
    0.0008554094
    0.0034304840
    0.0055522419
    0.0019788549
    0.0008235842
    0.0030403962
    0.0031793673
    0.0015430953
   -0.0049627735
   -0.0020979849
   -0.0031991407
   -0.0004299942
    0.0001127068
    0.0025837208
   -0.0021691139
   -0.0070689725
    0.0004745591
   -0.0012499924
   -0.0017671166
    0.0059351851
   -0.0013726168
    0.0025619840
    0.0023951076
   -0.0105791716
    0.0024458220
   -0.0048574062
   -0.0038790549
    0.0040634265
    0.0043299745
   -0.0020397578
    0.0008666131
   -0.0012199891
   -0.0011782920
   -0.0045386551
   -0.0007538520
   -0.0026623608
   -0.0052238620
    0.0032203907
    0.0036535870
   -0.0086477342
   -0.0001980133
   -0.0017419889
    0.0002253596
   -0.0010273684
   -0.0015859349
    0.0001850470
   -0.0045149861
    0.0004751814
    0.0042825828
    0.0011279978
    0.0009491760
   -0.0098027939
   -0.0095479219
   -0.0099077411
    0.0005088110
   -0.0028553923
   -0.0012829966
   -0.0001536220
    0.0000562594
    0.0001943900
   -0.0009900930
    0.0008478190
   -0.0037715371
    0.0006249107
   -0.0031398856
   -0.0005075787
    0.0001798585
   -0.0005128646
   -0.0031868598
    0.0044480471
   -0.0004792387
   -0.0028315961
   -0.0044800693
   -0.0024352287
   -0.0081591327
    0.0022093363
   -0.0031234296
   -0.0037690452
    0.0002412245
   -0.0036485074
    0.0011489365
   -0.0038753147
    0.0003976844
   -0.0081730190
   -0.0009826095
   -0.0001351269
    0.0004727666
    0.0013896663
    0.0022030894
   -0.0036958917
    0.0018180735
   -0.0023944152
    0.0002835672
   -0.0052679571
    0.0032180364
    0.0040609193
    0.0005861999
    0.0019098112
   -0.0023731265
    0.0012800108
    0.0027584837
   -0.0053795455
   -0.0062295580
   -0.0039815486
    0.0002216764
    0.0007654670
   -0.0031306998
   -0.0073843557
   -0.0057086942
    0.0009152188
   -0.0000299706
    0.0001013219
   -0.0011108742
    0.0004396265
    0.0007505103
   -0.0083621099
    0.0020148205
    0.0020309293
    0.0044776030
   -0.0117380620
   -0.0015954758
    0.0004249409
   -0.0016468040
   -0.0017760769
   -0.0031694905
   -0.0029936892
   -0.0094268014
   -0.0007672939
   -0.0006119516
   -0.0058984503
   -0.0007124256
    0.0010299253
    0.0025171432
    0.0020074868
   -0.0074727096
   -0.0017780731
    0.0032649939
   -0.0054119499
   -0.0002516515
    0.0004694278
    0.0031631115
    0.0001339609
   -0.0008575835
   -0.0019617004
    0.0001377625
    0.0052549782
    0.0062298872
   -0.0042965119
   -0.0004699220
   -0.0105638823
   -0.0036916421
   -0.0128463524
    0.0017607490
    0.0000051966
   -0.0036753365
   -0.0124343761
   -0.0032683698
   -0.0009525421
   -0.0033042977
   -0.0046448254
   -0.0002675951
   -0.0036470904
    0.0027123784
   -0.0066907291
   -0.0002559164
   -0.0016933294
   -0.0014738287
   -0.0076437904
    0.0002144448
    0.0012035540
   -0.0022579009
    0.0003400355
    0.0002084275
    0.0006463360
    0.0073378547
   -0.0056797531
   -0.0043142269
   -0.0016812091
    0.0006687892
    0.0011099808
   -0.0026655835
   -0.0023839519
   -0.0006851385
   -0.0022478417
   -0.0093927363
   -0.0111864559
    0.0004955362
    0.0001787639
    0.0001616918
   -0.0013823425
   -0.0020803377
    0.0006365967
   -0.0019472704
   -0.0095467584
    0.0056818530
   -0.0016957583
    0.0047676846
   -0.0045941415
   -0.0029312327
   -0.0004211209
   -0.0007654114
   -0.0104476361
    0.0065269956
   -0.0002488418
   -0.0101108452
    0.0009079667
    0.0001123122
   -0.0007565967
   -0.0012843664
    0.0000399342
   -0.0044713159
    0.0013599020
   -0.0135648040
   -0.0022666790
   -0.0000111947
   -0.0009042049
   -0.0018920609
   -0.0053461083
   -0.0011570998
   -0.0114145973
   -0.0041900730
   -0.0094244304
    0.0051773238
   -0.0043940136
    0.0018962995
    0.0041374212
   -0.0157457419
   -0.0024516639
   -0.0065792425
    0.0000128064
   -0.0024954241
    0.0008681882
    0.0006638523
   -0.0034183969
    0.0005590041
   -0.0033487795
   -0.0011451015
   -0.0007213191
   -0.0035623394
   -0.0028875854
   -0.0006906038
   -0.0142422034
   -0.0014465520
    0.0001097427
    0.0004196787
    0.0010765326
   -0.0025394969
   -0.0010584394
   -0.0034516801
    0.0006106071
    0.0009434679
   -0.0044578609
   -0.0025163238
   -0.0001484219
    0.0011804368
    0.0052534453
   -0.0010919959
    0.0063059287
    0.0016950810
    0.0014824912
    0.0026467311
   -0.0053172441
    0.0006185672
   -0.0097825109
   -0.0052630086
    0.0060628506
    0.0018446260
   -0.0024091488
   -0.0025730076
   -0.0038682488
   -0.0124595629
    0.0013905363
    0.0011017077
   -0.0010082963
   -0.0002834139
   -0.0001586962
   -0.0031028070
    0.0008359847
    0.0031225059
   -0.0160705442
    0.0067268471
   -0.0014993317
    0.0075500041
    0.0008626902
    0.0042729541
   -0.0013326711
    0.0016185813
   -0.0073503592
   -0.0082888651
   -0.0031799042
   -0.0002929290
   -0.0004703359
   -0.0110431999
   -0.0052437476
   -0.0052349490
   -0.0064312390
    0.0027503873
   -0.0053702099
   -0.0034300493
   -0.0030646425
   -0.0000276381
    0.0003861299
    0.0040911192
    0.0043296559
    0.0007754692
   -0.0006416301
    0.0034204865
    0.0065414708
   -0.0019114985
   -0.0002174789
   -0.0019496407
    0.0035371674
    0.0000568244
   -0.0073153530
    0.0016159909
   -0.0012045273
   -0.0037555864
   -0.0016186301
    0.0011710375
   -0.0006573144
   -0.0002182385
    0.0020408817
   -0.0042287409
   -0.0009769330
   -0.0085770216
   -0.0031478356
   -0.0047710490
   -0.0066285643
    0.0017532076
    0.0016509380
   -0.0104285532
   -0.0056026499
    0.0009886094
    0.0005701414
   -0.0028321971
   -0.0093159050
    0.0032136601
    0.0030280587
   -0.0030995361
   -0.0041192147
   -0.0021354090
    0.0001962319
   -0.0021763315
    0.0018389258
   -0.0104953967
   -0.0001322107
    0.0035927230
    0.0000222740
   -0.0003142655
   -0.0012103993
    0.0003044111
   -0.0025521189
   -0.0014596843
   -0.0059542057
   -0.0041311875
    0.0001476564
   -0.0001420749
   -0.0001494820
   -0.0011899640
    0.0008472480
   -0.0014094936
    0.0019001522
   -0.0051693855
   -0.0113567254
    0.0008783984
    0.0003162843
    0.0005419264
    0.0053109367
    0.0005233240
   -0.0066031073
    0.0017966027
    0.0028060484
