    0.0367185261
    0.0377119200
    0.0356129970
    0.0360644220
    0.0355140162
    0.0340614930
    0.0328279041
    0.0365930637
    0.0367830291
    0.0354804760
    0.0378941848
    0.0366477624
    0.0370944107
    0.0355456942
    0.0360982619
    0.0378561988
    0.0339621450
    0.0348283074
    0.0292087136
    0.0311673256
    0.0197651167
    0.0263961353
    0.0238202924
    0.0191228943
    0.0195314833
    0.0301853852
    0.0202758572
    0.0205308811
    0.0119230483
    0.0141045919
    0.0248162743
    0.0279237608
    0.0258696907
    0.0108074196
    0.0331855488
    0.0315832140
    0.0238832484
    0.0093905461
    0.0250197403
    0.0183082307
    0.0203871625
    0.0158682753
    0.0075908960
    0.0109969103
   -0.0079915947
   -0.0015223091
   -0.0017545991
   -0.0021436346
   -0.0043118432
    0.0061040626
   -0.0025344883
   -0.0047077175
   -0.0096479677
   -0.0006530742
   -0.0090823874
    0.0079990070
    0.0026173325
    0.0060840591
    0.0047346123
   -0.0065253756
   -0.0060243609
   -0.0075980884
   -0.0082945051
    0.0048706185
    0.0024385649
   -0.0044831859
   -0.0095109331
   -0.0037568700
   -0.0010615492
   -0.0050445759
   -0.0063424345
   -0.0016167580
    0.0072625640
   -0.0035893659
   -0.0044506303
    0.0120421196
   -0.0045387542
   -0.0048621362
   -0.0051572216
    0.0049762041
    0.0015515579
   -0.0054873564
   -0.0039053498
   -0.0057944287
    0.0182644476
   -0.0030003779
   -0.0054779378
   -0.0040800956
   -0.0052055547
   -0.0065978313
   -0.0031566632
   -0.0031501456
    0.0003025751
   -0.0010859901
    0.0041891415
    0.0064628834
   -0.0058604809
   -0.0049001483
    0.0090947514
   -0.0067380093
   -0.0028466931
    0.0157489363
   -0.0047638669
   -0.0042733662
   -0.0059131017
   -0.0022030428
   -0.0001960650
    0.0000455247
   -0.0043619228
    0.0121230244
    0.0024707105
   -0.0029247697
    0.0081587357
   -0.0058409825
   -0.0032097080
    0.0021810635
   -0.0043319212
   -0.0036609608
   -0.0014796392
   -0.0004673596
    0.0104903598
   -0.0041199473
    0.0106001930
   -0.0013787602
   -0.0023929640
   -0.0034288589
   -0.0047777528
   -0.0030258461
   -0.0046198676
   -0.0056666193
    0.0004809220
   -0.0021034630
    0.0196630617
   -0.0065411376
   -0.0051945181
   -0.0056606930
   -0.0057364964
   -0.0000872546
    0.0097900444
   -0.0084060603
   -0.0059997366
   -0.0022293443
   -0.0089393591
   -0.0011300625
   -0.0063164377
   -0.0033092085
   -0.0006003821
   -0.0031309414
   -0.0062727919
   -0.0066951738
   -0.0039280878
   -0.0076063070
    0.0030454716
   -0.0047681325
   -0.0057370340
   -0.0085539618
   -0.0084170970
   -0.0043159330
   -0.0036878808
    0.0057032639
    0.0132974897
   -0.0049535952
    0.0151872429
   -0.0014306763
   -0.0045780396
   -0.0077296227
   -0.0013442132
    0.0064964521
    0.0060859657
    0.0114691450
   -0.0082530304
   -0.0097836261
   -0.0027608606
    0.0032496024
    0.0015843961
    0.0013263563
    0.0016679631
   -0.0076045052
    0.0078024229
    0.0178416191
   -0.0042598977
   -0.0092433087
   -0.0099614608
   -0.0071495865
    0.0126863530
   -0.0077999330
   -0.0027039189
   -0.0048837346
    0.0115720226
   -0.0055727077
   -0.0074441248
   -0.0055419837
    0.0155642734
   -0.0082964519
   -0.0062767301
   -0.0051752547
   -0.0017296787
    0.0223046474
    0.0341369284
    0.0016213616
    0.0018485844
   -0.0023735640
   -0.0044192803
   -0.0068793097
   -0.0012398583
   -0.0076938312
   -0.0048723016
   -0.0051973996
   -0.0063143791
    0.0003240445
   -0.0089297981
   -0.0011326511
   -0.0017719802
   -0.0085846126
   -0.0034110687
    0.0029505318
   -0.0022643717
    0.0023584358
   -0.0055147706
    0.0266389500
   -0.0094302191
   -0.0069255497
   -0.0003596149
   -0.0087247380
   -0.0014317835
   -0.0041279174
   -0.0051464201
   -0.0044741649
   -0.0045304524
    0.0000127031
   -0.0018968458
   -0.0080552046
   -0.0038775464
    0.0016911451
   -0.0050497351
   -0.0073646309
   -0.0093469672
   -0.0002594062
   -0.0083193960
   -0.0000312126
   -0.0059660321
   -0.0093887397
   -0.0035891718
    0.0145177761
   -0.0079831079
   -0.0043183213
    0.0026385264
   -0.0061744971
   -0.0039579385
   -0.0042338526
   -0.0016362774
    0.0104121036
   -0.0022277982
   -0.0023163731
   -0.0028410422
   -0.0031757715
   -0.0052438589
   -0.0084065247
   -0.0035975610
   -0.0059378767
   -0.0048714872
    0.0083479074
   -0.0015696827
   -0.0081758099
   -0.0037860321
    0.0262313746
   -0.0045499098
   -0.0045068604
   -0.0001415462
   -0.0047618897
   -0.0088825070
   -0.0034095220
   -0.0020736470
   -0.0037091454
   -0.0035834949
   -0.0055747338
    0.0058511278
   -0.0017549780
    0.0152988408
   -0.0052132939
   -0.0093614739
   -0.0090703535
   -0.0074357903
   -0.0016994203
    0.0236989739
   -0.0057750900
   -0.0030705745
    0.0078395451
    0.0007576483
    0.0104865450
   -0.0034060994
   -0.0105139600
   -0.0013123150
    0.0058812317
   -0.0002120680
   -0.0046685830
   -0.0063222482
   -0.0081449808
   -0.0082826162
   -0.0024080338
   -0.0010882310
   -0.0025759287
   -0.0043432011
   -0.0056393118
    0.0262899475
   -0.0038204304
   -0.0017002223
   -0.0076680607
    0.0000127445
    0.0316678151
   -0.0000003438
    0.0044654649
   -0.0055439115
   -0.0033983206
   -0.0020614943
   -0.0053470487
   -0.0073528704
    0.0011282180
   -0.0030311913
   -0.0062790483
   -0.0037490133
    0.0073056357
   -0.0042483933
   -0.0042951001
   -0.0025805179
   -0.0082689534
   -0.0011826768
   -0.0025030139
   -0.0020305436
    0.0320375250
   -0.0028073106
   -0.0023140445
   -0.0033589461
   -0.0059089164
    0.0070779228
   -0.0038400689
   -0.0051666035
   -0.0007107602
   -0.0024353067
   -0.0108146196
   -0.0039431972
   -0.0021834093
   -0.0079409397
   -0.0034750105
    0.0050434833
   -0.0070910723
   -0.0121184300
   -0.0011666278
   -0.0085454380
   -0.0074632415
    0.0220917812
   -0.0045988584
   -0.0094285921
    0.0082583216
   -0.0046712390
   -0.0044037689
   -0.0044354656
   -0.0046748599
    0.0237536637
    0.0042982738
   -0.0025629843
   -0.0078603650
   -0.0092664556
    0.0117271455
   -0.0034647176
   -0.0061367429
   -0.0028645846
   -0.0055265137
    0.0059641824
   -0.0022954185
    0.0211216564
   -0.0056230202
   -0.0044283319
   -0.0049330418
   -0.0055027346
   -0.0035321410
   -0.0049181562
   -0.0089899971
    0.0005944762
   -0.0043211973
   -0.0052593443
   -0.0068307555
    0.0343830799
    0.0316417205
    0.0296608454
    0.0337609411
    0.0325685734
    0.0299905231
    0.0331829589
    0.0325289759
    0.0289453811
    0.0347654409
    0.0330934544
    0.0274787731
    0.0329343029
    0.0324365783
    0.0349463910
    0.0294222365
    0.0322614893
    0.0266032173
    0.0025863889
   -0.0053448477
   -0.0060345951
   -0.0005401518
   -0.0094871407
   -0.0071002969
   -0.0101242256
   -0.0057604641
    0.0348041888
    0.0053000571
   -0.0057997881
   -0.0046649274
   -0.0107110788
   -0.0077116266
   -0.0102727097
   -0.0108727017
   -0.0101296935
   -0.0006071624
   -0.0006834516
   -0.0049245100
   -0.0101067471
   -0.0036413365
    0.0007766956
   -0.0034672878
   -0.0060387816
   -0.0008013840
   -0.0093233610
    0.0155413121
   -0.0020839766
   -0.0103545502
   -0.0035555013
   -0.0103803626
   -0.0085793720
    0.0076151511
   -0.0042021541
   -0.0079504808
   -0.0032581129
    0.0204251614
   -0.0073743183
   -0.0011732522
   -0.0078146002
   -0.0106495400
   -0.0012904716
   -0.0075530079
   -0.0072179154
   -0.0050293230
   -0.0060802902
   -0.0087995536
    0.0058946855
   -0.0034571319
   -0.0051056492
    0.0238670662
   -0.0076268889
    0.0014913079
   -0.0068732842
   -0.0068718163
   -0.0006838665
   -0.0080729311
   -0.0070885883
   -0.0025333753
   -0.0059653963
   -0.0061734347
    0.0271859550
   -0.0059499935
   -0.0047326927
    0.0046155817
   -0.0082047832
    0.0107413386
   -0.0069115322
   -0.0058896681
    0.0224568162
   -0.0063233251
   -0.0086011594
   -0.0063399191
   -0.0055297880
   -0.0071351656
   -0.0085944662
    0.0129934428
   -0.0061710713
   -0.0016092712
   -0.0085164356
   -0.0066181434
   -0.0072342402
   -0.0061988935
   -0.0064536343
   -0.0072735691
   -0.0055190877
   -0.0073201354
   -0.0069196218
   -0.0066565903
   -0.0027897403
   -0.0083896437
   -0.0079555518
   -0.0077216828
    0.0029505812
   -0.0062351928
   -0.0043718430
   -0.0055602760
   -0.0018865080
   -0.0066608428
    0.0210403846
   -0.0064837811
   -0.0064329460
   -0.0030481865
   -0.0076948364
   -0.0068231024
   -0.0005048211
   -0.0085230943
    0.0031294951
   -0.0064294517
   -0.0081598554
   -0.0069125457
   -0.0048736101
   -0.0078784598
   -0.0085097035
   -0.0067210621
   -0.0056120365
   -0.0033907798
   -0.0046544496
   -0.0091216476
   -0.0099434319
   -0.0063849004
   -0.0102260129
   -0.0109291025
   -0.0109431848
   -0.0115986827
   -0.0100168194
   -0.0013974469
   -0.0117445518
   -0.0092339517
   -0.0098784301
   -0.0081739505
   -0.0104643557
   -0.0100710950
   -0.0114874551
   -0.0095418978
   -0.0106103240
   -0.0118998918
   -0.0124592982
   -0.0083841824
   -0.0096312341
   -0.0103015066
   -0.0109114432
   -0.0114061999
   -0.0103170626
   -0.0072285983
   -0.0109363171
   -0.0088524224
   -0.0043580851
   -0.0101091670
   -0.0099226635
   -0.0072534412
   -0.0102641631
   -0.0092613405
   -0.0006996301
   -0.0080860079
   -0.0109685228
   -0.0114774505
   -0.0100087586
   -0.0110058982
   -0.0100813232
   -0.0090528575
   -0.0073852114
   -0.0101352675
   -0.0106434959
   -0.0110727110
   -0.0106345272
   -0.0038004014
   -0.0061532181
   -0.0114640082
   -0.0113334780
   -0.0057654599
   -0.0071463440
   -0.0108039671
   -0.0071157303
   -0.0085195565
   -0.0055389750
   -0.0097511854
    0.0304149967
    0.0277911497
    0.0298601225
    0.0294646771
    0.0278419860
    0.0297154972
    0.0279750030
    0.0281398410
    0.0281748941
    0.0295058675
    0.0290280561
    0.0276941372
    0.0303290186
    0.0301559474
    0.0294133938
    0.0253342074
    0.0118191105
    0.0227307149
    0.0186044829
    0.0247571483
    0.0253963132
    0.0228593550
    0.0228944741
    0.0249668009
    0.0147289098
    0.0224511770
    0.0206314977
    0.0084516556
    0.0155190545
    0.0168085421
    0.0181580206
    0.0143783712
    0.0234164990
    0.0169198201
    0.0239467525
    0.0110952628
    0.0165328600
    0.0227104509
    0.0213622228
    0.0235099235
    0.0182167625
    0.0199912610
    0.0198758829
    0.0276263390
    0.0251943097
    0.0227701941
    0.0080961213
    0.0179912860
    0.0219200321
    0.0188916291
    0.0158921858
    0.0260489144
   -0.0048842787
   -0.0004720365
    0.0061107471
   -0.0056824786
    0.0094169045
    0.0025024429
    0.0071639779
   -0.0008181647
   -0.0061897791
    0.0043054919
   -0.0067241340
   -0.0031910066
    0.0125759639
    0.0078880699
    0.0043205824
    0.0010503034
   -0.0034670188
   -0.0016743899
   -0.0029023452
   -0.0007985652
   -0.0039373005
   -0.0030315085
   -0.0009660017
   -0.0014335547
   -0.0046757238
    0.0029125561
   -0.0021345826
    0.0017045103
    0.0026151811
   -0.0029972409
   -0.0040630365
    0.0077373638
   -0.0010650083
    0.0102366571
   -0.0036356457
    0.0122220119
   -0.0026567674
    0.0139976461
    0.0039144357
    0.0048507966
    0.0108911642
    0.0033902137
   -0.0040175269
   -0.0003792208
   -0.0040254129
   -0.0007663198
   -0.0030175691
   -0.0036049985
   -0.0032757903
   -0.0033538294
   -0.0048000820
   -0.0035361199
   -0.0020216090
   -0.0001910292
    0.0113368302
   -0.0035773497
   -0.0021035783
   -0.0027167749
    0.0053140798
    0.0004944032
    0.0004946356
   -0.0024767330
    0.0059130079
   -0.0038667326
    0.0017975459
   -0.0023963241
   -0.0039774998
    0.0154595102
    0.0157662809
   -0.0000770687
    0.0017579250
    0.0000867445
   -0.0031295999
   -0.0025006135
   -0.0019786686
    0.0169759812
    0.0028403530
   -0.0030158819
   -0.0018003744
   -0.0037762348
   -0.0042688084
   -0.0049978153
   -0.0017683030
   -0.0028973462
    0.0102312050
   -0.0000281696
    0.0065351344
   -0.0037634965
    0.0036209265
   -0.0014511815
    0.0053524875
    0.0066694870
   -0.0032240679
    0.0003307704
   -0.0033293492
    0.0000304554
   -0.0017856836
    0.0017541703
    0.0036880464
    0.0053228209
    0.0048944420
   -0.0041796281
    0.0028647499
    0.0005562466
   -0.0048380588
   -0.0027656015
   -0.0025268471
   -0.0067139075
   -0.0058450770
   -0.0002428408
   -0.0002386146
   -0.0053603426
   -0.0020609980
    0.0026254993
    0.0034410945
   -0.0060522085
   -0.0022223620
   -0.0020691466
   -0.0016533072
    0.0042362044
   -0.0061218143
    0.0104284069
   -0.0050483422
   -0.0026642152
   -0.0055391020
   -0.0015169492
   -0.0038194429
    0.0043452775
   -0.0052246451
   -0.0046359752
    0.0020308569
   -0.0042374689
    0.0040533449
   -0.0028823555
    0.0050613842
    0.0129976101
   -0.0057431594
   -0.0025528469
   -0.0058406535
   -0.0041863510
    0.0063910201
   -0.0013798994
   -0.0070419849
    0.0079986421
   -0.0009915710
    0.0098825144
   -0.0062208944
    0.0011067727
   -0.0033396565
   -0.0027041543
   -0.0056723587
   -0.0065667766
   -0.0047344964
   -0.0052399060
   -0.0041263689
    0.0017381101
   -0.0054492714
    0.0100624768
    0.0035632937
   -0.0045418875
    0.0045875816
   -0.0030276418
    0.0195578835
    0.0235710394
    0.0166809741
   -0.0018949701
   -0.0016708373
   -0.0018504404
   -0.0028171354
   -0.0076377923
   -0.0024675438
   -0.0087786193
   -0.0020037360
   -0.0032021699
   -0.0007503704
    0.0208505918
    0.0010998871
   -0.0046712218
   -0.0072700786
   -0.0055573579
    0.0001021421
   -0.0051207298
    0.0069823804
   -0.0067800708
   -0.0029846098
   -0.0027400944
   -0.0044648097
   -0.0027937364
   -0.0003498026
   -0.0085082894
   -0.0015980457
   -0.0031758662
   -0.0024894812
   -0.0010813603
   -0.0045345527
   -0.0018455219
   -0.0049410175
   -0.0063448980
   -0.0050598902
    0.0019381993
   -0.0013570498
   -0.0012092153
   -0.0056486893
   -0.0011263780
   -0.0008871823
   -0.0093550845
   -0.0032113828
   -0.0017290107
   -0.0026659682
    0.0004306279
   -0.0060071899
   -0.0024140474
   -0.0060576231
    0.0015302418
   -0.0083661388
   -0.0038828962
   -0.0024855374
   -0.0017910972
   -0.0026327541
   -0.0034005965
   -0.0071764554
   -0.0039480816
   -0.0058895671
   -0.0049471777
   -0.0019685045
   -0.0027672454
   -0.0061506486
   -0.0065361207
   -0.0065161845
    0.0095777096
   -0.0033355751
    0.0129164187
    0.0021584864
   -0.0007315411
   -0.0028310328
   -0.0062708336
    0.0003231267
   -0.0023576176
   -0.0030687557
    0.0005944187
   -0.0014348221
   -0.0046794256
   -0.0023888213
   -0.0012179079
   -0.0038499070
    0.0092519155
   -0.0076224142
   -0.0032510637
   -0.0022472961
   -0.0031874122
    0.0158167140
   -0.0022227852
   -0.0022639234
   -0.0076874890
   -0.0076641160
   -0.0037236334
   -0.0046063454
   -0.0026828893
   -0.0020733244
   -0.0072800446
   -0.0038809032
   -0.0023918917
    0.0194248934
   -0.0078394242
   -0.0026637406
   -0.0032214591
   -0.0039663284
   -0.0018192690
   -0.0015171729
   -0.0041138539
    0.0143063700
   -0.0020770182
   -0.0040603236
   -0.0017571303
   -0.0021666050
    0.0032791839
   -0.0079820109
   -0.0023270882
   -0.0009977823
   -0.0020264283
   -0.0028943274
    0.0029903048
   -0.0074253309
   -0.0058919934
   -0.0030573611
    0.0049508822
   -0.0072789668
   -0.0035784368
    0.0032414013
   -0.0053488432
    0.0033590893
   -0.0062582983
    0.0029192584
    0.0150237942
    0.0002217259
   -0.0039667331
   -0.0087137215
   -0.0008396660
   -0.0086312794
   -0.0024515679
   -0.0054034155
   -0.0018907651
   -0.0012419870
   -0.0072975154
   -0.0019566834
   -0.0051414661
   -0.0019614400
   -0.0002550143
   -0.0073925728
   -0.0088531393
   -0.0046751689
   -0.0021773448
   -0.0021392573
   -0.0054480072
    0.0102435206
   -0.0084551349
   -0.0054922626
   -0.0060384564
   -0.0045849777
   -0.0067248526
   -0.0030268794
   -0.0013879662
   -0.0012794719
   -0.0025528510
    0.0019241575
   -0.0021711996
   -0.0027896758
   -0.0029769360
    0.0082750663
   -0.0024905299
   -0.0052495842
   -0.0019236814
   -0.0024894584
   -0.0066016757
   -0.0081816163
   -0.0009698556
   -0.0017940580
    0.0046854131
   -0.0003651808
   -0.0087610062
   -0.0016994187
   -0.0039796843
   -0.0066002636
   -0.0010113721
   -0.0052786959
   -0.0084843626
    0.0141119729
   -0.0038030136
   -0.0044544253
   -0.0065094799
   -0.0068529650
   -0.0031947756
   -0.0026445611
   -0.0030590169
   -0.0027347590
   -0.0057545037
   -0.0026139953
    0.0077396810
   -0.0053922130
   -0.0051436760
   -0.0077178363
   -0.0092587282
   -0.0040238962
   -0.0064247782
   -0.0050389832
   -0.0034985479
   -0.0013790198
   -0.0049475686
   -0.0054896996
   -0.0064565996
   -0.0063425962
   -0.0038421155
   -0.0069709206
   -0.0096893409
   -0.0038866657
    0.0008711850
   -0.0009421807
   -0.0086790252
   -0.0039580881
   -0.0021383528
   -0.0016783608
   -0.0032532348
   -0.0050834808
   -0.0052227858
   -0.0067900691
   -0.0039406161
   -0.0029681785
   -0.0013729306
    0.0004261238
    0.0043116303
   -0.0091642853
   -0.0047463933
    0.0078146959
   -0.0044519622
    0.0066313752
   -0.0030184777
   -0.0075452700
    0.0154538140
    0.0006396555
   -0.0024311234
   -0.0009122438
   -0.0011051631
   -0.0043355056
    0.0042448846
   -0.0076964592
   -0.0016769641
   -0.0042359170
   -0.0025309279
   -0.0040233044
   -0.0070906950
    0.0225313863
    0.0252568311
    0.0257969576
    0.0220382819
    0.0257238557
    0.0205776150
    0.0241635266
    0.0226851484
   -0.0046834138
   -0.0031917414
   -0.0077848494
    0.0004164487
   -0.0057915559
   -0.0053046506
    0.0091778382
   -0.0027188654
   -0.0021698750
   -0.0009217109
   -0.0042246994
   -0.0072864709
    0.0009755606
    0.0058325665
    0.0010277906
   -0.0048193635
    0.0138825354
   -0.0083478332
   -0.0058370241
   -0.0039845154
   -0.0044592154
   -0.0050488331
   -0.0037811859
   -0.0030839866
   -0.0068271007
   -0.0077342965
   -0.0088418651
   -0.0056120784
   -0.0083190099
   -0.0017245441
   -0.0017179499
   -0.0088747323
   -0.0055656398
   -0.0068561183
   -0.0088651702
   -0.0063303935
   -0.0063659115
   -0.0043511060
   -0.0058327075
   -0.0086592529
   -0.0068357792
   -0.0067210756
   -0.0076038818
   -0.0062204022
   -0.0072418477
   -0.0082252988
   -0.0056606787
   -0.0054049538
   -0.0083626794
   -0.0052926798
   -0.0074675044
    0.0099222335
   -0.0076627618
   -0.0053262701
   -0.0068144157
   -0.0018656658
   -0.0037905240
   -0.0080057475
   -0.0083012196
   -0.0057912396
   -0.0071599914
   -0.0072870646
   -0.0045097230
   -0.0048421674
   -0.0056051187
   -0.0025776038
   -0.0093100590
    0.0010640046
    0.0041727472
   -0.0035383094
   -0.0086764929
   -0.0037084386
   -0.0053028269
    0.0145111821
   -0.0030696942
    0.0219436840
   -0.0086405253
   -0.0062972416
   -0.0065122249
    0.0036203190
   -0.0061501526
   -0.0061175827
   -0.0054239498
   -0.0021888288
    0.0073732281
   -0.0045723667
   -0.0060387169
   -0.0028660664
   -0.0047153539
    0.0031795644
    0.0081926006
   -0.0049570971
   -0.0034033181
   -0.0033714766
   -0.0012078937
   -0.0031828059
   -0.0064188223
   -0.0068013796
   -0.0010843171
   -0.0050135032
   -0.0049362777
   -0.0036085878
   -0.0042428624
    0.0007180789
   -0.0026346873
   -0.0065251808
   -0.0049847038
   -0.0048481377
   -0.0059023788
   -0.0068911738
   -0.0068907651
   -0.0008694733
   -0.0061906468
    0.0020593004
   -0.0067221943
   -0.0031627441
    0.0082171630
   -0.0066090017
   -0.0052329063
    0.0052349870
   -0.0035241667
   -0.0059855223
   -0.0058181831
   -0.0031775202
   -0.0067618524
   -0.0052601686
   -0.0068622020
   -0.0019658364
   -0.0041656272
   -0.0002135788
    0.0196037693
   -0.0054521824
   -0.0067536969
   -0.0018438225
   -0.0052469944
   -0.0054292168
   -0.0061894051
   -0.0052229734
   -0.0052233073
   -0.0048041080
   -0.0057461087
   -0.0052832490
   -0.0014762353
   -0.0000640904
   -0.0051862779
   -0.0057426043
   -0.0022112909
   -0.0044081007
    0.0021373625
   -0.0061563255
   -0.0032586645
   -0.0049046215
   -0.0045780342
   -0.0049069849
   -0.0056995040
   -0.0068171709
   -0.0039592674
   -0.0054591043
    0.0016594571
   -0.0038305983
   -0.0053966292
   -0.0064955176
   -0.0041267717
   -0.0038215291
   -0.0061144749
   -0.0069989015
   -0.0088764374
   -0.0060586371
   -0.0085437612
   -0.0085964099
   -0.0085285991
   -0.0043952688
   -0.0091013092
   -0.0093314727
   -0.0089195603
   -0.0093990489
   -0.0060819677
   -0.0059243247
   -0.0064594878
   -0.0092602742
   -0.0066268246
   -0.0090728066
   -0.0074022567
   -0.0098527966
   -0.0034857504
   -0.0087887888
   -0.0084908442
   -0.0095044648
   -0.0097789075
   -0.0041140837
   -0.0085427043
   -0.0097911628
   -0.0051942638
   -0.0085790721
   -0.0054152526
   -0.0090835677
   -0.0095719597
   -0.0093474557
   -0.0084230217
   -0.0080361292
   -0.0033638089
   -0.0080538503
   -0.0099623067
   -0.0077047362
   -0.0053375399
   -0.0081227502
   -0.0073504043
   -0.0073025911
   -0.0098919098
   -0.0083545937
   -0.0095822372
   -0.0082563000
   -0.0067185419
   -0.0041142708
   -0.0086633951
   -0.0097842683
   -0.0049482094
   -0.0077962053
   -0.0068540357
   -0.0074858195
   -0.0080849230
    0.0251218798
    0.0220854975
    0.0242669316
    0.0247751079
    0.0251902111
    0.0222395806
    0.0235976633
    0.0228651548
    0.0228347893
    0.0233940418
    0.0231510612
    0.0243320649
    0.0240886577
    0.0239702525
    0.0231433377
    0.0120435564
    0.0162939823
    0.0224567690
    0.0072772195
    0.0159963496
    0.0148548824
    0.0184881960
    0.0227775801
    0.0072999400
    0.0150451419
    0.0181801940
    0.0157110790
    0.0097799870
    0.0119253394
    0.0165419307
    0.0210397737
    0.0132029030
    0.0089467748
    0.0060079111
    0.0127587268
    0.0103113122
    0.0205430475
    0.0212928010
    0.0226857301
    0.0151627141
    0.0237598094
    0.0223702085
    0.0160261171
    0.0202012636
    0.0208959979
    0.0047887614
    0.0182913313
    0.0152851404
    0.0117343527
    0.0208318373
    0.0136371198
    0.0129139775
    0.0219997864
    0.0121996669
    0.0068614939
    0.0148243783
    0.0135390089
    0.0210940788
    0.0156442271
    0.0074936277
    0.0237405768
    0.0091814134
    0.0131001418
    0.0133633060
    0.0160201997
    0.0136465723
    0.0182977887
    0.0201543712
    0.0191383420
    0.0202434732
    0.0000539750
    0.0045314428
    0.0020572674
    0.0061226450
    0.0012823695
   -0.0012262080
    0.0082674469
    0.0025375882
    0.0107326421
   -0.0030702183
    0.0071158157
    0.0056132219
   -0.0019266044
    0.0034954853
    0.0011477078
    0.0076989403
   -0.0010979052
   -0.0027215020
   -0.0023404876
    0.0003586002
    0.0020538694
   -0.0024617968
    0.0005968670
    0.0130127176
    0.0137290011
   -0.0019830651
   -0.0030592755
   -0.0020384779
    0.0071326041
    0.0067861948
   -0.0007486409
   -0.0012290417
    0.0000709152
    0.0003460051
    0.0036559882
    0.0003786429
   -0.0025784359
   -0.0015250359
   -0.0002600195
    0.0009360630
   -0.0012631401
    0.0037449454
   -0.0015290910
   -0.0038580018
    0.0117552436
   -0.0012300125
   -0.0009819329
   -0.0019162349
   -0.0034746618
    0.0096846919
   -0.0024956842
   -0.0038054812
   -0.0003290388
    0.0054214944
    0.0012043458
    0.0053189770
    0.0008427090
    0.0051457904
   -0.0018385382
    0.0006594547
    0.0009318776
   -0.0013974976
   -0.0022557975
   -0.0013901364
    0.0024780824
   -0.0042440091
    0.0001264753
    0.0021769682
    0.0030699077
   -0.0004632565
   -0.0010538667
   -0.0030487034
   -0.0016337364
   -0.0020488484
   -0.0017505165
    0.0061546934
   -0.0025994129
    0.0011384295
   -0.0027683383
   -0.0004002777
    0.0052401327
   -0.0008734436
   -0.0006633689
   -0.0021801535
    0.0010984461
    0.0009063479
   -0.0000935571
    0.0013760075
    0.0148664988
   -0.0013097286
    0.0003500848
    0.0091234256
    0.0098725307
   -0.0020823965
   -0.0014587176
   -0.0012718120
   -0.0014593597
    0.0003471051
   -0.0011217848
    0.0049476777
   -0.0005879139
    0.0056539417
    0.0003822958
    0.0042954599
    0.0032087983
    0.0019911279
   -0.0019405445
    0.0025553362
    0.0039054288
   -0.0027271134
    0.0018128228
   -0.0017066473
   -0.0041739789
    0.0062690926
    0.0011012835
   -0.0026735476
    0.0098103868
    0.0068697170
    0.0004603502
   -0.0011581916
   -0.0040969428
   -0.0026615380
   -0.0053390558
    0.0047688067
   -0.0018875736
    0.0040657448
    0.0049849606
   -0.0023126455
   -0.0020253493
   -0.0047692326
   -0.0039764939
   -0.0016373205
   -0.0031191145
    0.0023531581
    0.0045401890
    0.0009489324
   -0.0021997711
   -0.0008336535
   -0.0011568560
    0.0026227372
   -0.0034327146
   -0.0023278302
    0.0006013872
   -0.0026621440
    0.0012037564
   -0.0028720853
   -0.0026049561
    0.0050177147
   -0.0017834986
   -0.0037546292
    0.0089099628
   -0.0013956981
   -0.0001689241
   -0.0015149547
   -0.0030083720
   -0.0033848486
   -0.0039615600
   -0.0044059074
   -0.0046739802
   -0.0018649638
    0.0074396753
   -0.0026174995
    0.0059494518
    0.0049703437
   -0.0032894848
    0.0048516286
    0.0005768082
   -0.0002805913
    0.0044086239
    0.0057890699
    0.0105534519
    0.0039312138
   -0.0026378986
   -0.0048810461
   -0.0023029690
   -0.0042420820
   -0.0017397599
   -0.0044622899
   -0.0006608001
    0.0069371717
    0.0185209456
    0.0173211977
   -0.0035921815
   -0.0034986025
   -0.0029328318
   -0.0030237210
    0.0136057637
   -0.0024999638
   -0.0046566985
   -0.0066535855
    0.0052858069
   -0.0018525830
   -0.0055982235
   -0.0007014780
    0.0118315509
   -0.0015831796
    0.0008984023
    0.0009687035
    0.0174142201
   -0.0028628334
   -0.0022742941
   -0.0031029017
   -0.0014723310
   -0.0022317460
   -0.0040803000
   -0.0015576288
   -0.0068055771
    0.0073943307
   -0.0026503748
    0.0015955274
   -0.0034118717
    0.0065483369
    0.0000683918
   -0.0016803528
   -0.0063245523
   -0.0034144750
   -0.0051724573
   -0.0010662527
   -0.0025980469
   -0.0045042156
   -0.0034014478
   -0.0060731237
    0.0033023651
   -0.0011938471
   -0.0049441138
   -0.0033358195
   -0.0060352292
   -0.0017441601
    0.0002234956
   -0.0017575856
   -0.0073487520
   -0.0019350220
   -0.0033176408
   -0.0028740999
    0.0013985023
   -0.0043084148
   -0.0029846232
    0.0013168470
   -0.0066291827
   -0.0062426795
   -0.0018972810
    0.0100464386
    0.0005625036
   -0.0015677939
   -0.0011528923
   -0.0056551721
    0.0035706728
   -0.0076428504
   -0.0011608171
   -0.0016239018
    0.0019521363
   -0.0042214219
   -0.0043865112
   -0.0051260849
   -0.0020210357
   -0.0038662920
   -0.0066809176
   -0.0036025643
   -0.0027465809
   -0.0036909494
   -0.0057519152
   -0.0044897288
   -0.0017586419
   -0.0016238243
   -0.0083131492
   -0.0017534771
   -0.0014201562
   -0.0023841059
   -0.0019112803
   -0.0018282151
   -0.0067066376
   -0.0044241160
   -0.0012488085
   -0.0020758468
   -0.0023912178
   -0.0020994452
   -0.0018699417
   -0.0034248493
   -0.0053366740
    0.0007261676
   -0.0020198785
    0.0088642632
   -0.0073971254
    0.0064188590
    0.0036135944
    0.0034284904
   -0.0022848672
   -0.0012857554
    0.0092345447
   -0.0030034074
   -0.0029689433
   -0.0056866669
   -0.0018810914
   -0.0048821774
   -0.0014348295
   -0.0049291528
   -0.0011632823
   -0.0001275333
    0.0019534109
   -0.0051757921
   -0.0000948668
    0.0040553794
   -0.0052830270
    0.0004290215
   -0.0015029867
    0.0197954042
    0.0108106006
   -0.0010926374
   -0.0017518137
   -0.0004515979
   -0.0019797357
   -0.0038242091
    0.0003906289
   -0.0027938272
   -0.0029566832
   -0.0015108472
   -0.0044303913
   -0.0030611558
   -0.0070245759
   -0.0044977801
   -0.0056941593
   -0.0010771269
    0.0019052894
   -0.0015698676
   -0.0014018350
   -0.0030236283
   -0.0020861430
    0.0075316618
   -0.0027522078
   -0.0015171128
   -0.0064897000
   -0.0020198410
   -0.0044330440
   -0.0035290161
   -0.0012621447
   -0.0027314222
   -0.0018347723
    0.0045029682
    0.0022539987
   -0.0005819509
   -0.0011931721
   -0.0054250270
    0.0002149435
    0.0003610529
   -0.0040792445
   -0.0060262631
   -0.0013555307
   -0.0018674770
   -0.0030345535
   -0.0055418363
   -0.0028745177
    0.0055785583
    0.0046702849
   -0.0031218979
   -0.0002928772
   -0.0038062312
   -0.0025395869
   -0.0013415436
   -0.0020537650
   -0.0019665100
   -0.0018633748
    0.0002867958
    0.0065114718
   -0.0001060226
   -0.0066871702
   -0.0019872444
   -0.0023802776
   -0.0054921271
   -0.0041396773
   -0.0020662818
   -0.0013716355
   -0.0046669209
    0.0010444722
   -0.0051282655
   -0.0082142756
   -0.0068501250
   -0.0025645975
   -0.0014912860
    0.0121562050
   -0.0024703878
   -0.0005058248
   -0.0052493524
   -0.0050395699
    0.0176484454
   -0.0071100317
    0.0023707022
   -0.0022122839
   -0.0032793863
   -0.0026047566
   -0.0022737159
   -0.0034918180
   -0.0017721885
    0.0139391724
   -0.0040184658
   -0.0014933948
   -0.0051362915
   -0.0017099353
   -0.0050776129
    0.0099720251
   -0.0015948184
   -0.0029151815
   -0.0016941581
    0.0008864789
   -0.0019559690
    0.0019555881
   -0.0013335401
   -0.0024129199
   -0.0034010805
   -0.0012022924
   -0.0014692541
    0.0019747911
    0.0111772687
   -0.0062588628
    0.0069909221
    0.0056211887
   -0.0020849167
   -0.0019180693
   -0.0076039787
    0.0003412186
    0.0014644829
    0.0017382425
   -0.0020204218
   -0.0021550528
    0.0013842317
   -0.0014375930
    0.0042562542
    0.0155726513
   -0.0063164438
   -0.0010809082
   -0.0022874333
   -0.0060063512
   -0.0015420588
   -0.0013946323
   -0.0014831793
   -0.0010690403
   -0.0079611840
   -0.0022994794
    0.0098531386
    0.0021691916
   -0.0036441213
    0.0037692737
   -0.0058775812
   -0.0016375313
    0.0017817199
   -0.0018611715
   -0.0035408097
   -0.0021935550
    0.0009055973
    0.0001438811
   -0.0015220239
   -0.0024795493
   -0.0050144838
   -0.0020326787
    0.0171346419
   -0.0039031713
   -0.0051989296
   -0.0039494495
   -0.0048413517
   -0.0044439526
   -0.0012861667
   -0.0063166172
   -0.0030983725
   -0.0016235414
   -0.0019046534
   -0.0063485227
   -0.0042343098
   -0.0013966212
   -0.0073424874
   -0.0048143114
   -0.0031865088
   -0.0045732985
   -0.0016009182
   -0.0036366431
   -0.0013930430
   -0.0073742231
   -0.0023462776
   -0.0054273486
   -0.0029307893
   -0.0033351362
   -0.0044124883
   -0.0016382596
    0.0021392332
   -0.0010414942
   -0.0011042965
   -0.0072776425
   -0.0020943304
   -0.0014560158
   -0.0025665464
   -0.0026847594
   -0.0017371437
   -0.0040363837
   -0.0037954318
   -0.0016577006
   -0.0010476774
   -0.0028178017
   -0.0025238717
    0.0033945006
    0.0035235096
   -0.0010945168
   -0.0014488488
   -0.0041798545
   -0.0007239345
   -0.0001656579
   -0.0045186393
   -0.0017968545
   -0.0078969198
   -0.0013152247
   -0.0032585065
   -0.0022479720
   -0.0017404447
    0.0020103278
   -0.0015595755
    0.0074768988
    0.0042847270
   -0.0024951900
   -0.0024369280
   -0.0011918825
   -0.0051798823
   -0.0050843587
   -0.0050653160
   -0.0018702064
   -0.0023468751
   -0.0078675936
   -0.0032323325
   -0.0061881702
   -0.0021323769
    0.0021807399
   -0.0014620543
   -0.0019802613
    0.0034367054
   -0.0068758836
   -0.0005981080
   -0.0077466592
   -0.0021073503
   -0.0056824898
   -0.0017198999
   -0.0027237549
   -0.0004713730
   -0.0007434802
   -0.0010923366
   -0.0013912312
    0.0050759617
   -0.0038961940
   -0.0012004752
    0.0011334883
   -0.0020902880
   -0.0018581919
   -0.0062772520
   -0.0047718437
   -0.0019353021
   -0.0064901694
    0.0072038619
   -0.0012050274
   -0.0025023767
    0.0062891626
   -0.0019380718
   -0.0024468491
   -0.0048454105
   -0.0017733490
   -0.0033129176
   -0.0019379729
   -0.0063898958
   -0.0086289123
   -0.0015080051
    0.0001845686
   -0.0009158076
   -0.0024523715
   -0.0033533479
    0.0035509067
   -0.0067465973
   -0.0013245175
   -0.0013492419
    0.0048120933
   -0.0023885244
   -0.0042250839
   -0.0022634337
   -0.0047687862
   -0.0022320092
   -0.0041919481
   -0.0060371356
    0.0167658237
    0.0074087453
   -0.0016836796
   -0.0041657602
   -0.0055154164
   -0.0020232626
   -0.0024625751
   -0.0070222371
   -0.0027099986
   -0.0020840072
   -0.0005524522
   -0.0028667081
    0.0002611875
   -0.0031321242
    0.0012531207
    0.0173684512
    0.0198047508
    0.0197256388
    0.0193355299
    0.0175745190
    0.0182868039
    0.0164911806
    0.0165561618
   -0.0064478422
   -0.0055785223
   -0.0071134017
   -0.0049902661
   -0.0015889897
    0.0004514350
   -0.0078963691
    0.0006998844
   -0.0056673275
    0.0044234130
   -0.0024394126
   -0.0048113869
   -0.0051206381
   -0.0017673732
   -0.0055753507
   -0.0033475853
   -0.0049634495
   -0.0074558211
   -0.0053460831
   -0.0065364004
   -0.0073350167
   -0.0065886518
   -0.0034917673
   -0.0056207284
   -0.0006279619
    0.0043449502
   -0.0055582594
   -0.0061639317
    0.0051515045
   -0.0045688843
    0.0005925350
   -0.0042374338
    0.0079836919
   -0.0031045471
   -0.0073689669
   -0.0039146097
   -0.0045183734
   -0.0050462153
   -0.0056896890
   -0.0065644000
   -0.0042288490
   -0.0078399623
   -0.0071305206
   -0.0006400649
    0.0048130710
   -0.0069877564
    0.0144227452
   -0.0045427087
    0.0101170137
   -0.0009546108
   -0.0008705035
   -0.0029723155
   -0.0029962805
   -0.0042596432
    0.0041510404
   -0.0050525467
    0.0019740587
   -0.0040278359
   -0.0045381898
   -0.0050667371
   -0.0023742852
    0.0024567542
   -0.0027173880
   -0.0033769218
   -0.0052765294
   -0.0055728174
   -0.0052799253
   -0.0055643853
   -0.0056142330
    0.0029355885
   -0.0005831455
   -0.0002363877
   -0.0044754163
    0.0123070863
   -0.0039164569
   -0.0040197575
   -0.0035746291
    0.0019523481
   -0.0023720182
   -0.0051228346
   -0.0055190223
   -0.0015678180
   -0.0003675454
   -0.0041705096
   -0.0052716885
   -0.0052991128
   -0.0037878356
   -0.0043615016
   -0.0042422001
   -0.0039296346
   -0.0018830627
   -0.0055325566
   -0.0044608897
   -0.0039423183
   -0.0044230103
   -0.0050541873
    0.0050888906
   -0.0053805505
   -0.0040680812
   -0.0017579291
   -0.0048547788
   -0.0026979794
   -0.0032299890
   -0.0037047843
   -0.0040449418
   -0.0055162162
   -0.0054251149
   -0.0045410015
   -0.0044845131
   -0.0030972722
   -0.0048119599
    0.0031019062
   -0.0036123650
   -0.0015167512
   -0.0048223663
   -0.0033049024
   -0.0038814881
   -0.0040113722
   -0.0041237604
   -0.0030283509
    0.0076585890
   -0.0056016622
    0.0001774019
   -0.0056010171
   -0.0058311470
   -0.0017731215
    0.0047181675
   -0.0051578432
   -0.0054893665
   -0.0028576331
   -0.0010277451
   -0.0037803013
   -0.0015612349
   -0.0033910541
   -0.0033990763
   -0.0043992665
   -0.0038486143
   -0.0046373230
   -0.0043675774
   -0.0043093711
   -0.0062881620
   -0.0057122166
   -0.0023771051
   -0.0086640221
   -0.0060270703
   -0.0078152335
   -0.0062122500
   -0.0072817052
   -0.0061063650
   -0.0061023094
   -0.0061700795
   -0.0059281193
   -0.0073809628
   -0.0064624515
   -0.0047769144
   -0.0084657292
   -0.0063280551
   -0.0061658062
   -0.0078472078
   -0.0079234425
   -0.0069258680
   -0.0067767153
   -0.0081772515
   -0.0045914521
   -0.0055968326
   -0.0070929842
   -0.0059011535
   -0.0081278721
   -0.0057783590
   -0.0068379988
   -0.0054436586
   -0.0078713815
   -0.0074817357
   -0.0079116942
   -0.0069437285
   -0.0074676718
   -0.0058835672
   -0.0058545557
   -0.0066178949
   -0.0071114479
   -0.0064093908
   -0.0075631295
   -0.0081216223
   -0.0071842580
   -0.0056525091
   -0.0062514942
   -0.0083984339
   -0.0045985647
   -0.0055728837
   -0.0051377135
   -0.0061007010
   -0.0030101798
    0.0210093411
    0.0207633611
    0.0212793246
    0.0212935406
    0.0211929048
    0.0206159070
    0.0205451705
    0.0212618325
    0.0196928130
    0.0213422652
    0.0200735675
    0.0211427220
    0.0142537188
    0.0211105039
    0.0157049333
    0.0092649674
    0.0110877818
    0.0160655374
    0.0109868204
    0.0150180394
    0.0172712975
    0.0163202681
    0.0178833626
    0.0117948881
    0.0076327187
    0.0147932230
    0.0123073744
    0.0116645195
    0.0029439144
    0.0155297875
    0.0119740667
    0.0091154688
    0.0071977030
    0.0174984533
    0.0114135944
    0.0034615960
    0.0120813547
    0.0049687967
    0.0146630044
    0.0195074104
    0.0147704109
    0.0167878370
    0.0071459830
    0.0101614488
    0.0176299643
    0.0175656131
    0.0186541882
    0.0130430164
    0.0146158140
    0.0060357451
    0.0188916629
    0.0086871538
    0.0112971607
    0.0126447060
    0.0203080326
    0.0082495208
    0.0099079993
    0.0118184311
    0.0205902507
    0.0117729485
    0.0098367712
    0.0154492076
    0.0196943778
    0.0141634067
    0.0127582611
    0.0204548497
    0.0183948047
    0.0188749199
    0.0135113699
    0.0065020031
    0.0141397514
    0.0080244411
    0.0155556119
    0.0065975470
    0.0135921072
    0.0109951071
    0.0177935850
    0.0076314615
    0.0180107196
    0.0151778574
    0.0174914105
    0.0135266340
    0.0126427154
    0.0177733644
    0.0114227726
    0.0197322464
    0.0163762626
    0.0159473574
    0.0177219290
    0.0144214175
    0.0144070558
    0.0197371922
    0.0128831365
    0.0170518843
    0.0132702592
    0.0196099233
    0.0182478048
    0.0084352699
    0.0103156860
    0.0139394096
    0.0191445974
    0.0114846272
    0.0029753449
    0.0025116801
    0.0006648953
    0.0060378610
    0.0066488797
    0.0001386642
    0.0078361666
    0.0057626777
   -0.0002520393
   -0.0015091947
    0.0017669939
   -0.0030407042
   -0.0013896766
    0.0017679207
    0.0045532104
    0.0075183487
   -0.0019145936
   -0.0007732350
   -0.0007302649
    0.0018123039
   -0.0016544381
   -0.0007198285
   -0.0008754776
    0.0108544756
    0.0052381759
   -0.0025091500
   -0.0019347321
   -0.0019863532
   -0.0012273192
   -0.0019498694
   -0.0006100015
    0.0009687119
   -0.0016677685
    0.0033585744
   -0.0006597311
    0.0064537103
    0.0016340437
   -0.0001514079
   -0.0016656897
   -0.0011014016
    0.0054271943
    0.0050919270
    0.0098135964
    0.0018010653
    0.0017689375
   -0.0008770827
    0.0021603556
   -0.0006590530
    0.0010746006
   -0.0008923306
    0.0019611933
   -0.0003573012
   -0.0006607938
    0.0036275844
    0.0062288913
   -0.0009468144
    0.0011030755
    0.0031052856
   -0.0016947632
   -0.0015953452
   -0.0016842639
   -0.0022509279
    0.0072566872
   -0.0010694375
    0.0000001751
    0.0036177156
    0.0044750570
    0.0076432176
    0.0009619615
    0.0003718456
    0.0016878711
   -0.0004738173
   -0.0000431690
   -0.0000306167
   -0.0012355591
    0.0003325269
   -0.0009416333
    0.0010380160
    0.0066633611
    0.0024648388
    0.0015755065
    0.0013230037
   -0.0019921076
   -0.0010573902
   -0.0016948076
    0.0058059587
    0.0032398042
   -0.0023845664
   -0.0026793543
    0.0025198698
   -0.0014119548
    0.0044314981
   -0.0001586086
    0.0002942515
    0.0003146843
    0.0076080990
    0.0089011084
    0.0022752973
   -0.0027617677
   -0.0019544685
   -0.0031330107
   -0.0002904135
    0.0071592594
   -0.0024946384
    0.0069537612
   -0.0033358281
   -0.0005198885
   -0.0027134660
   -0.0009388774
   -0.0011111454
   -0.0012115830
   -0.0000267800
    0.0047257924
    0.0024094436
   -0.0026016192
   -0.0018702498
   -0.0011662834
    0.0004241921
   -0.0036748648
    0.0022317118
    0.0027108263
    0.0000350545
   -0.0002632462
   -0.0007454199
    0.0059822458
   -0.0015928666
    0.0029400904
    0.0017879235
   -0.0008328276
   -0.0010289521
   -0.0032040928
   -0.0032225940
   -0.0009064817
   -0.0012844234
    0.0002430428
    0.0015606348
   -0.0007089315
    0.0006380675
   -0.0016914727
   -0.0027472628
   -0.0001343712
   -0.0019863629
    0.0009599271
   -0.0028438312
   -0.0008659719
    0.0054672314
   -0.0023970621
   -0.0009773801
    0.0100239258
   -0.0022551328
   -0.0009682651
    0.0119509185
    0.0119547959
   -0.0039360094
   -0.0036747553
   -0.0036547565
   -0.0035646856
   -0.0034542630
   -0.0040807251
   -0.0034381339
    0.0112399132
   -0.0022172624
   -0.0014226516
    0.0009965979
    0.0015589047
   -0.0011046317
   -0.0037035842
    0.0024315081
    0.0003665195
   -0.0042395899
   -0.0013906805
   -0.0016774928
   -0.0058248612
   -0.0006896514
   -0.0025440457
   -0.0017996002
   -0.0012562833
   -0.0011817104
   -0.0013354619
   -0.0028600162
    0.0033928243
   -0.0001099054
    0.0098425040
   -0.0019122027
   -0.0048221502
    0.0024783942
    0.0054528121
   -0.0055209198
   -0.0012070671
    0.0036914715
   -0.0043363191
   -0.0029353400
   -0.0039238331
    0.0122191690
   -0.0015331532
   -0.0027555753
    0.0002017269
   -0.0012631203
    0.0013138471
    0.0029453350
    0.0055577678
   -0.0031774220
    0.0020350594
   -0.0046967452
    0.0014984245
   -0.0002301349
   -0.0014626382
   -0.0063717632
   -0.0007949113
   -0.0019552917
   -0.0015156228
   -0.0012738932
   -0.0038572586
   -0.0066594580
   -0.0012356568
   -0.0012532981
   -0.0042613595
   -0.0025145590
    0.0070671312
   -0.0018955351
   -0.0009086378
    0.0026240679
   -0.0028848388
    0.0012733554
   -0.0041378080
   -0.0039500289
   -0.0062323580
    0.0076318514
    0.0050698331
   -0.0013406049
    0.0019191451
   -0.0052398638
   -0.0034013916
    0.0029253230
    0.0125971244
   -0.0016713078
   -0.0026299856
    0.0000703438
   -0.0048319873
   -0.0012225613
   -0.0014762948
   -0.0037071397
   -0.0013497731
   -0.0031929931
   -0.0016300124
   -0.0025313675
   -0.0015280167
   -0.0013458232
   -0.0034535043
   -0.0012740204
   -0.0015644743
    0.0106738436
    0.0050964090
   -0.0040726878
    0.0075023112
    0.0001539640
   -0.0012036663
   -0.0063454410
   -0.0015493367
   -0.0014708087
   -0.0043911068
    0.0116821816
   -0.0012555912
   -0.0029030375
    0.0025929199
    0.0056095999
   -0.0071651757
   -0.0003608708
   -0.0003101280
   -0.0032766531
   -0.0027102246
   -0.0031423768
   -0.0035129608
   -0.0040717480
   -0.0052818968
   -0.0063810393
   -0.0054744595
   -0.0015444743
    0.0087606719
   -0.0000094391
   -0.0041085959
   -0.0046087607
   -0.0032517669
    0.0036068848
   -0.0049103939
   -0.0015626635
   -0.0013716834
   -0.0028327078
   -0.0016085651
   -0.0027132787
   -0.0044562216
   -0.0030126126
   -0.0017753346
   -0.0026471601
   -0.0022901409
   -0.0018424165
   -0.0006584531
   -0.0016779500
   -0.0049596630
   -0.0020479413
   -0.0041415789
   -0.0039931558
    0.0006489459
    0.0009949989
   -0.0013127438
   -0.0015663735
    0.0008897074
   -0.0003521897
   -0.0044579779
   -0.0034086648
    0.0008584209
   -0.0004546434
   -0.0036395986
   -0.0018708386
   -0.0004656543
   -0.0028916005
   -0.0020733708
   -0.0047638572
   -0.0032668163
   -0.0015233811
   -0.0049147296
   -0.0048750260
    0.0031512457
   -0.0020004682
    0.0006197043
   -0.0036025277
   -0.0019875483
   -0.0006128470
   -0.0068387964
   -0.0015685085
   -0.0020101752
   -0.0032698950
   -0.0025070176
    0.0024215473
   -0.0016912637
   -0.0012125427
   -0.0031884499
   -0.0014346616
    0.0022921929
    0.0020717076
    0.0019667020
   -0.0017421073
   -0.0059636906
   -0.0035834865
   -0.0046727802
   -0.0007558630
   -0.0036156153
   -0.0045301495
    0.0113383291
   -0.0044250643
    0.0042426039
    0.0141015892
   -0.0022454715
   -0.0027248117
   -0.0030111090
    0.0030132943
   -0.0028241765
   -0.0027664515
   -0.0027320586
   -0.0016998688
   -0.0018933081
   -0.0024385997
    0.0057986748
   -0.0013769638
   -0.0013222879
   -0.0007722869
   -0.0020376901
   -0.0015750685
   -0.0013756572
   -0.0038145935
   -0.0011726666
   -0.0050080525
   -0.0028938784
   -0.0009741000
   -0.0023531910
   -0.0035776666
   -0.0013938271
   -0.0006479834
   -0.0023835868
   -0.0020130559
   -0.0010791680
   -0.0035971224
    0.0038631528
   -0.0056318534
   -0.0038124095
   -0.0015399321
   -0.0032041120
   -0.0024245454
   -0.0012249908
   -0.0038629259
   -0.0016005785
   -0.0035360481
   -0.0020107319
   -0.0055636894
   -0.0054237006
   -0.0029619016
   -0.0013552911
    0.0006680194
   -0.0011201804
   -0.0030556097
    0.0009611982
    0.0081397751
   -0.0009963918
   -0.0060364165
    0.0005982192
   -0.0073062379
    0.0010431366
   -0.0018186747
    0.0001971127
   -0.0014573036
   -0.0027176438
   -0.0006935074
   -0.0050865693
   -0.0062227758
   -0.0034857746
   -0.0007722124
   -0.0035608200
   -0.0027410926
   -0.0029326142
    0.0052338307
    0.0075952634
   -0.0017488026
   -0.0015142764
   -0.0027756864
   -0.0015714592
   -0.0013915824
   -0.0011705379
    0.0044065180
   -0.0015978990
   -0.0013802668
   -0.0032870920
   -0.0009260100
   -0.0012163924
   -0.0028568504
    0.0000500996
    0.0007710777
   -0.0065024074
   -0.0014882602
   -0.0034999668
   -0.0007726707
   -0.0002406505
   -0.0025499075
   -0.0013351575
   -0.0016389643
    0.0011402785
   -0.0009786513
   -0.0034004665
   -0.0050097515
    0.0031544088
   -0.0013904573
    0.0056466340
   -0.0011071967
   -0.0051980690
   -0.0016879614
   -0.0017149593
    0.0020672298
    0.0013188533
   -0.0027652489
   -0.0014500770
   -0.0022431580
   -0.0036277787
   -0.0021616599
   -0.0015624523
    0.0003745659
   -0.0045007657
   -0.0021284165
   -0.0037438125
   -0.0022185185
   -0.0036448570
    0.0001920375
   -0.0013249251
   -0.0016018098
   -0.0006033045
    0.0035572906
    0.0054247400
    0.0085520787
   -0.0018797209
   -0.0039522339
   -0.0019144744
    0.0002868851
   -0.0053682220
   -0.0039977906
   -0.0005056546
   -0.0016796835
   -0.0028888801
   -0.0064125662
   -0.0031736092
   -0.0017776710
   -0.0029764371
    0.0141476248
   -0.0022921426
   -0.0012132136
    0.0016423963
   -0.0015858217
   -0.0027115499
   -0.0043850719
   -0.0011881589
   -0.0013525563
   -0.0041844010
   -0.0023614671
   -0.0012380084
   -0.0048864920
   -0.0012286318
   -0.0019446047
   -0.0020873064
   -0.0056881728
   -0.0014314835
   -0.0013232383
   -0.0012644143
    0.0028720007
    0.0001997088
   -0.0015269753
   -0.0021730031
    0.0022910226
   -0.0018014482
   -0.0023224570
   -0.0013767860
   -0.0061146464
   -0.0012482997
    0.0006555079
   -0.0013344353
   -0.0045174640
   -0.0072599239
   -0.0051381049
    0.0047532267
   -0.0042138885
   -0.0025255693
   -0.0026003642
   -0.0016308187
   -0.0069269702
    0.0071631308
   -0.0047567953
   -0.0012371455
    0.0062963341
   -0.0021979265
   -0.0013399752
    0.0056302956
   -0.0018496996
   -0.0012620453
   -0.0015090564
   -0.0024841671
   -0.0023279705
   -0.0021759785
   -0.0035170017
   -0.0020246298
    0.0021325484
   -0.0011665001
   -0.0036740229
   -0.0016657721
   -0.0011372760
   -0.0010849240
    0.0023340385
   -0.0016718587
   -0.0024545013
   -0.0022133632
   -0.0025567300
   -0.0019956484
   -0.0003182051
   -0.0017117441
   -0.0013591186
   -0.0023303779
   -0.0034271556
    0.0125560597
   -0.0037081822
   -0.0002995843
   -0.0038594734
    0.0014697247
   -0.0039870712
   -0.0008059907
   -0.0027447844
   -0.0017024304
   -0.0022375506
    0.0052350712
   -0.0014735937
   -0.0017957500
   -0.0020255899
    0.0013509992
   -0.0035220995
   -0.0020932052
   -0.0018129056
   -0.0041715075
   -0.0053062656
    0.0063311651
   -0.0038402121
   -0.0013074788
   -0.0031598152
   -0.0023549629
    0.0038659544
   -0.0013816421
   -0.0027744951
   -0.0016814987
   -0.0041745671
   -0.0023290570
   -0.0019997703
   -0.0015498228
   -0.0014035331
   -0.0019618280
   -0.0053535490
   -0.0020517486
    0.0016851853
   -0.0037053893
   -0.0050669356
   -0.0004612172
   -0.0047061922
   -0.0029165092
   -0.0008519056
   -0.0018270439
    0.0006383903
   -0.0013098042
   -0.0057565730
   -0.0018969169
    0.0001798293
    0.0088602152
   -0.0021130328
   -0.0042949823
   -0.0027077506
   -0.0056036373
   -0.0013231079
   -0.0015106327
   -0.0049195478
   -0.0040963992
    0.0002791077
   -0.0024620501
   -0.0044340549
   -0.0051379315
   -0.0025350381
   -0.0014814396
   -0.0038115348
   -0.0023387154
   -0.0012902803
   -0.0016813116
   -0.0030481435
   -0.0020354519
    0.0014679732
   -0.0018014906
   -0.0052551429
    0.0027833881
    0.0017090949
   -0.0051515024
    0.0108722298
   -0.0006257776
   -0.0027798282
   -0.0054473227
   -0.0039628506
   -0.0016080967
   -0.0011601257
   -0.0018637680
   -0.0021058548
   -0.0014162034
   -0.0010157349
   -0.0016829253
   -0.0012528208
   -0.0010144583
   -0.0016291364
   -0.0023140284
    0.0139370024
   -0.0034216898
   -0.0008674815
   -0.0054449749
   -0.0070983380
   -0.0021514674
   -0.0041073109
   -0.0066091960
    0.0006460376
    0.0029533223
   -0.0042845934
   -0.0064032061
   -0.0067923604
   -0.0037909757
   -0.0064329348
    0.0005091206
   -0.0053113806
   -0.0053633229
   -0.0061441247
    0.0061696930
   -0.0059731285
   -0.0040130208
   -0.0043193108
   -0.0045182982
   -0.0055398989
    0.0042891962
   -0.0058964026
   -0.0056060098
   -0.0026617642
   -0.0042533988
   -0.0025120425
   -0.0009297638
   -0.0051670144
   -0.0046521339
   -0.0040805569
   -0.0052072452
   -0.0050422461
   -0.0038749103
   -0.0062481316
   -0.0052214898
   -0.0011286810
   -0.0040766879
   -0.0033875582
   -0.0045388480
   -0.0054392445
    0.0007844873
   -0.0042430492
   -0.0062569358
   -0.0015856398
   -0.0067065605
   -0.0056949025
   -0.0046687627
   -0.0042017179
    0.0002343141
   -0.0023876569
   -0.0045234620
    0.0074715870
   -0.0021153314
   -0.0041442864
   -0.0046684877
   -0.0051261008
   -0.0043800693
   -0.0040782545
   -0.0034046773
   -0.0045908280
   -0.0014917789
   -0.0039131281
   -0.0047129715
   -0.0033826658
   -0.0045336137
   -0.0016748278
   -0.0037091804
   -0.0023405426
    0.0024156387
   -0.0038036443
   -0.0044729797
    0.0102576939
    0.0012728456
   -0.0032847105
    0.0004398260
   -0.0043999773
   -0.0046623102
   -0.0046156389
   -0.0030345883
   -0.0007581648
   -0.0033722060
    0.0023892062
   -0.0039199400
   -0.0023975675
   -0.0019386339
   -0.0019324481
   -0.0045102615
   -0.0044625984
   -0.0042618481
   -0.0012965048
   -0.0043539224
   -0.0017164828
   -0.0046657745
    0.0013130081
   -0.0042387344
   -0.0041593397
   -0.0006114476
    0.0022522026
   -0.0047360112
   -0.0038235352
   -0.0019776707
   -0.0037452078
   -0.0034687893
   -0.0039870656
   -0.0040911347
    0.0033144892
   -0.0040386203
   -0.0034163852
   -0.0032779782
   -0.0043028769
   -0.0040541574
   -0.0010890892
   -0.0040252525
   -0.0046753200
   -0.0012692491
   -0.0031501339
    0.0001271311
   -0.0019390338
   -0.0008901799
   -0.0037960368
   -0.0040845346
   -0.0019085248
   -0.0010923964
   -0.0039842073
   -0.0031550419
   -0.0032459039
    0.0033361951
   -0.0014392812
   -0.0047259628
   -0.0034839178
   -0.0050322343
   -0.0037997175
   -0.0008540593
   -0.0024305665
   -0.0042251174
   -0.0041555259
    0.0056169991
   -0.0046684482
   -0.0039981853
   -0.0045187331
   -0.0035755970
    0.0055284818
    0.0065871850
   -0.0014016218
   -0.0040833268
   -0.0034065464
   -0.0021527927
   -0.0064278495
   -0.0065808030
   -0.0037789660
   -0.0054002834
   -0.0047636881
   -0.0058892834
   -0.0057025847
   -0.0016797886
   -0.0051837602
   -0.0071953703
   -0.0041784858
   -0.0071407453
   -0.0063869932
   -0.0069712431
   -0.0058471145
   -0.0067997485
   -0.0057934100
   -0.0060758215
   -0.0032402571
   -0.0063833875
   -0.0048866278
   -0.0051140171
   -0.0054482442
   -0.0040763287
   -0.0013869900
   -0.0060165273
   -0.0055954189
   -0.0048507481
   -0.0030141928
   -0.0069876148
   -0.0056262368
   -0.0051663149
   -0.0049448364
   -0.0059282997
   -0.0051052236
   -0.0044323438
   -0.0061642910
   -0.0053338540
   -0.0043990229
   -0.0062070138
   -0.0066783370
   -0.0042680386
   -0.0054185297
   -0.0050068326
   -0.0064531065
   -0.0065885615
   -0.0052494238
   -0.0072133573
    0.0085679797
    0.0122834346
    0.0146152537
    0.0127091608
    0.0159131732
    0.0146266282
    0.0100536465
    0.0086670505
    0.0131182335
    0.0115879085
    0.0074588593
    0.0073412923
    0.0088688613
    0.0172955248
    0.0071205517
    0.0097512553
    0.0124938944
    0.0147318329
    0.0025284367
    0.0093054727
    0.0035041956
    0.0034426466
    0.0031253620
    0.0063639129
    0.0114419379
    0.0101985747
    0.0135107649
    0.0121376264
    0.0111067879
    0.0056090339
    0.0153297037
    0.0121006761
    0.0110923212
    0.0107852826
    0.0168624179
    0.0171860527
    0.0115083642
    0.0058946513
    0.0091734795
    0.0100309341
    0.0140390548
    0.0152029531
    0.0116635530
    0.0164638658
    0.0118032139
    0.0088675733
    0.0090245555
    0.0127576008
    0.0140441278
    0.0093494261
    0.0117057869
    0.0135247290
    0.0096250597
    0.0059783590
    0.0111817746
    0.0164903386
    0.0132372625
    0.0115428617
    0.0081609006
    0.0104149019
    0.0140066113
    0.0093344884
    0.0138749274
    0.0166727013
    0.0008352325
    0.0073160851
    0.0119629470
    0.0167682022
    0.0101969820
    0.0150041188
    0.0159363433
    0.0152637341
    0.0155502244
    0.0033302570
    0.0107565550
    0.0122572527
    0.0118895689
    0.0155681773
    0.0082755392
    0.0092921871
    0.0172005473
    0.0170126320
    0.0126043179
    0.0164949791
    0.0164158446
    0.0160848530
    0.0150976983
    0.0155852937
    0.0036861557
    0.0134307720
    0.0144037756
    0.0142318853
    0.0175273634
    0.0057422279
    0.0041477162
    0.0097867498
    0.0160265352
    0.0126723257
    0.0135510630
    0.0169756792
    0.0144634768
    0.0118652721
    0.0150764635
    0.0048678262
    0.0089671024
    0.0099117236
    0.0176824673
    0.0120165259
    0.0081196505
    0.0122786297
    0.0099346647
    0.0013242629
    0.0147324794
    0.0176871731
    0.0077530541
    0.0109127588
    0.0039987625
    0.0133249270
    0.0090196741
    0.0137733854
    0.0025418472
    0.0038543289
    0.0032876417
    0.0000213755
    0.0034901054
    0.0007927754
    0.0032577721
    0.0000286025
    0.0027402476
    0.0001951042
    0.0030692118
    0.0027987632
   -0.0015146605
   -0.0011504096
    0.0049761085
    0.0047093570
    0.0028585008
   -0.0006454675
    0.0073641499
    0.0028309709
   -0.0002752939
   -0.0019528698
   -0.0015213868
   -0.0013174337
    0.0019251670
    0.0037234387
    0.0028480292
    0.0015718304
   -0.0002896854
   -0.0005883291
   -0.0008361382
   -0.0003670265
    0.0047108489
    0.0016410411
   -0.0010123711
   -0.0005015999
   -0.0010587026
   -0.0007483913
   -0.0006603775
    0.0078757863
    0.0041147486
    0.0019336218
   -0.0007428058
    0.0010893893
    0.0035201791
    0.0004821249
   -0.0005757524
   -0.0001497118
    0.0009189409
   -0.0006506143
   -0.0007493963
    0.0010890495
    0.0033181402
    0.0037330971
   -0.0001517916
    0.0004565443
    0.0004391344
    0.0042051439
   -0.0018580087
    0.0000958748
    0.0031181559
   -0.0012390128
   -0.0002682209
   -0.0007864830
   -0.0010036989
   -0.0003063965
    0.0009443729
   -0.0001454829
    0.0021028239
    0.0004906159
    0.0003773043
    0.0026085987
   -0.0003016740
    0.0000620313
    0.0042740133
   -0.0022540755
    0.0003879268
    0.0028829258
    0.0036685163
    0.0037246141
    0.0034453762
   -0.0013756871
    0.0035621300
    0.0001965857
    0.0044089982
    0.0006430998
    0.0003855220
    0.0060102374
    0.0010885046
    0.0050801471
    0.0000907471
    0.0068082178
    0.0045192220
   -0.0008997856
    0.0008393134
    0.0010994058
    0.0030570981
   -0.0009530123
    0.0012824143
    0.0021647159
    0.0016857639
   -0.0010132299
    0.0035470527
    0.0022397942
    0.0012809171
   -0.0008945780
    0.0005763674
    0.0004354818
   -0.0006660793
    0.0022790168
    0.0016187788
    0.0064488625
   -0.0023904024
   -0.0007778636
   -0.0017619802
   -0.0014425073
   -0.0024293926
    0.0000160158
    0.0045745515
   -0.0009718923
   -0.0006298541
    0.0023645750
   -0.0012284989
    0.0035678786
   -0.0016449128
    0.0064911862
   -0.0026013730
    0.0014409333
   -0.0013569168
    0.0000821975
   -0.0019261754
   -0.0013692760
   -0.0016143943
    0.0002465526
   -0.0006653662
    0.0006261731
    0.0035232199
    0.0002254405
   -0.0017382039
   -0.0002750741
   -0.0019856363
   -0.0003370718
   -0.0021736562
    0.0030581381
    0.0004018430
    0.0013032913
   -0.0017159157
    0.0036955201
    0.0016006461
   -0.0003834299
    0.0007715039
   -0.0001507231
    0.0014748304
    0.0044021251
    0.0019046124
   -0.0023690203
   -0.0044860665
   -0.0035571902
   -0.0036466649
   -0.0035745504
   -0.0040179594
   -0.0036775436
    0.0029417284
    0.0066975452
   -0.0037891889
   -0.0037436029
   -0.0038235206
    0.0034101639
   -0.0014122371
   -0.0023941004
   -0.0024467255
   -0.0027039744
    0.0009627210
   -0.0026651462
   -0.0007111222
   -0.0013524045
   -0.0026713979
    0.0049406032
    0.0041550707
   -0.0046040346
   -0.0041867824
   -0.0014219522
   -0.0003721278
   -0.0047295973
   -0.0037289180
   -0.0004451452
   -0.0045020898
   -0.0030280737
   -0.0019935735
    0.0026524371
   -0.0021724865
    0.0004579869
   -0.0039084980
   -0.0006320387
    0.0051647158
   -0.0027379818
   -0.0034065614
    0.0048653427
   -0.0041520620
   -0.0016192119
   -0.0012244892
   -0.0031721925
   -0.0031984318
   -0.0054525627
   -0.0037264926
    0.0056670618
    0.0003663975
   -0.0033263315
   -0.0021622434
    0.0079322967
   -0.0014654689
   -0.0027371375
   -0.0006208615
   -0.0028689036
   -0.0003851056
    0.0047961710
   -0.0017559593
   -0.0011392750
   -0.0014493978
    0.0042482647
    0.0019664310
   -0.0060304018
   -0.0016552977
   -0.0005622860
   -0.0011727642
   -0.0016065155
   -0.0015964415
   -0.0045013232
   -0.0016089452
    0.0034788606
   -0.0006141625
   -0.0015478969
   -0.0013989174
    0.0024038920
    0.0007448258
   -0.0001135270
   -0.0042544785
   -0.0017479136
   -0.0030457240
   -0.0004645225
   -0.0015351970
    0.0036040910
    0.0015884112
   -0.0012251338
   -0.0029186410
   -0.0017352531
   -0.0058019989
    0.0049910631
   -0.0012749199
   -0.0028213579
   -0.0050287693
    0.0080779718
   -0.0015247301
   -0.0012404244
   -0.0025131824
   -0.0020940368
   -0.0033351819
   -0.0013271890
   -0.0014429757
    0.0074434553
   -0.0017943673
   -0.0011964982
    0.0068604081
    0.0024915657
   -0.0051132002
   -0.0058495852
   -0.0005072578
   -0.0023506138
    0.0050186149
   -0.0020801315
    0.0006405963
    0.0012328554
   -0.0033932844
   -0.0029101694
    0.0046442896
   -0.0030156326
   -0.0035965744
   -0.0024394821
   -0.0003162238
   -0.0031866585
   -0.0041511413
   -0.0021486482
   -0.0013247460
   -0.0059335316
   -0.0000836264
   -0.0014547417
   -0.0000538490
   -0.0002331146
    0.0069551184
   -0.0003335897
   -0.0052509905
   -0.0057458451
   -0.0013308722
   -0.0014971617
   -0.0038219941
    0.0082345420
   -0.0016972596
   -0.0016378417
   -0.0018736318
   -0.0019886890
   -0.0012992129
   -0.0013463963
   -0.0041582210
    0.0001135503
    0.0026363215
   -0.0019346325
   -0.0028269543
   -0.0006743269
   -0.0011314312
   -0.0014689837
   -0.0051780080
   -0.0013802158
   -0.0013058085
   -0.0037343508
   -0.0012393068
   -0.0007413804
   -0.0016088774
   -0.0036534268
    0.0001627915
   -0.0042502479
   -0.0019368414
   -0.0013097263
   -0.0007065193
   -0.0018761443
   -0.0031604894
   -0.0020181872
   -0.0053843583
   -0.0015541563
    0.0051189179
   -0.0011737349
   -0.0050533658
   -0.0012306783
   -0.0034194829
    0.0015610246
   -0.0013273235
   -0.0011756596
    0.0014316050
   -0.0022193387
   -0.0034627823
    0.0031512205
   -0.0036354828
   -0.0028719578
   -0.0012840120
   -0.0011978056
   -0.0045325047
   -0.0055096095
   -0.0014601252
   -0.0014477599
   -0.0013967451
   -0.0017442423
    0.0016400555
   -0.0062695576
   -0.0028736971
   -0.0050042210
   -0.0010263592
   -0.0010845017
   -0.0035910430
   -0.0044411698
   -0.0013276002
   -0.0039508705
   -0.0019900909
   -0.0012494780
   -0.0009244061
   -0.0018129758
    0.0033883789
   -0.0019116799
   -0.0050695129
   -0.0016341435
   -0.0018138873
   -0.0012599934
   -0.0018094745
   -0.0011916938
   -0.0010631993
   -0.0011821709
   -0.0018568874
   -0.0048951499
    0.0032866388
   -0.0013029807
   -0.0031503340
   -0.0001401829
   -0.0028826511
    0.0022020207
    0.0021055717
   -0.0030233825
    0.0001157370
   -0.0026820456
    0.0028005005
   -0.0036472337
   -0.0013892761
   -0.0011059806
   -0.0052881445
    0.0086805482
   -0.0013599425
   -0.0017774265
   -0.0018938834
    0.0010722874
    0.0051813620
   -0.0037562386
   -0.0059855583
   -0.0019747758
   -0.0016997398
   -0.0061192069
   -0.0024396941
   -0.0037921812
   -0.0010699873
    0.0008625901
   -0.0014766987
   -0.0014099732
   -0.0004117595
   -0.0012933878
   -0.0043848978
   -0.0009034530
   -0.0014207632
   -0.0010078414
    0.0034621925
    0.0052470128
   -0.0011574801
   -0.0007594341
   -0.0051567044
   -0.0013752500
   -0.0031937870
    0.0000881788
   -0.0011955205
   -0.0012434163
   -0.0029656496
   -0.0047597588
    0.0006805529
    0.0089348186
   -0.0013916154
   -0.0022002888
   -0.0015427873
    0.0003384763
   -0.0021741873
   -0.0039016609
    0.0058099065
   -0.0007531176
    0.0012153528
   -0.0013809525
   -0.0033835783
    0.0090980783
   -0.0014316047
   -0.0009076495
    0.0065478590
   -0.0021155864
   -0.0011564177
   -0.0013634930
    0.0000429630
    0.0017458541
   -0.0018101352
   -0.0042361895
    0.0039662776
   -0.0016736825
   -0.0027560037
   -0.0045863145
   -0.0013681361
   -0.0046085088
   -0.0054684847
   -0.0009502167
   -0.0031471245
    0.0037119603
   -0.0013388404
   -0.0032599266
    0.0008651202
   -0.0004252536
   -0.0031112579
    0.0057945045
   -0.0012460499
   -0.0024054526
   -0.0029121081
   -0.0024024546
    0.0017137237
    0.0056463545
   -0.0012107155
   -0.0012002104
   -0.0003073250
   -0.0013206270
   -0.0014660725
   -0.0036391254
   -0.0011836774
   -0.0017710922
    0.0012483929
   -0.0011769487
    0.0001774774
   -0.0006023095
   -0.0017365651
   -0.0028391503
   -0.0019830631
   -0.0003975080
   -0.0020817856
   -0.0015094434
   -0.0015493083
   -0.0041301899
   -0.0051176472
   -0.0018822328
   -0.0021378462
   -0.0015350066
    0.0015333879
   -0.0012150976
    0.0004703949
   -0.0026506907
    0.0083058579
    0.0075868484
   -0.0007945855
    0.0036896409
   -0.0018353824
    0.0019842159
    0.0089625873
   -0.0002839719
   -0.0043284837
   -0.0034073337
   -0.0009332031
   -0.0031439668
   -0.0016729609
    0.0023689058
   -0.0014145722
   -0.0021063655
   -0.0025232820
   -0.0021883853
   -0.0016035965
   -0.0030196487
   -0.0014036214
   -0.0048822916
    0.0096446974
   -0.0039888122
   -0.0045714408
   -0.0013077510
    0.0028848724
   -0.0012861979
   -0.0011548064
   -0.0059915458
    0.0017500925
    0.0011927580
    0.0018603301
   -0.0014517795
   -0.0013129020
   -0.0047220727
    0.0072207493
   -0.0045884568
   -0.0013375463
    0.0006948126
   -0.0052808362
    0.0061298451
   -0.0020271074
   -0.0023077382
   -0.0015432283
   -0.0029639283
   -0.0049918745
    0.0032954804
   -0.0015458200
   -0.0017012620
   -0.0035166959
   -0.0016376634
    0.0026822371
   -0.0013069481
    0.0015935597
   -0.0023892379
    0.0096061186
   -0.0049172007
   -0.0014344465
   -0.0016840302
   -0.0012233004
   -0.0011555678
    0.0080304816
   -0.0022489251
   -0.0006467709
   -0.0025459533
   -0.0041465520
   -0.0020701992
   -0.0018303335
    0.0023464379
   -0.0028043821
    0.0037030061
   -0.0013740886
   -0.0011479216
    0.0062267601
   -0.0020961728
   -0.0029006628
   -0.0044144842
   -0.0011434143
   -0.0011613671
   -0.0018191947
   -0.0019356386
    0.0002445392
    0.0045988118
   -0.0029088332
   -0.0055510580
   -0.0048919821
   -0.0019620103
   -0.0043982219
   -0.0019034955
   -0.0034973229
    0.0032532693
   -0.0015545908
   -0.0027188604
   -0.0009671683
   -0.0012816590
    0.0020978518
   -0.0016226876
   -0.0016358222
   -0.0020390638
   -0.0024641259
    0.0056643187
   -0.0037541632
   -0.0005926178
    0.0003985273
   -0.0023545145
   -0.0012446365
   -0.0023399354
   -0.0023318209
    0.0001790602
   -0.0011434855
    0.0071037263
   -0.0013054952
   -0.0021856921
    0.0029963049
   -0.0034754727
    0.0073886651
   -0.0046908351
   -0.0015261699
   -0.0059799190
   -0.0011929894
    0.0083377603
    0.0008718259
    0.0004591889
   -0.0018416033
   -0.0013241676
   -0.0029773728
   -0.0057140375
   -0.0017004547
   -0.0029886354
   -0.0013655310
   -0.0026010629
   -0.0021642431
   -0.0020342886
   -0.0010601655
    0.0007629583
    0.0043441237
   -0.0012349089
   -0.0007873030
   -0.0018551111
   -0.0000479637
   -0.0015398180
    0.0052582651
   -0.0013496953
    0.0067395478
   -0.0013326242
    0.0020688919
   -0.0023530816
   -0.0026426798
    0.0007097593
   -0.0031032271
    0.0042182289
   -0.0013230210
    0.0013016955
   -0.0021151101
   -0.0010433452
   -0.0014137327
   -0.0011085824
   -0.0024804368
   -0.0036539641
    0.0027399489
   -0.0010345689
   -0.0027672989
   -0.0043622559
    0.0003728085
    0.0025445586
   -0.0015043123
    0.0012511964
   -0.0041997713
   -0.0023560200
   -0.0012158024
   -0.0014087589
   -0.0012147489
   -0.0034003338
    0.0014668689
   -0.0011267861
    0.0026345911
   -0.0018936762
   -0.0013494909
   -0.0035481564
   -0.0052002769
   -0.0020420660
   -0.0018423406
   -0.0017296915
   -0.0005540907
   -0.0010895277
   -0.0048680370
   -0.0032025248
    0.0011176462
    0.0094634498
   -0.0035087522
   -0.0009219280
    0.0088171010
   -0.0017429922
   -0.0047650357
   -0.0021001936
    0.0023748539
   -0.0023017401
   -0.0058469680
   -0.0016864737
    0.0069985196
   -0.0003483122
   -0.0012804024
    0.0024529034
   -0.0021095599
   -0.0020358960
    0.0021215485
   -0.0000191850
   -0.0015434828
   -0.0010601505
    0.0049535432
   -0.0033699329
   -0.0018013579
   -0.0044250223
    0.0017927938
   -0.0012770258
   -0.0011523884
   -0.0009141372
    0.0059504796
   -0.0012062139
   -0.0015706133
   -0.0040362922
   -0.0037932862
   -0.0024906393
   -0.0012286053
    0.0080531608
    0.0033711619
    0.0043407698
   -0.0047960486
   -0.0031441420
    0.0001038614
   -0.0026917374
   -0.0032826151
   -0.0013690079
   -0.0046438677
   -0.0047080748
   -0.0043132587
   -0.0033430948
   -0.0043563541
   -0.0039895401
   -0.0056973310
   -0.0037785398
   -0.0043054629
   -0.0057438335
   -0.0023009632
   -0.0045592593
   -0.0045608366
   -0.0041966836
   -0.0032882998
   -0.0037716371
   -0.0019102202
   -0.0031864530
   -0.0048314145
    0.0010075563
   -0.0035437759
   -0.0051521561
   -0.0045695524
   -0.0050290855
   -0.0015341957
   -0.0037981253
   -0.0029363559
   -0.0032264785
   -0.0040263615
   -0.0056604588
   -0.0019998287
   -0.0054246181
   -0.0004920817
   -0.0033509238
   -0.0036577498
   -0.0054997712
   -0.0038905539
   -0.0038468365
   -0.0028557492
   -0.0040911364
   -0.0052640262
   -0.0007861053
   -0.0039149771
   -0.0042459616
   -0.0026658225
   -0.0031030960
    0.0042009659
   -0.0041092725
   -0.0021253432
   -0.0058427558
   -0.0038199408
   -0.0039045937
    0.0049973883
   -0.0019451583
   -0.0042013589
   -0.0034032930
   -0.0030741746
   -0.0036258064
   -0.0051157135
    0.0006932772
   -0.0044608501
    0.0023588173
    0.0004051922
   -0.0039617454
   -0.0034320448
   -0.0014998832
   -0.0041539089
   -0.0039943232
    0.0034239481
   -0.0004585503
    0.0009346217
   -0.0024974253
   -0.0040529675
   -0.0029153536
   -0.0040671976
   -0.0037957211
   -0.0000825551
   -0.0039994087
   -0.0009818292
   -0.0038918675
   -0.0039201108
   -0.0011677011
   -0.0043048018
   -0.0042242846
   -0.0019156166
   -0.0022535724
   -0.0023561282
    0.0006443538
   -0.0039615164
   -0.0037463371
   -0.0028132247
   -0.0023045182
   -0.0030482420
   -0.0024361157
   -0.0036795281
   -0.0038815270
   -0.0021251135
   -0.0009487647
   -0.0027887421
   -0.0039012655
   -0.0012728310
   -0.0043798216
   -0.0028407588
   -0.0027325203
   -0.0036871789
   -0.0038727420
    0.0005482960
   -0.0035916202
   -0.0006917155
   -0.0045095568
   -0.0037735759
   -0.0026353422
   -0.0005125155
   -0.0026966000
   -0.0026140928
   -0.0032182526
   -0.0020430011
   -0.0031935910
   -0.0033010053
   -0.0019209865
   -0.0005064023
    0.0000909767
   -0.0020854445
   -0.0035302547
   -0.0026594947
   -0.0037172474
    0.0015851113
    0.0068838789
   -0.0032222825
   -0.0014952733
   -0.0022397494
   -0.0013256938
   -0.0036541108
   -0.0038086154
   -0.0028353241
   -0.0032979105
   -0.0016972414
    0.0018452448
   -0.0037003030
   -0.0038248161
   -0.0045583193
   -0.0054740143
   -0.0055230662
   -0.0060755330
   -0.0048313027
   -0.0042764549
   -0.0045593740
   -0.0056500496
   -0.0052311623
   -0.0052312025
   -0.0036889341
   -0.0028696717
   -0.0050258561
   -0.0046599598
   -0.0049534089
   -0.0051205037
   -0.0041092061
   -0.0029361642
   -0.0060498021
   -0.0063457871
   -0.0057185613
   -0.0042090153
   -0.0043241215
   -0.0052173429
   -0.0044093946
   -0.0044105960
   -0.0008456655
   -0.0045840452
   -0.0046633756
   -0.0060140869
   -0.0059129251
   -0.0044678600
   -0.0064112361
   -0.0044321666
   -0.0047507954
   -0.0050371387
   -0.0053663273
   -0.0044946258
