    0.0546728942
    0.0577802402
    0.0321544608
    0.0334749844
    0.0497961929
    0.0462416170
    0.0474757903
    0.0552230414
    0.0401951769
    0.0550128521
    0.0410689987
    0.0457099222
    0.0453914434
    0.0378805591
    0.0494524787
    0.0314352365
    0.0333358265
    0.0354636732
    0.0408252679
    0.0537065926
    0.0311179060
    0.0305761957
    0.0357015957
    0.0453110997
    0.0479174818
   -0.0090993432
    0.0086514268
    0.0107780121
    0.0174173934
   -0.0152757656
    0.0032907599
   -0.0060973822
    0.0173765050
   -0.0123804398
   -0.0147747731
   -0.0095330162
    0.0278249169
    0.0171570462
   -0.0111019789
   -0.0106246828
   -0.0148003126
   -0.0014112524
    0.0265783642
   -0.0103452315
   -0.0065028827
   -0.0034711077
   -0.0047951002
   -0.0078864772
   -0.0128025141
   -0.0052126545
    0.0287272827
   -0.0109319896
   -0.0126722948
   -0.0033178326
   -0.0140630090
   -0.0059008283
    0.0059974212
   -0.0075326800
    0.0140239665
    0.0041096772
   -0.0039795471
   -0.0126579457
    0.0101337879
   -0.0028740559
   -0.0052361914
   -0.0089409061
    0.0025977813
   -0.0085447353
   -0.0083508333
   -0.0077773368
   -0.0011985721
   -0.0110664351
    0.0015134651
    0.0008940673
   -0.0095547099
   -0.0087137526
   -0.0037622491
    0.0013924512
   -0.0132489709
   -0.0059626157
   -0.0148491167
   -0.0084637524
   -0.0071298015
   -0.0092668783
   -0.0133737984
    0.0182269130
   -0.0110197516
   -0.0076630292
   -0.0129661473
   -0.0140282179
    0.0250758418
   -0.0121153128
    0.0022571799
   -0.0052605816
   -0.0026696830
    0.0097533503
   -0.0027033201
   -0.0023940947
    0.0008544028
    0.0075192310
    0.0023102166
   -0.0010226490
    0.0174142277
    0.0009470287
    0.0205141763
    0.0042317260
    0.0151427026
    0.0162233913
    0.0013310671
    0.0132980833
    0.0002351253
    0.0026971261
    0.0003187110
    0.0016947541
   -0.0010393876
    0.0024263417
   -0.0005056608
    0.0028053016
    0.0096128007
    0.0179160434
    0.0022985763
    0.0057199011
    0.0038188865
    0.0016782281
    0.0112956908
    0.0054636123
   -0.0018393341
    0.0059764047
    0.0068414382
    0.0021566427
    0.0015353113
   -0.0004301474
    0.0012519746
    0.0054025373
    0.0266595139
    0.0053446467
    0.0039350510
    0.0018746464
   -0.0025867520
    0.0053937370
    0.0005078158
    0.0088910468
    0.0170014137
    0.0048755060
    0.0016030362
   -0.0012021005
    0.0024430308
    0.0017738216
    0.0161544293
    0.0022638772
   -0.0017945343
    0.0032750506
    0.0059508463
    0.0107266290
    0.0110572222
    0.0118964718
    0.0039862920
   -0.0025743354
   -0.0004475426
    0.0074797933
    0.0032986338
    0.0001304225
    0.0063205060
   -0.0011421679
    0.0034685441
    0.0067357996
    0.0170346254
    0.0184616895
    0.0017541606
    0.0078560131
    0.0113011972
    0.0015193221
    0.0089815373
   -0.0003222953
    0.0008748883
    0.0215614376
    0.0046904151
    0.0143737006
    0.0022531556
    0.0168984570
    0.0027207285
    0.0095072976
    0.0073002828
    0.0056924636
    0.0050351203
    0.0074903906
    0.0053200625
    0.0015698944
    0.0259059155
    0.0075499174
    0.0048037684
    0.0065162205
    0.0223988933
    0.0044402852
    0.0112780647
    0.0046012170
    0.0063207765
    0.0180541984
    0.0028504750
    0.0270257628
    0.0027364666
    0.0028883029
    0.0092759316
    0.0052400450
    0.0000176413
    0.0017831801
    0.0377174152
    0.0023896568
    0.0055548789
    0.0178904835
    0.0319496276
    0.0065333013
    0.0062980581
    0.0038813586
    0.0077650311
    0.0023918482
    0.0044552264
    0.0157491515
    0.0421056402
   -0.0000905423
    0.0048898315
    0.0096804542
    0.0041256452
    0.0389114210
    0.0208034724
    0.0549191839
    0.0003577648
    0.0033071341
    0.0012411489
    0.0335801096
    0.0213701478
    0.0042052627
    0.0038152855
    0.0255461367
    0.0043284862
    0.0126150977
    0.0085543308
    0.0242781708
    0.0228783665
    0.0076740095
    0.0216065933
    0.0159655732
    0.0207448720
    0.0156299225
    0.0178585693
    0.0184720184
    0.0261354542
    0.0136690727
    0.0240349730
    0.0094120488
    0.0238248935
    0.0269996697
    0.0214366779
    0.0187642955
    0.0191640946
    0.0196078283
    0.0095283477
    0.0081555814
    0.0085274468
    0.0249910931
    0.0124846654
    0.0090554128
    0.0125631453
   -0.0029848405
    0.0008889903
   -0.0025582326
    0.0014007174
    0.0206723454
   -0.0009245261
    0.0178204083
    0.0034741509
    0.0219413632
   -0.0028800858
    0.0057245089
    0.0017299807
    0.0043568394
    0.0060081980
    0.0121706807
    0.0264206166
    0.0048029237
    0.0286833075
   -0.0027815941
    0.0103628036
    0.0118348302
    0.0048126287
    0.0095589619
    0.0179008317
    0.0022802730
    0.0126139206
    0.0085216292
    0.0256499134
    0.0152496760
    0.0132012687
    0.0158282900
    0.0176569207
    0.0045137101
    0.0165765283
    0.0153419384
    0.0129720586
    0.0045699702
    0.0017316835
   -0.0000363367
    0.0017979824
    0.0212329460
    0.0002916509
   -0.0002425595
    0.0333406601
    0.0088363647
    0.0213469042
    0.0468822173
    0.0084660852
    0.0255608535
    0.0323944902
    0.0314765520
    0.0520367537
    0.0189824338
    0.0344028224
    0.0113798517
    0.0291868737
    0.0156567162
    0.0204572383
    0.0435160317
    0.0238068584
    0.0324217150
    0.0081877158
    0.0069442849
    0.0105443601
    0.0080680176
    0.0012619448
    0.0053743793
    0.0031076847
   -0.0008447334
    0.0050319851
    0.0032539908
    0.0018685281
    0.0051337576
    0.0053810468
    0.0016540475
    0.0077969491
    0.0023554794
    0.0024369341
   -0.0002984966
    0.0108448166
    0.0043670944
    0.0003717775
   -0.0002443756
    0.0252321305
    0.0271506000
    0.0268135996
    0.0260314541
    0.0237499614
    0.0215090931
    0.0271594091
    0.0212042654
    0.0224029512
    0.0257199371
    0.0268905951
    0.0255816803
    0.0283465205
    0.0219376740
    0.0230201174
    0.0247520802
    0.0251709567
   -0.0011816850
    0.0002591033
    0.0004916028
    0.0176315287
    0.0137606420
    0.0002768653
    0.0085393609
    0.0006749210
   -0.0000963820
    0.0000355978
   -0.0009794279
   -0.0027907402
    0.0015996656
    0.0011785612
    0.0095942026
    0.0226908661
   -0.0012753572
    0.0118717662
    0.0014492750
    0.0046849383
    0.0030263822
   -0.0004997920
    0.0097255967
    0.0029893889
    0.0185754921
   -0.0016868537
    0.0045016555
    0.0013900065
    0.0198783284
    0.0002758413
   -0.0021095715
    0.0016329876
    0.0014205044
    0.0147575707
   -0.0012581351
   -0.0017150945
    0.0015932518
    0.0007650020
   -0.0006358576
    0.0030524775
    0.0009167480
    0.0067805934
    0.0009955962
    0.0021742390
    0.0045207930
    0.0056339976
   -0.0051149214
    0.0100594511
    0.0122406332
    0.0013120207
    0.0024968469
   -0.0022807391
    0.0085009241
    0.0175041327
    0.0083671565
    0.0100810872
    0.0169326878
    0.0139624922
    0.0121964764
    0.0038243956
    0.0129102654
   -0.0029542087
    0.0116525331
    0.0228269770
    0.0145683294
   -0.0095937293
   -0.0257430270
   -0.0302655313
   -0.0115974362
   -0.0369705520
   -0.0285923194
   -0.0319603322
   -0.0185874215
   -0.0222484873
   -0.0347417002
   -0.0191912939
   -0.0324272024
   -0.0202530268
   -0.0176258489
   -0.0260931177
   -0.0201563854
   -0.0393727945
   -0.0296970372
   -0.0020188384
   -0.0143237540
   -0.0181348527
    0.0042625521
   -0.0280677730
   -0.0323346778
   -0.0368364921
   -0.0240451001
   -0.0348670683
   -0.0251853417
   -0.0262825671
   -0.0080842078
   -0.0102432137
   -0.0427687808
   -0.0116288170
   -0.0110247513
   -0.0337221135
   -0.0335282016
   -0.0325210465
   -0.0217025075
   -0.0195392931
   -0.0129103171
   -0.0115613553
   -0.0372337311
   -0.0051134848
   -0.0289737449
   -0.0114003224
   -0.0308899191
   -0.0115661038
   -0.0415699839
   -0.0362464587
    0.0018642501
   -0.0197158251
   -0.0310339920
   -0.0091972798
   -0.0214143802
   -0.0296377308
    0.0023170704
   -0.0078543925
   -0.0129955244
   -0.0248021617
   -0.0334434978
   -0.0328481037
   -0.0150669801
   -0.0320434666
   -0.0410832520
   -0.0310288629
   -0.0282424197
   -0.0112162392
   -0.0172452507
   -0.0248487936
   -0.0228726173
   -0.0098020864
   -0.0187755111
   -0.0161236553
   -0.0073931776
   -0.0054275618
   -0.0191559781
   -0.0370833705
   -0.0340267274
   -0.0217021906
   -0.0358121257
   -0.0437453394
   -0.0184529712
   -0.0331594304
   -0.0162184651
   -0.0011544649
   -0.0009844319
   -0.0142897643
   -0.0255019095
   -0.0379775686
   -0.0159878587
   -0.0293629430
   -0.0424017391
   -0.0165737660
   -0.0191646015
   -0.0442433395
   -0.0061389164
   -0.0276808543
   -0.0189031551
   -0.0373703251
   -0.0352567103
   -0.0193739232
   -0.0084734146
   -0.0421015851
   -0.0453600447
   -0.0238637029
   -0.0219501813
   -0.0142182929
   -0.0223813060
   -0.0435015974
   -0.0393786744
   -0.0380136948
   -0.0313684517
   -0.0230373670
   -0.0199308316
   -0.0342891013
   -0.0356886780
   -0.0206911082
   -0.0081493253
   -0.0360497226
   -0.0413349627
   -0.0178505035
   -0.0403641827
   -0.0412431391
   -0.0125780385
   -0.0352690979
   -0.0331345079
   -0.0230764643
   -0.0142159181
   -0.0206986260
   -0.0084555130
   -0.0262595042
   -0.0039976903
   -0.0281707385
   -0.0121995973
   -0.0162115869
   -0.0258208091
   -0.0078108581
   -0.0303374804
   -0.0338723820
   -0.0300466415
   -0.0261086182
   -0.0316143529
   -0.0458349626
    0.0029297094
   -0.0391772929
   -0.0210074456
   -0.0237955624
   -0.0295819561
   -0.0060093004
   -0.0385059510
   -0.0281632069
   -0.0222611929
   -0.0367677958
   -0.0172033462
   -0.0206053155
   -0.0267556859
   -0.0354255636
   -0.0377000659
   -0.0249137872
   -0.0117175162
   -0.0386093192
   -0.0205461503
   -0.0414119384
   -0.0281982517
   -0.0246630343
   -0.0263571753
   -0.0336039710
   -0.0148245987
   -0.0020672540
   -0.0297628113
   -0.0226595324
   -0.0337203305
   -0.0276235325
   -0.0264080455
   -0.0170573364
   -0.0267268893
   -0.0187748405
   -0.0086733172
   -0.0245481216
    0.0475257372
    0.0444331047
    0.0390619834
    0.0417802027
    0.0456808045
    0.0343832597
    0.0473534615
    0.0378386423
    0.0332997743
    0.0411070669
    0.0439381484
    0.0463692436
    0.0460519721
    0.0262586797
    0.0336981870
    0.0356736716
    0.0402943128
    0.0334898865
    0.0321003891
    0.0341281711
    0.0403992122
    0.0457322630
    0.0425286699
   -0.0064829131
   -0.0002053632
    0.0234359928
    0.0125728173
   -0.0017501101
    0.0004424939
   -0.0037643382
    0.0152500006
    0.0036899577
    0.0182794894
    0.0011806163
   -0.0060425112
   -0.0037941505
   -0.0032141857
   -0.0052786773
   -0.0058246863
    0.0200435079
    0.0062738141
    0.0176710014
   -0.0032892074
   -0.0017643083
   -0.0060456056
    0.0225272096
    0.0004666234
    0.0072813541
    0.0068309654
   -0.0022937705
   -0.0040045471
    0.0126166471
    0.0146355076
    0.0067576008
   -0.0081750457
    0.0019411698
   -0.0070734269
    0.0221876418
    0.0122913001
   -0.0037834127
   -0.0091953412
   -0.0001642399
   -0.0083207791
    0.0017789368
   -0.0051722143
   -0.0072543892
   -0.0066845555
   -0.0051106483
   -0.0038045686
   -0.0081453112
   -0.0018962669
    0.0000844956
    0.0108527337
    0.0075303378
   -0.0027310575
    0.0078597489
   -0.0004760726
    0.0032864571
    0.0178108331
   -0.0040413908
   -0.0053782129
   -0.0046038608
    0.0012525606
   -0.0066983265
   -0.0063588254
   -0.0038615370
    0.0008306024
    0.0000726553
   -0.0017665416
    0.0064949984
    0.0123612275
    0.0026836412
    0.0007536900
    0.0016970151
    0.0004842444
    0.0039749236
   -0.0007839175
    0.0007912795
    0.0080477538
    0.0166412100
    0.0042352967
    0.0052209744
    0.0030342403
    0.0012604473
    0.0001443158
    0.0009657533
    0.0084706020
    0.0050559975
    0.0002979583
    0.0011154093
    0.0051779564
   -0.0012233492
    0.0187266795
   -0.0014621759
    0.0044071011
   -0.0003474013
    0.0115310138
    0.0046267645
    0.0188942502
   -0.0001754324
    0.0059646876
    0.0021736163
    0.0017429030
    0.0215500347
    0.0012370079
    0.0227648906
    0.0025737535
    0.0170430588
    0.0049781095
    0.0054297633
    0.0033708775
    0.0143402810
    0.0163837978
    0.0083566167
    0.0097005589
    0.0021355932
    0.0023690406
    0.0147225990
   -0.0013520937
    0.0069594711
    0.0000949441
    0.0045066863
    0.0035232608
   -0.0007435184
    0.0075710477
    0.0058990175
    0.0150957852
    0.0062225428
   -0.0004365910
    0.0076972286
    0.0119248698
    0.0090563505
    0.0014507605
    0.0041821554
   -0.0010908456
    0.0032437197
    0.0170122163
    0.0034938333
    0.0017724217
    0.0132958898
    0.0034873754
    0.0229942545
    0.0169755167
    0.0025489877
    0.0140523271
    0.0182498779
    0.0193135337
    0.0010155172
    0.0136248696
    0.0308736607
    0.0041793160
    0.0131585888
    0.0194922205
    0.0000899086
    0.0138317383
    0.0026161900
    0.0074696254
    0.0086245795
    0.0013615686
    0.0221763223
    0.0092787426
    0.0024753297
    0.0202064194
    0.0022523171
    0.0019363006
    0.0152292931
    0.0035220710
    0.0368693407
    0.0232050754
    0.0212265627
    0.0025779395
    0.0210262659
    0.0214009137
    0.0173170698
    0.0145715698
    0.0180809200
    0.0155473657
    0.0066433827
    0.0062199480
    0.0196207984
    0.0174487166
    0.0141332248
    0.0195982197
    0.0166205553
    0.0211953365
    0.0135137399
    0.0110398814
    0.0145240655
    0.0175483640
    0.0211743915
    0.0182152678
    0.0210839416
    0.0131258309
    0.0049555281
    0.0179501604
    0.0077760282
    0.0185700578
    0.0180747610
    0.0213213847
    0.0043788119
    0.0182402181
    0.0067872874
    0.0163869214
    0.0224867421
    0.0110509664
    0.0214582024
    0.0079405933
    0.0045976898
    0.0004651306
    0.0059911907
    0.0113325027
    0.0079277790
    0.0204083708
    0.0157295936
    0.0096821146
    0.0151074757
    0.0124415356
    0.0107245365
    0.0128643590
    0.0124769655
    0.0191702986
    0.0163701367
    0.0138063371
    0.0113144226
    0.0176462175
    0.0064180301
    0.0105396892
    0.0190138000
    0.0181856032
    0.0099899708
    0.0142145684
   -0.0016823774
    0.0120096917
    0.0014242855
    0.0002711972
    0.0233082672
    0.0183906352
   -0.0017427867
    0.0027786952
    0.0097615840
   -0.0017528156
    0.0108899480
    0.0226957259
    0.0189572022
    0.0065657295
    0.0148554168
    0.0034401721
    0.0226756903
    0.0183288248
    0.0152048767
    0.0037500875
    0.0084795427
    0.0180962574
    0.0007368363
    0.0109491747
    0.0189728226
   -0.0003317186
    0.0134694358
    0.0060685316
    0.0236950589
    0.0256181087
    0.0327015989
    0.0268244893
    0.0221395088
    0.0413795323
    0.0335769738
    0.0135847570
    0.0104072902
    0.0267003622
    0.0067441918
    0.0308579815
    0.0025262121
    0.0034063037
    0.0002230819
    0.0012564572
    0.0014334990
    0.0014318908
    0.0025100569
    0.0033055702
    0.0005383556
   -0.0006655602
    0.0015414012
    0.0000778643
    0.0042450728
   -0.0005217570
    0.0038196987
    0.0214875358
    0.0195369557
    0.0225108430
    0.0209440671
    0.0210669098
    0.0218449979
    0.0222746675
    0.0214665393
    0.0186029204
    0.0215644005
    0.0226130394
    0.0221008875
    0.0213333490
    0.0203953256
    0.0213182112
    0.0207250426
    0.0212403491
   -0.0001620935
    0.0200199769
   -0.0000198306
    0.0039126819
    0.0192688174
    0.0089749161
    0.0016280658
    0.0002336341
    0.0070641355
    0.0064935774
    0.0001023700
    0.0002919577
    0.0022988033
    0.0004449528
   -0.0001046643
    0.0003219938
   -0.0035383414
    0.0043679861
    0.0013915477
    0.0011565104
    0.0142411979
   -0.0021578088
    0.0042111625
   -0.0012350482
    0.0032967651
    0.0071400034
    0.0002182468
   -0.0010770513
   -0.0007763108
    0.0030088945
   -0.0001077744
   -0.0013689064
    0.0084894497
    0.0087906859
   -0.0010870089
    0.0084258243
    0.0161758460
    0.0092068837
   -0.0005351857
    0.0030680718
   -0.0047797894
    0.0028277024
   -0.0118741382
    0.0031995253
    0.0034320218
   -0.0010836641
   -0.0011489400
   -0.0033730806
   -0.0038455096
    0.0007421174
    0.0039555739
    0.0041839905
    0.0079346032
    0.0114369355
   -0.0015460499
    0.0166860153
   -0.0040756444
    0.0169948689
    0.0145583085
    0.0028901145
    0.0084057737
    0.0127994249
    0.0056630140
    0.0078409001
    0.0108159269
    0.0006322582
   -0.0339559647
   -0.0126542063
   -0.0117693197
   -0.0107453578
   -0.0000105611
   -0.0376594900
   -0.0342736288
   -0.0169074469
   -0.0233844120
   -0.0372613118
   -0.0043400581
   -0.0209158065
   -0.0180455747
   -0.0043705367
   -0.0274794151
   -0.0203464193
   -0.0163140198
   -0.0122920846
   -0.0213119842
   -0.0187617277
   -0.0080358354
   -0.0203872875
   -0.0222481134
   -0.0307584467
   -0.0026465202
   -0.0258086663
   -0.0088174880
   -0.0300132052
   -0.0051231798
   -0.0334016969
   -0.0030236778
   -0.0012128966
   -0.0194556677
   -0.0232951251
   -0.0186108059
   -0.0107001136
   -0.0103193720
   -0.0253660710
   -0.0270381550
   -0.0177160907
   -0.0123516640
   -0.0307930756
   -0.0372317089
   -0.0179078606
   -0.0249058138
   -0.0266537936
   -0.0110152511
   -0.0184659717
   -0.0257421903
   -0.0208611165
   -0.0120545353
   -0.0347049332
   -0.0289598728
   -0.0258687797
   -0.0055409581
   -0.0179253027
   -0.0099397505
   -0.0254099812
   -0.0041189170
   -0.0348291779
   -0.0282124069
   -0.0226578175
   -0.0068785812
   -0.0031022744
   -0.0352027937
   -0.0269216955
   -0.0025617398
   -0.0275856052
   -0.0135040816
   -0.0333879065
   -0.0061470496
   -0.0017120295
   -0.0300937212
   -0.0221501636
   -0.0187568972
   -0.0077424567
   -0.0261218378
   -0.0116379982
   -0.0171858465
   -0.0086215021
   -0.0069237971
   -0.0277760687
   -0.0332388721
   -0.0093613288
   -0.0197724563
   -0.0203016634
   -0.0294234018
   -0.0303192958
   -0.0067623861
   -0.0331173344
   -0.0107359373
   -0.0216629254
   -0.0323792472
   -0.0241875457
   -0.0351025605
   -0.0300464971
   -0.0167190192
   -0.0199667264
   -0.0233342250
   -0.0161610070
   -0.0230492856
   -0.0268022725
   -0.0079123022
   -0.0157043436
   -0.0323124754
   -0.0300109194
   -0.0065302950
   -0.0143615178
   -0.0188883517
   -0.0075108984
   -0.0292863655
   -0.0204198923
   -0.0244930617
   -0.0258676200
   -0.0027388514
   -0.0282931227
   -0.0215482621
   -0.0320172620
   -0.0149936392
   -0.0233798909
   -0.0264689890
   -0.0189799248
   -0.0078776770
   -0.0113590064
   -0.0151714266
   -0.0356223195
   -0.0064695679
   -0.0315230022
   -0.0238590489
   -0.0269528053
   -0.0359909882
   -0.0357201617
   -0.0182322758
   -0.0118621134
   -0.0274198926
   -0.0185218573
   -0.0141389209
   -0.0254528445
   -0.0167694122
   -0.0328281777
   -0.0281205615
   -0.0329234927
   -0.0016219066
   -0.0226471191
   -0.0313904938
   -0.0123317847
   -0.0077807745
   -0.0193565698
    0.0245316797
    0.0283295448
    0.0353910586
    0.0370765625
    0.0279294277
    0.0323640629
    0.0246178079
    0.0256366461
    0.0301926285
    0.0340703874
    0.0315985692
    0.0281380508
    0.0276511599
    0.0253827659
    0.0299953663
    0.0326657860
    0.0333498127
    0.0329268366
    0.0281388431
    0.0336496673
    0.0321143290
    0.0386763281
    0.0321420685
    0.0303779025
    0.0348790072
    0.0311430678
    0.0286943788
    0.0267219519
    0.0256816825
    0.0297210658
    0.0262597477
    0.0380740535
    0.0307284421
   -0.0018797447
   -0.0029103998
    0.0039536016
    0.0066593016
    0.0227052808
    0.0178167241
    0.0028928121
    0.0005166363
    0.0042087729
    0.0111716122
    0.0108947063
    0.0024826545
    0.0092553880
   -0.0011107415
   -0.0032448201
    0.0191597749
    0.0164904703
    0.0013456877
    0.0016195696
   -0.0041668927
    0.0059025734
    0.0177375413
    0.0065689742
    0.0128571858
    0.0190275210
    0.0258119002
    0.0130090624
   -0.0027478119
    0.0093963204
    0.0013512409
    0.0087433401
    0.0022380178
    0.0110076271
    0.0065900190
    0.0064617201
   -0.0020102470
    0.0034912468
   -0.0038829516
   -0.0041084619
   -0.0018870586
    0.0001127931
   -0.0023100543
    0.0090621188
    0.0038165367
   -0.0034413953
   -0.0021032973
    0.0014746377
   -0.0046012044
    0.0025742475
    0.0023822802
   -0.0042074970
    0.0055092370
    0.0070093985
   -0.0046385872
    0.0026921544
   -0.0051820833
    0.0073399001
    0.0204794127
    0.0205736550
    0.0032081927
   -0.0005880788
    0.0028988872
   -0.0040656421
    0.0187790793
   -0.0050417887
    0.0018964445
    0.0023659156
    0.0073551442
    0.0020823901
   -0.0046802091
    0.0054952842
   -0.0040878818
    0.0244246978
   -0.0021273869
   -0.0020561353
   -0.0018865452
   -0.0016963192
    0.0095412904
    0.0188325111
    0.0111482811
   -0.0005572546
    0.0208024047
    0.0031715194
   -0.0026748159
    0.0051993129
   -0.0016610161
   -0.0008201370
    0.0046446383
    0.0043511280
    0.0012363118
   -0.0003905750
    0.0030225705
    0.0020786587
    0.0013081005
    0.0029263545
    0.0008894050
    0.0001633602
    0.0008636335
    0.0015052861
    0.0012247603
    0.0016711788
    0.0043319693
    0.0032788233
    0.0023050613
    0.0027682696
    0.0090618606
    0.0000841326
    0.0015663382
    0.0025355540
    0.0096737121
    0.0012555322
    0.0023350403
    0.0120662141
    0.0174617189
    0.0040404872
    0.0037201588
    0.0017482507
    0.0028829555
    0.0063990120
    0.0020351303
    0.0092186106
    0.0100002963
    0.0091485554
    0.0042126685
    0.0024151166
    0.0069288610
   -0.0001172882
    0.0090893574
    0.0031389563
    0.0160097115
    0.0043258636
    0.0010262142
    0.0030411857
    0.0032122544
    0.0067723715
    0.0067247419
    0.0160213970
    0.0125330175
    0.0023267018
    0.0018356054
   -0.0000493719
    0.0114076844
    0.0089694848
    0.0030496147
    0.0132326485
    0.0169651569
    0.0016240613
    0.0128526763
    0.0186672165
    0.0042763627
    0.0104241779
    0.0068216027
    0.0028333502
    0.0045028256
    0.0061946778
    0.0176552663
    0.0169939023
   -0.0006607610
    0.0136337885
    0.0114217707
    0.0052008615
    0.0033579758
    0.0078926726
    0.0128745047
    0.0009719194
    0.0137341590
    0.0016762179
    0.0127693943
    0.0021522433
    0.0194434039
    0.0094136359
    0.0032923881
    0.0003554053
    0.0025687861
    0.0010876951
    0.0099017901
    0.0091718219
    0.0135808039
    0.0147165932
    0.0098409929
    0.0023336909
    0.0180731472
    0.0156679295
    0.0297740904
    0.0068443204
    0.0012116015
    0.0016324367
    0.0016032151
    0.0110066084
    0.0129168178
    0.0056964352
    0.0015792106
    0.0027011195
    0.0030595942
    0.0164924686
    0.0186577691
    0.0017233463
    0.0006510377
    0.0033041927
    0.0151501268
   -0.0001438347
    0.0042008082
    0.0042714830
    0.0003747668
    0.0209186344
    0.0102407481
    0.0304951617
    0.0089070672
    0.0124550392
    0.0124642062
    0.0075843361
    0.0017658432
    0.0301218081
    0.0020066208
    0.0343915813
    0.0109686907
    0.0048582541
    0.0027261932
    0.0028980039
    0.0034113730
    0.0017922831
    0.0147524731
    0.0087605182
    0.0280073000
    0.0113213418
    0.0012151821
    0.0291363522
    0.0013085565
    0.0082242613
    0.0047815107
    0.0335784345
    0.0016465440
    0.0106639781
    0.0026255834
    0.0030358870
    0.0025231986
    0.0046008539
    0.0384595705
    0.0063616276
    0.0005730666
    0.0008026770
    0.0040181831
    0.0100214792
    0.0100403714
   -0.0008063129
    0.0316221289
    0.0000315221
    0.0156112873
    0.0317932698
    0.0266864009
    0.0172376968
    0.0142132087
    0.0120587260
    0.0166479375
    0.0070287490
    0.0162120946
    0.0173667867
    0.0122641446
    0.0142051560
    0.0153006965
    0.0148827007
    0.0109645329
    0.0073046318
    0.0170063626
    0.0137141749
    0.0096310729
    0.0164065214
    0.0133435374
    0.0050438860
    0.0150508841
    0.0151747789
    0.0033861115
    0.0099659156
    0.0111926448
    0.0156821846
    0.0132060916
    0.0182511779
    0.0076534630
    0.0174216528
    0.0080694377
    0.0078993850
    0.0145785384
    0.0175799823
    0.0131031255
    0.0112378570
    0.0005422375
    0.0120310854
    0.0193283823
   -0.0007987277
    0.0185780929
    0.0071845080
    0.0012241997
    0.0072898320
   -0.0005456232
    0.0124479326
    0.0138649553
   -0.0000027072
    0.0091859617
    0.0038418698
    0.0003228552
    0.0060965154
   -0.0007898853
    0.0179264604
    0.0154099495
    0.0120771315
    0.0117346766
    0.0014972685
    0.0142847311
    0.0124809652
    0.0167092587
    0.0083160610
    0.0188300883
    0.0067336785
    0.0014260411
    0.0127551793
    0.0015169360
    0.0157705863
    0.0165353293
    0.0143465471
    0.0041903239
    0.0071439137
    0.0139942743
    0.0022512557
    0.0029275286
    0.0094150159
    0.0018392268
    0.0082536456
    0.0119717799
    0.0163553432
    0.0068508438
    0.0130207944
    0.0176835206
    0.0149497603
    0.0037751398
    0.0162599603
   -0.0001221803
   -0.0000495896
    0.0082865901
    0.0062673474
    0.0024789896
    0.0142636953
    0.0060266625
    0.0038429668
   -0.0008028598
    0.0169556159
    0.0150196415
    0.0102960815
    0.0294544684
    0.0126948845
    0.0118461918
    0.0132174367
    0.0081050453
    0.0228550514
    0.0190743008
    0.0161952095
    0.0167133424
    0.0202155021
    0.0168200270
    0.0008327519
    0.0010294230
    0.0014471416
    0.0004298652
    0.0001986480
    0.0015527576
    0.0012877657
    0.0012124070
    0.0010807343
    0.0013334904
    0.0007909757
   -0.0000955352
    0.0009321400
   -0.0005652539
    0.0011906899
    0.0003026005
    0.0005505186
    0.0001263035
    0.0003271524
    0.0004292036
    0.0000658192
    0.0002962225
    0.0014558687
    0.0014555130
    0.0177568156
    0.0181005891
    0.0171916562
    0.0168749980
    0.0186564439
    0.0170731396
    0.0182122855
    0.0181402869
    0.0181736079
    0.0187560594
    0.0187009735
    0.0174892033
    0.0176023653
    0.0191383959
    0.0174405273
    0.0191429637
    0.0184104844
    0.0185036199
    0.0166548076
    0.0186170835
    0.0183389209
    0.0180219346
    0.0182710309
    0.0190126837
    0.0147603978
   -0.0000834974
    0.0003327653
   -0.0010608993
    0.0028838868
    0.0038362132
   -0.0000794627
    0.0021267728
    0.0054385261
   -0.0004990455
    0.0008033894
   -0.0034412769
    0.0027401594
   -0.0000276892
   -0.0007171077
   -0.0024535352
    0.0011142252
   -0.0006001685
    0.0136323988
    0.0151240605
    0.0095916497
   -0.0005625785
   -0.0007581997
    0.0011862428
   -0.0002050713
   -0.0004517673
    0.0072708299
    0.0011958838
   -0.0000634161
   -0.0037254541
   -0.0005705451
   -0.0009080004
   -0.0002174111
    0.0018367200
   -0.0003576291
   -0.0003721047
    0.0116141605
    0.0002042268
   -0.0004377915
    0.0094779688
    0.0023112878
    0.0123990254
   -0.0003699273
    0.0075384473
    0.0053017125
    0.0143926976
   -0.0003747089
    0.0002454357
   -0.0044807346
    0.0022675908
   -0.0006145000
   -0.0041579559
    0.0007782926
   -0.0006796607
    0.0065566307
   -0.0002853573
    0.0092381215
    0.0137085933
   -0.0023620440
    0.0113306693
    0.0005015842
   -0.0047863198
   -0.0058482983
   -0.0121212830
   -0.0095579110
   -0.0013925892
    0.0004361597
   -0.0085521215
    0.0002743460
   -0.0033196442
   -0.0014873732
   -0.0009244520
   -0.0070216363
   -0.0054772415
   -0.0055425295
   -0.0032858645
    0.0010567761
    0.0097079892
   -0.0021863982
    0.0096655584
    0.0026025031
    0.0024321648
    0.0001652539
    0.0114664799
    0.0032254221
    0.0086739648
    0.0008748415
   -0.0016271100
    0.0039508724
    0.0067366690
    0.0043045021
    0.0048987605
   -0.0239150011
    0.0040695322
   -0.0032598617
   -0.0165601120
   -0.0261357413
   -0.0229010486
   -0.0152482230
   -0.0157958405
   -0.0296341648
   -0.0097414130
   -0.0041534365
   -0.0011576279
   -0.0250437462
   -0.0171447813
   -0.0133825157
   -0.0040513467
   -0.0245505157
   -0.0223637007
   -0.0142196820
    0.0012242090
   -0.0102256054
   -0.0212217439
   -0.0262589202
   -0.0120396682
   -0.0108054175
   -0.0140894823
   -0.0034364002
   -0.0123299278
   -0.0049696225
   -0.0056027834
   -0.0230183887
   -0.0024282554
   -0.0227916364
   -0.0242296442
   -0.0182372134
   -0.0098767396
   -0.0102263501
   -0.0054614274
   -0.0170000700
   -0.0151760370
   -0.0003849471
   -0.0173993747
   -0.0102867589
   -0.0177201406
   -0.0005775960
   -0.0160183839
   -0.0267659251
   -0.0234873166
   -0.0273747762
   -0.0210153890
   -0.0201714035
   -0.0196080733
   -0.0059184444
   -0.0114731551
   -0.0153497724
   -0.0112702640
   -0.0271292616
   -0.0199520048
   -0.0020972034
   -0.0221874796
   -0.0165710116
   -0.0228325735
   -0.0045920032
   -0.0186385998
   -0.0114004698
   -0.0075780084
   -0.0263237773
   -0.0292000219
   -0.0304718733
   -0.0076177794
   -0.0283642140
   -0.0183637884
   -0.0048422708
   -0.0127225418
   -0.0194269706
   -0.0135164285
   -0.0136881948
   -0.0186620234
   -0.0146327728
   -0.0125028239
   -0.0206709695
   -0.0153122956
   -0.0282565468
   -0.0315252272
   -0.0166571319
   -0.0136962510
   -0.0229323090
   -0.0257535433
   -0.0121440204
   -0.0134759308
   -0.0190611008
   -0.0240669802
   -0.0308215294
   -0.0012469540
   -0.0119716568
   -0.0260389762
   -0.0075815930
   -0.0145820830
   -0.0222376953
   -0.0274636305
   -0.0187537702
   -0.0162648059
   -0.0256944891
   -0.0070135831
   -0.0209822651
   -0.0064207474
   -0.0066994760
   -0.0239888089
   -0.0200700602
   -0.0193352211
   -0.0184759742
   -0.0194513149
   -0.0159846370
   -0.0140218153
   -0.0209120492
   -0.0148245984
   -0.0270228796
   -0.0079052908
   -0.0227612684
   -0.0166428082
   -0.0084395672
   -0.0080637072
   -0.0293065995
   -0.0176400003
   -0.0090576463
   -0.0275271273
   -0.0207772857
   -0.0289104760
   -0.0205398094
   -0.0129081135
   -0.0263057179
   -0.0312658956
   -0.0140276512
   -0.0237155693
   -0.0127770066
   -0.0167687872
   -0.0203738825
   -0.0266191960
   -0.0176556824
   -0.0160487358
   -0.0088665973
   -0.0215901589
   -0.0232935924
   -0.0223099713
   -0.0220159827
   -0.0079379726
   -0.0285334267
   -0.0045473978
   -0.0242036824
   -0.0195038957
   -0.0055152061
   -0.0244388755
   -0.0068852131
   -0.0149291913
   -0.0088906163
   -0.0213588854
   -0.0204689254
   -0.0176760961
   -0.0202846861
   -0.0254636805
   -0.0087013191
   -0.0131396208
   -0.0063665962
   -0.0065698658
   -0.0260842740
   -0.0191977490
   -0.0271015780
   -0.0119928729
   -0.0238504134
   -0.0207613846
   -0.0192870541
   -0.0046842383
   -0.0286298219
   -0.0277686349
   -0.0256273892
   -0.0136978308
   -0.0229566827
   -0.0223322648
   -0.0150721534
   -0.0195638035
   -0.0147619651
   -0.0228035397
   -0.0050042968
   -0.0098656522
   -0.0300152847
   -0.0236659596
   -0.0132965258
   -0.0251042506
   -0.0094803289
   -0.0134687393
   -0.0146988604
   -0.0265296603
   -0.0111781942
   -0.0164298542
   -0.0120676395
   -0.0164120140
   -0.0297749757
   -0.0106306425
   -0.0176828456
   -0.0225295745
   -0.0219984287
   -0.0109245956
   -0.0269258016
    0.0236587900
    0.0295131491
    0.0239732472
    0.0309539068
    0.0302830643
    0.0296042312
    0.0282071272
    0.0297969290
    0.0271331269
    0.0285324542
    0.0242466056
    0.0234917159
    0.0252835863
    0.0287860761
    0.0242374915
    0.0238772415
    0.0256282019
    0.0226840476
    0.0218173268
    0.0300397373
    0.0274224218
    0.0268761247
    0.0229278452
    0.0278911469
    0.0286652082
    0.0273349382
    0.0255254469
    0.0251607268
    0.0271564885
    0.0240650446
    0.0248489761
    0.0237034243
    0.0256781633
    0.0226774213
    0.0225484283
    0.0220067947
    0.0259494791
    0.0219483564
    0.0024587098
   -0.0017096083
   -0.0001287673
    0.0077664303
    0.0077618323
    0.0187875285
   -0.0025342568
    0.0018169795
    0.0057067385
    0.0225454003
    0.0092249954
    0.0013834134
    0.0016569564
    0.0129297869
    0.0006695967
   -0.0002665171
    0.0114039141
    0.0062064254
   -0.0002996314
    0.0041474019
    0.0154978087
   -0.0027098342
    0.0094264317
   -0.0024974047
   -0.0020623579
    0.0101935834
   -0.0011336266
    0.0050473523
    0.0079959816
    0.0173292210
    0.0005216582
    0.0001214486
   -0.0016468223
   -0.0013868324
   -0.0004361064
    0.0010106113
    0.0049604343
    0.0001301017
    0.0142701164
    0.0008065822
   -0.0019492071
   -0.0026815376
   -0.0010427319
    0.0014054068
    0.0164520937
    0.0050022426
   -0.0020991796
    0.0083575098
   -0.0002166547
    0.0205996200
    0.0006377750
    0.0029867172
    0.0036053492
    0.0078988214
    0.0143762142
   -0.0025843020
    0.0201993657
    0.0021216046
    0.0145391501
   -0.0004368234
   -0.0005696436
    0.0146805628
    0.0189289063
   -0.0004820970
   -0.0013435355
   -0.0012633671
   -0.0020978007
   -0.0009711889
    0.0146919934
    0.0025402749
    0.0113833492
   -0.0018357881
    0.0024842700
    0.0005414842
   -0.0015451928
   -0.0021896442
    0.0154165864
    0.0033674701
    0.0185149743
    0.0092469751
    0.0006839338
   -0.0022686761
    0.0065087659
    0.0184967046
   -0.0009617078
    0.0162609445
    0.0170507242
    0.0125603596
    0.0142196783
   -0.0000950670
    0.0149389294
   -0.0022197491
    0.0141711559
    0.0149322770
    0.0072195032
    0.0209068304
    0.0004765501
    0.0150423895
    0.0016677920
    0.0012037205
    0.0007865832
    0.0043833184
    0.0017049945
    0.0035428808
    0.0015774754
    0.0017624532
    0.0022801304
    0.0023329225
    0.0107446605
    0.0047143874
    0.0001687099
    0.0040367671
    0.0028366379
    0.0028249359
    0.0067946992
    0.0038870404
    0.0056768806
    0.0014048227
    0.0024113953
    0.0017491861
    0.0023884594
    0.0040314659
    0.0084456449
    0.0025604684
    0.0065090393
    0.0035674563
    0.0117719233
    0.0029352065
    0.0151573465
    0.0060287090
    0.0029424005
    0.0007572839
    0.0136402130
    0.0032665921
    0.0037628345
    0.0101383156
    0.0005795511
    0.0135808093
    0.0080985399
    0.0061824030
    0.0019738431
    0.0014535242
    0.0073325637
    0.0017918267
    0.0018018254
    0.0096317220
    0.0084464883
    0.0079612674
    0.0056188047
    0.0029104977
    0.0153447997
    0.0069036313
    0.0070942879
    0.0065455293
    0.0029768783
    0.0014798745
    0.0019298637
    0.0025016993
    0.0032556662
    0.0044047178
    0.0027433078
    0.0043427171
    0.0046776885
    0.0010111057
    0.0090062174
    0.0018659551
    0.0077097722
    0.0146498084
    0.0030231166
    0.0037655803
    0.0109778413
    0.0050596629
    0.0021026592
    0.0107472842
    0.0087029028
    0.0077834340
    0.0128795494
    0.0086564061
    0.0152819897
    0.0148918780
    0.0090456580
    0.0150225784
    0.0040227994
    0.0077920580
    0.0005889229
    0.0006934019
    0.0086710108
    0.0079004034
    0.0050347563
    0.0020237147
    0.0057738750
    0.0141107143
    0.0002382004
    0.0062326923
    0.0061930410
    0.0017561057
    0.0021378700
    0.0014522962
    0.0091305784
    0.0054635538
    0.0010840988
    0.0184386658
    0.0113052589
    0.0131451619
   -0.0001462654
    0.0015835600
    0.0008944874
    0.0059494234
    0.0292826017
   -0.0000548515
    0.0026740957
    0.0009846528
    0.0059989452
    0.0020521342
    0.0078252385
    0.0034084664
    0.0042660777
    0.0151029329
    0.0018147967
    0.0027303945
    0.0140045966
    0.0192804699
    0.0005050987
    0.0031406894
    0.0268688374
    0.0024185505
    0.0012456783
    0.0035155590
    0.0153183630
    0.0032555496
    0.0149632156
    0.0172454897
    0.0009880388
    0.0000389737
    0.0009143846
    0.0083328537
    0.0040566164
    0.0006539061
    0.0133303662
    0.0235484427
   -0.0012994974
   -0.0006359222
    0.0053126847
    0.0005786560
    0.0196739846
    0.0187424817
    0.0020965196
    0.0016872073
    0.0133807295
    0.0127977730
    0.0014936107
    0.0303408682
    0.0247268460
    0.0093674663
    0.0010987558
    0.0027785437
    0.0031001718
    0.0069197105
    0.0127389745
    0.0118437476
    0.0138705877
    0.0141262864
    0.0114501850
    0.0121395696
    0.0098499782
    0.0118318261
    0.0080120233
    0.0108712209
    0.0131820879
    0.0124516610
    0.0147581323
    0.0043976336
    0.0031866998
    0.0119526482
    0.0008361019
    0.0078771038
    0.0144719932
    0.0121673926
    0.0163106495
    0.0134455944
    0.0075144167
    0.0158245901
    0.0161926415
    0.0156645551
    0.0076092887
    0.0064667040
    0.0093526085
    0.0060307450
    0.0138618157
    0.0158658509
    0.0026698819
    0.0124646742
    0.0031652477
    0.0051920599
    0.0159175682
    0.0002517082
    0.0159967346
    0.0029668256
    0.0146731933
    0.0139783243
    0.0142968019
    0.0053186734
    0.0088303093
    0.0104674505
    0.0127382606
    0.0068479353
    0.0074212471
    0.0060981481
    0.0073587581
    0.0027695893
    0.0044827044
    0.0111900299
    0.0138598949
    0.0071819138
    0.0027175169
    0.0021752641
    0.0022740286
    0.0048651787
    0.0148164705
    0.0042686743
    0.0123123283
    0.0083466155
    0.0095831544
    0.0100896048
    0.0065336536
    0.0143235248
    0.0114071863
    0.0095907886
    0.0158044680
    0.0132058790
    0.0135432568
    0.0006501341
   -0.0000584788
    0.0126138031
    0.0099673314
    0.0123511021
    0.0104708634
    0.0106032564
    0.0083343023
    0.0106443575
    0.0151889930
    0.0083850161
    0.0079415361
    0.0081056712
    0.0013289944
    0.0133641353
    0.0075950185
    0.0009599246
    0.0126339979
    0.0098061213
    0.0135768093
    0.0125381094
    0.0154426704
    0.0043939911
    0.0140536982
    0.0142557692
    0.0039167149
    0.0055419973
    0.0075391798
    0.0123294518
    0.0124156067
    0.0085650445
    0.0234205424
    0.0144447902
   -0.0011005222
    0.0009471758
   -0.0011214859
    0.0005449978
    0.0008004539
   -0.0006279247
   -0.0009809374
    0.0005689373
    0.0007357311
    0.0009099850
   -0.0002283212
    0.0004425598
   -0.0018062421
    0.0007527018
    0.0003707151
   -0.0002010606
    0.0002124421
   -0.0006568500
   -0.0004233414
    0.0003552838
   -0.0006577513
    0.0005955667
    0.0165930106
    0.0153972778
    0.0164126552
    0.0154729220
    0.0156199380
    0.0154957277
    0.0154490576
    0.0158108738
    0.0153408300
    0.0159456660
    0.0161765844
    0.0161153378
    0.0089448713
    0.0089687634
    0.0013506087
    0.0063668662
    0.0048527496
    0.0034928552
    0.0043433539
   -0.0001500541
    0.0008044761
    0.0009507536
   -0.0027062095
   -0.0000911157
    0.0048601494
    0.0012488632
    0.0063110231
   -0.0010613544
   -0.0016840417
    0.0002419371
    0.0007470146
    0.0012988386
    0.0004589674
   -0.0027524196
   -0.0015585878
   -0.0001096496
    0.0034966357
    0.0055441413
   -0.0022688705
    0.0018426478
    0.0080625381
    0.0002740190
   -0.0001519262
    0.0021893714
    0.0004479394
    0.0000099072
   -0.0011069096
    0.0054027467
    0.0097166185
   -0.0035638419
   -0.0000382311
   -0.0013756521
    0.0114594415
   -0.0042249819
   -0.0000003368
    0.0050736367
    0.0034328033
    0.0011168715
    0.0005231588
    0.0016121827
    0.0007596349
    0.0020348644
   -0.0014822492
    0.0025917681
    0.0078936294
    0.0057047849
    0.0005991602
    0.0088941625
   -0.0000562470
   -0.0040176866
    0.0105579179
   -0.0006717872
   -0.0004436553
   -0.0030582502
   -0.0041559572
   -0.0086229757
   -0.0083864397
   -0.0053611836
   -0.0057600254
   -0.0047528734
   -0.0067985413
    0.0028707790
    0.0029598046
    0.0002051451
    0.0049180506
    0.0071282425
    0.0051596530
    0.0077134799
   -0.0017117066
   -0.0211704891
   -0.0159317727
   -0.0163579985
   -0.0100362630
   -0.0138237181
   -0.0047826801
   -0.0117333682
   -0.0261278258
   -0.0215261053
    0.0017342966
   -0.0181885608
   -0.0162887226
   -0.0102239827
   -0.0187530520
   -0.0164170405
   -0.0251972238
   -0.0077008731
   -0.0062208723
   -0.0002095706
   -0.0111936774
   -0.0074092504
   -0.0019689101
   -0.0245374361
   -0.0274580519
   -0.0153673966
    0.0014010965
   -0.0152052962
   -0.0026997566
   -0.0086124159
   -0.0037881786
   -0.0075806056
   -0.0190214461
   -0.0072195200
   -0.0162064146
   -0.0127979647
   -0.0038875170
   -0.0133240233
   -0.0229005163
    0.0026247441
   -0.0006542423
   -0.0180072977
   -0.0108411843
   -0.0066272219
    0.0029285102
   -0.0126278729
   -0.0042463249
   -0.0089943429
   -0.0042460569
   -0.0133188117
   -0.0034547904
   -0.0078401462
   -0.0088838079
   -0.0146503307
   -0.0205175511
   -0.0242550123
   -0.0025912818
   -0.0161001404
   -0.0152799226
   -0.0065034093
   -0.0193683460
   -0.0055959110
   -0.0091067320
   -0.0132852100
   -0.0216770160
   -0.0178295174
   -0.0194125401
   -0.0142481012
   -0.0271248689
   -0.0173265184
   -0.0262980684
    0.0040273149
   -0.0166115267
   -0.0048322776
   -0.0116253156
   -0.0140155220
   -0.0051780585
   -0.0217898713
   -0.0163103117
   -0.0175815644
   -0.0177747999
   -0.0181858676
   -0.0053802865
   -0.0019931207
   -0.0130940855
   -0.0146074953
   -0.0184903744
   -0.0128768597
   -0.0049873862
   -0.0144399163
   -0.0097137859
   -0.0152452422
   -0.0205285937
   -0.0196999949
   -0.0045896526
   -0.0120400481
   -0.0141878501
   -0.0152529959
   -0.0167069509
   -0.0106413969
   -0.0005759092
   -0.0149302868
   -0.0201153368
   -0.0204561178
   -0.0022443092
   -0.0119496991
    0.0028069497
   -0.0207019889
   -0.0217229747
   -0.0058282150
   -0.0234686703
   -0.0165445894
   -0.0227284865
   -0.0179883731
   -0.0145121745
   -0.0111077564
   -0.0215078083
   -0.0095379124
   -0.0004281727
   -0.0012529269
   -0.0199694109
   -0.0259877188
   -0.0081435282
   -0.0186694156
   -0.0102074005
   -0.0221762849
   -0.0129933302
   -0.0137838099
   -0.0242391923
   -0.0089734840
   -0.0167431044
   -0.0091292488
   -0.0195501749
   -0.0062662437
   -0.0221207986
   -0.0105317210
   -0.0129102792
   -0.0264995860
   -0.0187849516
   -0.0130172269
   -0.0162655123
   -0.0159757283
   -0.0130039819
   -0.0109190875
   -0.0210988649
   -0.0034210112
   -0.0195416639
   -0.0261118870
   -0.0091204034
   -0.0225477577
   -0.0249228848
   -0.0136129178
   -0.0141556643
   -0.0178597319
   -0.0232350673
   -0.0084973704
   -0.0225628921
   -0.0108626270
   -0.0186831697
   -0.0166313252
   -0.0106379782
   -0.0102176156
   -0.0244905447
   -0.0190502857
   -0.0159492537
   -0.0114326739
   -0.0207673603
   -0.0184409043
   -0.0193015138
   -0.0028512852
   -0.0071304019
   -0.0208523377
   -0.0286185161
   -0.0230282936
   -0.0107949685
   -0.0060498456
   -0.0224339957
   -0.0246842985
   -0.0070627433
   -0.0143002680
   -0.0159156742
   -0.0219062555
   -0.0181250945
   -0.0099458040
   -0.0069110382
   -0.0266749599
   -0.0261550058
   -0.0073499826
   -0.0232052743
   -0.0039709359
   -0.0083548286
   -0.0069038256
   -0.0095352978
   -0.0136295660
   -0.0197874180
   -0.0147414682
   -0.0151700129
   -0.0205816801
   -0.0216817785
   -0.0139631649
   -0.0213593061
   -0.0158169937
   -0.0048511350
   -0.0124125388
   -0.0133082391
   -0.0042100894
   -0.0224971540
   -0.0085575722
   -0.0249201728
   -0.0227221384
   -0.0163582329
   -0.0074927859
   -0.0149603491
   -0.0175516101
   -0.0179738629
   -0.0078232438
   -0.0149180916
   -0.0157832800
   -0.0089626050
   -0.0131063772
   -0.0173715862
   -0.0184286619
   -0.0138643440
   -0.0161417579
   -0.0253516205
   -0.0179299464
   -0.0131065350
   -0.0214438040
   -0.0125360616
   -0.0241110329
   -0.0059115260
   -0.0284353729
   -0.0244669690
   -0.0157588629
   -0.0119028199
   -0.0211827885
   -0.0161762051
   -0.0103796086
   -0.0076045203
   -0.0241648301
   -0.0090103906
    0.0229589138
    0.0225621513
    0.0207128534
    0.0229936039
    0.0222292240
    0.0223684193
    0.0225092233
    0.0247315313
    0.0211241286
    0.0210678695
    0.0209742041
    0.0200276358
    0.0213300736
    0.0255094174
    0.0234855525
    0.0230784181
    0.0204940260
    0.0240059037
    0.0231193480
    0.0238881963
    0.0252024291
    0.0237357864
    0.0254195177
    0.0224719439
    0.0251576998
    0.0227856655
    0.0216935045
    0.0244840295
    0.0028264063
   -0.0006138980
    0.0037541627
    0.0007084151
   -0.0004198725
    0.0077201440
    0.0096011995
    0.0015735757
    0.0171001121
    0.0012424197
    0.0003794649
    0.0008494676
    0.0004301185
    0.0069874751
   -0.0002199601
    0.0029944006
    0.0006968159
    0.0045783524
    0.0020215500
    0.0161222955
   -0.0005988529
    0.0058863656
    0.0175849692
    0.0062657281
    0.0064039915
    0.0053761408
    0.0061914116
    0.0024110727
    0.0010251962
    0.0071308171
   -0.0001005482
    0.0030553400
    0.0070635800
    0.0007968406
   -0.0001568777
   -0.0010082736
    0.0150639836
    0.0168680979
    0.0043266341
    0.0011024842
    0.0001237057
    0.0125298058
    0.0139570738
    0.0022871246
   -0.0005284689
    0.0017628987
    0.0072970916
   -0.0004565877
    0.0151637877
   -0.0007173016
    0.0086385066
   -0.0007739770
    0.0028814353
    0.0049344676
    0.0051483601
    0.0008296326
    0.0048184268
    0.0103181245
    0.0020307674
    0.0129635993
   -0.0008868633
    0.0007666474
    0.0099638943
    0.0007815245
    0.0204675467
    0.0011225726
    0.0060764697
    0.0008016184
    0.0019651501
   -0.0003113387
    0.0062952454
    0.0055141543
    0.0076034265
    0.0021935024
    0.0019543496
    0.0153783084
    0.0017257653
    0.0129632680
    0.0027279835
   -0.0002846020
    0.0028884164
    0.0097378871
    0.0042965888
    0.0113240309
   -0.0002099736
    0.0003597469
    0.0009753906
    0.0030973285
    0.0027191830
    0.0105990487
    0.0065731793
    0.0138672348
    0.0004470159
   -0.0003134942
    0.0171567506
    0.0131472570
    0.0128321903
    0.0159736501
    0.0090506926
    0.0080683861
    0.0072800874
   -0.0006215610
   -0.0008765705
    0.0031499466
   -0.0006687835
    0.0096571525
    0.0109813229
    0.0002889102
    0.0204219226
    0.0024842086
   -0.0004463391
    0.0019648660
    0.0033159356
    0.0080603043
    0.0118031056
   -0.0007273538
    0.0098418978
    0.0006339658
    0.0041876219
    0.0008162509
    0.0135530430
    0.0166747040
   -0.0005610285
    0.0056182622
    0.0072556957
    0.0003232640
    0.0006236985
    0.0050548395
    0.0071794166
    0.0024754012
    0.0025707762
    0.0093791145
    0.0037447255
    0.0019021360
    0.0050317633
    0.0072623882
    0.0018805846
    0.0030560893
    0.0028403484
    0.0009624257
    0.0027021649
    0.0020716430
    0.0017159203
    0.0055969838
    0.0019263013
    0.0019132241
    0.0020898766
    0.0017954334
    0.0089187238
    0.0045463723
    0.0032656121
    0.0046395586
    0.0103909689
    0.0018271710
    0.0014407951
    0.0063882965
    0.0063010061
    0.0014844067
    0.0020733255
    0.0027479436
    0.0034040592
    0.0018625490
    0.0023326190
    0.0016948738
    0.0014335670
    0.0053329785
    0.0019641545
    0.0059009560
    0.0020135702
    0.0026489023
    0.0017307304
    0.0057964444
    0.0125917517
    0.0082305779
    0.0053970668
    0.0033774099
    0.0007018798
    0.0056192438
    0.0020370641
    0.0029820398
    0.0085100142
    0.0085514199
    0.0035069154
    0.0015684089
    0.0062076477
    0.0038085033
    0.0058294818
    0.0018189161
    0.0014954745
    0.0018272240
    0.0015972476
    0.0094591966
    0.0123675647
    0.0116730263
    0.0083854175
    0.0020481209
    0.0107654103
    0.0045536141
    0.0022900499
    0.0081256825
    0.0074588614
    0.0032908350
    0.0030100270
    0.0023380901
    0.0028624065
    0.0097612387
    0.0034563012
    0.0122317721
    0.0032283908
    0.0004281779
    0.0073952493
    0.0062266121
    0.0103623184
    0.0065704841
    0.0118373386
    0.0032611073
    0.0130498911
    0.0135369645
    0.0036460056
    0.0079345871
    0.0105750129
    0.0104728670
    0.0116097308
    0.0045082817
    0.0071556093
    0.0058286933
    0.0121436135
    0.0114777922
    0.0077304922
    0.0108497814
    0.0029438542
    0.0008741775
    0.0010071801
    0.0061299786
    0.0086301086
    0.0040205238
    0.0106228410
    0.0074569457
    0.0122569609
    0.0093043487
    0.0120825228
    0.0017092731
    0.0064810835
    0.0109975977
    0.0097906368
    0.0027697037
    0.0053666388
    0.0104965723
    0.0014051054
    0.0088529998
    0.0093260536
    0.0042341182
    0.0069770064
    0.0060103669
    0.0112642321
    0.0053795920
    0.0083703379
    0.0050414496
    0.0122673503
    0.0014264959
    0.0019240481
    0.0061526256
    0.0071096037
    0.0025709484
    0.0077655939
    0.0032889795
    0.0057406397
    0.0009098518
    0.0119516803
    0.0031857768
    0.0069000092
    0.0056825435
    0.0096566625
    0.0105895520
    0.0027670951
    0.0025332070
    0.0106254265
    0.0022651904
    0.0016285830
    0.0062466081
    0.0027571482
    0.0118528565
    0.0100246424
    0.0020530008
    0.0069822547
    0.0020758783
    0.0130429283
    0.0099700869
    0.0042477424
    0.0035873347
    0.0051018336
    0.0017150076
    0.0097109036
    0.0082745802
    0.0113050616
    0.0020415500
    0.0038747345
    0.0036082472
    0.0040750993
    0.0119835901
    0.0043819171
    0.0064015878
    0.0093114088
    0.0020302810
    0.0020285611
    0.0040209109
    0.0134303130
    0.0062375955
    0.0059906657
    0.0063351940
    0.0007620719
    0.0000638929
    0.0122257984
    0.0071404905
    0.0164125004
    0.0059799004
    0.0009722448
    0.0129232938
    0.0068230536
    0.0122796020
    0.0053747997
    0.0085806234
    0.0012905167
    0.0092456351
   -0.0002480388
    0.0158852613
    0.0138884500
    0.0076372992
    0.0121703252
    0.0124799264
    0.0040840149
    0.0123424841
    0.0099570341
    0.0008829233
    0.0035125013
    0.0140688093
    0.0145064201
    0.0215835553
    0.0078555096
    0.0097998597
   -0.0015922105
    0.0021752373
    0.0068089549
   -0.0016679208
    0.0017408739
    0.0171707171
    0.0035788619
    0.0044901212
    0.0099404418
    0.0086537927
    0.0156780705
    0.0094666708
    0.0030692972
    0.0097878757
    0.0056895882
    0.0013430570
    0.0058090348
    0.0168717418
    0.0037819852
    0.0101262263
    0.0001859264
    0.0028979855
    0.0125468375
    0.0094121883
    0.0053119842
    0.0098712462
    0.0007744008
    0.0139198155
   -0.0001216814
    0.0023410456
    0.0047032814
    0.0044181903
    0.0143269472
   -0.0007030391
    0.0043821886
    0.0025260037
    0.0016954970
    0.0039170938
    0.0084896771
    0.0015540046
    0.0019202230
    0.0044151543
    0.0192787391
    0.0106862625
   -0.0004451310
    0.0179024620
    0.0029354961
    0.0151230221
    0.0052638332
    0.0015539134
    0.0019032195
    0.0046195509
    0.0015354898
    0.0039749964
    0.0062499634
    0.0012061783
    0.0212466144
    0.0160177321
    0.0083680127
    0.0183029707
    0.0017812827
    0.0005603584
    0.0236270361
    0.0058426487
    0.0055910543
    0.0138012440
    0.0098332265
    0.0126793790
    0.0098813867
    0.0073162206
    0.0136400068
    0.0121850188
    0.0130468955
    0.0138723164
    0.0069853066
    0.0105180386
    0.0103545196
    0.0064501540
    0.0096258706
    0.0127686365
    0.0038549957
    0.0091498187
    0.0051056528
    0.0036472558
    0.0131827063
    0.0131527897
    0.0132987488
    0.0090665768
    0.0091387958
    0.0118984182
    0.0099683650
    0.0070441791
    0.0112160239
    0.0125813336
    0.0132037614
    0.0103111588
    0.0075591548
    0.0110118054
    0.0034970037
    0.0112960666
    0.0030869493
    0.0042087600
    0.0138584015
    0.0119211477
    0.0112887596
    0.0026215509
    0.0106581242
    0.0110719356
    0.0079266465
    0.0064645975
    0.0079259275
    0.0004351761
    0.0054660895
    0.0062665176
    0.0093263944
    0.0109421094
    0.0119010392
    0.0071780269
    0.0118532474
    0.0096626265
    0.0097843163
    0.0096369601
    0.0138866508
    0.0039540727
    0.0124357915
    0.0131924031
    0.0106212549
    0.0083568208
    0.0040786577
    0.0048948696
    0.0055302588
    0.0013690397
    0.0114816845
    0.0058030627
    0.0119093199
    0.0133764289
    0.0134105690
    0.0072890537
    0.0079864354
    0.0055509452
    0.0121014571
    0.0132228112
    0.0091008414
    0.0106567321
    0.0133517268
    0.0012483447
    0.0111028926
    0.0014115406
    0.0129924980
    0.0122011686
    0.0003780097
    0.0074565072
    0.0079679962
    0.0016184787
    0.0095545370
    0.0044090302
    0.0093425711
    0.0077610190
    0.0021247535
    0.0069372668
    0.0094315480
    0.0127102816
    0.0081022892
    0.0108424840
    0.0032197077
    0.0073066570
    0.0103696744
    0.0101016910
    0.0091132567
    0.0048539162
    0.0030038978
    0.0061234849
    0.0103560948
    0.0006062647
    0.0047562729
    0.0107847544
    0.0013004129
    0.0130558836
    0.0133702097
    0.0049961371
    0.0135330493
    0.0049056445
    0.0009392273
    0.0122277742
    0.0027935200
    0.0111010524
    0.0095826918
    0.0056606881
    0.0048347490
    0.0112801966
    0.0120872790
    0.0037371030
    0.0113854561
    0.0044889856
    0.0009977049
    0.0089234882
    0.0083089698
    0.0044503961
    0.0008916622
    0.0080349153
    0.0137715330
    0.0097904502
    0.0109560721
    0.0126332553
   -0.0008220276
   -0.0022512889
    0.0001229310
   -0.0001873531
   -0.0003776072
   -0.0013966742
   -0.0006636773
   -0.0009398696
   -0.0014166652
   -0.0000040484
   -0.0035803556
   -0.0013952930
   -0.0000325492
   -0.0007302320
   -0.0014274184
   -0.0009296934
   -0.0000466885
   -0.0002730586
    0.0003881351
   -0.0004611571
   -0.0020202594
    0.0001914003
   -0.0011392463
   -0.0013129822
    0.0004706153
   -0.0014060066
   -0.0000895917
   -0.0000685896
   -0.0022045300
   -0.0036869447
    0.0005932094
   -0.0024672063
    0.0005061763
    0.0023738663
   -0.0001683666
   -0.0020174056
    0.0027321180
   -0.0010642996
   -0.0007476498
    0.0042899387
    0.0021682282
    0.0081022200
    0.0028649869
    0.0066826626
   -0.0010506534
    0.0005854949
    0.0007239432
   -0.0034077175
   -0.0007787808
   -0.0012027849
   -0.0001060636
   -0.0003937218
    0.0040027288
    0.0036250354
    0.0035299147
   -0.0003953937
    0.0061486097
    0.0058938851
   -0.0035084286
   -0.0012779547
    0.0019691056
    0.0020081622
    0.0001763254
   -0.0007045160
    0.0036993897
    0.0029332532
   -0.0017914762
    0.0009942164
    0.0066467472
   -0.0011796118
    0.0051990374
    0.0063094830
    0.0010761496
    0.0086197668
   -0.0004146822
    0.0020572957
    0.0001346103
   -0.0032632551
    0.0009616885
    0.0010230389
    0.0008184825
   -0.0008094698
    0.0053499959
   -0.0006984513
    0.0027430905
   -0.0001940586
    0.0036178143
    0.0013699109
   -0.0035736202
    0.0029209572
    0.0008862903
    0.0008146724
    0.0015110477
   -0.0037138350
    0.0003180059
   -0.0009507016
   -0.0005638027
    0.0053613560
   -0.0029502395
    0.0012799344
    0.0067050009
   -0.0030987090
   -0.0000495397
    0.0083630963
    0.0036256847
    0.0045857675
   -0.0046448550
    0.0057081183
    0.0048600718
    0.0038471203
    0.0001618499
   -0.0008062109
    0.0022004835
   -0.0001642957
    0.0026623179
    0.0014225926
   -0.0022791695
    0.0011508767
   -0.0030148393
   -0.0011334171
    0.0019572157
    0.0094885284
    0.0043803476
   -0.0045540278
   -0.0012899310
   -0.0108969327
   -0.0031055725
   -0.0090790543
   -0.0081188634
   -0.0037315539
   -0.0227689947
   -0.0127313777
   -0.0030805256
   -0.0084165415
   -0.0178860292
   -0.0033411760
   -0.0159687478
   -0.0086874949
   -0.0054699467
   -0.0107691945
   -0.0223857773
   -0.0200936217
   -0.0200603619
   -0.0157366049
   -0.0165458996
   -0.0047885023
   -0.0217105295
   -0.0144994593
   -0.0202400509
   -0.0054606320
   -0.0174743385
   -0.0089705844
   -0.0217994239
   -0.0032914605
   -0.0108000448
   -0.0012210256
   -0.0096248169
   -0.0135653490
   -0.0115901136
   -0.0094497291
   -0.0021865092
   -0.0079400086
   -0.0121155939
   -0.0081001166
   -0.0050598951
   -0.0101849867
   -0.0142438154
   -0.0234283552
   -0.0145012828
   -0.0098902090
   -0.0132449332
   -0.0161386117
   -0.0145296720
   -0.0129488351
   -0.0160342625
   -0.0039133164
    0.0007300163
   -0.0101913043
   -0.0055844680
   -0.0207419563
   -0.0178255390
   -0.0189175373
   -0.0231803081
    0.0033220743
   -0.0047459923
   -0.0096381147
   -0.0176918624
   -0.0022670707
   -0.0119635407
   -0.0037108475
   -0.0136614437
   -0.0065107614
   -0.0099308309
   -0.0006641050
   -0.0021930931
   -0.0192892116
   -0.0184217083
   -0.0055239109
   -0.0182802543
   -0.0165536764
   -0.0018839124
   -0.0108320271
   -0.0082306238
   -0.0088623988
   -0.0194558711
   -0.0073826462
   -0.0227118301
    0.0005579428
   -0.0029504889
   -0.0125796842
   -0.0137136892
   -0.0144664141
   -0.0173751482
   -0.0161650876
   -0.0096931382
   -0.0069741355
   -0.0174405840
   -0.0067614643
   -0.0168787741
   -0.0084047877
   -0.0065065897
   -0.0079491832
   -0.0151797754
   -0.0032063690
   -0.0055301436
   -0.0140786197
   -0.0127031771
   -0.0090025764
   -0.0199593176
   -0.0177746984
   -0.0151988469
   -0.0064231905
    0.0009142852
   -0.0182505447
   -0.0203152780
   -0.0168656198
   -0.0017832453
   -0.0119071524
   -0.0192858625
   -0.0157019410
   -0.0006161518
   -0.0154765788
   -0.0117671678
   -0.0177487801
   -0.0108650779
   -0.0190909451
   -0.0137752595
   -0.0079912429
   -0.0207890343
   -0.0064436162
   -0.0136143431
   -0.0079355435
   -0.0206559263
   -0.0025326613
   -0.0183717204
   -0.0071109639
   -0.0164834440
   -0.0149010811
   -0.0086824987
   -0.0025573570
   -0.0109761618
   -0.0070384563
   -0.0091223779
   -0.0116061460
   -0.0166787155
   -0.0102213949
   -0.0135430228
   -0.0127482338
   -0.0132423161
   -0.0091456793
   -0.0075522913
   -0.0052748378
   -0.0096993768
   -0.0004973944
   -0.0051449834
   -0.0098577631
   -0.0127997799
   -0.0071527002
   -0.0072916576
    0.0035398655
   -0.0077277532
   -0.0143804672
   -0.0163277816
   -0.0176124446
   -0.0203585607
   -0.0200470208
   -0.0117554468
   -0.0137844717
   -0.0170380358
   -0.0111399533
   -0.0189959803
   -0.0077719162
   -0.0121468682
   -0.0115932843
   -0.0169716199
   -0.0138935109
   -0.0088574186
   -0.0054817669
   -0.0191622737
   -0.0237909673
   -0.0060899302
   -0.0083028399
   -0.0149964373
   -0.0047411438
   -0.0206941447
   -0.0171711667
   -0.0099499533
   -0.0125930101
   -0.0208484765
   -0.0221418911
   -0.0097707724
   -0.0218103115
   -0.0135779575
   -0.0162828307
   -0.0162039167
   -0.0195691728
   -0.0116082699
   -0.0190993054
   -0.0068548583
   -0.0038960187
   -0.0198354533
   -0.0154118531
   -0.0091510718
   -0.0141697736
   -0.0111255278
   -0.0086463277
   -0.0171936802
   -0.0039251250
   -0.0131173523
   -0.0202849023
   -0.0099722405
   -0.0168510625
   -0.0212012967
   -0.0154400043
   -0.0133019434
   -0.0137952086
   -0.0054969799
   -0.0078738700
   -0.0133029173
   -0.0063883094
   -0.0094542942
   -0.0194506648
   -0.0197891843
   -0.0170324768
   -0.0052363549
   -0.0185260961
   -0.0095720702
   -0.0059383313
   -0.0212029220
   -0.0161847688
   -0.0089602229
   -0.0172443882
   -0.0072131061
   -0.0206396996
   -0.0149057907
   -0.0165871075
   -0.0087523893
   -0.0122630629
   -0.0134147316
   -0.0062093915
   -0.0107018177
   -0.0093791332
   -0.0168034357
   -0.0208111093
   -0.0171586983
   -0.0217389710
   -0.0145903599
   -0.0089607912
   -0.0102503568
   -0.0102408998
   -0.0172837245
   -0.0065046122
   -0.0133586286
   -0.0147073987
   -0.0139000069
   -0.0184181261
   -0.0166208056
   -0.0214385277
   -0.0214566229
   -0.0237829720
   -0.0053941675
   -0.0060731568
   -0.0197853400
   -0.0136974242
   -0.0175024458
   -0.0125342783
   -0.0123750599
   -0.0186247832
   -0.0138413986
   -0.0082788896
   -0.0129477847
   -0.0153009510
   -0.0195187986
   -0.0150420072
   -0.0111972996
   -0.0199447553
   -0.0201996902
   -0.0183370087
   -0.0076224239
   -0.0099325309
   -0.0087000344
   -0.0150210360
   -0.0112007948
   -0.0088344543
   -0.0173071330
   -0.0190185315
   -0.0118057033
   -0.0197250430
   -0.0123638317
   -0.0129349778
   -0.0215954615
   -0.0199707966
   -0.0181557576
   -0.0063227497
   -0.0182325533
   -0.0181745076
   -0.0069277391
   -0.0139912297
   -0.0198652139
   -0.0092382311
   -0.0051868886
   -0.0150245970
   -0.0056046331
   -0.0064524359
   -0.0211758235
   -0.0105705911
   -0.0081740382
   -0.0112015055
   -0.0170046383
   -0.0048866922
   -0.0145027994
   -0.0138979724
   -0.0101463368
   -0.0162881714
   -0.0083495447
