-3.511170 0.661340 0.382422
-2.103080 1.773394 1.918410
-3.210714 0.928843 1.186643
-0.577343 1.809967 -1.880610
-3.338472 2.326980 0.038047
-1.937958 0.851601 -2.102970
-3.395368 2.027978 -0.652873
-0.314904 2.497365 -1.287551
-2.806685 2.734934 -0.840476
-3.462943 2.033684 0.243818
-0.595887 2.709232 -1.293959
-0.314137 2.235671 -1.506364
-0.204735 2.783528 0.610400
-2.658791 2.483098 -1.346285
-2.143652 1.367168 1.972872
-0.115239 2.554718 -0.979313
-3.212156 2.257694 -0.829603
-1.714481 3.340075 0.228517
0.255173 2.423980 0.044005
-0.724275 3.003368 -0.951227
-1.760237 3.214078 0.701848
-2.083890 3.106166 0.794045
-2.829489 2.243883 1.280584
-3.410619 1.225082 0.903743
-1.696798 1.794436 -2.101253
-3.375067 2.135798 0.447335
-1.945981 2.630907 -1.606361
-2.383574 2.199235 1.632763
-3.383247 1.803509 0.785318
-1.802711 1.593770 -2.133084
-0.617588 2.905916 0.923901
-1.229969 2.940019 1.195038
-2.227748 2.988815 0.924460
-0.990752 3.258371 -0.488110
-1.559691 3.024178 -1.215062
-2.422619 1.639416 -1.935967
-0.627659 3.105731 -0.575227
-0.908645 1.511664 -2.077906
-1.424901 1.648217 2.031944
-2.987358 2.568139 -0.820946
-1.086671 3.167473 0.743011
-1.087606 3.044375 -1.102163
-3.047001 2.027419 -1.299946
-3.516675 1.708131 -0.590472
-0.431526 2.223409 1.493630
-0.075297 2.809984 0.019026
-3.033724 2.405983 0.868016
-0.652123 3.167914 0.223494
-3.004537 1.353193 -1.566467
-1.724019 2.026886 1.911062
-0.040587 2.313264 -1.157972
-1.022014 1.009086 -2.113014
-2.547951 1.334799 -1.910745
-0.300803 2.866131 -0.705113
-0.910278 2.753577 1.315994
-1.169044 3.340705 -0.006765
-0.148533 1.716205 -1.619072
-0.431459 2.668162 1.096653
-1.820942 2.163569 -1.947266
-3.311973 1.750193 -1.067364
-2.820086 2.569784 -1.078837
-0.839515 3.183970 -0.604589
-2.253896 3.233342 0.025223
-3.613977 1.108350 -0.351146
-3.553468 1.807811 0.131499
-2.837502 1.593945 1.571029
-2.426205 2.963891 0.794652
-0.621210 2.631429 1.287930
-3.162293 2.465724 0.493653
-1.297372 1.736227 -2.113445
-1.294869 3.225263 -0.792500
-1.986460 1.469100 -2.116519
-1.523938 2.312782 -1.893216
-0.422635 3.028156 -0.442005
-3.551483 1.365345 0.535631
-1.929867 2.943748 1.150507
-3.178002 2.228857 0.824243
-2.554234 2.705424 -1.192878
-1.415287 2.155063 1.864315
-0.656497 2.838771 -1.170831
-1.420638 0.253485 2.476062
-2.288284 0.948588 2.011297
-1.374913 0.449590 -2.219758
-1.484540 0.760079 -2.141555
-1.230375 -0.049757 -2.244419
-1.395770 1.113903 2.274913
-1.572798 0.505410 2.423823
-2.999852 0.686527 1.424362
-0.953548 0.413552 -2.238911
-1.938480 0.106460 2.342730
-2.279250 -0.009522 2.173411
-2.683253 0.574930 1.830495
-1.386764 0.446154 2.464112
-1.429065 1.369990 2.135036
-1.675423 0.944354 2.285343
-2.926047 0.387858 1.607542
-2.661530 0.228156 1.900845
-2.354396 0.208735 2.132855
-1.312193 0.615834 -2.199351
-1.660873 0.507020 -2.157564
0.235580 2.313061 0.564548
0.684189 -2.366244 0.155977
-0.889475 -1.172969 2.360830
-0.996675 -0.269962 2.609118
0.447024 -0.627802 2.951002
-0.087801 -0.378686 2.964237
0.131998 -0.631313 2.945029
1.151476 -0.977428 2.679051
0.938456 -0.132421 2.940960
0.625387 0.211493 2.986979
-0.190196 0.531297 2.887477
1.304873 -0.191927 2.807907
-0.713639 1.208540 2.363057
-0.641130 -1.213511 2.487340
1.822848 -0.382793 2.465334
-0.179831 0.302082 2.938322
-0.303808 -0.657173 2.858780
0.722786 -0.307701 2.976038
1.659568 -0.836091 2.456341
0.926234 0.052061 2.942273
-1.077017 -0.909503 2.367666
1.581122 -0.379517 2.639837
-0.900641 -0.807906 2.540293
0.450594 0.070398 3.014871
-2.438583 -3.392049 -0.400031
-3.005639 -0.400068 1.820592
-0.843743 -3.090554 0.543689
-3.823425 0.013948 0.703551
-0.180633 -2.669940 0.252367
-3.538070 -2.813315 -0.143571
-0.940070 -1.081820 -2.351109
-1.188910 -3.199722 0.648867
-4.099659 -0.669625 0.642582
-0.516090 -2.557699 1.077886
-4.008894 -0.073838 0.283176
-2.688406 -3.280239 -0.648426
-3.902738 -1.296324 1.098475
-2.219933 -3.412104 -0.554350
-1.740349 -1.323306 -2.537003
-2.550778 0.255031 -2.032570
-0.721911 -3.093262 0.307182
-0.432311 -1.000225 -2.043909
-3.632513 0.454713 0.378369
-2.563255 0.504295 -1.819597
-2.794498 -2.612237 -1.766665
-0.714105 -2.911221 0.780353
-1.762153 -3.455390 -0.320392
-3.825761 -1.628520 1.118168
-3.817376 -1.857588 1.009257
-2.174914 -0.557632 -2.479748
-0.239614 -2.762613 0.107360
-1.503453 -3.241437 0.747461
-3.739602 -2.597226 -0.219648
-3.647520 -2.633607 -0.644054
-1.306008 -0.305788 -2.343111
-2.947576 -2.874456 -1.344250
-2.051182 -1.831545 -2.429372
-2.568961 -3.356866 0.060571
-2.855499 -3.232849 0.199522
-2.898517 -1.597166 -2.274732
-1.530018 -1.062252 -2.525133
-2.213112 -1.192938 -2.531874
-2.454683 -3.190079 -1.136323
-2.319950 -1.743955 -2.423033
-4.020905 -0.817962 0.878241
-2.256032 -3.430718 -0.356239
-1.532829 -0.288572 -2.387015
-3.893789 -2.137985 -0.943333
-3.229812 0.167044 1.354743
-1.787142 -0.933644 -2.547071
-3.065162 -3.135578 0.149791
-3.644231 -1.053752 1.447690
-2.221758 -0.378388 -2.425200
-0.971803 -3.073253 0.741898
-4.129545 -1.740429 0.351270
-3.593785 0.265923 0.817133
-4.052150 -1.612397 0.701081
-2.195587 -3.282150 -1.039064
1.944910 0.500181 -2.745719
1.824728 -0.123471 -2.829833
0.418705 -0.195730 -2.683413
-0.174942 0.343455 -2.292139
2.582759 0.025611 -2.535245
0.437169 -2.213436 -0.589200
2.245454 -0.584627 -2.630764
0.645902 -0.156244 -2.769615
1.681054 -2.336677 -0.083776
0.238264 0.247835 -2.588217
1.479679 -0.344377 -2.853992
0.546249 0.059410 -2.739321
2.078064 -0.243123 -2.754608
0.905818 0.410271 -2.799159
0.153234 0.629760 -2.453523
-0.088636 -0.190385 -2.388736
0.024049 0.368916 -2.439040
1.394759 -2.391400 -0.656784
1.014050 0.129035 -2.851953
2.779863 0.691594 -2.265437
-0.132217 -2.361283 2.012309
0.716102 -1.364031 2.772287
0.480995 -1.634627 2.719156
1.273762 -2.278911 1.837004
1.778304 -1.463532 2.007372
0.077451 -2.661350 1.076146
1.119338 -2.421777 0.591555
0.465128 -1.975827 2.536142
0.938626 -1.218709 2.737741
0.283053 -1.573846 2.739859
-0.415615 -2.113264 2.135488
-0.470938 -1.804301 2.360768
1.685618 -1.357105 2.184388
-0.221225 -2.549759 0.875578
-0.905725 -1.534625 2.081770
1.192502 1.851128 2.413611
1.719796 1.183205 2.453854
0.031606 2.284239 1.726057
1.149651 0.363170 2.872245
-0.268162 2.177585 1.612087
0.332255 1.961755 2.470954
-0.627743 1.512426 2.270644
0.554007 1.961716 2.489603
-0.355140 0.766217 2.772891
1.211069 2.177313 0.834819
1.317845 2.212912 1.271640
0.633240 2.329510 0.855188
0.282648 2.365768 1.618224
1.841656 1.312993 2.233250
0.361665 1.734345 2.683357
0.435502 2.216903 2.119957
1.373090 0.775586 2.807359
1.986870 0.783825 2.198836
0.175823 0.935157 2.977719
1.110033 0.680479 2.929366
1.289854 0.545969 2.841850
5.143512 -0.179792 -0.284686
4.888142 -1.312922 -0.003336
3.979568 1.845017 -0.086459
5.132434 -0.386700 -0.321279
4.005667 -1.141393 1.805137
2.985412 -0.569143 2.334350
4.673492 1.084720 -0.645110
2.122894 0.337304 2.212185
5.071889 -0.847614 -0.057186
3.924351 0.005214 2.066420
5.141078 -0.209957 0.287811
4.712594 -0.784805 1.254364
2.179226 -2.431882 -0.611181
2.577627 2.153825 0.193107
3.054134 -1.549652 -1.956414
5.132256 -0.568731 -0.028380
2.351490 2.132201 -0.020487
2.692380 -2.393512 -0.949649
4.828502 0.090912 1.164171
4.784490 -1.485798 -0.130824
3.107676 -2.397299 -0.885515
3.609326 1.779992 -1.019305
3.144746 2.135518 -0.195418
5.084613 0.157755 0.456883
2.975195 2.162836 -0.038857
2.854157 1.687000 -1.445982
3.033751 2.017176 -0.811893
3.450100 1.999231 -0.591413
3.517293 2.046895 -0.186897
3.539943 0.018306 2.234609
4.682573 -1.423971 0.743848
3.236983 1.761567 -1.263176
2.424388 -0.431680 2.333544
3.986397 -2.221434 -0.406841
2.236885 -2.501362 -0.347666
4.500355 1.404919 0.305700
3.905850 -1.709936 -1.473173
2.497680 -2.185053 -1.305305
3.275351 -1.933980 -1.572211
3.419650 -1.481719 -1.915754
3.212242 -2.224682 -1.198364
3.928183 1.792570 -0.591745
5.142708 0.074405 0.006593
4.019897 -2.128886 -0.672599
3.213310 -0.846288 2.242479
5.018147 -1.011262 -0.109079
4.737989 -1.550667 0.161679
4.732461 -0.508124 1.318016
3.814592 -0.244740 2.133695
2.364331 -1.834303 -1.697433
3.588259 -2.304984 -0.794838
3.035322 1.152286 -1.944713
3.070308 1.830340 -1.201403
4.184974 1.392157 -1.070386
4.449646 -0.849784 1.560795
4.697230 -1.527458 -0.508146
3.076201 -0.300338 2.350466
3.820931 -1.915254 -1.300998
4.185661 -1.165477 1.655911
3.392190 2.070703 -0.313339
2.396054 2.126374 0.242879
2.794795 -1.143309 -2.198083
4.955270 0.741985 -0.173508
3.979142 1.689140 -0.798536
4.587559 0.317160 1.446534
3.121334 1.559919 -1.564480
4.640104 0.491254 1.299588
1.330124 -1.852068 -2.511755
1.135799 -0.802414 -2.913654
0.356254 -0.470225 -2.699873
0.349906 -2.157862 -1.822617
0.618455 -0.534433 -2.819521
1.259726 -2.440570 -1.465182
1.701427 -0.637686 -2.801481
2.078801 -2.128569 -1.521021
0.880794 -2.037672 -2.326182
1.750338 -0.809333 -2.788868
2.035614 -1.077526 -2.607903
0.455375 -0.828966 -2.778335
0.568155 -0.263383 -2.735090
0.126025 -1.187498 -2.530349
0.478814 -1.424686 -2.650183
1.876341 -0.692026 -2.728679
1.961791 -1.635678 -2.407750
0.591721 -2.175763 -2.013992
1.687466 -1.252882 -2.741770
0.139041 -2.006533 -1.844428
2.114333 -1.461664 -2.401292
2.429088 1.739558 -1.905980
1.711840 2.274852 -1.915987
0.972985 2.437437 -0.307609
2.175666 2.311827 -1.308877
0.496148 2.416537 -1.232109
1.198647 2.614728 -0.949451
1.464540 2.604085 -1.022695
0.370038 1.119962 -2.420382
2.065210 1.266167 -2.443276
0.115748 1.998460 -1.629771
0.617869 2.429812 -0.579735
0.640970 1.215613 -2.543766
0.873950 1.004533 -2.640531
4.047614 -0.111214 -2.414159
3.814952 0.091840 -2.460305
4.099732 0.760529 -2.095137
3.132682 -0.561294 -2.426709
3.939171 0.219565 -2.404372
4.244835 0.801875 -1.979617
3.459316 -1.326144 -2.042397
4.703485 -1.312625 -0.874252
3.876718 -0.668053 -2.385009
4.564011 -0.706197 -1.996274
3.414973 -0.666845 -2.433466
4.188685 1.134914 -1.636425
4.919746 -0.599414 -1.582541
4.941411 0.220787 -1.572463
4.275936 1.286488 -1.147423
3.549019 0.026817 -2.501282
3.013989 -0.262297 -2.443408
4.230024 -1.144458 -1.970500
4.908834 0.672941 -1.136005
3.270176 0.208978 -2.458300
3.294545 0.947701 -2.082047
5.016545 -0.773759 -1.133721
3.393836 0.432159 -2.402725
3.863609 0.935875 -2.047670
3.435530 -0.306272 -2.506077
4.295787 1.195301 -1.400889
4.004091 -1.384254 -1.858381
3.020486 0.336115 -2.370382
3.357914 -2.602312 -0.278402
3.874607 -2.359365 1.159645
1.874915 -2.473760 0.213494
2.203047 -2.569030 -0.139856
3.828475 -2.518623 0.865083
2.411689 -2.535870 1.323503
3.096117 -2.349313 1.657883
3.971373 -2.355278 1.005032
3.170723 -2.739696 1.015508
2.448671 -1.492632 2.060636
2.093544 -2.566144 0.946106
3.385115 -2.674527 1.050971
3.518447 -2.300303 1.557122
1.982542 -1.695551 1.779313
2.906860 -1.438862 2.134131
2.171140 -2.681860 0.405460
3.494143 -2.481517 1.345688
2.363718 -2.107468 1.762041
2.861282 -2.465556 1.546036
2.717015 -2.555623 1.409230
4.127365 -2.263070 0.111368
3.531489 -1.565839 1.982979
3.408532 -2.712756 0.037818
2.492908 -1.958532 1.901886
3.500295 -2.455425 -0.428612
3.360521 2.078656 1.353625
2.654140 2.170228 0.969638
3.485441 2.182246 0.658927
4.011812 1.468114 1.743105
4.408386 0.533100 1.696985
4.580645 0.543628 1.403159
2.886926 2.223730 0.866279
4.201148 1.014730 1.843781
2.764789 2.162005 1.120315
2.225746 1.963631 1.115048
3.327059 0.908973 2.325603
2.859797 1.935420 1.650181
3.762283 1.068287 2.140648
3.829338 2.047861 0.641009
3.724892 0.570754 2.244945
2.942812 2.235918 0.682108
4.227534 1.740704 0.489146
4.630554 0.700106 1.264294
4.487609 1.034553 1.438407
4.644403 1.024077 0.974643
2.147830 0.734845 2.110175
2.219546 1.028486 2.087029
2.928510 1.101140 2.290930
0.016980 -2.684473 -0.394346
-0.957012 -3.391655 -1.061203
-0.763791 -3.156600 -1.557810
-1.108431 -1.486479 -2.427010
-1.909161 -2.251003 -2.298585
-0.110842 -2.838636 -0.360164
-0.194171 -2.401216 -1.846586
0.238249 -2.349401 -0.782463
-0.463570 -2.958054 -1.602235
-0.322895 -2.673948 -1.780805
-1.707269 -2.206379 -2.372434
-0.287683 -3.034718 -1.155787
-1.175067 -2.748523 -2.151180
-0.578718 -3.273694 -0.867334
-0.041178 -2.644983 -1.406188
-0.028257 -2.364379 -1.657596
-1.766008 -2.885478 -1.980313
-0.427667 -2.989380 -0.066971
-0.674185 -3.281842 -1.133202
-0.591244 -2.826076 -1.867545
-1.416407 -1.780408 -2.467616
-4.010209 0.145426 -1.376966
-2.760535 -0.280274 -2.265139
-3.953453 0.244414 -0.014701
-3.285172 0.588980 -1.480489
-4.380085 -0.830516 -0.047051
-4.488807 -0.643988 -0.560097
-4.219681 -0.010530 -1.149585
-4.283065 -1.581610 -0.963037
-4.490032 -0.936557 -0.808106
-4.269629 -1.658115 -0.671341
-3.206689 -1.235540 -2.249489
-4.044301 -1.840681 -1.179826
-3.055655 -0.700026 -2.331288
-3.829083 -1.352741 -1.899584
-3.802005 -1.076665 -2.008121
-3.674904 0.238099 -1.670318
-3.556184 -0.175138 -2.042689
-3.519399 0.472062 -1.505136
-3.903392 0.437552 -0.984754
-3.940455 -0.872996 -1.921928
-3.393552 -2.552197 1.316485
-0.979496 -2.167487 1.833239
-2.944038 -2.324912 2.032365
-1.781168 -2.851392 1.811627
-2.385525 -2.532698 2.125410
-2.334312 -3.069612 1.531446
-1.303199 -2.721305 1.683201
-1.396182 -2.479754 1.977513
-1.077583 -1.565690 2.062303
-3.379870 -1.796018 1.863756
-2.739057 -1.584376 2.322834
-2.198168 -1.634131 2.434072
-2.691705 -3.048591 1.381838
-0.984286 -2.403671 1.674896
-1.921230 -2.745857 1.959257
-2.879591 -3.095482 0.845780
-2.695782 -0.865186 2.161690
-2.504289 -2.028714 2.335376
-2.368816 2.056206 -2.179511
-0.555173 2.441342 1.831908
-0.817219 3.053956 -1.519955
-3.798245 0.960093 -0.831903
-3.178368 2.072171 1.508081
-2.465442 0.699463 -2.225253
-2.072095 1.724600 -2.371331
-3.411107 1.352930 1.458716
-3.481370 1.759951 1.272582
-3.928476 1.233391 0.209122
-3.709008 2.264289 0.133338
-0.892046 3.025765 1.476697
-2.287376 3.482695 -0.589697
-1.988590 2.721740 -1.924026
-1.413793 2.992694 1.629218
-3.019004 2.474962 -1.510002
-3.519812 0.778001 1.235212
-3.607903 1.714617 1.082005
-0.714330 3.245486 -1.178216
-1.348210 3.587943 -0.670986
-0.254947 2.887705 1.219932
-2.263253 2.444785 -2.029572
-1.655408 3.630611 -0.482682
-2.277696 3.494928 0.440953
-0.785030 3.438912 -0.800921
-0.273473 1.804120 -2.071435
-2.028011 1.619809 2.291037
-3.687531 2.238780 0.370461
-0.257869 2.502604 -1.714067
-1.959166 2.134174 -2.272075
-1.671239 3.256317 1.296711
-3.891577 0.867986 -0.383233
-3.521038 1.431076 -1.410543
-3.596613 2.426390 0.343648
0.275275 2.678057 -0.866653
-3.142672 2.472285 -1.372322
-3.002543 1.260032 1.865778
-3.181359 2.664094 -1.103064
-3.050890 0.760931 -1.874990
-0.572407 1.483459 -2.285428
-3.754128 1.394156 -0.981712
-1.904119 2.890597 -1.798052
-2.396551 3.358188 0.749569
-3.218309 2.946754 0.243876
-0.481999 2.664840 -1.736731
-2.853189 2.555843 1.488982
-0.057069 3.189238 0.016084
-3.817697 1.751809 0.521354
-2.636498 2.316971 1.813115
-3.481276 1.231188 -1.480425
-3.832112 1.553745 -0.709584
-2.459265 3.087367 1.212218
-1.265129 1.866288 -2.392270
-3.824873 1.298448 0.691171
-2.983820 3.002943 0.745186
-2.428374 3.111542 -1.309317
-1.736613 1.300502 -2.475705
-3.805506 1.264969 -0.860337
-2.332508 3.204800 1.120896
-0.454595 2.306506 -1.968935
-0.929069 3.352623 1.001812
-2.945848 1.196406 -2.017965
-2.098944 2.718456 1.785058
-3.519987 2.027562 1.067202
-2.752584 1.501792 2.019835
-2.753022 3.083534 0.933157
-0.869593 2.252638 2.061605
-2.403642 0.691106 2.436849
-2.742870 0.834663 2.163926
-1.543917 0.223316 -2.556640
-2.915378 0.320155 2.124189
-1.653716 0.655055 2.732998
-1.438728 0.025941 2.816422
-3.453738 0.497871 1.406729
-3.064700 0.274999 1.979999
-2.585390 0.866644 2.272135
-1.940035 -0.671085 2.570417
-1.212987 1.603044 2.416799
-2.615579 0.564170 2.329928
-1.531137 1.372723 2.509217
-1.400455 -0.403320 2.767184
-1.524240 1.637543 2.354876
-1.854645 0.110987 2.730293
-0.126452 -0.278587 3.315227
0.901155 -2.679317 0.163968
1.186955 2.510927 0.811866
0.270472 -0.852609 3.244420
-0.828756 -1.062879 2.892412
1.643771 0.070850 3.018053
1.207966 -2.617851 0.326198
-1.203526 -1.066208 2.654724
0.486814 -2.749480 0.241083
2.082749 0.237221 2.697322
1.903780 -0.013214 2.857598
1.074781 2.543578 0.441774
-0.602751 0.641063 3.098930
-0.915515 -0.039886 3.061418
-1.051854 -0.528046 2.940130
1.126067 -0.060278 3.241841
-0.001937 0.346381 3.310571
1.452484 0.335944 3.085579
0.040145 -0.194977 3.343546
0.522201 -2.691255 -0.034443
1.337014 2.446498 0.917393
0.736027 -1.275452 3.042561
1.689710 0.383655 2.952926
0.760211 2.590070 0.233264
0.941660 2.572933 0.901662
-2.008592 -1.779781 -2.802061
-1.889455 -1.356068 -2.880991
-3.152795 -3.457392 0.276929
-0.417338 -3.222997 0.610014
-4.141116 -0.305443 1.160843
-2.711733 -3.657303 -0.525204
-2.482011 -0.284209 -2.709135
-2.552505 -1.017077 -2.815158
-2.019585 -3.604807 -1.189838
-4.129987 -1.913789 1.148591
-1.374106 -3.735632 0.121337
-2.765271 -1.103082 -2.754340
-3.120540 -3.415725 -0.867159
-1.316381 -3.348816 1.212759
-0.748347 -3.535361 0.061829
-3.984268 -2.775837 -0.627506
-2.384964 0.129628 -2.560712
-1.996553 -3.787678 -0.457547
-4.535276 -1.695839 -0.484305
-2.721648 -3.354305 -1.429383
-4.350634 -1.406384 0.967350
-0.415436 -3.360868 -0.210046
-0.679418 -2.870382 1.471527
-1.754249 -2.238244 -2.633128
-2.439320 -3.692159 -0.730197
-0.390520 -1.381221 -2.415669
-2.211855 -3.658694 0.646467
-2.030716 -3.799891 -0.253944
-2.514119 -0.102335 -2.636640
0.130369 -2.852813 0.192437
-4.567373 -1.613286 -0.032975
-3.638830 -3.047814 -0.902210
-2.614480 -1.339087 -2.787577
-1.852857 -3.640698 0.752368
-3.616138 -2.866708 -1.308720
-2.223642 -3.784893 -0.207471
-1.218478 -0.152304 -2.636678
-2.049731 -0.906905 -2.884925
-1.553638 -3.744071 0.273121
-1.516445 -3.500635 1.012334
-2.178672 -1.667365 -2.817049
-3.117323 -2.561257 -2.109075
-2.896869 -3.594775 0.152587
-2.892690 -0.120203 -2.517773
-2.440315 -3.739834 -0.412561
-3.708193 -2.634934 1.142478
-2.851939 -3.252201 -1.515273
-2.726653 -3.438217 0.910723
-1.258011 -1.043706 -2.816745
-4.603349 -1.404554 -0.241395
-3.505783 -1.648137 -2.298733
-2.932754 -2.280882 -2.389574
-1.669598 0.035842 -2.642399
-3.269568 -1.713674 -2.440670
-0.438217 -2.912496 1.207080
-1.198840 -3.701114 -0.405581
-3.206504 -0.334898 2.092138
-2.312978 -3.599724 -1.124275
-3.498338 -3.161584 -0.907812
-1.742414 -3.696871 -0.913376
-2.714118 -0.136631 -2.591912
-2.848607 -0.195812 2.216051
-1.648937 -3.770017 -0.520105
-1.218666 -0.784788 -2.790071
-0.103644 -2.952597 0.643126
-3.676808 -3.136346 0.026571
-1.885092 -2.378110 -2.567038
2.523256 0.342674 -2.927364
2.560478 1.003300 -2.711695
2.626696 0.575780 -2.827333
0.818537 -2.683825 -0.568091
-0.337436 -0.035983 -2.633937
1.998373 2.615223 -0.279657
-0.107110 0.990569 -2.564660
1.667775 0.033382 -3.201050
1.072837 -0.419443 -3.176032
2.864561 0.658378 -2.655786
2.585997 1.587154 -2.315673
1.916650 -2.594426 -1.158553
1.671538 0.446330 -3.161037
2.196123 2.447414 0.279600
2.879741 -0.175905 -2.743231
1.033203 0.695412 -3.106162
1.384880 -0.288290 -3.206424
1.426312 2.463388 0.613427
2.455003 1.377658 -2.557142
0.470899 0.674675 -2.979798
2.204345 2.494356 0.100242
0.527410 -2.590660 -0.814870
2.256279 -1.414304 -2.650434
1.767813 -2.652511 -1.026837
2.023035 0.908047 -2.967786
0.821440 2.633742 -0.194733
1.859166 0.468214 -3.127593
2.714872 -0.264764 -2.839537
2.427522 -1.868605 -2.175779
2.272244 -0.103475 -3.057410
-0.168898 0.465832 -2.704799
2.294477 2.532803 -0.561270
2.711488 1.855971 -1.926771
1.431657 -2.720947 -0.783483
1.642139 0.788706 -3.081604
1.834022 2.580332 0.145870
1.194171 -1.682685 2.774739
0.460876 -2.419914 2.466638
-0.477198 -2.588420 1.824512
0.810966 -2.840718 0.733732
1.167254 -1.956960 2.645846
0.869193 -2.159484 2.627707
0.505493 -2.893759 0.781091
1.339416 -2.237635 2.302704
0.749500 -2.743874 1.916821
0.284592 -2.639335 2.176470
-0.769143 -1.829616 2.447432
-0.312119 -1.527437 2.868079
1.603033 -2.276691 1.962121
1.162085 -2.741588 0.811720
1.361765 -2.672666 1.259606
1.421296 -2.451464 1.919145
0.475158 -1.802817 2.908997
1.734212 -2.242660 1.788532
0.251292 1.555502 3.058633
0.904104 2.409489 2.199916
0.026370 2.569362 1.524925
1.303170 2.479290 1.524550
0.580652 2.239740 2.532080
0.426205 2.411363 2.265266
1.033687 0.990198 3.186589
-0.073173 2.500872 1.758339
0.083835 2.389972 2.195893
0.786981 2.627512 1.238876
-0.352511 2.128741 2.314137
1.786999 1.653788 2.476207
1.572260 2.283161 1.791982
1.327966 1.412999 2.960325
-0.693663 1.691810 2.463453
1.170391 2.509170 1.682556
2.071267 1.756922 1.874432
0.652290 2.612406 1.006092
1.810408 1.871675 2.220479
5.054617 1.183042 -0.543535
5.354716 0.627671 0.251001
2.293732 -1.385657 2.394437
5.415177 -0.697024 0.453769
4.862321 -1.945394 -0.223107
2.334926 0.088760 2.657606
2.630759 -1.900948 -2.133677
4.028828 2.011956 -0.960898
5.339537 0.603895 -0.439191
5.409593 0.280181 -0.501928
3.074405 -0.565438 2.671161
4.065530 -2.454062 -0.848514
5.375602 0.406038 0.521282
3.141019 -1.087028 -2.558102
5.138977 -1.406354 -0.640362
3.912570 -2.645389 -0.431914
2.089081 -2.813280 -0.381854
5.057418 1.057885 -0.787366
3.044448 -1.479646 2.381092
2.490681 2.406126 0.680946
3.241179 -1.058081 2.533293
2.803394 -1.351568 -2.477465
1.991282 2.058805 1.269126
3.874388 -1.854015 -1.878377
5.488899 -0.205413 -0.251207
3.029511 1.808675 -1.816218
2.749551 -1.535930 -2.383369
3.730205 1.334542 -2.037174
1.904566 -2.782343 0.091465
4.812035 1.231206 -1.101904
3.165757 2.070384 -1.442419
2.145980 -0.785821 2.572255
2.315485 -2.770850 -0.796310
4.328051 -1.646445 -1.722270
2.826651 0.177784 2.682738
3.744305 -2.248684 -1.528213
4.927791 1.453256 -0.154720
4.194762 0.024476 2.301943
2.626234 -2.416394 -1.590986
2.480625 2.486806 0.195567
2.935299 -1.339883 2.459613
2.845172 -2.721048 -1.050087
2.501242 -1.231337 2.495886
5.494485 -0.365741 0.051480
3.910387 2.166112 -0.701367
2.899383 2.507672 -0.073396
5.402384 -0.843410 0.333273
3.504617 1.390424 -2.086461
4.821847 1.527593 -0.470142
1.983447 2.219724 0.921379
4.779505 0.230593 1.781294
5.397589 -0.323729 0.720034
5.235164 -0.539745 1.113098
5.053593 1.204204 0.471180
3.376125 1.823277 -1.715907
5.351200 -0.586956 0.792539
4.930599 0.946827 1.189191
5.335737 0.506368 -0.603653
5.386528 0.181763 -0.680144
4.409247 1.609998 -1.206892
3.519870 2.277830 -0.825632
4.065565 1.748796 -1.392046
4.212745 -2.520007 -0.070001
3.401607 -1.712344 -2.188987
3.251366 2.398473 -0.623501
3.450279 -2.443726 -1.407226
2.820586 -0.275393 2.709659
4.253514 2.011144 -0.554639
3.647218 1.583954 -1.861608
5.055912 -1.697312 0.034738
2.653289 -2.905985 -0.338387
2.442071 2.489985 0.006481
4.968023 -0.234943 1.605991
2.550958 0.323461 2.648341
3.138621 2.478668 -0.224520
5.416465 0.221947 0.500820
2.099511 -2.070821 -2.262573
0.326759 -0.547937 -2.968837
2.102166 -2.344396 -1.756770
1.951588 -1.590818 -2.761513
1.941459 -2.308577 -2.055766
0.185454 -1.816697 -2.558182
0.502531 -2.588825 -1.457399
2.160471 -1.602514 -2.620045
0.440337 -2.446675 -1.914436
0.113747 -1.583719 -2.663137
1.428236 -1.320209 -3.050351
0.202183 -1.401374 -2.805772
1.642207 -1.197063 -3.033012
0.425196 -1.559912 -2.848490
0.880053 -2.055618 -2.652128
1.443390 -1.584993 -2.947115
1.810680 2.640551 -1.698898
2.381754 2.054745 -2.091057
1.233508 2.848568 -0.831031
1.460875 2.733835 -0.361473
0.362533 2.416148 -1.839884
0.578650 2.638139 -0.433103
1.805360 2.155940 -2.385609
1.514893 2.766530 -1.529092
2.190503 1.733464 -2.484473
1.993484 2.191936 -2.260244
0.855078 1.412292 -2.822459
0.251817 1.931393 -2.303874
2.313391 2.532575 -1.174181
1.235135 2.706573 -0.262548
-0.115495 1.635495 -2.150781
1.180668 2.772564 -0.449705
0.777420 2.745396 -0.578359
1.673019 2.429330 -2.141235
2.582788 2.318311 -1.165744
0.589881 1.407201 -2.743723
2.381953 1.727848 -2.348121
2.044282 2.405789 -1.961493
0.181358 2.225161 -1.936828
0.800682 1.898325 -2.604088
2.127626 2.615366 -1.344607
1.262224 2.841845 -1.245691
3.406489 -1.064614 -2.525046
3.605054 0.213002 -2.712420
3.573862 0.940555 -2.403516
5.257420 -0.816618 -1.153320
4.234107 1.160986 -2.005628
5.394743 -0.009926 -0.767234
4.181557 -0.025790 -2.615949
4.109567 -0.716048 -2.560298
3.923150 -1.012201 -2.496105
4.829921 0.550655 -2.000800
4.852602 1.140289 -1.173605
4.784012 1.102034 -1.463427
3.639160 0.560747 -2.605612
4.455080 -1.516725 -1.781168
3.998464 1.309026 -1.955942
4.864478 -0.447497 -2.133833
4.876944 -1.329274 -1.443916
4.097250 0.620760 -2.475544
4.402833 0.754739 -2.247623
5.239981 0.604652 -0.933536
5.019313 -0.012949 -1.973546
4.996507 -0.470171 -1.971441
5.167320 -0.229341 -1.749879
3.993047 -0.451149 -2.660737
4.629243 0.086780 -2.352519
4.403825 -1.198351 -2.159137
4.450018 1.218814 -1.753530
3.672977 -1.235779 -2.411986
4.079772 0.317580 -2.593909
4.222738 -1.795271 1.723166
3.856201 -2.810973 0.174706
3.163205 -3.031400 0.874923
2.749328 -2.968281 -0.183303
2.196260 -1.851648 2.125925
4.342920 -2.023832 1.417661
3.909799 -1.639038 2.042358
3.277110 -2.218382 2.041014
2.850966 -2.845190 1.414845
2.227526 -2.799836 1.235821
1.973098 -2.450820 1.563768
2.427061 -1.791375 2.229184
3.072869 -2.992862 1.058780
3.540010 -2.036940 2.066789
2.699483 -2.930185 1.218320
2.991587 1.253894 2.494482
3.267937 2.443189 1.009240
2.382242 1.782836 2.024906
3.208284 2.318688 1.459048
2.476263 1.037513 2.473483
4.325720 1.413823 1.861127
3.696719 0.910046 2.479846
2.462709 1.215119 2.410988
2.128081 1.607543 2.022178
3.897080 2.273727 0.892569
2.306260 2.294801 1.050182
-0.516432 -2.393393 -2.410234
-1.306584 -3.655457 -1.194896
-1.006541 -3.126280 -2.115560
-1.061569 -1.951982 -2.680796
-1.053003 -2.507181 -2.542213
-1.191758 -3.208707 -2.062110
-0.701753 -3.569603 -0.523371
0.084804 -3.006185 -0.408476
-0.120901 -2.837677 -1.826003
0.307239 -2.684880 -0.407076
-0.738122 -2.736740 -2.339984
-0.737062 -2.053221 -2.590748
-1.576971 -3.510341 -1.585559
-0.345504 -1.615870 -2.422290
-0.058259 -2.472034 -2.037594
-0.898523 -2.985228 -2.215821
-1.034740 -2.266414 -2.620809
-0.207818 -2.486552 -2.167530
-0.342409 -2.125494 -2.391537
-1.680012 -2.509214 -2.532570
-4.264224 0.231913 -1.392858
-3.398516 0.289401 -2.136897
-4.717152 -1.087116 -0.778202
-3.931490 -1.515686 -2.068295
-3.933268 0.754714 -0.748187
-4.468906 -0.147317 0.058522
-4.677303 -0.394183 -0.411461
-3.804500 0.729438 -1.266527
-4.609377 -1.487195 -0.512325
-4.097507 -0.748091 -2.103873
-3.169567 0.046269 -2.354980
-4.267681 -1.098980 -1.899168
-4.411635 -0.363227 -1.649562
-4.704457 -1.173506 -0.610186
-3.492653 -0.598628 -2.457615
-3.759481 -1.546969 -2.174280
-3.081576 -0.384320 -2.525703
-4.573429 -1.577341 -0.819793
-3.764654 -0.503906 -2.315272
-3.274911 -0.418979 -2.495765
-4.161245 0.529587 -0.986862
-2.139244 -3.231067 1.757338
-3.133965 -1.195051 2.345461
-1.141244 -1.646454 2.398733
-2.265300 -1.157312 2.621086
-2.339190 -2.820523 2.217736
-2.081791 -2.790209 2.255949
-1.651419 -3.001559 1.968253
-2.642389 -3.412367 1.098111
-2.225930 -2.493779 2.448868
-2.187939 -2.168462 2.586738
-1.675433 -3.384203 1.273674
-3.186069 -3.163983 1.087861
-2.973877 -1.314298 2.459454
-3.127083 -2.108725 2.315638
-1.630128 -1.739144 2.602915
-1.843831 -3.103225 1.905475
-2.779646 -1.304967 2.540714
-1.025245 -2.401198 2.099384
-2.832028 -0.819600 2.368345
-1.694941 -2.023439 2.574849
-1.411805 -2.591477 2.228470
-3.514154 -1.847756 2.065417
-2.908815 -2.222558 2.395573
-2.382700 -2.624080 2.356163
-3.821379 2.593291 0.509183
-0.736118 1.884326 -2.598844
-3.883822 2.468599 -0.644432
-2.581754 2.346239 2.207161
-2.530358 1.501637 -2.580477
-3.513919 3.103601 0.006531
-0.967029 2.935755 2.022890
-2.424541 1.973986 -2.527481
-2.012751 3.370081 -1.698214
-2.153244 2.152394 2.443502
-1.373641 2.491095 2.374846
-1.401017 1.323838 -2.787474
-0.804767 2.669469 2.169085
-1.312547 1.995088 2.567570
0.259549 3.314163 -0.284873
-4.206078 0.979077 0.336185
-4.048184 0.960531 0.929494
-3.657614 2.046894 -1.547427
-1.012386 3.242271 -1.852629
-2.656741 1.524389 2.413318
-2.959757 3.544507 -0.337351
-0.775183 3.420774 -1.535674
-0.302052 1.705837 -2.464979
-3.351665 1.404230 -2.072481
-3.138989 2.081964 1.976687
-0.152830 3.451298 -0.924154
-1.116835 3.098721 -2.024431
-2.015480 2.763076 2.161818
-3.504156 2.851248 -1.013708
-0.728658 1.449634 -2.668418
-2.278364 3.098812 1.801070
-4.244720 1.308669 -0.139418
-1.750266 3.965307 0.022132
-1.600251 3.784243 -1.059461
-3.427127 1.941625 -1.877741
-2.677572 2.454330 -2.211801
-4.191621 1.389946 -0.581273
-1.963764 3.093703 -2.016485
-1.064308 1.262365 -2.754165
-2.388626 3.492761 1.227368
-0.151093 3.598400 0.225889
-1.403069 2.204052 -2.613531
-0.752602 3.260182 1.628270
-1.572523 3.971850 0.099186
-3.009823 1.945206 2.122849
-0.505015 2.279792 -2.377577
-2.834241 3.469592 0.820995
-1.569504 3.285493 -1.872041
-2.685111 3.227067 -1.525295
-2.582356 3.306273 1.384435
-1.364566 3.056431 1.986654
-0.607488 2.468557 -2.327039
-1.691336 1.747381 -2.737586
-3.899429 1.553116 -1.352234
-3.308407 2.304333 1.712440
-1.504255 3.188912 1.866223
-1.762606 3.161870 -1.986819
0.361767 3.182266 0.403326
-3.833694 2.158247 1.062479
-3.596874 2.749645 0.871303
-1.259624 3.509712 -1.563256
-0.526246 3.777068 0.234932
0.013037 3.491276 -0.369877
-0.532364 1.983686 -2.499624
-2.228099 1.817176 2.521719
-1.861919 2.847594 -2.241480
-0.316728 3.702466 -0.035553
0.236494 3.006484 -1.201721
-2.106724 1.344578 -2.723253
-3.404712 3.004798 -0.942446
-4.243763 1.222044 0.073933
-2.856130 2.050630 -2.295537
-1.289075 3.947499 0.277886
-1.521721 2.330685 2.454628
-2.839478 1.661071 -2.409494
-0.622136 3.685576 0.793217
-2.080623 2.552730 2.277474
-0.411856 2.677898 1.997592
-2.124155 3.735497 -0.996484
-4.114365 0.936978 0.729358
-2.315367 2.581867 2.190112
-2.511028 3.671461 0.705123
-3.845472 2.466394 0.675435
-3.778444 2.452042 -0.991366
-1.454131 3.438096 -1.684284
-2.657738 1.294925 -2.538376
-2.365816 3.270032 -1.678928
-0.724808 2.660367 -2.257868
-1.167242 3.882851 0.567688
-0.744190 2.386397 2.308474
-3.707436 2.620435 -0.925358
-0.512089 2.656400 -2.172597
-1.306682 2.422469 -2.514182
-4.188962 1.703041 -0.371030
-2.339221 2.267681 2.341981
-2.241271 1.142214 2.774039
-2.669391 1.346983 2.447369
-0.724264 0.665353 -2.871921
-1.910124 0.493679 -2.802587
-2.524661 0.553925 2.790314
-1.070420 2.018892 2.543818
-1.493355 -0.585829 3.064847
-1.615192 1.518935 2.805684
-1.814684 -0.101373 3.083155
-1.519987 0.635101 -2.866226
-2.486599 -0.239140 2.813443
-1.639188 -0.126390 3.118984
-1.172974 0.566972 -2.907035
-1.667400 0.421697 3.113586
-1.718724 1.009094 2.988985
-0.753936 0.451630 -2.904463
-2.103672 -0.226176 2.982656
-3.100654 0.548187 2.386907
-1.275311 1.627784 2.793882
-2.911342 1.153077 2.359828
-2.876721 0.458517 2.581268
-3.570226 0.761799 1.793979
-0.216372 -0.004255 3.652675
0.013826 0.334101 3.659688
0.533787 -0.330417 3.683232
-0.434880 1.266498 3.290131
1.192360 -0.335096 3.564401
0.166372 -0.303216 3.688286
-1.287181 -1.096629 3.027625
-0.803880 1.713635 2.861148
0.592418 2.964304 0.992505
-1.388977 -0.233462 3.169829
2.192015 0.049420 3.065152
1.000870 -0.447328 3.602022
0.598030 -0.944789 3.559793
-0.894235 0.169166 3.437956
-0.521135 -0.681427 3.516441
-0.750005 0.562659 3.436735
-0.318138 -1.767336 3.100721
-1.084981 1.018197 3.131684
0.561480 -1.372457 3.398030
-0.822754 -0.627657 3.421097
0.594748 -0.518968 3.655987
1.524872 0.351560 3.426829
0.867550 0.229989 3.639375
0.599128 0.646131 3.605890
1.715698 0.259248 3.349373
1.839816 -1.936576 2.530793
-0.292804 -0.455245 3.612809
2.037638 -1.448152 2.768152
-0.942497 -0.167561 3.424222
-0.795426 1.888470 2.713611
-0.940917 1.326539 3.054924
1.417680 -1.049458 3.325651
0.437310 -0.005872 3.699342
1.185058 -0.697878 3.509868
1.429373 -2.903606 0.932486
2.191740 -0.465049 3.034624
2.255848 1.109398 2.707363
-0.801342 1.256961 3.160981
1.843689 -0.604267 3.244016
1.997066 -0.427188 3.180053
-0.877890 -1.390132 3.122445
0.081812 -0.775051 3.607996
0.147444 -3.353705 -0.260727
-4.853537 -0.820372 0.592891
-3.404792 0.447558 -2.357044
-2.026287 -4.080768 -0.781346
-3.718780 -2.704787 -2.029433
-4.627962 0.307401 -0.122280
-4.627634 -2.231720 0.614946
-3.014735 0.202044 -2.719048
-4.594071 0.174394 0.559328
-3.590841 -3.236599 1.197093
-3.385360 -3.313885 -1.656005
-0.553554 -3.646507 0.813286
-4.757426 -0.951395 0.920310
-3.736930 -2.214763 -2.347730
-0.259298 -3.647592 -0.474079
-1.914834 0.145369 -2.976806
-3.535019 -3.463734 -1.193282
-3.077789 -0.139452 -2.837651
-0.094779 -3.395174 0.692611
-4.898516 -0.956663 0.437707
-1.224231 -1.688759 -3.096480
-3.569649 -0.707817 2.363989
-4.275531 -2.425770 1.216400
0.141202 -3.328513 0.208338
-4.393691 -2.717019 -0.877559
-3.902912 -3.159711 -1.202302
-4.269554 -2.960308 -0.667852
-3.962295 -1.668357 2.012115
-4.358984 0.021381 1.278055
-1.676103 -3.911319 0.973627
-3.083957 -3.621476 -1.411861
-2.545178 -0.953183 2.814358
-0.862739 -1.996411 -2.903908
-0.722785 -3.208681 1.684454
-1.050673 -1.827328 -3.017979
-1.838828 -0.192786 -3.101286
-4.281986 0.824354 0.075614
-3.147874 -1.009641 -2.969060
-0.664169 -1.426121 -2.951634
-3.750980 -3.522507 -0.228690
-3.324072 -0.407082 2.449501
-4.361020 0.636713 0.426460
-2.386833 -3.797345 1.154856
-2.572805 -4.050162 0.167772
-3.004257 0.559734 -2.508993
-4.321165 -2.864995 0.412604
-2.320071 -3.388284 -2.144491
-2.193918 -3.975772 -1.132230
-3.906937 -0.314641 2.006245
-1.675681 -3.784155 1.247050
-2.938078 -0.611903 2.666034
-3.700492 -1.136271 -2.650614
-3.811786 0.738632 1.374035
-1.784744 -0.523607 -3.180572
-4.613131 -1.332569 1.224515
-4.052034 -2.427728 -1.889390
-0.784151 -1.303500 -3.014263
-1.663596 -0.929156 -3.221338
-3.983433 -3.316390 0.054554
-3.151480 0.799461 -2.238062
-2.227848 -1.539030 -3.183173
-3.559209 -2.566040 -2.278150
-4.599821 -2.169745 0.780677
-3.980544 -2.878682 -1.526399
-4.097585 -1.845217 1.817461
-2.694272 -1.665624 -3.072842
-2.220538 -1.241935 -3.214056
-3.701403 -0.830880 2.288203
-4.382931 -2.390656 -1.402226
-3.559051 -1.430489 2.375138
-3.074381 -0.788377 2.636804
-3.281115 -3.725437 -0.873070
-2.407719 -3.742387 -1.603714
-2.881195 -3.902403 0.506383
-3.893232 -3.399299 -0.381190
-4.266223 -2.636549 -1.344740
-2.844448 0.171172 -2.801817
-1.806287 -4.059843 0.531622
-0.060557 -3.526993 -0.197954
-2.381900 -2.570614 -2.806102
0.001247 -3.402717 0.425938
-1.867400 -0.898267 -3.228808
-4.390965 -0.332707 1.440807
-1.312462 -1.434426 -3.156599
-1.039374 -0.196977 -2.972992
-3.509676 -3.660209 -0.556705
-3.540000 -3.424061 0.924679
-0.844993 -3.413832 1.503445
-2.516110 -2.716249 -2.689368
-0.636644 -2.793188 2.024986
-0.958420 -0.684533 -3.057634
-3.134916 -3.458893 1.310725
-1.232424 -0.606047 -3.121742
-3.223855 -1.212458 2.582652
-2.919422 0.396938 -2.652046
-1.195708 -3.905428 0.775575
-4.231152 0.006744 1.484877
-4.427583 -2.467516 0.862982
-2.712859 -1.465103 -3.100874
-1.370879 -3.607419 1.472423
-1.822292 -3.502032 -2.048267
-1.190383 -3.993248 -0.800864
-1.825686 -3.673022 -1.804015
-1.792341 -3.166391 -2.414115
-2.959086 -3.893690 -0.769999
-3.097809 -3.221354 -2.009934
-3.198853 -0.495668 -2.883628
-2.448397 -1.943216 -3.060506
-0.980262 -3.679538 1.157753
1.241734 -3.022989 -1.062338
1.106717 -3.039805 -0.909249
1.001252 1.021634 -3.357437
1.556543 2.997730 -0.018405
1.816555 -1.237229 -3.267232
0.216507 -0.772218 -3.240634
0.708183 -2.953788 -1.072668
0.627222 0.589545 -3.411274
1.541446 1.114447 -3.336867
2.670407 -1.472105 -2.845660
2.748326 -1.167547 -2.966539
-0.386905 0.060268 -3.018752
1.415304 1.327549 -3.248215
2.475509 -2.077152 -2.462649
2.794605 -0.215757 -3.190086
2.096766 0.603844 -3.401869
2.768364 0.484677 -3.164498
0.803938 1.096482 -3.297772
0.057468 0.022261 -3.273858
2.267121 -0.072612 -3.418822
1.727995 0.357219 -3.513560
-0.232457 1.617346 -2.547265
0.788866 -0.301470 -3.494969
1.837596 0.818504 -3.403182
-0.381379 1.144345 -2.740630
2.775517 0.158846 -3.201845
1.302422 -3.012022 0.125215
1.723230 -3.043385 -0.754682
-0.352092 -0.755089 -2.934118
2.804413 0.848602 -3.049179
1.899631 -0.937152 -3.366248
2.875514 1.820177 -2.413149
2.512511 -1.336365 -3.004206
2.878730 -0.882271 -3.005402
1.469235 0.614157 -3.492024
1.203676 1.210475 -3.299454
0.020058 1.031729 -3.049091
1.230664 2.971521 0.146556
-0.241883 0.246244 -3.100652
1.117996 -0.245127 -3.542921
1.627286 -0.746762 -3.458902
2.726140 1.576041 -2.720660
3.008357 1.454717 -2.608639
1.102182 1.626133 -3.069784
2.860987 -0.503086 -3.116002
1.380353 1.602944 -3.096076
2.287937 -0.720268 -3.326540
2.691454 -0.800599 -3.136194
2.031213 -2.649487 -1.903302
-0.252886 -1.021258 -2.906013
-0.063787 -2.439000 2.716338
0.214602 -3.141178 0.829831
0.085698 -2.780578 2.363499
-0.443396 -2.533656 2.443815
0.817463 -2.424995 2.741403
0.376511 -2.852379 2.294579
0.891306 -3.051678 1.682614
0.568749 -3.167482 1.199254
1.696667 -2.035865 2.552193
1.164126 -2.991249 1.575457
1.201237 -3.002159 0.893054
1.686361 -2.623904 1.806500
0.734815 -2.689549 2.481717
0.965522 -1.925874 3.034517
0.462477 -2.127156 3.010246
1.159651 -1.986301 2.932672
0.244640 -2.166811 2.980393
1.093141 -2.950841 1.819005
1.000675 -2.786883 2.238027
-0.058362 -2.137152 2.947733
1.316468 -2.788251 1.983128
0.532339 -2.529804 2.693482
1.639188 -2.573800 1.994233
1.168814 -2.601799 2.406319
0.805295 -1.829770 3.118477
0.035967 2.691574 2.094851
0.999805 1.259383 3.392239
1.142730 1.111427 3.388119
-0.155959 2.636494 2.083936
1.641680 2.577778 1.498698
0.633093 1.816864 3.212924
1.751360 1.187768 3.076986
0.644960 2.508367 2.567387
0.991878 2.558973 2.400906
1.582191 1.049888 3.213489
1.661615 1.687364 2.925468
0.351629 2.623666 2.367115
1.258534 2.748080 1.598631
0.724433 2.820221 1.849734
0.318904 2.463011 2.616924
0.752543 2.390202 2.711833
0.455252 1.280322 3.436755
1.784286 2.471497 1.613036
1.885188 2.267738 2.040850
1.860104 1.437922 2.903541
1.983467 1.983821 2.348678
0.688667 2.877365 1.487712
1.653252 2.340298 2.255418
3.641154 2.723345 0.143113
4.703988 1.843747 -1.212201
3.822459 -2.876968 -1.085245
5.477285 -1.127762 1.105374
5.355271 -1.503468 -1.035940
4.724012 -1.336890 2.067053
4.188377 0.011516 2.698286
3.662646 0.835737 -2.746490
2.479620 0.431188 2.967993
2.992649 0.118344 3.025764
3.585001 2.639688 -0.784086
2.986475 -2.878307 -1.490874
3.110323 -3.219489 -0.446084
5.449696 0.087633 1.455940
4.589541 -2.563199 -0.747782
3.424443 0.620590 2.864762
5.758252 0.471512 -0.178759
3.833365 2.652590 -0.264238
2.606311 -3.262689 -0.099383
5.580986 0.809053 0.683617
4.678309 -0.697473 2.340282
5.545225 -0.142439 1.298822
2.070879 -3.103852 -0.702509
3.989879 -2.929698 -0.713842
3.435999 -0.096490 2.977451
5.827984 -0.476216 -0.002448
3.188005 -3.125558 -0.839996
3.011178 -1.939843 -2.521983
3.217997 2.481569 -1.399426
3.241154 -0.637555 2.985263
2.925535 -1.316438 2.839597
2.882016 -1.362442 -2.841632
3.834038 2.112735 -1.700905
2.976839 -1.584503 -2.735491
4.973162 -0.393971 2.116345
5.759121 -0.899229 -0.109564
5.678749 0.373546 -0.796466
4.054306 -2.838106 -0.918293
2.452364 2.673786 0.963599
3.512717 -0.452472 2.951684
5.650872 0.099301 1.003147
3.314421 -1.090337 2.871888
2.912422 2.482112 -1.459823
3.171235 1.050757 -2.770283
4.971066 1.653029 1.036987
5.423984 0.433971 1.390052
3.923101 -2.358093 -1.863223
2.270590 -0.089400 3.005763
3.748394 1.558310 -2.311840
5.071742 -2.044582 -0.869737
3.848842 -2.219695 -2.053079
2.764914 -1.496842 2.766509
3.524330 -1.710568 2.550897
5.626132 -0.934563 -0.866435
4.838122 1.552408 -1.431934
3.527699 1.858131 -2.137910
4.611518 0.074465 2.425461
5.440347 -1.663997 -0.418227
5.078129 -0.275814 2.009761
4.672373 -2.579464 0.393187
2.981113 2.736464 0.795547
3.341786 -3.059555 -0.969228
5.110980 1.640151 0.704610
5.671180 -1.170927 0.269059
4.334339 -2.844580 -0.014933
4.468696 -0.500461 2.525707
3.771225 -1.157572 2.725837
5.106699 -1.544075 1.462518
4.459443 -1.950947 -1.882031
4.650206 2.212787 -0.005112
4.212093 -1.700110 2.246485
4.270642 -2.231914 -1.755134
1.773471 -3.025865 0.635789
5.070694 -1.740407 -1.339441
5.534365 -1.537295 -0.113193
3.228456 2.812030 0.180453
5.668345 -0.535503 -0.964525
3.480171 -3.187408 -0.049502
5.533185 1.077019 -0.367229
3.342739 2.307757 -1.656289
5.147870 -2.067276 0.540216
2.890153 2.822241 -0.413406
4.420243 -2.783281 0.202733
2.807205 -3.058043 -1.125210
3.922616 -2.575141 -1.577144
4.942715 -2.373370 -0.020801
5.410613 1.172228 0.721680
3.310756 1.940253 -2.121698
2.628382 -0.176964 3.046869
5.117906 1.760533 -0.141613
3.513827 -1.710134 -2.572626
4.803742 -2.383466 0.724410
2.343209 -0.943936 2.928952
3.209729 2.776521 0.506255
4.474016 -1.619588 2.112784
4.062803 2.311424 -1.177555
4.513299 2.243903 0.575392
5.758901 -0.889173 0.149394
3.791622 -0.499834 2.863924
5.564866 -1.342304 0.558100
3.707318 1.947357 -1.972256
2.447284 -2.835519 -1.543551
5.598765 -0.468345 -1.170731
4.791131 -2.236024 -1.108586
3.434346 -0.692510 2.940555
4.379354 -2.787573 0.384850
4.186813 -2.917327 -0.228788
3.519137 0.467611 -2.900432
4.728761 -2.554721 -0.258223
5.296264 -1.022062 1.530022
2.461996 -1.380826 2.799577
5.778328 0.394527 0.077875
5.392677 -1.735016 0.445706
5.342701 -1.132964 -1.402323
3.012137 -2.578712 -1.931128
5.361715 1.429894 -0.113962
5.587365 0.977453 0.261011
2.947361 -1.807428 2.594681
3.293852 -1.315999 -2.815223
3.395870 2.762415 0.384476
4.054791 1.444240 -2.246345
4.820288 1.023886 1.909033
3.522716 -1.369135 2.723076
2.935777 -2.972939 -1.312877
4.545692 -1.627445 -2.066563
4.331882 -2.805599 -0.469253
2.823261 -3.268496 -0.037315
2.267500 2.452641 1.411086
1.162830 -1.169930 -3.358396
1.697815 -1.525871 -3.176522
0.913823 -1.935002 -3.049876
0.799381 -2.910243 -1.434807
1.261488 -2.870044 -1.770423
0.545894 -1.897205 -2.994606
0.608570 -2.703796 -2.082012
1.032923 -2.638738 -2.336016
0.868418 -1.218503 -3.335105
-0.097983 -1.434434 -2.898218
1.213656 -1.665427 -3.202897
1.841583 -2.182853 -2.709575
1.727348 -2.625056 -2.180951
1.535571 -2.494109 -2.483033
0.506223 -0.952730 -3.299387
0.872292 -1.590782 -3.222371
0.400297 -2.303029 -2.591863
1.261408 -2.925175 -1.467799
1.043956 -2.239076 -2.827653
1.625655 -2.799528 -1.815166
0.610963 -2.879068 -1.366685
0.482498 1.824437 -2.816279
0.730147 2.625880 -2.244754
2.266524 2.204090 -2.436471
1.735241 2.219735 -2.677821
0.707140 2.961973 -1.516253
0.250057 2.374061 -2.264396
2.153042 2.381433 -2.340532
1.955601 2.078560 -2.702723
1.934174 2.986066 -1.107457
2.322822 2.484766 -2.073228
2.142466 2.906680 -0.939083
0.945187 2.745610 -2.144760
1.489080 3.027547 -1.497947
0.775120 3.035417 -1.171673
2.461877 2.648067 -1.545305
5.274809 -0.274549 -2.032042
4.733415 -0.839956 -2.456930
4.717648 0.663845 -2.401248
5.227622 -0.906086 -1.863237
3.890457 -0.490871 -2.928125
5.310083 0.854948 -1.373768
5.155421 -1.086264 -1.836506
4.996754 -0.821733 -2.223320
4.592866 0.557329 -2.540772
4.236847 -0.834651 -2.741102
4.912672 0.146354 -2.421831
4.607126 -0.742126 -2.582511
5.253662 0.697722 -1.721880
4.596585 -1.001886 -2.480600
4.059443 0.658764 -2.746505
3.632227 0.564059 -2.862468
4.141174 -2.170938 1.936543
3.882089 -3.006921 1.057611
3.067126 -3.132917 1.365192
4.411411 -2.662303 0.886411
3.301838 -3.034944 1.492529
2.630273 -3.018615 1.561379
3.272391 -3.288488 0.257367
4.154755 -2.862630 0.965023
3.950122 -3.016694 0.881778
4.261614 -2.453279 1.560780
1.808651 -2.638332 1.622485
2.269504 -3.015062 1.405567
2.862628 -3.240655 1.093904
4.286033 -2.811532 0.728556
2.568035 -3.291040 0.721543
2.892328 -3.070129 1.505369
2.062217 -3.054590 1.117317
2.989097 -2.850282 1.831944
2.444683 -2.527073 2.093423
1.971853 -3.112009 0.654776
2.663318 2.469183 1.637028
3.811711 1.719553 2.361868
3.154979 2.370069 1.879101
4.468918 1.286027 2.165450
3.780970 2.552444 1.110044
2.716200 2.321351 1.909156
3.564312 2.148699 2.076037
2.485814 2.422361 1.640758
3.163177 0.828312 2.845789
4.007792 2.318426 1.517653
2.905483 2.669398 1.144755
2.527964 2.537771 1.396492
3.209869 1.805255 2.463070
2.377550 1.620350 2.461845
3.017392 1.649973 2.569716
4.284669 1.844702 1.928520
4.539162 2.076584 1.098242
4.429103 2.001453 1.537126
3.266145 2.697808 0.925155
4.227762 2.255359 1.344884
2.942621 2.141963 2.171661
3.339608 2.164901 2.121883
3.961875 2.014253 2.017960
4.605386 1.587893 1.799408
4.340318 2.258652 1.052541
3.279018 1.015213 2.804648
4.523878 0.903720 2.248858
3.477351 1.534750 2.585391
0.098225 -3.171631 -1.596933
-0.640255 -3.562910 -1.784902
-0.811693 -3.482867 -2.006501
0.285338 -3.186227 -0.982886
-0.353571 -2.903108 -2.346604
-0.695800 -3.727725 -1.460838
-0.881276 -3.187585 -2.360759
-0.488922 -3.458185 -1.846927
-0.284515 -1.841667 -2.671669
-1.027031 -2.329131 -2.854187
-0.499805 -3.649127 -1.467080
-0.114051 -3.322971 -1.669222
-0.265859 -3.252052 -1.946004
-0.192106 -3.483168 -1.452305
-0.580711 -3.780249 -1.074874
-1.628990 -3.216887 -2.375480
0.049077 -2.433078 -2.306793
-0.477718 -3.757814 -0.730617
-4.834220 -0.094846 -0.990709
-4.839657 -0.913527 -1.431378
-3.576606 -0.189561 -2.597833
-4.016816 0.668197 -1.698528
-4.133752 -0.427816 -2.343602
-3.593238 0.272461 -2.374556
-4.087797 0.223013 -2.084313
-4.530207 -1.149396 -1.946544
-4.969388 -0.625804 -0.549498
-3.687233 0.573373 -2.087676
-4.623274 -0.463051 -1.810068
-4.963187 -0.553699 -0.771180
-4.228745 0.092435 -2.039412
-4.628674 -0.098491 -1.616185
-4.933750 -1.095154 -1.014193
-4.975887 -0.899147 -0.562672
-4.211358 0.794230 -1.076091
-3.326684 -1.841539 2.539056
-3.747930 -2.177059 2.066463
-2.864901 -3.276301 1.894658
-1.810414 -3.115687 2.253365
-3.075114 -1.879933 2.678440
-2.925591 -1.777374 2.756836
-2.352436 -2.633816 2.635794
-3.133251 -3.202404 1.792966
-2.840262 -1.290513 2.774358
-1.283451 -2.002350 2.698911
-1.809102 -2.850940 2.481500
-1.496461 -3.131861 2.131228
-2.128191 -1.977656 2.881288
-3.164746 -2.175658 2.562044
-3.220726 -2.632441 2.305940
-2.203653 -3.371089 1.980155
-2.332270 -3.068651 2.320575
-1.437070 -2.431216 2.620782
-2.665501 -3.048159 2.260791
-3.775574 -2.520240 1.808954
-1.609002 -1.837276 2.836910
-1.192069 -2.292222 2.569808
-2.447457 -3.258902 2.094357
-2.923175 -2.246637 2.657035
-2.363709 -2.458486 2.721392
-2.848943 -2.550101 2.555138
-3.597840 3.388038 0.470316
-3.064439 1.745492 2.508923
-3.051464 3.854949 -0.241632
-4.544109 1.177027 0.137287
-3.007063 2.724378 2.136466
-3.426235 2.069027 -2.265629
-3.652242 2.679433 1.553383
-1.648138 1.362037 -3.089421
-2.944149 3.088599 1.887552
-2.220363 2.942966 -2.471787
-1.079325 3.378538 -2.172918
-3.393115 3.295174 -1.270939
-1.246574 2.466221 2.714594
-4.103834 1.072598 1.522969
-3.998680 1.045321 1.681186
-1.734960 3.016879 2.402142
-2.923792 2.552347 2.295661
-1.236327 2.309114 -2.887805
-1.795310 3.072301 -2.464633
-1.907073 2.202787 2.801523
-2.374090 3.780170 1.376320
-3.099824 3.102154 1.748533
-0.542226 4.119407 0.077272
-2.121670 4.210790 0.164635
-2.507234 4.032112 -0.731644
-3.822044 1.473118 -2.016092
-2.503304 3.461418 -1.878650
-3.088339 2.558418 2.184994
-4.519133 1.508785 0.291699
-3.971381 2.646449 -1.155787
-1.900260 2.025283 -2.966073
-1.012598 3.201514 2.214265
-2.205736 2.041934 2.794111
-1.443705 2.820170 -2.651661
-2.751716 1.815614 2.660127
-3.692445 3.011996 1.105015
-4.489586 1.170189 0.548239
-2.763053 4.002992 -0.265708
-1.120674 3.035766 2.367409
-0.655176 1.758227 -2.925785
-0.302131 3.998075 -0.477422
-1.181349 4.258533 -0.218802
-1.063143 3.399322 2.038460
-2.766403 1.008447 -2.813778
-4.124578 2.125677 -1.330579
-2.529916 3.853380 -1.228835
-1.444442 4.222002 -0.646686
-0.074147 3.664491 1.086814
-3.229452 2.871760 1.849877
0.303187 3.609037 -0.640341
-1.537104 2.437545 2.739507
-3.676647 3.229795 0.716584
-2.095171 3.442532 1.958257
-2.976724 2.206409 2.427123
-3.917263 3.081640 -0.304924
-1.199772 2.561448 -2.775407
-2.811984 3.954644 -0.484158
-3.969449 1.607159 1.695151
-0.148588 3.466807 -1.614136
-4.245145 1.877284 -1.221266
-3.453971 2.756719 -1.834884
-1.555287 3.527481 -2.057720
-3.276810 1.580233 2.396160
-0.830242 2.377219 -2.791197
-4.428252 1.547342 0.742897
-4.010410 2.911481 0.395623
-3.668417 1.477560 2.073571
-3.320143 3.207209 1.394786
-3.796844 1.674582 1.901540
-1.864312 4.230277 0.369612
0.379128 3.608557 0.197414
-3.434713 3.366160 0.956810
-0.053744 3.151745 1.807058
-3.595597 2.884540 -1.536123
-3.800484 3.228735 -0.273389
-2.148589 1.573476 -3.008631
-1.016170 1.531838 -3.040274
-4.211451 1.923502 1.162631
-3.998836 2.761823 -0.914222
-1.598368 1.970766 -3.004723
-3.585396 1.325163 2.165606
-3.974767 3.014549 0.102922
-1.863534 3.176081 2.262875
-1.698066 4.268235 0.149365
-1.055438 2.844106 -2.597357
-0.269685 3.719024 -1.303910
-2.309172 1.793326 -2.935758
-2.266025 1.196132 -2.999312
-4.269148 2.271112 0.701448
-1.954948 4.188508 -0.651547
-0.745261 0.264920 -3.258574
-2.530055 0.818228 3.124755
-3.737904 0.739113 2.160897
-1.336904 1.138899 -3.119531
-1.338541 2.108564 2.888326
-1.642213 -0.936665 3.296054
-2.996512 0.314711 2.927212
-1.778710 1.911716 2.944406
-2.312586 1.441905 3.015717
-2.093529 -0.429491 3.316924
-1.126619 0.618896 -3.244162
-1.796501 0.266756 3.444570
-1.913208 1.689015 3.036900
-2.333863 0.802032 3.215216
-2.925547 0.654806 2.933875
-2.865046 0.044926 3.015601
-1.878244 0.870325 -3.102660
-2.151560 0.307903 3.345989
-2.718653 -0.051589 3.095995
-2.126801 0.828443 3.285627
-2.419293 1.624548 2.877568
-1.552701 1.155572 3.335511
-0.224442 2.795785 2.396316
1.721762 2.862650 1.666386
-0.859490 1.965668 3.098130
-0.075061 -2.248858 3.215690
2.064994 0.789135 3.436779
-0.203381 -0.118160 3.999834
0.094271 -0.902932 3.928514
2.183318 -0.997981 3.332866
1.016416 1.517629 3.571611
1.362066 3.082633 1.408476
1.816778 0.331463 3.672401
-0.319679 1.308105 3.684814
-1.137547 1.127266 3.469667
-1.307610 -1.365196 3.324227
-0.385623 -2.127414 3.248469
0.193420 -1.187535 3.848078
0.926799 3.277065 0.447119
-0.156688 1.618205 3.556767
0.105089 -0.102280 4.034422
0.080455 -2.140833 3.322502
-0.952455 -0.646069 3.737732
-0.433205 1.465498 3.581791
-0.570899 -2.595481 2.726381
-0.655249 1.275353 3.608641
0.180140 -3.412881 1.210177
0.535179 -0.662572 3.982282
-0.310145 -0.673521 3.925560
0.853785 -3.417969 0.823079
0.818735 3.201676 1.450568
-0.407484 -1.284091 3.729250
1.492887 -3.217400 1.148008
-1.482975 -0.363613 3.504474
1.585422 -1.581599 3.411881
0.272323 -1.720236 3.610665
2.121772 -1.232889 3.282355
1.629046 0.241181 3.767811
1.942936 1.086395 3.403279
-0.386398 -2.438556 2.968318
1.038284 3.228908 1.101476
1.733045 -2.689920 2.281096
1.733749 -1.934724 3.107851
-1.118022 0.945084 3.549460
1.242588 -1.921836 3.338132
1.594853 1.471768 3.397610
0.830197 0.091630 4.000832
1.881708 -0.468784 3.638344
1.040528 0.563275 3.906452
1.051687 -0.920160 3.851495
-1.008443 1.277861 3.466131
2.292891 0.298883 3.392045
-0.091336 1.937761 3.358186
0.470048 -1.342571 3.789040
1.038808 0.239178 3.952679
-0.499074 -0.432342 3.919380
-1.000566 -1.253069 3.537344
1.781282 1.530436 3.269217
0.637095 0.269435 4.011257
1.595745 2.995216 1.411147
-0.363678 1.107622 3.758056
2.270310 -0.740987 3.348336
-0.700929 -3.686780 1.653038
-3.048897 -2.599137 -2.994536
0.235941 -3.633276 0.522340
-1.403689 -4.114588 -1.632865
-3.535971 -2.731102 -2.660825
-1.359229 -3.813481 1.778374
-1.972050 0.010650 -3.392875
-3.014353 -4.253579 -0.703062
-2.263052 -3.819062 1.812830
-2.398746 -1.430198 3.171162
-1.502305 -0.072842 -3.395969
-4.717986 0.410317 1.010006
-3.679963 0.215531 -2.765791
-4.263351 0.919134 -1.580581
-2.147656 -4.165957 -1.589585
-4.613613 -1.923945 -2.047577
-4.823038 -0.983559 1.564304
-3.856036 -0.046198 -2.757104
-3.434850 -4.006164 0.646934
-4.146420 -3.292692 1.109661
-3.519403 -1.407680 -3.148363
-1.833819 -3.520048 -2.545542
-2.530898 -1.963760 -3.398324
-4.070211 -2.682765 1.900867
-0.280379 -2.099804 -2.984453
-0.894838 -4.059511 -1.474641
-0.309007 -4.068248 0.161956
-5.177503 -1.242972 0.727103
-1.255625 -4.387148 0.305172
-4.968415 0.262824 0.416895
-3.133276 -4.209766 0.351242
-2.833676 -4.231188 0.713902
-1.488274 -4.069476 1.398580
-2.695299 0.059267 -3.277129
-2.638628 -4.115383 1.178115
-2.581131 -3.988084 -1.807711
-0.253487 -3.864530 0.877760
-2.146608 -1.328800 -3.557088
-4.851477 -2.548209 -1.025208
-4.222103 -3.427091 0.657479
-1.514908 -4.172011 1.194185
-0.782641 -3.997653 1.172704
-2.607350 -4.196801 0.997856
-3.288172 -1.090211 -3.279755
-4.670423 -0.381849 1.671680
-3.891667 -0.504531 -2.870930
-5.026042 -2.115796 0.687236
-2.280195 -0.311273 -3.464137
-1.690422 -4.343694 0.768435
-1.473584 -2.259308 -3.336030
-1.387549 -2.917155 -2.991377
-3.381643 0.060338 2.665123
-4.247789 -2.948782 -1.782545
-3.533439 0.134742 2.548689
-0.466625 -4.121144 0.347341
-2.772553 -2.931491 -2.893306
-2.572603 -0.405427 -3.438291
-2.474910 -4.177943 -1.463396
-0.501776 -3.545830 1.705719
-3.720988 -0.932446 2.694552
-0.205950 -3.743371 1.093239
-2.137188 -0.887838 3.211593
-1.178663 -3.524538 2.079033
-2.797585 -2.687756 -3.036137
-1.229613 -2.519371 -3.182354
-2.226353 -3.477374 -2.567878
-2.414705 -3.527705 -2.482647
-2.036287 -3.296977 -2.752488
-2.861655 -0.711807 -3.415442
-4.327214 -0.744272 2.185072
-1.382783 -3.449866 2.211156
-2.189478 -1.235193 3.209885
-1.043156 -0.502357 -3.412269
-1.643837 -4.469295 0.006558
-1.192593 -0.755800 -3.483348
-0.152176 -3.911339 -0.882177
-2.540185 -2.477226 -3.209986
-2.842394 -3.833823 -1.940017
-3.405348 -0.132444 2.723231
-5.300823 -1.102868 -0.051034
-0.414656 -1.310273 -3.223151
-1.863073 -0.281369 -3.478313
-0.537090 -4.111094 -0.903299
-1.530818 -0.267823 -3.454170
-0.544949 -4.199828 -0.089538
0.062786 -3.817852 0.295964
-3.135156 -1.197988 -3.341539
-0.220473 -4.026109 -0.444726
-1.510903 -2.048558 -3.411307
-3.232276 -4.140903 0.495383
-2.373991 -3.830671 -2.122562
-5.277353 -1.267936 -0.549838
-2.169146 0.157191 -3.328797
-3.834692 -3.521278 -1.549044
-3.166301 -2.321437 -3.078665
-1.079025 -4.379045 -0.329010
-2.404432 -1.028680 -3.537045
-4.094484 -0.035136 2.203938
-3.806633 -3.900925 -0.131955
-1.272798 -1.870716 -3.421789
-0.716141 -0.740822 -3.342196
-1.883405 -4.319571 0.869831
-2.735938 -4.054122 -1.604712
-1.533440 -0.867069 -3.547532
-3.650236 -1.825515 2.646299
-3.427697 -0.344169 -3.122248
-1.759306 -1.206972 -3.569394
-4.385927 -2.956289 1.200250
-1.878313 -3.031959 -2.961238
-3.810788 -2.580278 2.209053
-0.504777 -3.925720 1.062065
-3.531152 -0.005836 -2.958004
-4.721019 -2.786473 -1.023892
-1.486083 -4.264024 0.953965
-3.646493 -3.665779 -1.536756
-2.249418 -4.457487 -0.419520
-0.660563 -3.004257 2.341053
-1.047845 -2.321145 2.874613
-4.738211 -2.944942 -0.418236
-3.420122 -3.775143 1.245442
-2.940026 -3.189543 -2.634682
-3.809796 -3.826151 0.462083
-4.042439 -3.387894 -1.469110
-5.239835 -0.863516 0.439931
-3.727392 -2.061825 -2.872066
-0.570656 -3.726550 1.499162
-3.316673 -4.096430 -0.872803
-5.255088 -0.571272 -0.422446
-2.916227 -1.317567 3.062480
-3.763050 -3.517154 1.302038
-1.307712 -3.308628 -2.676003
-0.787240 -4.290393 0.010058
-3.208283 -0.499415 2.909940
-4.079385 -1.628610 -2.729526
-0.301918 -1.909007 -3.058336
-4.390534 -2.209929 1.851459
-0.800282 -2.505392 -3.059711
0.050834 -3.806099 -0.751252
-4.319519 -0.811832 -2.550990
-3.161741 -1.171775 2.982581
-1.191288 -3.798089 -2.094881
0.467864 -3.518985 -0.272015
-4.385264 -2.470887 1.689645
-5.062469 -1.151860 1.079903
-3.785347 -3.912009 -0.315512
-5.217309 -1.541564 -0.780340
-2.033327 -3.578905 2.131571
-4.514545 -3.261292 -0.182389
-4.381501 -1.336270 -2.488538
-2.755104 -3.405420 -2.508186
0.249049 -3.561039 -1.064967
-2.024665 -1.472338 3.200906
-4.600734 -1.252434 1.887992
-4.726469 -1.554339 1.660425
-4.336319 -3.273147 -1.095194
-3.891484 -1.260746 -2.926970
-2.810136 -3.670510 1.837182
-1.681454 -2.530829 -3.243484
-4.590108 -1.027663 1.907869
-5.202303 -0.954973 0.636974
-4.861326 -2.751877 -0.340085
-1.962988 -4.256543 1.046672
-5.168056 -1.788200 -0.810570
-1.745211 -1.857694 3.132381
-5.145533 -0.216323 0.367412
-4.868700 0.556533 -0.446446
-4.383698 -1.350311 2.135284
-4.460016 -3.211497 -0.879103
-1.121985 -2.887830 -2.948859
-2.039596 -3.883563 -2.099255
-3.897120 -3.818839 -0.498490
-3.799105 -1.736231 2.571227
-3.623633 0.639485 -2.547276
-2.401840 -4.408635 -0.682963
1.140546 -3.273379 -1.455373
2.077828 3.231354 0.190873
0.670374 1.104011 -3.637470
2.657072 1.040684 -3.455087
0.261946 -0.128050 -3.719722
1.303983 1.974862 -3.255302
-0.388038 -0.220011 -3.415734
0.679839 1.718741 -3.346091
3.047335 1.092220 -3.229059
2.101198 3.265899 -0.033962
1.294562 1.075357 -3.719503
2.811637 -0.798119 -3.468654
1.032721 3.362996 -0.311961
-0.323755 -0.850411 -3.340306
1.428913 3.242932 0.462374
1.922946 -0.269028 -3.841999
-0.026116 0.733028 -3.517758
1.488482 3.380111 -0.481262
2.934008 -0.348224 -3.490069
1.918376 3.125453 0.666520
1.764606 1.669011 -3.423401
2.570076 2.411451 -2.542903
-0.218571 -1.235264 -3.260182
0.672254 -3.342777 -0.298593
1.579092 2.097465 -3.152826
1.821454 -1.403303 -3.568651
-0.160721 1.844433 -2.911601
2.155545 0.217450 -3.794931
0.072301 0.524445 -3.604405
0.772485 1.885858 -3.258189
2.402988 0.210140 -3.724859
2.126563 -1.983314 -3.162838
2.535715 0.082354 -3.684982
2.236092 3.218361 -1.053601
-0.100185 -0.807010 -3.472538
2.323231 -1.547818 -3.375660
1.932691 -2.164626 -3.070704
2.669009 -1.967938 -2.952228
1.398769 0.204331 -3.892651
1.050044 1.072031 -3.707158
1.422124 0.521254 -3.856559
0.886437 1.689026 -3.404565
1.087901 -3.392095 -0.816916
2.977203 -0.770082 -3.388645
2.781578 2.765526 -1.829273
2.606536 -0.955500 -3.516629
1.423957 -1.024857 -3.746548
0.801632 -3.213156 -1.522229
0.047140 0.036105 -3.640507
2.052542 -1.316992 -3.562170
1.024657 -3.381861 -0.136633
2.394240 -1.877373 -3.147334
1.477663 1.701935 -3.430894
1.950074 0.857070 -3.730572
0.208722 -0.772942 -3.612691
1.422202 -0.536462 -3.859513
1.116899 -0.527606 -3.853612
0.770270 -0.680732 -3.784136
0.633983 2.161971 -3.010274
1.769420 -2.363547 -2.924518
2.216951 -1.378778 -3.492348
0.928378 3.276484 0.231767
1.912791 -3.120566 -1.769219
2.563434 -1.820103 -3.114569
-0.157813 -3.203287 1.971954
0.654119 -3.201968 2.113872
-0.257750 -2.588074 2.848942
0.310526 -2.618781 2.942793
0.586542 -3.399217 1.355018
1.337246 -3.115796 1.841295
0.014362 -3.260666 1.912912
0.949693 -3.331463 1.457389
-0.098652 -2.705173 2.789092
0.772108 1.822066 3.473200
0.700157 2.072424 3.331256
0.213188 2.345437 3.092655
0.772179 2.596413 2.837222
0.145890 2.137190 3.252488
1.344700 1.735340 3.373428
0.371254 1.842403 3.468982
0.905947 2.671410 2.708352
1.015101 1.923486 3.375494
1.204728 2.263121 3.069688
4.243484 -0.422763 3.052082
1.852804 -3.458868 0.363374
4.033251 1.435427 -2.708230
4.803967 1.223138 -2.335474
4.981469 -1.045115 2.442913
5.157846 1.778944 -1.406611
5.713838 1.229680 0.929471
5.759221 -1.228751 -1.290764
3.616319 -0.467108 3.276109
3.192195 -2.554344 2.417484
2.862725 -2.821176 -2.183918
4.439616 1.342919 2.519886
3.003469 -2.640167 -2.375449
3.769505 0.997253 3.011602
5.633762 1.460881 0.781960
2.953897 2.845028 1.475016
1.866470 -2.983689 1.730543
4.441633 2.563298 -1.064046
4.845749 -1.188852 -2.525399
1.966685 -3.509508 -0.081667
5.565372 -1.992195 0.778145
6.068397 -0.073050 -0.861233
3.087929 -3.499860 -0.805967
3.894104 2.868471 0.911454
3.008812 -2.178807 2.752501
5.428248 -0.362695 2.117156
3.056669 0.405350 3.323335
5.910842 -0.796521 -1.196914
5.966095 -0.066038 1.168228
2.865821 3.186399 0.146617
3.337044 3.124626 -0.378983
4.573210 -2.399676 -1.891755
4.448446 -3.097969 -0.663996
4.728512 1.822159 -1.916244
3.019113 3.044081 -0.968680
4.188209 0.437103 3.017113
2.447372 3.143825 0.447468
2.543013 -1.014350 3.285516
4.680716 -2.600652 -1.501126
5.629888 0.083894 1.821245
3.897744 1.110293 2.918164
2.401996 0.529362 3.288091
2.896321 1.182603 3.090781
3.201059 2.802079 -1.531140
4.268473 -1.101976 2.914132
5.786234 1.378139 0.034033
5.158230 -0.248651 2.419967
5.636171 -1.027297 -1.661730
5.405954 -0.997575 2.000945
5.071375 -1.200048 2.298561
4.782163 0.788771 2.550988
4.957583 -2.511249 1.222087
5.072903 -0.844190 2.419279
4.244933 -0.165642 3.058543
4.436172 2.636661 0.838504
5.952889 0.958417 -0.367100
3.719980 -3.178556 -1.372013
2.151586 -3.545905 0.164350
2.677862 -3.599940 -0.234430
2.766148 3.043435 -1.000132
3.531156 1.269259 2.958983
4.536871 -1.458267 2.619747
4.259679 -3.054059 -1.138335
5.335021 -2.436648 0.250719
6.145413 -0.313168 0.460909
2.984028 2.690476 -1.773210
3.495477 1.478321 -2.872927
5.969159 -0.888568 -0.971181
4.709423 2.468408 0.808063
5.686579 1.540504 -0.231577
4.303195 1.289116 -2.653983
3.918688 -0.701495 3.156227
5.588161 0.854234 -1.603631
3.906204 2.800062 -1.121377
5.533875 -0.919791 -1.871782
4.868896 2.323548 0.874937
3.434520 0.695593 -3.220611
4.804187 -1.163578 2.550086
5.844757 -1.310733 0.966170
5.577639 1.689802 0.346110
3.675604 0.792907 3.113861
4.065815 -3.325988 0.426505
3.945783 2.955963 0.419308
2.724006 -3.403695 -1.171295
5.871243 1.094864 -0.559116
3.173141 -2.900059 -2.049576
5.656297 -0.921780 1.657202
3.585718 -1.838374 -2.882415
2.401347 0.090149 3.356400
4.519991 -2.045840 2.261709
2.593035 -2.370065 2.608923
5.681867 1.446127 -0.640190
3.187553 -1.168884 3.226848
4.390653 -3.191800 0.250215
2.591378 -3.455106 -1.002658
6.087158 -0.958833 -0.250654
2.937466 -0.545262 3.370422
3.732228 -2.560062 -2.273039
2.283147 2.616579 1.815585
5.941533 1.026888 -0.197556
2.617755 1.740904 2.771409
4.194532 -3.167500 0.888058
5.851338 -1.571730 -0.526666
2.425429 -3.130887 -1.711192
5.948771 0.468926 1.019082
4.079736 -2.287261 2.346715
4.629218 -2.597691 1.550613
6.052496 0.668738 0.270793
5.335742 2.029943 0.109120
4.077631 -2.893648 -1.642519
5.621550 -1.391383 1.434950
6.179260 -0.210671 0.044608
5.153217 -2.140332 -1.491133
5.888735 0.648261 -1.085806
2.234837 3.051790 0.785013
3.399573 2.138326 -2.389580
4.533018 2.378318 -1.347860
6.127759 -0.716980 0.294591
5.271108 1.256901 1.780791
6.009607 0.759900 -0.443937
3.084393 3.176915 -0.065556
4.670299 -1.803899 -2.341962
4.695982 1.373974 2.310738
3.054371 3.104378 0.702467
3.183461 -3.581374 -0.162917
4.699558 2.572004 -0.384019
4.386322 2.652423 -0.898800
6.153740 0.144067 -0.235395
5.694477 -0.517221 -1.732288
2.168631 -3.553475 -0.035002
3.404520 0.936307 -3.148967
5.858968 -0.413553 -1.436161
5.559091 1.355564 1.168597
2.672005 3.186413 -0.150691
3.590652 2.491765 -1.908841
5.091249 -2.584327 0.748537
4.181445 2.309390 -1.812860
5.801403 -1.021834 -1.339045
2.385032 -3.387272 -1.150460
4.494100 -2.533616 1.784280
2.616868 2.763465 1.633437
4.879035 2.451211 0.267113
4.364389 2.366003 -1.564346
3.985040 -1.091670 3.044941
5.793645 1.293405 0.458789
4.990269 -2.364068 1.415113
3.286257 3.086873 0.654882
5.806346 1.003891 0.954307
5.368209 -2.391564 -0.318552
3.751728 -1.082528 -3.148006
5.029618 -1.871513 -1.941486
4.705954 -3.009686 0.063541
5.330467 2.029669 -0.214585
4.985730 2.280274 -0.714352
4.123795 -3.321256 -0.267747
4.666997 -3.034651 -0.124950
3.859729 -0.324010 3.212621
6.073844 0.171239 -0.760217
2.142141 -3.334417 -1.186039
3.888124 -3.377116 -0.551435
5.528518 1.472477 -1.094016
5.655666 1.144017 -1.216808
2.912501 -3.603949 -0.136667
6.062498 -0.601799 -0.802196
2.801552 1.562147 2.892983
5.632775 -0.109404 1.837392
6.051791 -0.920871 -0.597848
2.642259 -2.516155 2.484340
0.308878 -2.318590 -2.892783
0.503552 -1.909089 -3.263156
0.362985 -2.828720 -2.238458
1.343856 -2.561088 -2.829379
0.011126 -2.055401 -2.943384
1.062972 -2.553365 -2.853368
0.455693 -2.979995 -1.939671
0.194225 -1.585781 -3.299735
0.118648 -2.503255 -2.578430
1.366029 -2.185753 -3.164929
0.851745 -2.429152 -2.960318
0.539274 -2.686454 -2.577417
1.301035 -2.845396 -2.446904
1.524665 2.977582 -2.241381
1.309119 3.332323 -1.144086
1.221337 3.225677 -1.727457
1.107600 2.878617 -2.408927
1.268727 3.281725 -1.517695
1.015635 3.204257 -1.754555
0.807142 3.258633 -1.412695
0.793678 2.808168 -2.435436
0.458384 3.049715 -1.815713
1.460423 2.562354 -2.760773
0.398252 2.955043 -1.979170
1.613805 3.068591 -2.050444
4.660021 -0.923393 -2.779675
4.814277 0.199774 -2.796452
4.528823 0.792519 -2.771122
5.085276 0.494719 -2.494356
5.344551 -0.515151 -2.304144
5.385625 -0.339421 -2.283317
4.971683 0.820931 -2.438552
4.141421 0.473955 -3.051797
4.286446 -0.584659 -3.053960
5.177008 -0.781011 -2.414449
4.565366 -0.794710 -2.878365
4.799080 1.001888 -2.468392
5.254219 0.031404 -2.439846
5.650960 -0.012919 -1.849398
5.211252 0.279939 -2.437809
5.098627 -0.580397 -2.556211
2.876939 -3.531073 0.913174
3.617895 -2.903965 1.974845
4.159167 -2.894775 1.576989
3.869261 -2.944833 1.772550
3.638113 -3.375597 1.077157
2.684344 -3.139047 1.832245
3.439540 -3.455978 0.979032
2.804408 -2.922634 2.113717
3.316745 -3.160414 1.753510
3.511739 -2.643395 2.270905
2.954175 -3.215394 1.732429
3.802025 -3.230076 1.320842
2.805722 2.466764 2.141416
4.073655 2.400665 1.857768
2.722074 2.179837 2.444926
3.022235 2.006614 2.619950
3.007791 2.466794 2.161738
3.785915 1.402807 2.829374
3.554096 2.001593 2.557236
4.233051 2.322005 1.828092
3.431795 2.763455 1.576866
2.633947 2.509389 2.040863
4.232416 1.996728 2.222848
0.025787 -3.233283 -2.121418
-0.437381 -3.031941 -2.625607
-0.646673 -2.785339 -2.854230
-0.451692 -3.932066 -1.365664
-0.402291 -3.668342 -1.932875
-0.317672 -3.794452 -1.595026
0.036005 -2.652217 -2.549623
-0.371551 -3.444071 -2.219727
-0.094351 -2.782019 -2.577453
-0.511817 -3.378912 -2.374039
-0.984254 -3.809762 -2.017497
-0.878338 -2.940856 -2.837537
-0.867273 -3.597402 -2.282090
0.313024 -2.996543 -2.029765
0.226261 -3.283982 -1.807114
0.207902 -2.718037 -2.362890
-0.912112 -3.323567 -2.575299
-4.379563 -0.334109 -2.433380
-4.241105 0.302756 -2.255013
-5.013096 -1.108654 -1.599975
-5.095716 -0.644594 -1.417567
-4.959270 0.202951 -1.075880
-4.606649 0.681133 -1.264679
-4.938100 -0.192675 -1.618557
-5.136743 -0.536863 -1.238488
-4.675183 -0.585364 -2.178222
-4.861784 -1.262767 -1.848876
-5.083476 -0.016128 -0.780636
-5.018117 0.003254 -1.193258
-2.879527 -2.428862 2.878231
-2.288809 -2.298053 3.044650
-2.396689 -3.364297 2.353670
-1.861394 -2.573502 2.929435
-2.999647 -3.034818 2.467762
-2.296890 -3.190338 2.539560
-2.728472 -2.043485 3.036821
-1.632744 -2.592100 2.879757
-3.258252 -2.661515 2.586932
-3.133272 -1.704198 2.934794
-3.140293 -2.877429 2.515475
-1.907101 -2.974313 2.705362
-2.695927 -2.888558 2.696197
-2.678299 -2.363989 2.962323
-2.878935 -3.215124 2.359829
-1.393769 4.557659 -0.464416
-0.124078 4.183096 -0.831199
-4.356946 2.215203 -1.515377
-4.476373 2.624149 0.634043
-0.402390 3.891733 1.655807
-2.236777 3.442850 -2.464661
-4.653014 1.343909 -1.194511
-2.930801 3.710131 1.696908
0.339144 3.525834 -1.648312
-2.409267 3.878393 -1.903936
-0.332428 3.896303 -1.710959
-2.603824 1.226843 -3.215252
-4.584307 2.387126 0.595014
0.096444 4.165708 -0.265497
-0.742222 3.631402 -2.263327
-2.077407 2.274191 -3.184421
-4.163464 1.531740 -2.070246
-0.245554 4.333298 -0.190358
-2.177511 1.363108 -3.329535
-0.220473 2.480290 -2.880025
0.010262 4.191774 -0.455930
-3.311201 1.138407 -2.871076
-1.504733 1.807251 -3.350623
-1.634501 4.549525 0.414087
0.343634 3.987660 0.390511
-3.964285 2.941382 -1.562055
-4.214569 2.337441 -1.688922
-1.176366 1.699983 -3.350342
-1.545264 3.975513 1.869377
-3.059489 1.467871 -3.010033
-2.407533 4.456834 0.134868
-4.786342 1.913879 -0.028965
-1.384012 3.723407 2.181879
-3.829195 2.774544 1.803982
-0.969284 4.484542 0.551483
-1.885466 2.996122 2.766616
-0.443780 4.113052 1.284596
-2.747863 2.134433 -3.030465
-4.232525 3.178633 -0.196553
-4.032585 1.368114 2.137567
-1.800169 3.371288 -2.616198
-3.123178 1.194622 -2.984213
-2.391767 3.586295 -2.269758
-4.435569 2.842639 -0.305628
-1.089248 3.466539 2.404952
-3.985054 2.091191 -2.137656
-4.805274 1.783101 -0.242592
-3.560018 2.642563 -2.295167
0.252026 4.008986 0.587090
-2.655873 1.462358 -3.188985
-1.832418 4.568820 -0.116784
-0.092721 3.932450 -1.442998
-3.969023 2.822436 1.569410
-2.312095 3.783195 -2.074111
-1.275629 4.031805 -1.881903
-1.667882 2.237075 -3.243245
-2.971323 1.115092 -3.060529
-1.715132 3.657800 2.247051
-3.071163 3.551679 -1.901033
-2.281371 4.070846 -1.661180
-3.741046 1.500019 2.423262
-4.610647 2.148257 -0.921180
-2.616496 4.224733 -1.082848
-1.618275 3.856319 2.026006
-1.858696 3.133392 -2.789859
-2.068387 4.064420 -1.757638
-3.726152 1.573933 -2.537664
-3.543026 3.620247 1.124605
-0.726262 4.476864 -0.363494
-3.095742 4.114868 -0.695840
-3.388931 3.997764 0.179267
-0.482808 1.993403 -3.146728
-4.301747 2.863896 0.816364
-4.694076 1.476471 0.942060
-4.761504 1.686287 -0.700929
-1.308950 3.014158 -2.882852
-3.793859 3.002979 1.637787
-1.728531 4.238137 -1.521729
-1.389675 4.302330 1.284925
-2.788662 2.722849 -2.766649
-0.989935 2.762968 -2.986534
-0.384575 3.052157 -2.630423
-2.757534 3.211345 -2.451908
-1.412505 2.715436 2.944790
-2.523851 2.540660 -2.964715
-4.718423 2.184792 -0.109327
-0.043562 4.076993 -1.047851
-2.828968 3.334654 2.194749
0.155041 3.003586 -2.357112
-3.130931 3.321243 -2.111600
-1.639183 2.625325 2.986313
-4.476672 2.289384 1.079515
-2.435894 2.767026 -2.882936
-3.396690 3.693376 1.214436
-1.407565 2.120586 -3.279501
-3.434731 1.632872 2.651983
-0.661934 2.995961 -2.771808
-3.955176 3.429109 0.592657
-0.962355 3.038818 2.710731
-1.203768 3.114295 2.697947
-3.780190 2.202683 -2.314907
-2.460427 1.629514 -3.237649
-2.800826 4.194602 -0.945963
-4.299689 2.956808 -0.733486
-4.301652 2.405013 -1.482757
-3.466589 3.420859 -1.669008
-1.207536 4.447036 0.845592
-4.375725 2.560788 -1.165247
-0.190121 3.816118 1.620224
0.095469 3.906471 1.168461
-2.375986 4.429496 -0.571365
-1.226812 4.569019 0.103839
-3.189154 1.924657 -2.865303
-3.871372 3.159242 1.334403
-2.768234 3.584773 1.971776
-1.588959 1.344213 -3.396430
-1.974071 3.302116 -2.647067
-1.022720 4.544200 -0.234372
-3.334353 3.393565 1.740394
-1.929474 4.530573 -0.485157
-1.674455 3.934289 -2.030079
-3.515065 1.649032 -2.700490
0.513360 3.773154 0.765115
-4.269935 1.993104 -1.788156
-3.136536 1.802383 2.812857
-0.543545 2.253191 -3.091693
-2.839932 4.303253 0.139619
-0.198908 2.708288 -2.758242
-3.907367 1.393463 2.272256
-1.767826 3.485931 2.410036
-2.955336 3.406914 -2.153553
-1.794344 0.961075 -3.457490
-2.641444 0.068364 3.520982
-2.767199 0.524467 3.439994
-2.191105 -0.080746 3.687047
-4.132672 0.766391 2.195319
-3.344094 1.405226 2.822182
-2.677312 1.844498 3.048780
-1.952599 2.070265 3.210161
-2.963250 1.465768 3.073891
-2.863289 -0.149469 3.397612
-1.719926 -0.523149 3.746281
-2.666193 1.429202 3.258664
-2.449117 0.193107 3.603438
-1.754339 2.121760 3.227183
-0.816807 -0.007417 -3.604678
-2.044849 0.991280 3.636682
-2.377145 -0.242151 3.609442
-1.238758 2.198021 3.246603
-1.392764 1.427942 3.622929
-2.272500 0.374814 3.660756
-2.869742 0.668352 3.366012
-0.944844 1.169351 -3.472411
2.288558 -1.011490 3.681910
0.464880 -2.614269 3.373976
-1.097518 2.067762 3.364831
1.546934 0.775365 4.076239
1.161995 -3.681661 1.091636
0.841855 -3.765605 0.783436
1.675924 1.228791 3.881747
0.102968 2.663927 3.190659
0.150208 0.557865 4.325598
0.340887 3.280800 2.315266
0.477697 1.920291 3.808547
-0.861922 -0.916163 4.083964
0.702585 3.652852 0.820898
1.330829 2.507608 3.165177
2.125008 2.352930 2.858488
1.272957 -2.602848 3.219969
1.547622 3.365505 1.500092
0.293667 3.060166 2.697738
2.416179 0.874358 3.598619
1.118145 3.590837 0.707392
2.381412 0.245606 3.751693
1.114412 -0.688044 4.244378
-0.399981 -2.776801 3.111602
0.830251 -1.614728 4.007785
0.343825 -3.454050 2.221245
1.334263 -3.562104 1.499585
1.583530 -2.684524 2.995826
0.164726 -0.494338 4.353493
0.422567 -1.986319 3.848575
-0.934880 2.493017 3.062104
-0.280360 -2.925212 2.972516
-1.402976 -1.351289 3.697651
-0.943940 -0.282261 4.152555
0.862195 -2.141998 3.705007
-0.581082 1.938997 3.667012
-0.125587 -0.344071 4.343822
1.381299 1.925571 3.628155
-0.384369 2.000288 3.678439
2.008340 0.450444 3.942778
1.745849 1.491590 3.732944
-1.519523 0.277690 3.876308
1.866870 -2.333516 3.184553
-1.526459 -0.332261 3.879249
-0.283903 1.238976 4.093974
0.655058 0.036933 4.366097
2.104711 2.676895 2.462601
1.325624 -1.123673 4.086758
1.966493 3.175769 1.538442
2.100441 -0.269988 3.928191
0.535313 -3.448370 2.219771
1.571659 -1.866680 3.673112
-0.118347 0.051210 4.353497
0.986488 2.817446 2.933233
0.508360 3.442196 1.930989
-0.292666 -1.159494 4.163734
1.422876 -3.316922 2.126652
0.536930 2.312907 3.521844
-0.700889 2.617249 3.038230
1.740199 -1.968980 3.533433
0.686248 -2.057027 3.786093
1.351232 3.521059 0.935639
-0.145934 2.173266 3.601439
1.726619 3.093385 2.077108
1.380947 3.430838 1.456303
0.389002 -3.329068 2.464685
-0.806084 2.030159 3.526095
-0.119329 -2.516511 3.429945
-1.278244 -1.719149 3.586581
-0.488423 -2.502773 3.357547
-0.415914 -1.735240 3.904167
-0.353345 -2.620333 3.285671
-1.188280 0.090990 4.057690
-0.008803 3.217161 2.405217
2.325559 -1.195141 3.593740
0.728671 -0.268983 4.354587
1.467224 -0.634891 4.157754
1.072435 3.491549 1.530940
0.164987 -3.429271 2.265409
0.997126 3.325189 2.074482
1.043728 -1.016535 4.186789
-1.301298 -0.432340 3.988634
-1.631158 -0.995096 3.689244
0.910942 -0.021815 4.335766
0.436252 -0.478212 4.357260
2.276351 0.982805 3.657134
1.991020 2.275984 3.038389
0.697377 -2.954776 2.985677
0.530205 -3.603816 1.831620
-1.024818 -1.238072 3.925442
0.426679 3.365098 2.131662
0.522585 -3.777511 1.040151
2.125012 1.989095 3.199152
1.848442 1.246250 3.797205
1.595676 2.263667 3.280104
-1.066813 -1.672572 3.717161
0.767675 3.500012 1.686722
0.770830 -3.611624 1.739339
1.113750 -3.452549 2.015115
0.868287 1.619712 3.937320
1.491446 1.623525 3.769826
0.126888 -0.826463 4.297855
-0.083496 -1.494861 4.072857
1.756514 -3.107108 2.279856
-0.870302 2.392933 3.194935
1.100024 1.857628 3.755975
-0.879712 1.783985 3.661293
-0.616143 -1.462626 3.979825
1.243130 -1.932290 3.749521
1.382175 -1.804131 3.779679
0.248166 3.438117 1.952261
2.391186 -0.242287 3.755508
-0.091264 1.794487 3.860426
0.423553 -1.081456 4.239509
-0.027658 2.398724 3.434234
-4.635738 -0.713070 2.351758
-5.248203 -2.217010 -1.405282
-5.224228 -2.696449 0.423677
-5.352629 -0.027752 -1.160948
-3.117941 -2.490947 -3.420034
0.180816 -3.146681 -2.496368
-4.159096 -2.615356 -2.734596
-3.740957 -0.996521 -3.430780
-4.038776 0.124560 2.647725
-3.637197 -3.702142 1.856629
-4.256900 0.627478 2.174388
-5.323892 -1.399652 -1.653288
-0.784707 -4.179467 -1.950919
-4.494221 0.928818 1.620388
-0.741004 -4.404833 -1.443294
-0.628981 -0.719678 -3.672004
-1.896320 -0.103736 -3.783893
-0.500144 -3.957098 -2.114971
-1.607076 -3.711585 2.470330
-2.336017 -0.983304 3.538835
-2.628145 -1.108364 -3.843633
-3.851816 -2.801681 2.516047
-3.267534 -3.043530 2.703948
-4.428812 -3.433140 1.271105
-2.271691 -4.687984 -1.103838
-0.754488 -4.626184 -0.523190
-1.135682 -2.792744 3.062463
-2.607914 -2.288060 3.295383
-3.150702 -4.095900 1.658330
-2.601254 -4.510594 1.151596
-1.084799 -4.077598 1.912578
-1.537821 -3.935030 2.218251
-1.997460 -4.537606 1.257679
-2.381695 -2.164309 -3.723125
-2.820657 -4.485684 1.080155
-5.133846 0.377229 1.014758
-0.201818 -2.132351 -3.336024
-2.415556 -4.288456 1.684571
-5.569446 -0.912077 0.543747
-3.639073 -3.948083 -1.839398
-4.195513 -3.001650 2.073745
0.141614 -3.596835 -2.043491
-4.099462 -3.915064 0.897260
-3.948281 -3.680038 1.576264
-0.570408 -1.855894 -3.582845
-3.614007 -0.581545 -3.462210
-4.569328 -3.248591 -1.655770
-1.756518 -1.848234 -3.832820
-4.499917 -0.027770 -2.650253
-5.005157 -2.393177 -1.802899
-1.775953 -2.107987 3.420191
-2.537765 -1.988229 3.398471
-5.053419 0.152218 1.417475
0.013350 -4.128858 0.847019
0.083908 -2.792160 -2.843302
-3.570425 -3.233696 -2.741118
-4.782980 -2.709977 1.571867
-4.404598 -1.127672 2.605324
-1.214649 -0.094832 -3.715151
0.295970 -3.923624 -1.217908
-4.979834 -3.020556 -1.052936
-4.329165 -0.805316 -3.007370
-0.215414 -4.120060 -1.560962
-3.994474 -3.453365 1.825379
-3.776181 -3.839740 1.523981
-5.529134 -0.284643 -0.622553
-5.310784 -2.289650 -1.134848
-3.521071 -4.439701 -0.505424
-0.617452 -4.557737 -0.692441
-4.162817 0.602758 -2.631507
-1.936354 -2.940972 3.071615
-4.491104 -2.979671 -2.097304
-1.760849 -0.338102 -3.836756
-4.885441 -3.120029 0.799064
-2.724791 -3.996430 2.023169
-2.927353 -2.006231 3.302136
-4.653059 -2.799641 1.691397
-5.288700 -1.798426 -1.594215
-5.411915 -0.746242 1.075087
-1.795357 -1.296514 3.557743
-3.984108 0.488118 2.505900
-5.301080 -0.554923 -1.644875
-3.997064 -3.852704 -1.566613
-1.332120 -4.779722 -0.233885
-2.389193 -4.722382 -0.891478
-4.298751 -3.955905 -0.143444
-5.557115 -0.778223 -0.911156
-4.563239 -1.603575 2.402443
-1.286754 -4.704130 0.534320
-4.214344 -3.346740 -2.052442
-5.628028 -1.355935 0.022219
-4.479137 -3.023096 1.720549
-5.605730 -0.686128 0.171704
-5.412003 -0.188744 -1.109437
-3.710052 -1.567934 3.063927
-2.227904 -1.644311 3.508844
-0.588073 -4.487786 0.645567
0.568509 -3.569050 -1.479794
-3.183088 -0.482544 -3.636957
-4.937609 -0.196337 -2.172530
-4.880149 0.923214 -1.221487
-1.951130 -4.821035 -0.032609
-5.549746 -0.303430 0.108870
-1.947704 -1.169544 3.564095
-0.450579 -4.338714 0.958842
-4.013012 -2.497247 2.571030
-4.345713 -3.854236 0.414735
-3.353735 -2.347136 -3.382141
-3.299782 -3.300315 2.494623
-4.547575 -0.575050 -2.769927
-1.210783 -3.738625 2.367278
-3.462268 -0.754555 -3.558167
-2.517458 0.170510 -3.643997
-4.702090 -1.196958 2.303369
-4.659540 0.783631 -1.878058
-3.402871 -1.810230 3.173623
-2.024874 -2.857580 -3.465154
-4.853289 -2.034089 1.918550
-3.756674 1.060722 -2.614321
-4.366550 0.241617 2.307627
-5.235321 -2.603477 -0.933199
-2.360643 -2.982266 3.015170
-3.287622 -3.493772 2.328130
-2.550882 -0.996483 3.507776
-1.698242 -3.930085 -2.592443
-4.762434 -3.149291 1.068998
-0.703325 -4.487571 0.807214
-1.554224 -0.961771 -3.896344
-0.929313 -3.499157 -2.859157
-2.064850 -0.283264 -3.824347
-1.397581 -2.496416 -3.600626
-0.338043 -4.193793 1.191931
-5.640073 -0.933648 -0.188483
-2.562653 -3.532488 -2.923795
-4.799886 0.536975 -1.897645
-4.746248 -3.502919 -0.405480
-1.448420 -4.526983 -1.562827
-2.079699 -3.914110 -2.613338
-0.344569 -4.098032 -1.747677
-5.405175 0.068917 -0.802289
0.065579 -4.200679 -0.805841
-0.314810 -4.455166 -0.491503
-2.426136 -4.784526 -0.317758
-1.323840 -3.057171 2.949246
-4.801749 0.555764 1.527280
-3.729290 0.252375 2.803039
-1.854295 -4.139369 1.981770
-1.543541 -2.758716 3.150059
-5.335876 -2.265415 0.724319
-3.541873 -0.260245 -3.434026
-2.996158 -4.659792 -0.257658
-3.878329 -3.770383 -1.868692
-2.439692 -0.488593 -3.827761
-5.300135 -1.150529 -1.737829
-1.286302 -2.715498 -3.483058
-2.395247 -3.812298 2.335724
-0.212198 -2.762403 -3.057625
0.514753 -3.896196 0.308315
-0.090326 -3.886344 -1.862403
-3.080852 0.407884 -3.395642
-3.571064 -3.105665 2.493412
-2.933049 -3.900810 2.059768
-4.184283 -3.708599 1.202151
-3.457415 -4.233126 1.111827
-0.639929 -1.644572 -3.649967
0.023743 -4.281588 0.050036
-4.802989 -2.884121 -1.703745
-5.134561 0.766255 0.174356
-1.068516 -4.729209 -0.236231
-4.958562 1.071774 -0.108719
-1.766532 -4.463122 1.422450
-1.293567 -3.626317 -2.849149
-4.501271 -0.346859 2.412575
-3.607221 -0.193691 3.033286
-0.831897 -3.724718 -2.596832
-2.365250 -1.950961 3.434007
-2.912806 -2.085096 -3.633857
-5.099443 -2.342294 -1.653832
-2.123001 -2.830636 3.125136
-4.417534 -3.618711 0.939247
-4.561838 -2.380892 -2.463115
-5.212286 -0.429992 -1.789982
-0.956390 -3.921258 2.070667
-4.999661 -3.123627 0.314368
-4.992049 0.720779 -1.264963
-3.032136 0.761088 -3.225633
-3.397626 -4.321061 0.954840
-0.862930 -4.338765 1.345989
-4.236018 -2.029943 -2.940611
-4.206327 -3.022547 -2.393908
-1.000591 -0.252949 -3.707694
-2.959614 -1.356738 -3.751960
-0.493204 -1.014418 -3.638024
-1.616746 -2.544692 -3.605710
-4.997388 -2.766192 1.083710
-3.883687 -2.367997 -3.075770
-1.752194 -4.625274 -1.368185
-1.737086 -1.407579 -3.896940
-5.611115 -0.616070 -0.035386
-4.314731 -0.836308 2.673210
-4.451919 1.097704 -1.827304
-1.285755 -2.478063 3.240476
-1.738531 -2.891354 3.095527
-5.367747 0.252192 -0.620150
-4.519191 0.343519 2.084953
-3.046880 -3.109964 2.753659
-5.060410 -3.085559 -0.289015
-2.319615 -1.521443 -3.865571
-2.209005 -4.801040 -0.453890
-4.831991 0.279474 -2.058848
-3.774888 -3.485440 -2.346616
-2.100189 -4.346891 1.642639
-1.009694 -4.235914 1.629525
-1.872712 -3.239260 2.881760
-3.965952 -1.526009 -3.262866
-1.878641 -1.987040 -3.803931
-1.893612 -0.978673 -3.913165
-3.125776 0.144919 -3.488628
-4.895099 -1.557826 -2.368109
-4.906061 0.498450 -1.744912
-5.067788 -2.475893 1.251960
-3.264628 -2.853878 -3.174926
-4.189125 0.264906 -2.809455
-4.903368 -2.928032 -1.433961
-2.956277 -3.015971 -3.198917
-5.149610 -1.467461 1.642180
-4.430892 -0.662071 -2.898616
-3.533385 -3.594987 -2.416314
-3.855928 0.768946 -2.770926
0.597308 -3.821341 -0.667246
-2.037850 -1.707536 -3.859863
-1.896885 -1.586872 -3.880701
-2.669055 -0.529754 3.443862
-1.314729 -1.025897 -3.867630
-1.737331 -0.749458 -3.895974
-3.840117 -3.005554 2.383355
-3.631285 0.161404 -3.248734
-1.568580 -2.569266 3.241446
-3.942710 -4.218729 -0.136904
-3.392431 -1.829956 -3.523270
-0.789135 -3.062176 -3.146802
-4.059120 -3.437194 -2.124522
-0.479640 -1.319470 -3.625150
0.697301 -3.771507 -0.120532
0.608551 -3.852326 -0.299964
0.072601 -3.340598 -2.408956
-4.113849 -0.898407 2.836291
-4.490561 -3.721941 0.403493
-4.528657 -0.991725 -2.836550
-2.733336 -4.678122 -0.791864
-3.638301 -3.986229 1.423485
-3.074211 -4.506341 -1.125465
-1.133438 -0.560647 -3.796987
-5.130896 0.509983 0.839325
-3.903525 -1.777619 -3.257671
-1.953749 -3.175364 -3.274889
0.311900 -3.499599 -1.976427
-4.031710 -0.200404 -3.120150
-3.562085 -3.501387 2.147383
-5.434197 -2.307026 -0.021587
-2.472234 0.812093 -3.347733
-0.645241 -4.427271 -1.282882
-0.576417 -3.280937 -2.895159
-3.019580 -1.154984 3.394104
-2.192294 -3.266715 2.848569
-2.792872 -4.382590 1.347025
-0.159726 -4.372876 -0.537625
-1.735338 -3.878342 2.305528
-3.832117 -0.413507 -3.307865
0.643246 -0.627375 -4.121882
1.932922 1.685153 -3.778906
0.043296 -0.173210 -4.001275
1.472857 -1.964914 -3.690509
1.041447 -3.744172 -0.470332
0.339634 1.290887 -3.855442
1.382769 -3.113969 -2.596693
0.858130 0.898259 -4.093077
2.034528 3.393021 0.874546
1.960826 3.404187 -1.881986
0.237482 0.496107 -4.034065
3.172791 0.919763 -3.628354
1.833357 0.678976 -4.142883
1.524037 3.026567 -2.666754
0.698239 -2.217700 -3.453271
1.719433 3.657337 0.091371
1.788410 -1.256978 -4.001259
0.090871 2.876407 -2.508219
1.524556 -2.302265 -3.455626
2.232703 1.250597 -3.906178
0.566405 -0.424384 -4.134585
2.393614 3.557746 -0.156101
3.155478 1.241073 -3.523934
1.366519 -1.663949 -3.858022
0.981666 -3.734127 -0.688046
0.661792 1.322905 -3.923601
-0.449198 1.441961 -3.436927
0.821276 3.068033 -2.547503
1.701167 -2.445368 -3.322775
2.425905 2.672533 -2.865625
1.837551 3.516686 0.623354
1.687807 3.526915 -1.646435
2.226316 3.092019 -2.385064
3.170894 1.528134 -3.378107
0.756010 -1.265414 -3.975414
0.733470 2.201018 -3.447885
1.445501 -0.874746 -4.139261
0.783248 -3.368991 -2.059450
0.099644 1.192222 -3.811355
0.607199 2.004108 -3.558318
2.901302 2.298074 -2.994129
1.802922 3.689173 -0.285153
0.306991 -2.503750 -3.091954
2.708255 1.075391 -3.808956
3.286661 1.386118 -3.375247
0.686719 -3.459750 -1.802488
0.366554 -2.943704 -2.611150
1.949183 -0.494552 -4.160788
1.240338 -2.348353 -3.422626
1.214893 3.407612 -1.997429
0.396098 2.102075 -3.430828
2.387238 1.793409 -3.603909
1.954622 -3.388811 -2.000915
1.214195 -3.736614 -0.865898
2.433583 2.026536 -3.438941
2.702360 0.641632 -3.924140
2.282125 0.409308 -4.096863
0.915727 3.632659 0.192330
1.333341 -1.416986 -3.968268
2.500039 3.537471 -0.328849
2.118702 -3.113636 -2.451245
1.693799 3.494333 0.740579
0.784984 -1.789870 -3.744596
0.472700 -3.181389 -2.290648
1.197467 3.512484 -1.727964
0.255604 1.811149 -3.574176
-0.204035 -0.071948 -3.901916
0.314462 -1.143653 -3.913021
2.189952 1.733553 -3.696566
3.031200 2.041259 -3.131313
0.252697 0.270930 -4.064211
0.589623 -1.989142 -3.585833
1.522290 -1.294311 -4.011082
3.096478 -1.063283 -3.637172
-0.446360 0.836701 -3.667900
1.809091 2.028937 -3.597065
0.750568 3.674277 -0.560264
1.413764 2.142926 -3.552797
0.484568 2.936306 -2.625729
2.483517 3.330111 -1.724241
1.405948 -0.604011 -4.193432
2.868185 2.952958 -2.191436
1.948774 -2.515127 -3.218237
1.740410 0.401356 -4.196121
2.567576 0.848742 -3.928643
2.626557 3.496873 -0.595938
1.925343 -1.477512 -3.894735
0.327907 2.639209 -2.926915
1.126786 1.714415 -3.807834
2.087651 3.271631 -2.121183
1.528817 3.168242 -2.452068
0.393977 0.060927 -4.115296
0.422608 -0.293120 -4.113042
1.459213 0.520938 -4.199703
2.228784 -3.193001 -2.268600
1.790558 1.384071 -3.939695
0.497071 -0.803514 -4.055861
1.932318 2.457255 -3.243556
1.497008 -2.541651 -3.255558
2.934964 -0.067008 -3.887104
0.696339 -0.818934 -4.094389
2.475259 3.138420 -2.162557
-0.292782 -0.682990 -3.793760
-0.190475 0.238725 -3.898913
1.545578 1.649230 -3.842798
2.863422 3.087336 -1.934934
1.657891 -3.495886 -1.838013
2.896338 0.116488 -3.902670
0.068996 -0.367126 -3.996742
1.278352 -2.205034 -3.532550
1.995367 -3.460486 -1.808887
2.669367 3.460490 -0.890523
0.560239 -1.600796 -3.795131
2.221224 -0.994077 -4.003471
-0.166686 1.725397 -3.441868
1.795690 -1.616327 -3.851417
4.858955 0.243684 -3.084832
4.683980 1.029883 -2.980180
4.371200 -2.260971 2.682217
4.599811 -1.654529 -2.939240
3.095760 0.832389 3.568954
3.925403 -0.153705 3.550538
5.967232 -2.111401 -0.465051
2.863070 -3.475197 -1.829162
4.506693 -0.390966 -3.321609
6.084361 1.174768 -1.082579
3.524448 1.074496 3.423815
4.361058 -1.273533 3.208464
5.202046 2.565132 0.642182
3.192943 3.200233 -1.490569
5.253847 -1.967051 2.175994
4.984945 2.588120 1.131358
5.356820 2.342916 -0.922479
2.909214 -2.245994 -3.143103
2.773872 -3.881239 -0.717567
4.520357 -3.467272 0.574656
3.502636 -0.782321 3.615165
4.837883 -3.194823 -0.923500
3.910842 -3.624925 -1.028585
4.274905 3.199721 -0.373893
5.062172 -0.969276 2.854298
3.243771 3.499937 -0.137635
4.159728 -3.425282 1.309186
4.342412 -1.386735 -3.196427
4.097498 -3.024919 -2.087974
2.839729 2.457801 2.612327
5.550864 -2.688190 -0.411067
4.272158 -2.155061 -2.832823
4.987181 -1.316802 -2.817638
3.535095 0.590709 3.565346
6.368484 -0.790805 0.868025
3.052700 -2.741407 2.729328
4.019220 3.104040 1.205420
2.332777 -3.278144 -2.099157
3.932035 -2.787052 -2.461365
5.668552 0.571895 -2.252513
4.331610 -1.966593 -2.922944
5.333807 2.067831 -1.519323
3.605494 3.424845 0.309021
2.934139 -2.768296 -2.731981
4.105638 1.580649 -3.013692
5.408356 0.292368 -2.621958
2.811029 -1.057499 3.633107
4.754313 -1.160889 -3.039442
4.650346 -2.949397 -1.734941
5.913811 1.481906 1.133547
5.631004 0.654722 2.251683
3.601820 -2.288981 -3.006738
4.790211 2.942817 -0.118087
4.898064 -2.394094 -2.182965
4.435104 -3.473053 -0.779112
3.589434 -1.440049 -3.446701
3.858326 -3.747925 0.538221
4.108246 2.823876 -1.748354
2.851711 -2.039945 -3.269562
5.484659 1.317055 -2.092987
2.712810 -3.909762 -0.544953
3.734269 0.145797 -3.607907
5.219894 -2.654819 -1.441227
4.670569 -1.303875 3.026116
3.425514 1.965893 2.964098
1.855948 -3.732568 -0.856760
2.044449 -3.872530 0.149203
1.594463 -3.721898 0.482652
4.564940 1.386506 2.863937
3.519243 3.072111 -1.644884
5.189432 -1.794652 2.371164
2.136299 3.166712 1.466806
6.251439 -0.294567 -1.397460
4.488940 2.755919 1.499318
2.951364 -3.215926 2.208015
4.583107 -2.668724 2.155200
2.017121 -3.811821 -0.661376
6.232775 1.225430 0.070661
1.775222 -3.509813 1.433990
2.575675 -3.199593 2.227283
6.087130 -1.259288 -1.403919
6.363378 0.149763 -1.017237
6.392286 -1.040289 0.486341
5.495080 -2.780390 0.033965
5.906651 -2.127569 0.717785
2.396839 -3.921510 -0.249675
4.716690 -3.398851 0.235857
2.444993 2.903366 2.037523
3.434982 -0.217993 -3.691355
5.499995 0.563444 2.438421
5.318075 0.685612 2.587694
3.927681 2.314739 2.500914
6.229138 0.099774 1.402723
3.804682 2.269881 -2.615455
5.531682 1.603283 1.759957
2.601351 -3.761062 1.147583
4.381090 2.956666 1.174873
4.926899 1.624811 -2.461660
6.028254 0.566749 -1.692292
4.628485 3.023215 -0.359580
4.037284 0.515722 -3.456092
5.651168 -2.143272 1.405182
6.507909 -0.040684 0.235023
5.361601 -2.805474 -0.770345
5.864095 -2.096284 0.945735
5.143316 -1.429694 2.619582
4.466536 0.467172 -3.278016
4.954229 1.950277 2.134787
5.363461 -1.795521 -2.198847
3.410303 -1.141358 3.557361
5.419777 -2.316870 -1.613633
4.839392 0.652526 -3.009738
4.314713 -0.754744 3.357289
5.900918 1.415515 -1.276770
5.059618 2.413515 -1.392069
5.684053 -1.080697 2.179908
6.421479 -1.010649 0.277500
2.770893 2.729725 2.304174
1.620001 -3.762538 -0.130204
2.044330 3.241045 1.233551
3.923536 -1.876652 -3.155319
2.778561 -0.113789 3.729568
2.352829 -2.205527 3.124310
3.439109 1.817812 -3.082502
6.100828 1.255187 -0.911423
3.823221 -3.796906 0.149226
2.951032 -3.903612 -0.563843
2.432585 -3.482737 1.765419
4.622215 -3.173352 -1.352698
5.826746 -1.615462 1.641450
4.937983 -2.959691 1.318447
3.566765 1.316726 -3.331941
4.689907 0.737310 -3.082213
4.552496 0.351793 3.235826
4.042845 2.619422 2.086590
4.593158 2.574196 1.709238
3.039051 -3.709706 -1.299547
5.016118 -2.894109 -1.341821
6.242551 0.714796 -1.078283
2.643546 2.601958 2.454099
4.007674 0.436531 3.463965
4.102077 -2.776429 -2.385534
3.008678 -0.814426 3.674329
5.310627 -0.994829 -2.648220
4.206656 2.264108 2.406439
3.146723 -1.117477 -3.618575
2.743124 -3.710219 1.305037
4.021823 1.645610 2.991672
6.183075 0.094160 -1.529972
5.336529 -1.374188 -2.477489
2.277098 -2.595404 2.826228
5.625095 -0.140651 -2.435451
3.204089 0.174286 3.686807
5.573622 2.240535 0.416951
2.784862 -3.685409 -1.388244
6.062937 1.067642 1.247052
5.911785 1.697981 0.726465
2.308508 3.126967 1.614770
4.719218 0.362976 3.137005
5.955848 0.316588 1.894308
4.989406 -2.627801 1.794616
3.035109 3.202306 1.502662
4.429629 -0.974325 -3.277167
3.270760 1.095908 3.461201
3.902529 3.313050 0.558621
5.116117 -2.065777 -2.263291
2.598066 -2.435154 2.990539
2.912884 0.285090 3.695613
3.743827 0.898040 3.430639
3.372869 -3.687769 1.229105
3.508076 -2.102084 -3.151361
5.744852 -1.899454 -1.538124
2.594811 -3.461357 -1.846386
3.796882 1.245821 3.282678
3.158860 -2.543918 2.887619
5.886157 -0.029828 2.065716
3.784040 -3.124375 2.107165
5.437418 -1.422580 2.325544
5.578855 2.259335 -0.253968
3.568777 -3.678643 -1.160770
4.424594 1.631302 -2.819098
5.399450 0.374365 2.595429
4.438099 -0.029570 3.338180
5.484836 1.520963 -1.926830
4.313767 -3.601935 0.339709
5.783355 1.043949 1.833564
2.543070 3.523145 0.047247
2.796516 -2.105286 3.214313
3.515914 3.295873 -1.087129
4.246051 2.751389 1.744020
4.444418 -2.804143 2.107655
4.860970 1.285528 2.715194
6.383381 0.537824 0.656617
2.649542 3.525898 -0.156484
3.504929 3.378840 0.758564
4.409359 -0.369043 3.353239
6.007101 1.645266 -0.374375
4.862924 2.850183 -0.547293
2.394248 -1.122358 3.596981
6.255549 1.069605 0.511662
5.500294 1.394822 1.994241
4.436727 -2.937279 1.939615
5.075659 0.590442 -2.851247
3.487216 -3.851117 -0.479875
5.555635 -1.626135 -2.076407
5.545953 2.084108 -1.047166
4.320410 -0.000362 -3.410731
2.280936 -3.552245 1.591131
4.647334 2.136213 2.226797
6.056757 1.591656 -0.088489
4.849314 0.436247 -3.056841
5.349727 -2.924889 0.068798
6.015550 1.638939 0.310394
2.801698 3.529745 0.087661
4.943624 2.728248 0.814145
6.334494 -1.134826 0.693398
2.740386 0.357666 3.687401
2.481691 -0.540348 3.704128
3.547174 3.426912 -0.432516
4.190943 -3.090313 1.912658
4.003828 -0.183463 -3.543119
2.187654 -3.375762 1.890334
4.153919 3.115399 1.014442
2.489604 1.429997 3.340011
1.815781 -3.822549 0.007669
3.096294 1.937433 3.037164
6.400412 -0.932436 -0.604617
5.170309 0.942913 -2.644704
6.014238 1.597340 0.503271
2.421395 -1.587697 3.448848
4.750139 0.651091 3.051052
4.808648 2.290231 -1.913187
5.039841 -3.036261 0.931808
2.962074 3.285605 1.310826
3.278300 -2.806468 2.634982
2.212834 -3.875204 0.464858
4.259029 2.123222 2.512720
6.378356 0.315455 -0.882258
2.786367 -2.464627 -2.992410
3.640517 3.081505 1.546276
3.283628 -3.132809 -2.286194
3.025905 1.214484 3.440540
2.592965 -1.848271 3.347163
5.535892 -2.160903 1.597253
5.757724 2.049225 0.130797
3.757522 0.407612 -3.566089
5.501332 0.428220 -2.494031
3.077736 -1.337166 3.544068
3.134315 3.343132 -1.124861
5.277977 0.296713 -2.746093
5.901000 -1.733678 -1.394921
3.494006 2.878335 1.977261
6.332298 -0.063955 -1.169194
5.133861 -1.671044 2.502294
3.770224 -2.048395 3.092846
5.338441 1.882727 -1.760028
5.443985 1.856912 1.609851
4.364676 0.927315 -3.200513
4.331732 2.631326 1.864725
5.411835 -2.550863 1.245678
5.416007 -2.416537 1.461803
4.327448 1.615777 2.865229
4.813149 0.844687 2.947552
2.616901 3.207753 1.503174
5.935887 -2.171802 0.406898
4.210781 -0.715397 -3.427271
3.770793 2.650070 -2.207265
3.410719 3.476670 0.066351
1.890921 -3.793526 0.581040
5.253506 2.149451 1.509275
4.014373 3.310952 0.261970
