-3.278067 2.243424 0.073479
-3.322985 2.007370 -0.471984
-1.776523 3.061139 -0.113127
-2.741477 2.366675 -1.019414
-3.178344 2.188724 -0.611508
-1.995969 3.043236 0.223850
-2.287608 2.858571 0.670319
-2.876238 2.177821 1.054430
-3.306958 2.092490 0.396601
-2.178732 2.483366 -1.224738
-2.524200 2.142573 1.332466
-3.313416 1.830158 0.663430
-1.130001 2.700479 0.772837
-1.613459 2.727402 0.986893
-1.709075 3.041023 0.259557
-2.401180 2.765925 0.773279
-1.424604 2.978733 -0.341908
-1.873766 2.793843 -0.915818
-1.137952 2.858227 -0.410685
-3.000872 2.433812 -0.604673
-1.500329 2.906971 0.630030
-1.501068 2.809788 -0.826687
-3.047959 2.006928 -0.982832
-3.418754 1.754859 -0.422720
-1.157265 2.907319 0.219885
-0.960443 -0.624036 2.100930
-1.930576 0.527294 2.293480
-0.628944 2.132976 1.533253
-0.551296 0.252936 2.251069
-1.647450 1.473098 -2.116446
-3.315052 1.010769 -1.132345
-3.585144 1.075211 0.208489
-2.784392 0.836018 1.818490
-2.206209 -0.025645 2.150895
-0.474771 0.223468 -2.221498
-1.061879 0.995150 -2.302304
-1.059079 2.660519 -0.824931
-1.832569 0.696389 -2.305743
-1.315275 1.639981 -2.055995
-1.340263 2.416294 -1.327302
-3.582924 0.580348 0.660478
-0.853853 0.635518 2.329563
-0.618169 -0.022986 2.232278
-1.193757 1.463585 2.146507
-1.166108 2.184588 1.614513
-1.295230 -0.687418 2.095371
-1.639686 0.547039 2.353320
-2.786440 1.288801 -1.654819
-2.507333 1.242142 1.888556
-3.356019 0.365361 -1.197580
-2.145678 1.627965 -1.881999
-1.501683 -0.348739 -2.236108
-1.593961 0.743144 -2.342499
-2.428970 1.198231 -1.954034
-1.703588 1.053633 -2.264297
-1.449424 0.243797 -2.367160
-0.404530 0.536509 2.202759
-2.988193 1.507620 -1.295892
-0.845660 -0.032599 2.287534
-2.687237 1.600992 -1.548113
-1.614819 1.407457 2.152172
-0.437276 0.782641 -2.191458
-0.347004 -0.183280 -2.089294
-3.549673 0.860682 -0.656008
-2.151214 2.035741 -1.548654
-1.144527 2.581928 -1.028188
-0.762075 1.040111 2.239522
-1.791847 0.798964 2.301081
-1.504582 1.959268 -1.821605
-0.549964 1.010698 2.185490
-0.910022 2.709988 -0.603520
-0.570882 -0.484244 -2.067748
-3.218901 0.980081 1.301621
-0.478449 1.733964 -1.821297
-1.172596 0.707106 -2.361652
-2.157529 0.400014 2.219989
-2.498299 0.284032 2.050670
-1.605813 0.739708 2.341371
-1.076739 -0.390058 2.218834
-1.648113 1.663544 2.012294
-3.668451 0.531089 -0.223299
-3.351672 0.655941 -1.188132
-1.896501 -0.276389 -2.189662
-1.894472 1.237908 2.162601
-0.949033 1.903108 -1.844874
-3.145096 0.681412 1.484800
-3.107687 0.628961 -1.537480
-2.346392 1.721608 -1.712123
-0.276739 -0.094364 2.080650
-1.374047 2.128898 -1.676493
-2.880579 0.521710 1.778103
-0.735205 1.759585 1.899027
-3.392469 1.166504 -0.873285
-0.476977 2.489935 0.968334
1.201246 1.731511 -1.381723
0.477129 0.989673 2.044841
0.361630 2.398368 1.162250
1.128380 2.236164 -0.859021
0.202841 2.117886 -1.530632
-0.405093 2.172476 -1.437111
0.830378 2.336273 0.999261
0.012414 0.710021 2.127079
-0.537866 2.709636 0.148463
-0.212915 1.073001 -2.076306
0.077748 2.780195 -0.044970
0.833955 2.608815 -0.040879
0.182140 0.853861 2.110084
-0.184692 2.499330 -1.045455
0.168462 2.266647 1.377636
0.301782 0.676396 -2.105507
0.848534 1.863628 1.527809
0.095626 0.615051 -2.125279
0.740905 2.409144 -0.943554
1.046221 2.401677 -0.605489
-0.176522 2.760837 -0.249618
0.615412 1.172485 1.967847
0.054211 0.837664 -2.119319
-0.400753 2.660893 0.588882
1.018321 2.182798 1.068287
-0.186053 2.722015 -0.470188
0.634451 1.386708 1.892221
0.945669 1.937536 -1.405354
0.028203 1.678126 1.865112
1.093923 1.111787 -1.762964
0.919166 2.321472 -0.944442
0.447504 1.289834 1.979338
0.485745 1.023230 -2.037204
1.153488 2.302202 0.683136
-0.403400 2.043529 1.562333
0.750924 0.982904 1.961112
-2.282166 -0.285051 2.053398
-3.597866 -0.923473 1.141549
-3.653074 -0.987895 -1.029587
-1.447150 -2.535896 0.826149
-2.644814 -2.543180 -0.366838
-1.075338 -2.505481 -0.613223
-2.505612 -2.280633 1.134724
-1.620209 -2.536166 0.885286
-3.666780 -1.187237 -0.905765
-1.967058 -2.727796 0.184622
-2.752811 -2.067313 1.248320
-1.502047 -2.687115 0.341605
-1.769471 -2.119900 -1.500552
-3.002241 -0.731568 -1.771271
-3.159400 -0.128428 1.588960
-3.890020 -1.142134 0.010299
-3.322792 -1.162129 -1.412274
-2.393015 -1.142738 1.982278
-1.701804 -1.952222 1.648390
-3.529927 -0.474661 -1.271296
-1.475120 -0.830269 2.087121
-3.078681 -0.909576 1.696715
-2.615018 -2.123099 -1.275879
-3.002371 -2.387393 -0.027947
-2.232909 -1.909877 1.637672
-2.417536 -2.609795 -0.438197
-1.282677 -2.609591 0.490729
-3.397806 -0.448677 1.428622
-3.305995 -1.796247 -0.972166
-0.956912 -2.545408 -0.175562
-0.726673 -2.279700 0.730135
-2.164734 -1.032940 -2.058715
-3.790697 -0.291305 -0.759698
-0.896411 -2.296822 0.906183
-1.146580 -2.623436 0.134153
-2.958295 -2.339960 -0.517979
-0.729277 -2.419953 -0.226335
-2.370126 -1.556961 1.828570
-3.450610 -1.150400 1.268737
-2.328995 -0.923712 2.044978
-3.509227 -1.853742 -0.405170
-2.259740 -2.695914 -0.038334
-2.463894 -2.643395 -0.006549
-3.084355 -1.368351 1.543165
-0.648982 -2.261841 -0.643968
-1.063627 -1.807764 -1.585252
-2.596932 -2.504622 0.598356
-2.683619 -0.690272 -1.947201
-3.702328 0.196346 -0.604307
-2.190228 -2.673419 0.387097
-1.943096 -2.470535 -1.030598
-1.573986 -2.653162 0.546217
-2.926655 -1.277511 1.697513
-1.840179 -1.881990 -1.707565
-2.814837 -0.000753 1.784105
-0.881848 -2.406363 0.642403
-3.290892 -2.158479 0.027912
-2.059232 -0.989812 2.081673
-1.559365 -2.127274 1.469984
-3.673137 -0.164647 -0.962881
-1.190467 -2.503973 0.736444
-3.858618 0.021754 0.085169
-3.496742 -0.912173 -1.287246
-3.793020 -0.241768 0.730825
-3.711865 0.290935 0.409474
-1.366988 -1.625862 1.813282
-2.623942 -0.245907 -1.939551
-1.284917 -2.186256 -1.324643
-2.350449 -2.096091 -1.433386
-2.112323 -2.693867 -0.339373
-3.788522 -0.802911 -0.807695
-1.683519 -0.826237 -2.112098
-0.854263 -2.503711 -0.027217
-0.772915 -2.408785 0.430938
-1.693371 -2.419605 -1.115076
-1.370540 -1.858207 1.663206
-1.415947 -2.288054 -1.244713
-2.626052 -1.978692 -1.423325
-3.915691 -0.305984 0.283858
-3.859304 -0.982983 0.518844
-1.205430 -1.536547 -1.812413
-2.651961 -1.937857 1.447224
0.976400 0.343325 2.228492
0.580164 0.043891 -2.305247
0.186117 -2.755343 0.235072
-0.100421 -2.631326 0.374023
1.225060 -0.460729 -2.350633
0.549651 0.357754 2.205956
0.499046 -2.829195 -0.181738
1.222249 0.312951 -2.212515
0.967936 -0.332121 -2.372571
0.307765 -0.066853 2.279198
0.449469 -2.788663 -0.429239
1.562865 -0.255055 2.259765
0.830683 0.703628 2.063089
-0.310084 -2.534055 0.324291
0.533320 0.223135 -2.250700
1.783275 -2.471730 0.916399
2.051152 -2.534415 -0.126845
0.115666 -0.163653 -2.240831
-0.118140 -0.258593 -2.161913
1.424302 -2.769074 0.329212
1.447500 0.034650 -2.245659
-0.602220 -2.360603 0.150102
-0.046399 -2.620496 -0.535341
1.910158 -2.069677 -1.423375
-0.060241 -2.678967 -0.089140
1.611833 -2.564292 0.867714
2.002341 -2.485055 0.575045
0.868910 0.167463 2.289301
1.030477 0.717281 -2.047845
2.093291 2.284278 -0.697539
4.120265 1.369511 -0.660936
2.129767 -1.063713 2.115861
3.023568 -1.689808 1.482330
3.205904 2.207579 -0.023771
3.011814 -1.301718 1.840777
4.532619 -0.539010 0.519772
1.573932 -0.122954 -2.269229
4.090096 0.651763 -1.405076
4.524964 0.661778 -0.442771
4.348989 -0.484075 -1.059326
2.435509 -1.809716 -1.518077
2.407709 -0.311087 -2.353606
2.454053 -1.153535 2.065273
1.474279 0.092701 -2.238936
2.321065 -1.682523 -1.666115
2.266562 -1.266139 -2.004736
1.990619 -0.606589 2.279236
1.739022 -0.487815 -2.262671
4.389190 0.605030 0.926512
2.366774 -2.064332 -1.151952
3.168777 -1.083548 1.913321
3.878908 -0.050097 1.759467
4.072149 -0.291897 -1.532242
2.913385 -1.363516 -1.831779
4.539660 -0.225302 -0.698538
2.379478 -2.260934 -0.684071
1.732202 -0.074695 2.315091
4.417453 1.057714 0.003387
4.621182 -0.335719 -0.216957
3.502773 2.056284 0.036509
4.280842 -0.735859 1.041727
2.559332 -1.893065 1.392727
2.529021 -0.820055 2.214118
1.844605 -0.348589 -2.311534
2.403180 -0.263459 2.360315
4.350336 1.103433 -0.430488
4.387695 -0.615445 0.901236
1.493833 2.227511 0.401392
1.534121 2.268806 0.195541
1.811585 -0.737954 2.208901
3.014111 2.246815 -0.382538
2.675531 -1.227474 1.989865
3.202858 2.146638 0.519382
3.947056 1.522339 -0.779890
4.104143 0.015889 -1.525415
3.033328 2.265945 0.179252
1.324905 1.774532 1.290820
2.207623 -0.678696 -2.275030
1.857605 2.338039 -0.312425
2.726715 -0.478830 2.284318
1.601340 2.209665 -0.629524
3.673083 -0.976296 -1.652471
3.972062 1.669252 0.245637
4.542897 0.269989 -0.683605
4.231501 -0.619790 1.200688
3.947162 -0.757402 1.509356
4.270079 0.947681 -0.908760
2.040509 2.298447 0.632698
2.371169 -1.345540 1.949778
2.530311 -1.152891 -2.057364
3.041958 -0.272956 2.235377
1.775332 2.314388 0.362290
2.113229 -0.776068 2.238378
4.337625 0.316222 1.153377
3.878033 0.271985 -1.742530
0.424929 -0.438873 -2.411896
1.138043 -2.342046 -1.865931
0.326687 -1.605125 -2.439710
1.083368 -0.617216 -2.426579
1.276613 -1.514617 -2.366863
0.018625 -2.616385 -1.158686
0.187374 -2.430809 -1.767100
1.745022 -2.124153 -1.589016
-0.324174 -2.019344 -1.881746
-0.213975 -1.728553 -2.168953
0.027874 -2.645963 -0.897928
-0.732644 -1.623616 -1.678880
-0.579207 -1.116720 -2.030880
0.539714 -2.225938 -2.099902
-0.268931 -1.379743 -2.256093
0.157929 -0.641593 -2.422856
0.315401 -1.778131 -2.368323
0.048472 -1.485564 -2.394314
1.495477 -2.391289 -1.484256
-0.492498 -2.128444 -1.541988
-0.243427 -2.493731 -1.095063
1.803826 -1.810962 1.839250
0.079728 -1.449995 2.414604
1.288112 -2.621149 1.046443
0.276397 -0.873335 2.500958
0.274801 -0.683027 2.464727
1.390429 -1.262523 2.365089
0.888193 -2.686266 1.303506
-0.362032 -2.430124 0.823629
0.818555 -2.635273 1.486667
0.814263 -0.641008 2.485376
-0.062905 -1.883931 2.172361
0.528184 -0.711568 2.508755
-0.137768 -2.564709 1.014609
1.555501 -2.238457 1.675530
0.095152 -2.664281 1.021783
0.986377 -0.699024 2.472174
0.387701 -1.238716 2.527421
2.003238 0.833868 -2.475704
3.251047 1.494626 -2.082949
2.196596 2.149745 -1.507707
1.627545 1.942991 -1.466194
1.633656 1.434628 -2.080399
2.075829 0.438674 -2.500007
3.286381 2.030218 -1.289293
2.913307 1.988396 -1.744833
3.439557 0.977508 -2.206126
2.529682 0.915534 -2.530551
1.776151 1.639660 -2.013013
2.002062 1.339325 -2.319245
3.294780 1.669642 -1.899981
3.876011 1.446804 -1.294682
1.258913 1.616500 -1.464327
2.656126 1.578252 -2.244330
2.680822 2.056879 -1.719640
3.467645 1.747573 -1.627158
4.184505 -1.593438 -0.854540
3.814531 -2.264942 -0.141436
4.363832 -0.876204 -0.918682
2.753084 -2.470906 0.276274
3.451886 -1.809410 1.270005
3.173439 -1.895692 -1.277733
4.341771 -1.736320 -0.283497
3.512408 -2.175023 0.834858
3.755026 -1.984990 0.919594
2.934137 -2.326412 -0.756245
3.103041 -2.484194 -0.231160
3.922116 -2.172193 -0.286998
2.724109 -2.081296 -1.092160
3.878929 -1.121150 -1.373881
4.564159 -0.957041 0.475880
3.845997 -2.198440 0.390067
2.749454 -2.368404 -0.633403
4.438197 -0.694930 -0.783952
3.805106 -1.679302 -1.173728
4.265791 -1.151998 1.003484
2.427876 -2.379890 0.358064
3.641849 1.715456 1.384019
3.108772 1.871403 1.799521
2.983018 0.788101 2.471017
3.478431 -0.025196 2.063515
2.020793 1.604439 2.159669
1.206388 1.385052 1.667541
2.027770 0.790290 2.488684
3.788748 0.301487 1.877643
1.755126 1.867936 1.738350
3.208376 1.414595 2.162877
2.126256 1.121708 2.442628
3.250386 1.710108 1.892149
2.220510 1.453855 2.313015
1.312444 0.977082 2.036444
3.272608 0.071026 2.252988
1.740490 1.468683 2.126543
2.119588 0.373963 2.502494
1.400036 0.611838 2.169436
1.834280 2.110109 1.305618
1.470224 1.543958 1.854895
2.846722 1.546946 2.227727
1.763774 0.144590 2.325339
3.953816 1.232044 1.387102
-3.433170 2.232779 0.644969
-2.367914 2.512607 -1.460534
-3.653055 2.003937 -0.003073
-2.723148 3.033685 0.427932
-2.216125 3.162313 0.621331
-3.252866 1.963026 1.159252
-2.645005 2.996445 0.661178
-1.570785 2.878584 1.178466
-3.012297 2.415598 1.113974
-2.922343 2.779009 -0.750962
-1.102261 3.148188 0.209381
-2.905380 2.938085 -0.363443
-1.737819 3.045389 -0.960811
-2.543785 2.807127 1.079277
-3.580254 2.037213 0.466069
-2.738066 3.040457 -0.365976
-2.489889 2.951301 -0.898594
-1.948405 3.230577 0.520713
-3.479813 1.930644 0.827753
-1.746177 3.250841 0.448157
-2.169192 0.133005 -2.559146
-1.379553 -0.460118 2.565101
-1.532657 2.335944 1.937587
-4.013430 0.638585 0.016346
-2.080440 1.101415 -2.520819
-3.662869 1.656677 0.583795
-0.812501 0.768545 -2.655761
-1.730674 1.803620 -2.314584
-0.892456 0.604320 -2.684269
-0.973091 1.426778 -2.513919
-1.415429 2.933280 -1.083791
-0.311757 1.082886 2.451230
-2.616916 0.495216 -2.379719
-1.362736 1.820130 -2.343737
-1.223347 -0.566720 2.525168
-1.054080 3.004997 -0.874277
-2.984447 1.992072 -1.469006
-2.368314 1.256528 2.365067
-2.036842 -0.078844 2.566298
-1.182212 2.647162 -1.586818
-3.954005 0.927620 0.348511
-3.570570 1.671888 0.855063
-1.295013 0.008213 2.685290
-1.054072 0.572700 2.705577
-0.994285 3.109658 -0.428548
-2.814752 0.154686 -2.241421
-2.322615 0.285534 2.515877
-1.561679 0.046687 2.678528
-3.666785 1.241925 1.076353
-0.801911 2.900477 1.049444
-0.551489 2.624283 -1.439161
-2.126470 1.540642 -2.346846
-2.846035 -0.029772 -2.188275
-2.666790 0.293463 2.347367
-2.970474 1.383450 1.929268
-1.744479 1.606037 -2.417561
-2.334630 0.927492 -2.468381
-0.471103 0.984944 -2.532722
-2.045835 1.081925 2.536214
-2.671846 0.698660 -2.334963
-0.649229 3.060545 0.335894
-0.856087 1.006704 2.623122
-3.996926 0.781026 -0.114077
-1.612607 2.668571 1.529582
-1.763205 2.285501 -1.944979
-0.211977 0.459112 2.492534
-1.005901 3.052595 0.701328
-3.842566 1.325412 0.393891
-0.958004 1.212674 -2.585709
-1.523621 -0.348631 2.593219
-2.765316 0.724783 2.274334
-2.649204 1.200202 2.236859
-1.876163 0.459910 -2.658380
-1.501357 1.317832 2.566986
-1.280198 1.581471 2.469317
-0.746840 -0.177790 2.590069
-2.212277 2.195715 1.867823
-2.662806 1.437296 -2.133252
-2.111157 2.321916 -1.790062
-3.289281 1.797054 1.266977
-3.248318 1.704348 -1.417543
-0.293766 1.662788 2.211802
-3.909137 1.035122 -0.491371
-0.922518 0.914967 -2.651615
-2.796099 1.302840 -2.102299
-0.661246 -0.688753 2.390133
-1.455503 2.498728 -1.772262
-1.060909 2.687320 1.515118
-3.423301 1.559872 -1.281137
-2.083658 1.717855 2.270510
-1.892065 -0.250586 -2.563254
0.560345 1.652422 2.143927
1.159532 1.598975 1.913556
0.089222 2.131772 -1.929517
0.492693 2.148680 1.852501
-0.330778 3.042317 0.327337
0.080129 1.418415 -2.307329
0.512765 2.548244 1.434428
0.507641 1.185062 2.316869
-0.284165 2.330799 1.739769
0.233145 1.776725 2.144036
0.144640 1.805202 -2.137216
0.768747 1.764899 2.019773
0.437124 0.827843 2.384743
0.353960 0.991859 2.381196
0.673463 2.075688 1.852387
1.223685 2.586665 -0.816695
0.106019 0.681796 -2.429336
-0.160593 2.081208 1.963314
0.336315 0.922243 -2.392838
-0.484372 3.037863 -0.073178
0.676928 1.694819 -2.089277
-0.094251 3.082440 -0.106530
1.076041 2.714546 -0.705642
-2.334853 -1.865608 2.022001
-2.637258 -2.719481 0.906342
-1.752140 -0.796342 -2.423694
-0.812366 -2.254874 -1.477363
-3.730153 -1.283663 -1.359940
-1.528265 -2.647886 -1.296253
-3.089783 -1.911590 -1.623789
-1.521902 -2.281237 1.742224
-2.909244 -2.787361 0.130334
-0.721731 -2.635319 0.772041
-2.365950 -1.243087 2.286701
-0.669911 -2.652705 -0.638460
-2.064435 -2.922490 -0.722573
-3.222734 -2.452121 -0.766290
-1.080698 -2.919031 0.183428
-3.039801 -2.674402 -0.443153
-4.116437 -0.893104 -0.776851
-2.923473 -2.511695 1.053299
-2.596582 -2.347456 -1.521330
-1.538382 -0.952258 2.390628
-2.964835 -1.802355 1.791319
-1.224753 -2.550962 -1.338189
-2.783635 -1.153734 -2.170201
-1.822887 -3.026227 -0.295815
-1.364071 -2.779575 -1.000565
-1.671872 -1.343813 2.314160
-3.733473 -1.592453 1.152129
-3.729300 -0.500267 1.513768
-1.679687 -2.968532 0.583648
-1.994669 -3.030285 -0.201329
-3.799562 -0.093246 1.327634
-3.381317 -1.707148 -1.518583
-1.632223 -1.737485 -2.146944
-4.027201 0.411092 0.188390
-3.211069 -2.277049 -1.110429
-1.137715 -2.520316 1.340324
-1.451658 -1.350903 2.286304
-3.059223 -0.792543 2.090288
-3.841440 -1.824027 0.629934
-2.405707 -2.955646 0.301543
-0.981433 -2.864429 0.352395
-3.414614 -2.331429 0.667384
-3.838005 -1.075195 1.290264
-3.926095 -0.138580 1.137057
-2.884556 -2.788341 -0.255664
-3.960047 -1.611702 -0.612030
-3.676494 -2.193947 -0.003768
-2.216293 -2.611938 1.329077
-2.009207 -1.967092 2.011761
-2.594915 -1.907203 -1.910732
-3.985047 -1.727568 0.150198
-1.842992 -2.556957 -1.460286
-3.399354 -2.429216 -0.384120
-4.223769 -0.216622 -0.152911
-2.741855 -1.474971 2.082716
-4.005724 0.385583 0.425513
-1.732976 -2.991531 -0.494540
-3.244933 -2.080426 -1.324481
-3.977616 -1.480249 0.738353
-2.641169 -2.598169 -1.145073
-3.041119 -2.530970 0.874333
-3.660976 -1.887641 -0.965403
-2.475129 -2.546650 1.325077
-4.209770 -0.985211 -0.328181
-3.839230 -0.422121 -1.355491
-1.847133 -1.028922 2.396095
-2.951352 -1.373417 2.018971
-0.984670 -2.719168 0.873479
-1.202411 -2.326626 1.607299
-1.399420 -2.978401 -0.362700
-2.339643 -1.833647 -2.040048
-3.320736 -0.593164 1.920830
-0.859691 -1.844052 -1.859391
-2.759177 -1.824871 -1.891761
-3.369082 -1.092266 -1.819938
-3.553998 -2.302337 0.288216
-4.072320 -0.459040 -0.926660
-3.286670 -2.213679 1.107179
-0.880379 -2.845573 0.164889
-2.211252 -2.538245 -1.434917
-3.425043 -1.900884 1.306644
-2.531652 -2.554600 -1.283819
-3.295532 -1.913571 -1.438910
-2.329229 -0.925773 2.359391
-4.135890 -0.101388 0.576406
-3.799469 -0.622009 -1.425373
-4.150304 -0.299452 -0.654532
-1.426550 -2.544480 1.421139
-4.143065 -0.554749 0.746223
-3.336291 -2.426151 -0.593891
-2.054805 -0.552695 -2.420653
-0.744498 -2.783823 -0.151111
1.253981 -2.918606 -1.141327
0.597494 -0.467714 -2.708192
1.758202 -2.851281 -0.983057
0.015595 -3.040533 0.394134
0.447842 -3.169619 -0.120944
0.780635 0.624176 -2.483815
1.300485 0.156896 -2.605611
-0.214096 -0.198393 -2.486365
-0.342418 -2.772537 0.852888
1.108672 -3.124102 0.595271
1.461627 -3.107198 -0.371325
0.389643 -0.406804 -2.679514
1.058375 -0.047969 2.676956
0.231332 -3.122802 -0.205430
0.279844 0.024934 2.610123
2.024211 -2.931775 -0.159424
1.058590 -0.334631 2.707944
1.249363 -3.168227 0.165497
1.911751 -2.659908 -1.238793
2.317626 -2.657856 -0.719964
1.416834 -0.030012 2.621775
1.017028 0.735156 2.426445
1.232293 -3.128070 -0.504944
1.754558 -0.827842 -2.542691
2.069517 -1.721425 2.092936
1.963247 -1.380897 2.314218
0.994878 0.385895 2.573519
2.270398 -2.803314 0.018000
2.326694 -2.722945 0.451543
1.627751 -1.147004 -2.521074
0.158927 -0.318845 -2.625294
2.000590 -2.735684 1.000981
2.092784 -2.850901 -0.499672
1.489801 -3.119694 -0.192162
2.363176 -0.144352 -2.713732
2.510278 -2.106807 1.684378
2.777028 2.605806 -0.665596
4.217700 -0.062271 1.904749
3.678442 -0.934275 -2.128655
2.480897 2.693219 -0.436987
2.833798 -1.499238 -2.188889
4.413899 1.695928 -0.112110
4.954160 0.307113 -0.385528
4.775121 0.652367 -0.868850
4.775677 -0.828827 0.665555
4.482826 0.119607 1.588812
4.928131 0.410419 0.465641
1.504355 -0.020312 2.607744
4.302758 1.112802 1.447227
2.439561 -2.426103 1.186234
3.939893 2.155593 0.240861
4.327202 -0.240758 1.769518
2.103965 -1.271704 2.389592
1.824008 -0.198358 2.673507
3.373284 2.475106 -0.389333
4.719755 0.137124 1.191247
4.361557 -0.997906 1.423558
4.040417 -1.080512 -1.756865
3.628619 -1.734662 -1.583098
4.831298 0.838839 -0.446388
4.241817 1.660280 0.914921
3.137415 2.591156 0.170146
2.220932 -0.772380 2.602700
2.693098 2.572041 0.833103
2.329595 -0.882177 -2.566626
2.371773 -2.474083 -1.089549
3.827219 2.185202 -0.540498
2.769747 2.625987 0.587983
2.059911 -0.030464 -2.710724
3.594231 0.151078 2.376333
2.245824 -1.769616 -2.051153
3.936151 -1.523002 1.509294
3.005528 -1.588675 -2.071615
2.327424 0.060424 -2.719018
4.773777 1.011843 -0.418614
4.507820 1.417000 -0.679284
2.437275 -2.669251 -0.400637
4.555716 1.262483 -0.808962
4.139153 0.165634 -1.977197
4.424781 1.554845 0.648251
1.760932 2.606230 0.651271
4.712318 -0.708404 0.971941
2.810889 -1.857127 -1.898269
3.796268 2.030419 1.017395
4.890893 0.047832 0.753182
3.854240 0.067014 2.215878
3.025242 2.623807 -0.199946
1.347710 0.721292 2.457210
2.849233 -2.311854 -1.284783
2.414087 -1.447730 -2.288138
2.789921 -1.370678 2.283146
4.044108 0.438809 -2.024338
1.748750 0.281556 -2.654751
4.375208 1.586801 -0.728609
2.651809 -0.576028 -2.628021
4.354640 0.080161 1.754979
4.642864 0.389227 -1.289750
4.816418 0.135827 -0.968070
3.858368 -0.163274 -2.205890
2.103695 2.728419 0.112625
2.642416 -2.493397 0.983309
3.077270 -1.998715 -1.642489
2.472661 -2.611026 -0.676163
3.287475 2.526727 0.275673
2.686487 -1.195224 2.400841
2.153442 -1.653397 2.143793
4.725414 -0.623935 -0.997683
2.283215 -2.167196 -1.621780
3.922433 -0.201309 2.155366
3.561307 -0.639306 -2.306380
2.781384 -0.722299 -2.568661
2.791582 -2.341963 1.254197
2.710672 2.670299 -0.408456
1.626896 -2.459821 -1.773937
0.376663 -2.052219 -2.509778
1.653819 -1.896034 -2.285729
0.369437 -1.421440 -2.744629
-0.560510 -1.653118 -2.260302
0.648433 -1.273172 -2.784669
0.180397 -1.033883 -2.738199
-0.220568 -2.727047 -1.363141
1.406368 -2.217523 -2.218150
1.229339 -2.364655 -2.174423
0.572835 -2.989602 -1.074003
0.260293 -2.922177 -1.266463
-0.317704 -2.542196 -1.672371
-0.395007 -1.761669 -2.342166
1.706505 -1.290927 -2.456208
-0.459850 -2.088951 -2.084173
-0.586420 -2.467345 -1.387883
0.673982 -2.886183 1.528078
0.345430 -2.604107 2.006016
0.885196 -2.959152 1.189786
0.911449 -2.787315 1.711583
-0.527404 -2.111058 1.999336
-0.635667 -2.176232 1.803450
0.057185 -2.743255 1.639858
-0.297457 -1.742229 2.414418
-0.416002 -1.999526 2.189616
-0.303132 -1.526015 2.486813
-0.800550 -1.267069 2.131119
-0.273310 -2.148379 2.183947
0.415515 -2.903845 1.435560
1.672552 -2.372158 1.849051
-0.281533 -0.552677 2.473798
0.538011 -1.984693 2.565010
0.943824 -2.226284 2.384536
2.494534 1.583331 -2.537318
1.903211 1.286151 -2.584395
2.233166 1.947343 -2.241483
2.958824 0.828629 -2.724272
3.927531 1.422892 -1.842304
3.813914 1.884840 -1.415778
2.926485 1.618402 -2.453267
2.224624 2.463017 -1.343970
3.304307 0.871270 -2.591378
2.770255 2.395966 -1.538626
3.330581 1.337594 -2.439141
3.249363 2.148436 -1.740487
3.671212 0.318177 -2.350367
1.447578 1.328607 -2.335351
4.047042 1.355365 -1.698228
3.545228 1.094120 -2.399675
3.348595 1.749727 -2.159596
1.588630 1.819289 -2.084328
2.703094 0.944439 -2.756323
1.855168 1.817793 -2.242066
3.555943 0.505214 -2.461401
1.690372 2.261375 -1.483913
2.252505 1.120262 -2.717588
3.413729 -2.469262 0.883451
4.341455 -1.679003 1.023025
4.602953 -1.256005 0.892764
4.029528 -2.300082 0.606163
3.369448 -2.178968 -1.299158
4.381656 -1.411960 1.147946
3.414774 -2.671956 -0.268707
3.253603 -2.686872 -0.371603
4.036346 -2.304771 -0.581928
4.038868 -1.749471 -1.290900
4.328552 -1.983625 0.685458
2.565114 -2.699280 -0.156620
2.672525 -2.606880 -0.659447
2.928296 -2.583767 -0.772875
4.088470 -1.526194 -1.385294
3.466731 -1.986475 1.443139
3.869754 -2.187526 -1.001442
4.164111 -2.074120 -0.821883
3.719280 -2.133527 -1.182622
3.016316 -2.735180 -0.199825
4.392479 -2.051124 -0.359911
4.352653 -1.603082 -1.067069
3.266615 -2.123835 1.381511
4.254792 -1.889575 -0.935396
3.723651 -2.558233 0.318937
3.019715 2.402715 1.327733
3.400267 1.161564 2.470726
3.032079 1.300572 2.584380
2.671109 1.594810 2.519478
2.760369 1.892260 2.285511
2.610065 0.839593 2.781004
3.566729 1.025400 2.404694
2.328162 1.419900 2.616578
2.409081 0.548834 2.796343
1.774612 1.400669 2.485348
1.388939 1.245285 2.331767
3.275577 0.538318 2.622231
3.892407 1.600963 1.721576
1.371924 1.029124 2.394946
3.797402 1.113124 2.179710
3.157022 2.402224 1.065911
1.914576 0.636442 2.714872
3.255358 1.583576 2.342922
2.929988 2.465976 1.126356
2.711837 2.427565 1.472546
2.402160 1.610315 2.520205
-3.521739 2.725271 -0.165954
-1.447214 3.502135 -0.192178
-2.565092 3.295510 -0.697499
-3.122745 2.645615 -1.192075
-3.333335 2.941185 -0.050921
-2.422677 2.921119 1.401446
-1.870403 3.542545 0.116735
-3.565554 2.382328 -0.823851
-2.647147 3.166603 -0.914137
-3.296700 2.841969 -0.640076
-2.511475 3.377975 -0.490086
-2.410721 3.458635 0.196337
-2.299236 3.012944 -1.342798
-2.121971 3.348398 0.855819
-1.960906 3.280886 1.029221
-1.862819 3.242468 -1.103701
-2.522706 3.381583 0.458928
-2.938274 3.219573 -0.294593
-2.346073 3.256820 0.951175
-3.118683 2.813960 -0.989482
-2.836961 2.962936 1.084200
-3.220757 2.471388 1.252181
-3.597321 2.630381 0.109965
-3.178532 3.073877 -0.110072
-1.974787 3.500000 -0.420715
-3.564790 2.500412 -0.657381
-3.672933 2.302465 -0.669612
-3.817455 2.216775 0.214851
-1.706560 3.507058 -0.387350
-3.575478 2.315603 0.879223
-2.834122 3.074660 -0.903352
-0.776523 2.908827 1.731874
-4.064676 1.248338 -1.035517
-2.416090 1.027815 -2.788438
-2.592806 2.413554 -1.950306
-1.801010 0.776062 3.000153
-0.801455 1.655813 2.763848
-2.628707 1.997066 -2.275773
-0.969096 0.040090 3.015402
-0.511646 2.303480 2.296233
-0.894155 -0.546699 -2.867518
-3.561739 1.643058 -1.675296
-4.234591 0.501963 0.867102
-1.623296 -0.460104 -2.906440
-0.416953 2.546724 2.036943
-3.208265 1.203830 -2.267835
-3.441402 0.712108 -2.169678
-1.279376 2.921265 1.792235
-3.032563 1.022097 -2.454940
-1.672008 3.303937 1.014949
-2.409980 2.846618 -1.531937
-1.065955 3.112384 1.474101
-1.002798 -0.988395 2.689075
-2.467698 2.592794 1.836288
-0.781475 -0.514133 2.860301
-2.120287 2.666638 -1.933684
-2.288946 1.436371 2.719609
-1.273984 -0.844307 -2.776802
-2.187609 2.992363 1.438113
-2.241118 2.860758 -1.620104
-1.883580 1.812656 2.672571
-1.019602 2.710966 -2.032899
-0.678543 3.113412 -1.354879
-0.965359 2.914456 1.770272
-1.334557 -1.051713 -2.670944
-0.231322 2.177567 -2.281475
-3.837172 0.711674 -1.690145
-2.547313 0.788383 2.772854
-1.610250 1.927573 -2.656776
-3.470875 0.428384 -2.157243
-2.521677 -0.429551 -2.667343
-1.449480 2.454818 -2.299291
-0.866325 3.005389 -1.612375
-1.860068 2.418621 2.267192
-2.626828 0.691178 -2.746362
-4.041018 1.036479 -1.224607
-2.013574 -0.207841 2.904133
-1.105931 2.213218 -2.487089
-0.633759 -0.742742 2.741731
-4.173556 1.162851 -0.767614
-1.349942 -0.299713 -2.968577
-4.019610 0.308200 -1.397597
-2.002628 2.997968 -1.527620
-1.699800 2.634106 2.096458
-1.967255 0.757303 -2.969757
-1.927317 0.452052 -2.995153
-1.125591 -0.831161 2.777411
-0.832162 -0.909070 2.705709
-3.041761 0.169646 2.501658
-3.552520 0.599385 2.065805
-2.973200 1.975955 2.051942
-0.408540 -0.018381 -2.890799
-2.144684 -0.361133 2.829734
-1.902520 1.328678 -2.865976
-0.862275 2.234684 2.440193
-1.534767 -0.718407 -2.822120
-2.656276 0.538772 2.741570
-0.485107 2.240434 -2.336923
-4.115340 1.526104 0.513808
-3.749814 0.317728 -1.830324
-0.552073 1.649774 -2.709726
-3.921823 1.939732 -0.497361
-1.456247 1.381925 -2.907663
-4.195721 1.334108 -0.429938
-0.797639 1.236261 2.911739
-1.141644 -1.178263 2.591459
-0.609763 1.972304 2.557677
-3.406940 1.383124 2.009912
-0.467948 3.238766 -0.918489
-0.780431 0.518288 -3.014496
-3.377620 1.651782 1.893170
-2.289289 0.915546 2.856746
-1.996192 2.521584 2.133431
-0.770015 3.374490 -0.691093
-2.363946 0.090252 -2.847812
-1.254643 0.366390 3.058713
-4.133315 0.352369 -1.154043
-1.116997 2.056924 -2.592162
-0.324681 2.458156 -2.083962
-3.848327 0.492389 1.694180
-3.101409 0.954061 2.420264
-3.185560 1.913378 1.908713
-0.091006 0.955478 2.763272
-3.084185 -0.030456 -2.441380
-1.181018 0.909803 -3.021560
-1.557974 1.040101 2.989730
-0.896853 3.464709 -0.242238
-2.834349 2.564522 1.581962
-1.477321 2.733995 -2.018758
-2.257289 2.349980 2.191966
-1.830153 3.172078 1.274842
-2.136104 -0.553328 2.770645
-4.303304 0.562257 -0.577114
-1.335050 -0.108857 3.009940
-4.055676 0.621135 -1.319521
-0.905513 2.770664 1.944413
-1.226289 3.354971 0.931501
-3.848511 0.195196 -1.676790
-1.133078 1.334082 2.921992
-4.218184 1.218209 0.497773
-0.803131 0.233143 3.012082
-3.399563 1.061418 -2.138592
-0.302756 2.802536 -1.670859
-3.087461 2.141069 -1.811439
-2.077384 0.782136 2.940044
-1.513285 3.179414 -1.349222
-0.629530 0.173356 2.973434
-2.621543 2.069148 2.228984
0.503494 1.012752 -2.664107
1.259731 2.883914 -0.954448
-0.037671 2.531606 1.990028
0.422927 2.026560 2.327577
0.482435 3.164737 0.971666
1.347218 3.017737 -0.258700
0.924804 2.391341 -1.897675
0.746196 1.800424 -2.367655
-0.129314 3.072120 -1.274877
0.779436 3.082211 -0.986560
-0.043033 3.378635 0.250151
0.146688 2.789629 -1.703844
0.280965 3.215140 0.919271
0.357940 3.261730 -0.744587
0.490725 2.565482 1.893510
0.598300 2.610465 -1.814829
0.030088 1.263403 2.666987
-0.118330 3.270330 0.793540
0.583270 2.781220 -1.616889
-0.129439 3.387594 -0.000781
1.112319 2.747674 -1.360758
1.030712 2.688650 1.506875
0.394043 3.246342 0.778756
1.231085 3.046323 -0.481695
0.423186 3.355170 0.079932
-0.002113 3.369055 -0.340740
-0.241610 3.348549 0.414387
0.973656 2.961210 -1.096870
0.168944 1.186147 -2.678169
0.027265 2.959234 -1.473887
0.124496 2.222910 -2.237980
0.172442 3.334678 -0.519151
1.065346 2.537024 -1.670989
0.782002 2.954494 1.254046
0.593538 3.128932 -1.000999
-2.134922 -3.324963 0.183517
-3.803704 -2.025031 -1.261108
-1.174466 -3.133760 0.836460
-0.727106 -2.995690 0.768802
-1.568570 -2.501381 1.962061
-4.387283 -1.548329 0.255149
-3.496749 -2.705338 -0.568852
-4.225968 -0.471719 -1.311661
-3.884711 0.041354 1.683180
-4.022377 -1.961680 0.924363
-2.668554 -0.614892 2.604136
-1.073836 -3.212915 -0.389976
-2.864358 -3.096689 -0.491512
-4.261007 -1.857230 -0.146462
-2.078192 -2.099736 2.282914
-2.907251 -1.618324 -2.304475
-2.189527 -3.068894 -1.149206
-4.465125 -0.196180 0.603176
-2.455710 -2.319219 2.044484
-1.556581 -2.145019 -2.249830
-2.150697 -2.742890 1.686190
-3.892177 -1.835201 -1.316612
-1.842351 -3.150591 1.021205
-3.241516 -0.282611 2.320018
-1.426552 -3.279914 0.455695
-4.178068 0.031009 -1.246479
-2.388876 -3.108774 -0.969397
-3.846576 -0.750444 -1.842775
-2.048575 -3.172781 -0.938756
-4.337505 -0.657219 -1.091388
-1.290898 -1.565681 -2.507307
-4.200395 -0.512341 1.361165
-3.572047 -0.202987 2.068964
-1.983684 -1.476536 -2.591198
-2.836697 -1.581579 2.351893
-2.136786 -1.806996 2.442185
-2.660624 -2.184376 2.079246
-3.818700 -0.968225 1.844115
-3.171654 -2.249519 -1.732708
-4.217750 -1.684342 0.794207
-1.283035 -2.209802 -2.152923
-4.229826 -1.868702 -0.378672
-1.848873 -1.831132 -2.449330
-1.199246 -1.202560 -2.596160
-3.469891 -1.202744 -2.108144
-3.642982 -2.339335 1.101361
-4.271622 -0.183725 1.155923
-4.351218 -1.467415 -0.626940
-1.296487 -2.104175 2.230896
-1.501300 -2.940172 1.399867
-1.363293 -1.937397 2.348068
-1.527002 -2.635412 -1.816891
-1.903742 -2.997377 1.338604
-2.151299 -2.137580 -2.248308
-3.137840 -2.870293 0.821259
-1.809351 -1.154108 -2.681633
-3.369434 -0.991077 -2.229118
-2.792143 -2.932747 1.083495
-3.154704 -2.435399 1.550820
-2.507807 -1.495691 2.499038
-4.146724 -0.857258 1.433333
-3.086241 -1.962658 -2.020218
-3.694599 -2.609611 -0.127280
-3.860444 -1.269452 1.711056
-4.065759 -2.102647 0.511727
-3.861299 -2.090207 -1.082248
-2.871832 -2.504753 -1.678268
-1.696406 -2.533538 -1.943330
-3.732882 -0.152329 1.910498
-3.826489 -1.799868 1.444295
-2.617048 -0.907746 2.603473
-4.194213 -1.975659 0.181785
-4.538085 -0.339140 0.268898
-0.921854 -1.845621 2.267625
-3.919987 -2.376873 0.004371
-2.119605 -3.118494 1.058557
-3.407235 -1.075059 2.186643
-3.637641 -2.009961 1.503870
-1.444339 -3.292794 -0.390625
-3.082729 -2.577070 1.433190
-2.803269 -1.922559 2.195528
-2.707106 -0.971770 -2.566113
-4.322906 -1.726542 0.157902
-1.356679 -2.841014 1.515176
-3.624294 -0.589314 2.064646
-2.502329 -3.134104 -0.820215
-4.384765 -1.166664 0.804317
-4.091143 -1.906813 -0.832305
-2.793372 -0.848203 2.549651
-3.519051 -2.478698 1.070720
-2.721858 -3.115976 0.648375
-1.328601 -1.750202 -2.437187
-4.347996 0.049558 0.838315
-3.459450 -1.665893 1.928188
-2.963909 -0.365353 -2.477148
-3.809726 -1.568541 -1.627237
0.792228 -3.260202 -1.282546
1.226870 -3.382801 -0.900943
-0.342216 -3.296422 -0.139842
1.251391 -0.500605 3.033603
1.148892 0.939751 2.692900
-0.653616 -3.121129 0.366717
-0.395131 -0.860423 -2.768836
1.841293 -2.463588 -2.112074
2.525727 -3.037992 0.177740
1.418545 -2.978323 -1.677522
1.025305 -0.564447 -3.054148
2.047820 -3.217508 -0.673471
1.676634 -3.371414 -0.581358
0.192796 0.028217 -2.944352
2.395015 -2.964074 -0.908154
1.129268 -3.216415 -1.346457
0.908376 -3.472919 -0.646635
1.298869 -0.758006 -3.014788
-0.044012 -3.368729 -0.480407
1.509655 -3.456686 0.292007
0.538359 0.948692 2.686266
0.100877 -3.431413 -0.321893
1.872326 -3.336089 0.423608
0.721718 1.134523 -2.594735
2.082646 -2.881893 1.446216
0.835178 -0.704007 -3.052088
0.477447 -3.241640 -1.269254
-0.173191 -3.301819 -0.603675
2.211348 -3.223923 -0.019096
2.537797 -3.036067 -0.030668
1.318573 -0.007076 2.986446
1.251053 -3.475932 0.493604
0.701204 -3.466988 -0.658812
-0.142555 -3.172951 1.065732
-0.470258 -3.072036 0.953652
0.589925 -3.316232 -1.124890
2.058275 -1.665147 2.551267
-0.369941 -3.280286 0.207383
0.136442 -3.445011 0.274220
1.574028 -1.061839 2.916447
0.948999 -3.350572 1.062127
2.033979 -2.506335 -1.967542
1.674065 -1.473711 2.775677
2.131410 -3.112778 -0.899235
-0.058121 -3.384461 0.337622
0.338391 -3.493695 -0.180925
1.450649 -1.341859 2.875026
1.055266 -0.819849 3.034386
-0.219218 -0.148699 -2.847046
1.897120 -1.216644 -2.780861
1.995444 -3.309459 0.253696
0.435936 0.192855 -2.955562
0.158901 -0.654291 -2.975690
1.079563 -3.285209 1.206787
2.161100 -2.279591 2.102284
0.522802 -3.292065 1.166763
2.840794 -2.748852 -1.183097
4.398903 0.029867 2.205299
4.787834 1.118866 -1.358381
2.824578 -1.446400 2.631646
4.974156 -1.164454 0.834966
2.334592 2.983832 0.744540
1.180134 1.561693 -2.402206
5.271385 -0.591041 0.175535
4.889992 -0.738200 1.403255
3.858659 -0.068928 2.618549
2.008620 3.053556 0.257936
1.921636 -0.513870 -2.992486
2.925458 2.712913 1.293185
1.463785 2.933687 0.436629
3.045567 -2.228626 1.932471
4.187088 2.169670 1.039241
4.888468 0.693938 1.444707
5.246861 0.420693 0.618500
1.845844 -0.764473 -2.926908
2.261568 -0.584879 3.000486
4.933157 1.211143 -0.939454
4.102069 -1.545132 -1.896171
4.483597 1.689663 -1.302193
2.962778 -0.272664 -2.968059
2.129939 -1.419351 2.698452
2.576323 -0.338731 -3.024434
4.591846 1.987373 0.349158
2.455246 0.085427 -3.053881
4.869390 0.309400 1.599931
3.501673 -1.959240 1.990636
2.633426 2.947139 0.804550
2.190488 -0.900877 2.918183
3.007295 -2.838464 0.825487
2.073829 -1.460613 -2.672079
2.362334 -0.623446 -2.991007
3.580802 -1.717652 -2.158107
2.738911 -2.390656 1.832419
4.089025 -1.743294 -1.727672
4.176253 0.138746 -2.396280
4.483135 -0.859509 1.931813
4.387953 1.600044 1.549650
5.300358 -0.137563 -0.448858
1.163972 1.248872 2.570118
4.722042 1.639247 -0.867792
5.218472 -0.629778 -0.544120
2.976204 -0.669747 2.899234
4.714941 0.404956 1.808732
1.886624 2.709774 -1.398444
4.141693 0.986133 -2.224116
3.427452 -1.575058 2.347193
2.666374 -1.352015 2.709409
3.136225 2.841075 -0.803993
2.697089 2.757982 1.292698
3.966520 -1.916764 -1.665282
3.641302 2.473331 -1.210771
5.034855 -0.886423 0.972328
4.771460 1.605853 0.785381
4.928792 0.115221 1.524601
2.852404 2.990888 -0.429724
3.957511 -0.637012 2.472813
1.255520 0.836211 -2.765179
1.716076 2.397634 -1.837709
4.502372 -0.262127 2.082363
3.311213 -0.933534 2.719104
1.558944 1.035746 2.794473
3.401203 -1.690271 -2.277612
2.576710 3.050991 -0.254144
4.231528 2.233416 -0.793163
4.257463 2.335093 -0.256999
3.358335 -0.258098 -2.849375
3.724915 0.207570 2.689347
5.132020 0.886620 -0.676046
4.341228 1.668837 -1.540393
3.653324 -0.631852 2.655408
2.073596 2.925249 -0.927249
1.767056 -0.169011 3.011611
4.189080 1.501541 1.871828
4.058356 -1.667568 1.832201
2.959507 -1.422939 -2.612671
5.230289 -0.711474 -0.338007
3.152231 0.249765 -2.922806
1.419008 2.094240 2.075964
4.035740 2.460720 -0.544484
2.293654 -2.303096 -1.995764
2.992999 -1.585046 -2.507264
4.572564 0.823346 -1.855767
5.103253 1.102319 0.445911
4.415714 1.915809 1.087852
3.635018 2.671287 -0.686505
2.776834 0.040320 -3.018707
3.798192 2.652991 0.314248
2.466306 -0.875265 -2.920969
3.350286 -0.538983 -2.811270
5.041434 -1.082823 -0.717897
5.266155 0.672571 -0.014858
4.513521 0.943587 1.871924
1.673722 3.006942 0.235219
4.527130 1.894204 -0.880616
5.337197 0.051079 0.001128
3.964521 -1.274567 -2.202303
2.449620 -1.044229 -2.865008
2.665505 -1.977904 -2.288091
4.871793 0.552280 -1.531313
2.711094 -1.840481 -2.393131
4.502490 -1.164040 1.737791
4.950575 -1.303198 0.690548
3.024163 0.211724 2.961203
3.378613 2.852816 0.324362
3.981759 2.533180 -0.352068
2.731589 -0.969121 -2.860998
4.042402 -0.439512 -2.457595
3.928559 -0.410165 2.540909
1.475225 0.660832 2.881953
3.998188 0.239858 2.520580
3.612943 2.769381 0.021846
1.610973 0.132269 -2.984134
3.892878 2.560487 0.530197
2.376364 -0.876718 2.925283
4.059551 -0.236989 -2.474379
2.566967 -2.797262 -1.167570
2.525450 3.043431 0.372403
1.640038 2.965918 0.507255
4.356955 0.326284 2.223437
3.050313 -2.748122 1.060427
5.325992 -0.214501 -0.127841
3.271368 2.750490 0.948759
4.193307 1.998901 1.327636
3.989025 -0.947378 -2.346161
0.755156 -1.625141 -2.961455
0.725232 -0.935590 -3.027675
-0.266641 -1.038494 -2.834928
0.996600 -1.797184 -2.880527
-0.683948 -2.513000 -1.804799
0.254589 -3.064327 -1.639183
0.624137 -2.269875 -2.677741
1.075800 -2.736892 -2.190810
0.053948 -0.836863 -2.939238
0.364286 -1.987307 -2.815746
1.473744 -1.679340 -2.774482
-0.283183 -2.105039 -2.537820
-0.818625 -1.973074 -2.195696
-0.656401 -2.686495 -1.515393
-0.469646 -1.882566 2.545792
-0.642410 -2.629143 1.667191
-0.353260 -1.354478 2.773042
0.244913 -1.274890 2.988718
-0.166235 -2.949187 1.601503
0.224998 -0.888005 2.984908
-0.260942 -2.966607 1.424084
-0.182626 -1.649865 2.788984
0.348042 -3.001735 1.819153
-0.610962 -2.194319 2.239736
-0.082959 -1.345327 2.892487
1.086770 -1.293101 2.976053
0.490349 -0.928952 3.023212
0.556726 -1.583937 2.972860
-0.791941 -2.182021 2.060404
1.516709 -2.656661 2.062472
-0.824487 -1.843007 2.268462
1.108206 -2.770751 2.135194
1.576052 -2.138770 2.507334
0.550774 -2.455108 2.538355
1.362618 -2.606732 2.220877
3.673660 1.823728 -2.210462
2.487943 2.673983 -1.538311
3.033764 1.695171 -2.664865
3.211141 1.295082 -2.792631
2.023813 2.537609 -1.757976
1.935975 1.316105 -2.849424
2.695557 1.678215 -2.746764
3.206034 0.908328 -2.889949
3.071611 2.040457 -2.389836
3.165067 2.231837 -2.136633
3.240314 2.469709 -1.684232
3.833646 1.374414 -2.377579
2.329559 1.774322 -2.696275
4.065532 1.519618 -2.028730
2.086611 1.496190 -2.812509
2.397711 2.115546 -2.432143
1.820963 0.841065 -2.924296
3.254032 2.349518 -1.907420
1.892769 2.131461 -2.304076
3.503876 1.067311 -2.723630
3.707893 2.179317 -1.719309
2.616601 1.424415 -2.876713
1.723185 1.633143 -2.629557
2.050683 0.638949 -2.995768
2.832119 1.917528 -2.565759
2.943131 2.565945 -1.684464
3.966622 -2.578047 0.762251
4.115102 -2.640269 -0.193515
4.137853 -2.549002 -0.554026
4.342464 -2.484597 0.014781
4.511166 -2.292336 0.324654
4.011356 -2.161657 -1.331748
3.246392 -2.823642 -0.770588
3.555022 -2.686686 0.921623
4.607721 -2.211855 0.160044
4.026144 -2.148373 1.333473
3.002722 -2.901987 0.596775
4.789939 -1.905092 0.383636
4.513037 -2.179611 -0.645839
3.363934 -2.633546 -1.111451
4.478834 -2.191361 0.700496
3.338654 -2.893779 -0.497118
4.793282 -1.861989 -0.475210
4.823550 -1.913800 0.063055
2.814818 1.607263 2.768129
1.897864 2.273065 2.139572
1.678956 1.549475 2.656889
2.869785 2.049468 2.446607
2.868230 2.278634 2.201777
3.699699 1.113741 2.587501
3.469351 1.877283 2.324225
2.298285 1.859119 2.636993
4.078995 1.216945 2.195596
3.970065 0.993434 2.391944
3.105304 1.911376 2.489172
2.939127 0.939754 2.963512
4.053637 1.831308 1.715594
2.067039 1.739023 2.678732
2.088199 1.291775 2.893765
2.022171 0.709455 2.988599
-2.948604 3.463773 -0.450679
-3.700994 2.882766 0.196363
-2.245462 3.711390 -0.429109
-2.903028 3.526133 0.198950
-3.155364 3.382627 0.175104
-1.966042 3.771574 0.227768
-2.511064 3.684495 0.141785
-3.138438 3.328594 0.536625
-3.132575 3.157521 -0.968708
-3.513844 2.888921 0.826752
-3.403441 3.096135 0.613312
-2.241567 3.749053 -0.103807
-2.396742 3.586656 -0.775648
-3.492907 3.103993 -0.245943
-3.094484 -0.183311 2.819940
-1.070632 3.820284 -0.297644
-2.369954 1.604115 3.010640
-0.511389 1.458400 -3.146815
-1.921113 2.038591 2.936506
-0.867378 2.559993 -2.623536
-0.908065 1.448867 3.223386
-1.871434 3.790508 -0.126712
-4.593658 1.262531 0.203608
-0.479928 0.865847 3.271982
-2.700083 0.420693 -3.098605
-0.895811 3.790396 -0.422743
-1.300123 1.467498 -3.241419
-3.466789 1.644729 2.327905
-1.589862 3.574814 1.287039
-4.345200 1.937874 0.224854
-1.651229 3.783735 -0.514088
-2.213528 0.932468 3.238070
-4.445309 1.416006 0.848980
-2.016063 -0.482319 3.192994
-1.687446 1.595180 -3.174711
-1.070457 3.790843 0.535324
-2.559385 -0.397989 -3.044930
-1.939712 0.781292 3.322007
-2.103035 1.115081 -3.234530
-1.087230 1.698306 -3.151856
-3.137971 1.535183 2.643336
-1.462176 1.599536 3.192474
-0.539920 2.642913 2.476572
-2.182104 2.518506 -2.543187
-3.229843 0.526996 -2.798396
-3.605327 2.132825 1.840281
-1.227389 1.935085 -3.053355
-3.006186 1.163938 2.851068
-0.537537 1.632025 3.091814
-3.494701 1.046968 2.525670
-1.560921 1.463350 -3.232268
-0.979271 -1.176349 -2.973308
-1.621683 2.854603 2.373200
-2.029635 1.668966 3.085595
-3.623289 1.341652 -2.314001
-4.567399 1.315011 -0.353232
-0.470209 1.130969 -3.224081
-3.039364 3.113721 1.180769
-1.906684 1.678345 -3.108418
-3.971007 2.344324 0.898394
-4.151910 1.513664 1.509961
-0.280925 0.379352 -3.242917
-2.743829 2.937935 -1.800955
-1.966843 -0.275965 3.256033
-1.923430 0.125064 -3.327525
-0.758175 1.369480 -3.225540
-3.223703 1.731526 -2.489371
-2.288727 3.276716 -1.594803
-3.099021 1.509165 -2.680555
-1.666951 3.662533 -1.024017
-0.308593 3.617147 -0.699235
-0.896691 0.713146 3.364914
-1.967594 3.427980 -1.481267
-2.823085 -0.363540 2.931640
-3.349939 0.245962 2.705953
-1.761232 3.436645 -1.541101
-1.730469 3.661393 1.002633
-0.916828 2.959746 2.251500
-2.348539 3.019202 -1.953387
-1.094542 2.822170 -2.418350
-2.624607 2.860139 1.988858
-3.926296 1.573977 1.839190
-0.439810 3.399117 1.438516
-0.895249 3.272943 -1.837587
-1.670369 1.410023 3.237967
-1.596842 3.199644 1.965427
-2.367549 3.389400 1.315109
-0.778026 -1.253609 2.900772
-2.527055 2.151882 2.670057
-0.261936 1.662871 2.998051
-3.697757 0.935623 2.359930
-4.416003 0.418207 -1.361672
-1.167465 1.142428 -3.324253
-2.824512 0.440515 3.039357
-3.794804 1.991670 -1.713248
-0.129281 2.492868 2.445041
-1.687678 2.079532 2.953942
-2.931415 3.046624 -1.453351
-3.800112 1.220716 2.169073
-4.257060 2.057339 -0.455679
-0.839031 3.584151 1.211782
-0.514212 2.876705 -2.238242
-3.615882 0.957241 -2.435879
-1.557730 0.187668 -3.380805
-0.991853 -0.369704 -3.287451
-1.220659 2.945986 -2.297728
-3.856958 2.489600 -0.910621
-1.105203 3.723419 -0.865212
-1.575302 2.266845 -2.855098
-3.526383 0.074117 -2.543926
-3.120841 2.541659 -1.958293
-0.815282 3.557683 -1.269543
-1.807647 1.053833 3.305662
-0.043250 0.804217 3.137985
-1.266223 2.241080 -2.884310
-2.332000 2.787085 -2.234516
-3.648962 2.114976 -1.801076
-1.792755 0.923648 -3.329448
-1.454249 0.659674 -3.389520
-3.448488 2.897322 0.956035
-0.724442 -0.402205 -3.242977
-2.588933 0.086066 -3.126407
-1.076239 3.613982 1.201140
-1.799367 1.210094 -3.274172
-0.983935 3.458891 1.533909
-4.304596 0.409962 1.592254
-2.395336 0.000108 -3.188625
-3.067879 0.201694 -2.894777
-1.533047 2.266835 2.858799
0.323378 1.385651 -2.932309
0.470336 3.034695 1.829630
0.610428 2.955519 -1.888308
0.799655 3.578632 -0.199795
0.719160 1.937918 -2.658510
0.205981 1.066527 3.004300
0.098167 3.686699 -0.188342
0.643310 1.403616 2.873502
0.127197 2.188219 2.621133
1.402096 3.181740 -0.932339
0.773806 3.300639 -1.276617
-0.044641 3.640525 -0.568350
0.143898 3.161446 1.712599
0.356811 3.602928 -0.644537
0.632153 3.232669 1.478293
0.255749 3.600351 0.702569
-0.026792 2.938620 2.005708
0.295312 2.995138 1.915893
0.366499 3.172455 1.661646
1.193153 2.971541 -1.559740
0.161869 1.688443 -2.853843
0.205412 3.680776 0.193056
0.953506 3.458242 -0.676634
0.849094 3.567461 0.151233
0.711058 3.584424 -0.375619
0.793309 3.484351 -0.769907
1.040049 3.497169 -0.253456
-2.899486 -1.221994 2.779333
-3.328279 -2.283649 -2.049412
-2.001300 -3.646101 -0.089460
-2.533233 -3.488302 -0.688643
-2.323874 -1.983145 2.667989
-2.619573 -1.658401 -2.742581
-3.660311 -2.914012 -0.768173
-1.497332 -1.416873 2.912883
-2.588049 -2.152407 -2.508597
-4.795454 -0.008484 -0.278264
-1.423409 -3.509866 -0.825232
-4.191152 -2.280596 -0.937395
-2.939205 -2.440349 -2.160311
-2.084636 -3.573877 0.636808
-2.465244 -0.893451 2.959475
-1.599080 -2.331901 -2.496225
-1.830276 -3.101814 -1.744580
-2.669746 -2.109360 2.508832
-2.974609 -2.719116 1.868446
-3.524949 -2.839620 -1.185056
-1.684163 -1.712570 2.830312
-4.059700 -2.558628 -0.691025
-1.727398 -1.758274 -2.813785
-3.253738 -3.239444 -0.556692
-2.159610 -2.539919 2.327482
-3.860141 -0.662038 -2.261265
-1.633195 -1.978883 -2.708338
-3.227442 -1.097709 -2.655166
-3.262889 -0.908845 -2.664056
-3.719692 -2.165021 1.804602
-2.132314 -2.950546 1.919037
-3.574127 -0.839025 -2.478784
-2.315867 -2.045936 -2.636044
-1.297819 -1.487947 2.862391
-4.534556 -1.961880 0.317176
-4.225499 -2.352869 -0.684805
-2.225143 -2.359090 2.456424
-3.071009 -1.154131 2.721433
-2.773807 -2.624738 -2.073330
-3.580561 -0.685191 2.483764
-3.280406 -2.104317 2.215760
-3.734224 -0.472255 -2.364698
-4.503018 -0.140811 1.367311
-4.721173 0.322140 0.063984
-2.402153 -3.295184 1.309819
-3.310204 -3.258320 0.215569
-2.819641 -2.094811 -2.462106
-2.652120 -3.465611 0.650361
-1.843734 -1.891795 2.757701
-3.881308 -2.687551 -0.850317
-2.066893 -1.986483 2.701349
-1.089281 -2.104125 2.543498
-2.615056 -2.705201 2.060113
-4.128227 -1.898156 -1.517125
-3.233037 -3.243777 0.588163
-0.867240 -2.297426 -2.340160
-1.478824 -2.855207 2.022076
-1.181332 -3.485890 0.751489
-4.738501 0.006660 0.627507
-2.828698 -3.410825 0.640907
-4.330779 -0.153737 1.665258
-2.413038 -3.304133 -1.286214
-3.029712 -2.404461 2.142124
-3.079579 -0.479941 -2.767607
-4.242122 -0.297212 1.822045
-1.801719 -3.442792 -1.108582
-4.764250 -0.786641 -0.771803
-1.190928 -3.430286 0.945302
-3.982532 -0.119794 2.088553
-1.099716 -2.103693 -2.546537
-3.732748 -2.565796 -1.342065
-3.477391 -0.887265 2.539600
-2.262683 -1.342503 2.919082
-3.262576 -3.038966 -1.139162
-3.607952 -3.053323 -0.344233
-4.666918 -1.692447 0.146550
-4.600202 -0.283926 -1.205925
-3.737465 -2.518166 1.402711
-1.837019 -1.301455 -2.960733
-3.803452 -0.904285 -2.292946
-2.159288 -3.221723 -1.524189
-4.347653 -1.632657 1.362890
-4.785868 -0.591074 0.706106
-3.887099 -1.730886 1.937856
-3.077952 -0.555375 2.771146
-3.252084 -1.917803 2.347936
-4.299929 -2.090293 -0.975567
-2.144672 -1.776538 2.790552
-3.473733 -2.189206 2.012582
-1.598127 -2.966595 -1.909232
-1.969453 -3.308584 1.397244
-1.976171 -2.926538 -1.965667
-1.662480 -2.200351 2.586996
-1.318254 -1.712134 -2.787549
-1.090886 -1.764923 2.714551
-1.673988 -3.358245 -1.295022
-1.785769 -3.651870 -0.027797
-3.805033 -2.852486 0.564662
-4.630796 -1.018112 1.107897
-3.455420 -2.452225 -1.791882
-3.782163 -2.821408 0.739604
-3.550985 -3.116404 0.077964
-1.008677 -1.657997 -2.733951
-4.268028 -2.415243 0.206138
-1.834061 -3.366422 1.287134
-3.590191 -1.413097 2.345053
-4.435624 -1.739652 1.084782
-4.678904 -1.245543 0.848044
0.355285 -3.831147 -0.316408
1.082676 -3.767871 -0.844693
-0.510236 -3.443122 0.969000
0.841260 0.151870 -3.340436
1.424215 0.122431 -3.296606
1.419421 -0.246131 -3.344126
1.224824 -3.859179 0.138179
0.919636 -3.590298 1.377203
0.734082 -3.788410 0.785457
0.054934 -3.506184 -1.335156
-0.774462 -1.549399 2.788484
0.722897 -3.403778 -1.734978
-0.073291 -3.547020 1.145596
-0.507571 -0.873140 3.091619
1.039552 1.119803 -2.993047
2.135028 -3.624530 0.203537
1.161139 0.491007 3.242778
1.995788 -2.686180 -2.322988
0.104100 -1.109600 3.256752
0.294475 -3.674273 1.030337
1.091239 -3.260000 1.946206
1.109030 -1.026621 3.346160
0.129289 -0.523580 3.321897
2.108006 -2.192200 2.656778
2.305459 -3.106262 1.600871
1.564544 -2.831281 2.352611
1.514103 -3.176121 -1.966393
-0.106166 -0.749877 -3.251395
1.063433 -3.664516 1.178896
1.466227 -2.968826 2.236120
1.626118 -3.564383 1.209297
1.082549 -3.854651 -0.368340
1.655901 -3.656873 -0.915121
0.010944 -3.768300 0.237217
1.894854 -2.434386 2.581036
1.208726 -3.108612 2.129710
2.577529 -3.343274 0.631090
-0.270957 -3.275444 1.580548
1.209284 0.107380 -3.329475
0.594144 0.782988 3.144998
-0.597643 -3.084577 1.639340
1.495856 -3.651858 -1.049297
1.028800 -3.815179 0.649535
0.088009 -0.031941 3.282120
1.204800 0.137820 3.324095
0.216426 -3.163865 -1.991765
0.626899 -3.873095 -0.115707
-0.722107 -3.492971 0.139525
1.658603 -0.795798 3.287874
1.770033 -3.111872 1.950130
0.248871 0.578108 3.173380
2.406988 -3.410342 0.754644
1.196381 -2.730041 2.527687
0.443787 0.353164 3.270165
1.561471 -0.957800 -3.291163
0.972712 -0.973543 -3.362350
1.328281 -2.581805 -2.631912
1.007289 -1.677940 3.178965
2.271092 -3.544267 0.414268
2.085296 -1.988351 2.787551
0.511786 -3.606474 -1.298311
0.193632 -1.217752 -3.253781
1.202228 -3.516524 -1.494191
1.774251 -3.574556 -1.071924
2.223083 -3.367784 1.163993
2.611825 -3.292617 -0.752632
2.273436 -3.035167 -1.738948
-0.307559 -1.362718 -3.072746
0.428802 0.525792 -3.219517
1.230717 -3.371862 -1.751799
1.708603 -3.283454 1.726372
1.101015 -1.291350 3.292826
-0.280360 -0.958535 3.170213
2.036442 -3.076285 -1.852018
0.327721 0.726272 -3.134487
1.757284 -1.768684 3.014165
2.516544 -3.301098 -0.919269
0.616564 -0.765981 3.379816
-0.125876 -3.177556 1.827577
1.783037 -3.736729 -0.321415
0.577939 -3.829816 -0.529806
1.256577 -1.129160 -3.313488
-0.190574 -3.718503 -0.039485
0.339492 -3.224351 1.943995
2.610157 -3.273761 0.823061
1.931443 -3.398792 1.374634
0.487457 0.811965 -3.122892
-0.473073 -0.685541 -3.124754
1.237642 -1.858939 -3.085078
-0.490237 -3.571556 -0.465326
1.472741 -2.417839 2.725488
3.465950 -1.045348 -3.003206
4.086064 2.260108 1.804064
3.437588 -1.294894 -2.914406
1.677695 -0.119479 -3.343774
3.313344 3.179404 0.694135
4.529748 0.498827 -2.500650
4.793078 -1.740741 1.464452
5.100871 -1.124501 -1.511970
3.033230 3.229187 0.816301
5.365100 -1.357110 -0.373751
3.980261 1.037696 -2.759727
2.652408 0.848711 3.275292
4.762709 -1.256382 1.940136
2.790962 -0.251209 3.350491
5.138820 -0.917191 1.581568
2.565866 0.095881 3.386970
5.045301 0.234134 -1.962295
5.066491 1.366722 -1.398875
4.032204 -1.308587 -2.593157
1.894167 3.338077 0.615751
2.943489 3.350411 -0.005641
4.594659 -2.197246 1.136163
3.515719 -2.907794 1.215161
3.935387 1.410484 2.620721
3.500661 -2.517705 1.908680
3.126337 2.877515 1.628893
2.225607 2.793667 1.960665
4.225780 -1.556956 2.299871
2.319001 3.392519 -0.399124
2.746481 0.359241 -3.349813
5.159355 -0.190565 1.792234
2.105318 0.930104 3.270540
3.827680 -2.735029 -1.259516
2.404968 3.133001 1.352906
5.601508 0.700408 0.205770
4.076293 0.398760 2.859831
5.149574 1.099592 1.462036
5.537470 0.749739 0.627844
1.865330 1.482989 -3.039413
5.657125 -0.137405 -0.337179
5.380975 -1.216833 -0.637931
3.713670 0.578867 3.030121
2.484436 0.948090 3.263430
1.917801 2.553966 2.234209
2.561269 3.249066 1.014388
2.786428 0.087835 -3.360754
5.192480 -0.119849 -1.744467
4.094332 2.184639 -1.885851
3.910019 2.807738 1.050129
3.271560 -0.762775 -3.156523
3.212289 -2.515120 -2.068139
1.586923 3.076833 -1.309950
2.904604 -2.916966 1.600961
2.865012 2.728550 1.964449
3.894589 2.925903 0.692192
4.295205 1.661476 2.186908
3.728828 2.933602 0.971094
3.478189 -2.195421 -2.285962
2.858253 -3.316063 -0.343276
4.979687 -0.951721 1.822401
2.948576 -0.417139 3.304956
2.989963 3.021094 -1.422324
4.280490 2.214059 1.648641
2.440967 3.377718 0.484029
1.612310 3.341844 -0.241571
4.544159 -0.251813 2.520064
4.725407 -1.494319 1.812694
3.603764 2.744486 1.535663
5.518664 0.170060 -1.014986
1.734615 0.607996 3.303994
1.928738 -0.532357 -3.337112
4.415362 -2.001382 1.708393
5.282972 -1.495954 0.489638
2.035598 2.783387 -1.960646
5.521052 -0.998315 0.096278
5.323206 0.671588 -1.361317
2.945129 3.206647 -0.967218
4.439738 -1.387500 2.216831
3.289399 2.640126 -1.910698
3.485961 -0.805287 3.070076
4.010896 0.035071 2.924993
1.207558 1.509877 -2.860724
2.451205 2.914482 1.769442
2.168505 3.377731 0.499099
2.133853 3.202789 -1.176990
2.412326 -2.626293 2.135225
5.372268 1.236261 0.702630
1.576570 1.808067 -2.803123
2.439835 -2.495294 2.286100
1.743418 2.772233 1.918423
3.712082 -1.149620 2.853636
2.056567 -0.090840 -3.390965
3.940536 -2.667339 1.261923
1.664836 3.022028 1.466581
3.862261 -2.592033 1.498426
4.506983 1.159653 2.298356
3.825332 -1.466918 2.639094
1.385431 2.948326 1.472453
4.885200 -0.700709 2.060565
2.451649 0.439176 3.369261
2.897244 -2.156700 2.540607
3.781137 2.784725 1.278676
3.428724 -3.139405 0.525480
4.998104 -1.323964 -1.536530
5.467876 -0.971178 -0.636793
1.635134 3.340456 0.312417
5.283970 1.312729 0.916561
3.106604 -2.722049 -1.836639
3.218044 3.281309 -0.121926
2.812331 2.979063 -1.579675
4.131970 -1.549896 -2.380502
5.327217 0.511114 1.419230
4.562988 -1.844321 -1.695166
4.406391 -0.132378 2.646912
3.707136 -2.924491 -0.931274
5.369797 1.306018 -0.577489
2.104396 0.222753 -3.389150
3.422597 -2.807689 -1.507677
1.451778 3.129991 1.087960
5.055402 1.948122 -0.332619
2.839983 -1.599550 -2.937950
4.764153 -2.078957 -0.992774
4.303187 2.744785 0.107618
4.713018 -0.721144 -2.254589
2.893223 -3.286485 0.522041
1.215014 1.685901 2.764904
4.216962 2.039049 1.925411
4.972803 -1.585200 -1.315117
1.863726 3.367342 0.399426
4.444311 2.285787 1.309328
4.838977 -1.669186 -1.468654
3.704402 -2.641909 1.567827
5.471192 -0.508483 1.041441
2.613729 3.381900 0.346041
3.029292 -2.742822 1.839154
1.929849 -0.633293 3.319387
4.416448 2.659106 -0.005990
2.504339 3.347820 -0.639744
5.252174 -0.262273 1.622842
4.908243 -0.147044 -2.147382
1.175274 1.105270 3.026628
2.933435 -2.772860 -1.830188
3.230191 -0.182378 -3.257550
4.219422 -0.417935 -2.756640
4.224814 -0.986897 -2.600057
3.708860 2.305935 2.066196
4.190855 2.488950 -1.335755
3.596801 0.173694 -3.129436
2.735600 0.795774 -3.277406
3.558467 -2.433961 -1.978487
5.333639 -0.412883 1.426758
2.335696 -0.991927 3.246713
2.435734 -1.670281 2.948107
1.579248 3.340983 0.138322
4.488678 1.583885 -2.052372
4.593493 0.557873 2.429648
5.187828 1.772290 -0.076557
4.439451 2.623101 0.300350
4.974910 -1.822362 -0.949953
3.891050 -1.633822 2.496804
5.018816 -0.337674 1.979890
1.697021 1.689717 -2.902050
3.273248 -3.154532 -0.716836
3.855042 2.565831 -1.603247
2.371040 -0.253355 -3.387831
2.339655 -1.497279 3.044043
4.776198 1.932375 -1.282272
2.872281 -3.257326 0.699787
1.150685 -2.646106 -2.620424
-0.020464 -2.622619 -2.591665
0.215671 -2.904600 -2.376324
-0.483948 -2.672579 -2.276758
0.078430 -3.028509 -2.160325
0.319891 -2.678663 -2.636781
-0.199538 -1.914175 -2.963169
-0.296535 -2.927001 -2.090059
0.997436 -2.023918 -3.052063
0.614091 -3.096669 2.176945
0.618995 -2.276778 2.954784
1.128155 -2.536414 2.718540
0.518502 -2.099867 3.043611
0.388135 -1.873866 3.125248
0.631555 -1.841534 3.150166
0.208387 -2.990634 2.263004
-0.174268 -2.951844 2.139075
0.997384 -2.773385 2.537638
0.395137 -2.237972 2.962558
0.644298 -1.508906 3.235330
-0.507429 -1.728908 2.880615
0.417544 -2.721122 2.612315
0.047287 -2.698354 2.545889
3.129850 2.023240 -2.709943
3.025290 2.516036 -2.239375
3.039794 1.883505 -2.837367
1.915548 1.961134 -2.786138
2.816367 2.305007 -2.550189
2.396947 2.537794 -2.315408
2.692419 1.460725 -3.114573
2.168261 1.236648 -3.176364
2.528699 1.864191 -2.928144
2.301538 1.595019 -3.063030
3.151222 1.025814 -3.144558
3.982722 -2.895615 0.655251
3.777190 -3.082044 0.042991
3.916317 -2.970548 0.495241
4.743360 -2.430430 -0.026736
4.109752 -2.857375 -0.556250
4.261628 -2.833896 0.177680
3.730804 -3.085830 -0.241883
4.496220 -2.347835 -1.039167
4.548918 -2.331651 0.982079
4.713214 -2.392006 0.478899
4.360165 -2.657253 -0.665404
3.945489 -2.989565 -0.326187
3.971017 -2.827699 -0.853967
2.002615 2.341537 2.479562
2.947882 2.186266 2.632103
2.182829 2.398549 2.460092
3.171426 1.765869 2.867627
2.313031 1.159337 3.210998
2.294021 2.001293 2.830899
3.563796 1.840812 2.633084
2.683868 1.943387 2.868038
2.690348 2.413421 2.455714
2.661444 1.587385 3.065915
1.983313 1.862341 2.870485
2.725871 1.152217 3.204835
2.498870 2.400494 2.484597
-3.398103 3.534854 -0.131690
-0.162009 3.902371 0.843224
-1.435836 -0.258905 -3.671436
-1.118783 2.187055 -3.302505
-3.434952 3.052019 -1.617358
-2.474309 2.015817 -3.182884
-2.011929 1.950390 3.347195
-1.200564 -0.689623 -3.563582
-2.911583 1.751467 3.110533
-2.480342 -0.280008 -3.475062
-2.965045 2.743538 2.432344
-3.535556 3.432427 0.212355
-1.447520 -0.794814 3.526786
-0.640803 4.116247 -0.214269
-1.210011 1.107310 -3.679106
-3.191654 3.336558 -1.424232
-1.832639 2.291500 3.206344
-2.460411 3.617093 1.598717
-1.544684 0.398966 3.731764
-1.748360 0.598515 -3.709798
-2.707983 -0.199201 3.405405
-0.700025 3.661069 -1.805297
-2.136807 2.123522 3.233870
-4.046433 2.978192 0.108316
-0.567189 3.067056 -2.560159
-3.951056 2.396896 1.771426
-4.132920 2.857622 -0.355780
-0.436472 2.593698 -2.933856
-4.301322 2.569692 0.672969
-3.933661 -0.068099 2.606797
-2.992669 3.249498 1.799388
-2.381056 1.914363 3.263405
-4.500835 0.397426 -1.935107
-2.608041 2.612897 -2.749915
-4.428636 2.287599 -0.891079
-3.711316 2.947420 -1.376598
-1.071585 -0.217354 3.674410
-4.164901 2.492290 -1.255630
-2.001442 -0.229398 3.612016
-0.679399 0.388221 -3.687688
-1.076414 0.884481 -3.706883
-0.759673 4.033319 0.889525
-1.227876 -1.274487 -3.322508
-2.291394 3.546503 1.833779
-1.479645 2.138574 -3.327839
-3.525869 3.058390 1.478520
-4.619360 1.975617 0.786876
-3.060343 1.988268 2.915026
-1.029368 1.889197 -3.437640
-2.108515 -0.901025 3.396075
-3.291554 0.111500 3.148821
-3.551433 1.850374 -2.633599
-0.740814 3.766126 -1.618283
-1.555690 -1.349685 -3.273474
-1.360727 -1.380785 3.265631
-4.661089 2.052985 0.311552
-4.280672 1.346490 2.070592
-1.755915 4.138742 -0.328943
-3.382136 3.523898 -0.389548
-3.805325 1.838843 -2.400172
-3.319427 3.041786 1.774479
-2.716274 3.700288 -1.166935
-1.159742 2.702234 -2.975808
-2.442816 2.886634 -2.588985
-3.158238 0.734650 -3.232804
-3.245753 3.587461 -0.552249
-3.317232 2.206195 -2.608791
-4.215869 2.725569 0.520144
-1.561556 1.256899 -3.640645
-4.659587 1.991018 -0.550567
-1.833828 2.486109 -3.085718
-0.518170 4.063273 0.505523
-2.324668 1.712537 -3.364932
-0.638686 1.769240 -3.433042
-4.446528 2.366580 0.619504
-2.890106 1.551067 3.198306
-3.048442 2.576654 2.524350
-4.117522 1.776775 -2.066177
-4.057208 1.896359 2.066708
-2.625690 2.805072 2.577525
-2.253122 3.749203 1.461897
0.094056 2.130419 3.031271
-2.613636 3.903806 0.523158
-0.747065 0.612268 3.694815
-4.244978 1.229227 -2.167399
-3.286462 0.142205 -3.155150
-1.063260 3.107851 -2.611536
-2.235098 0.354322 -3.620369
-3.908446 2.004131 2.178075
-3.100066 3.693406 -0.415455
-4.696175 1.610623 -1.044242
-2.018077 3.496324 2.034388
-0.515701 1.131077 3.590997
-3.798845 3.215355 -0.224656
-1.008822 -1.583314 3.131100
-5.027149 0.742886 -0.098990
-0.737588 2.860226 -2.796213
-4.816890 0.618747 -1.261832
-1.822572 4.094948 -0.604177
-0.503427 -0.500701 3.530544
-1.144827 4.176637 0.097398
-1.297580 3.653630 1.915069
-2.769570 1.917122 3.106644
-1.995436 3.867720 1.327954
-3.652235 3.348321 -0.077816
-1.243293 4.127417 -0.629141
-4.341823 0.169097 -2.159860
-3.546016 2.945716 1.634942
-4.468130 1.811508 -1.441150
-1.242154 -0.251075 -3.674942
-1.760751 2.643012 2.987905
-3.242683 1.219842 3.099936
-1.961400 2.122999 -3.274538
-1.143229 -0.965354 3.461843
-4.427583 1.366857 1.831091
-0.090499 1.422933 -3.399915
-1.423319 1.948502 -3.420621
-0.517593 0.774571 3.641847
-2.024101 0.677111 3.661741
-2.640021 1.640762 -3.279454
-4.604766 1.703609 1.215148
-2.209264 0.035898 3.605218
-1.059700 2.905129 -2.803306
-0.377797 0.746780 -3.611472
-3.010527 1.454836 -3.168053
-4.407298 2.119706 1.232381
-4.827352 0.376817 1.243301
-2.685874 1.021389 -3.425242
-3.098456 3.114581 -1.899581
-2.705394 2.917267 -2.425553
-2.655372 3.399072 1.844712
-1.718371 2.868055 2.814803
-3.113617 -0.232098 -3.201199
-2.034026 3.710313 1.662011
-3.262552 0.395073 -3.183804
-4.705998 0.189182 -1.525722
-4.963985 0.359777 -0.749014
-0.898639 4.066406 -0.826792
-4.396199 2.506088 0.375809
-0.990200 -1.114530 -3.386923
0.152570 1.264707 -3.346295
-2.250279 -0.749015 -3.416065
-3.767569 0.717751 -2.797424
-0.959477 0.807853 3.706282
-0.978571 3.808561 -1.595158
-2.547236 0.897269 3.496484
-3.742013 2.202337 -2.219398
-2.997990 3.594445 -1.078643
-2.070944 1.296166 -3.558568
-3.620871 1.148248 -2.846818
-2.060328 1.729858 3.427762
-0.192774 2.835872 2.650545
-3.729080 0.925982 -2.802757
-1.548282 -0.716287 -3.547789
-3.124505 2.192038 -2.756035
-3.926322 2.561458 -1.611792
-2.712093 0.776312 -3.447217
-0.230583 3.808233 1.226893
-1.376474 1.645317 -3.540062
-1.845840 0.060384 3.680378
-0.859754 1.553476 -3.543465
-3.255178 1.870686 -2.850270
0.019556 1.823955 3.214395
-3.401779 3.232021 1.335616
-4.512560 0.551687 1.912835
-3.448858 1.582784 -2.840714
-1.625536 3.857620 1.486518
-3.078562 0.085154 -3.271099
-1.991206 -0.526534 -3.546056
-2.151025 2.132180 -3.225691
-1.393339 2.402348 3.183168
-1.762820 4.142738 0.268830
-1.873531 4.009262 0.963312
-1.727876 -1.218085 3.324428
-2.191726 3.946989 0.950087
-3.144792 3.481840 -1.158040
-2.016610 2.573178 2.988197
-4.902472 0.266332 0.991914
-0.276941 3.519484 1.861021
-1.568487 0.171922 -3.720697
-1.142839 2.228342 3.281536
-2.635499 3.039619 2.335305
-3.604727 3.336980 -0.541364
-0.970963 -1.275817 3.306165
-0.993929 3.949507 1.258934
-2.824207 0.434369 -3.415630
-3.807929 2.844354 1.387708
-1.978822 0.120237 -3.664001
-3.488052 1.078617 -2.965923
-0.952813 2.251105 -3.254361
-0.902561 3.255507 2.430722
-2.726482 -0.547376 -3.313247
-0.828160 -0.851637 -3.477532
-4.009159 3.011625 -0.210476
-2.497313 0.630907 3.538277
-3.094001 1.781818 2.995658
-4.860703 1.034503 -0.980636
-3.300305 0.607911 3.156108
-1.558126 0.656980 3.724852
0.096775 2.487150 -2.801580
-0.343298 2.189079 -3.164807
-0.122591 3.296019 -2.109416
-2.355039 0.850614 -3.564886
-3.967154 0.814903 2.595679
-0.299417 0.957124 3.566329
-0.590822 4.113153 0.013162
-3.794684 3.183212 -0.498565
-0.354690 1.081009 -3.561395
-4.545293 1.052605 -1.756742
-4.026903 2.985126 0.288727
-2.001421 -1.091347 -3.338884
-5.038124 0.420447 0.135962
-2.792722 3.460540 1.626210
-1.256598 1.324096 -3.634044
0.359431 1.457122 -3.225599
1.261819 3.307662 -1.591648
-0.044527 3.847633 0.991774
1.165213 3.188276 -1.840774
1.120683 3.802558 0.002844
0.745762 3.542806 1.507498
0.020798 3.386851 1.927326
0.206753 3.519788 -1.710662
0.918712 2.325407 2.744602
-0.049293 3.957245 -0.521053
0.498069 3.944541 -0.319670
0.771046 2.042104 2.941239
0.240983 3.987876 -0.092567
0.927247 3.629581 -1.207574
0.858630 3.767417 -0.861649
1.199866 3.370105 1.533220
0.959758 3.851539 0.161670
0.532209 3.910637 0.536955
0.834310 2.603669 -2.583729
0.709724 3.849186 0.679605
0.096514 3.022331 2.358775
1.282232 3.621123 0.847902
0.536086 2.505342 2.731466
0.732708 3.883162 0.458473
-0.021980 3.763553 -1.230934
1.073478 3.159076 1.934264
0.226118 3.896301 -0.786136
0.826152 2.567518 2.613014
0.552898 3.745030 1.147418
0.401660 2.312577 -2.875139
0.793207 3.713051 -1.089484
0.530267 3.624436 -1.439733
1.193864 3.042788 -2.009144
0.287195 3.629900 -1.497443
-4.175687 -0.968091 2.355762
-1.364744 -1.975788 -3.017778
-4.759953 -2.141636 0.503440
-5.048118 -1.351260 0.523504
-2.649277 -1.733276 3.041988
-3.403620 -2.663194 -2.120488
-2.991070 -2.119725 -2.749388
-4.445239 -2.336850 -1.167741
-4.694263 -1.021872 1.674984
-5.063120 0.236059 0.058865
-1.064660 -2.546245 -2.618649
-4.403638 -0.964322 2.104859
-3.789081 -1.884040 -2.392237
-3.961120 -3.055075 0.818361
-3.270445 -1.597570 2.852129
-2.978065 -1.105994 3.101466
-5.134406 -0.871696 0.435688
-1.041074 -3.670888 1.098518
-2.198384 -3.397013 1.814319
-3.254733 -1.389316 -2.923249
-1.255340 -2.724571 -2.528033
-2.812758 -0.850020 3.187300
-4.235363 -2.932881 -0.083318
-5.166398 -0.822632 -0.015974
-4.963673 -0.861905 -1.137528
-1.780938 -2.750600 2.570662
-4.196708 -1.183132 -2.291333
-3.594798 -1.733907 2.609042
-0.963050 -3.711508 -0.909454
-2.053450 -3.845730 -0.822661
-4.477522 -0.244625 2.008292
-4.714057 -1.033920 -1.637371
-3.249522 -3.638448 0.084266
-4.881691 0.122170 1.150899
-3.896142 -0.738471 -2.625451
-2.181998 -3.732644 1.149576
-3.456343 -1.267169 -2.846892
-2.451633 -1.887007 3.028293
-5.082307 -0.644919 -0.772960
-5.143894 -1.050144 0.050072
-2.086215 -3.931823 -0.311365
-3.916409 -2.344765 1.955590
-2.689837 -2.978746 2.200422
-1.484568 -3.922856 0.322481
-3.694316 -2.713789 -1.812873
-4.849303 -1.380232 1.212857
-4.329895 -2.514847 -1.143780
-3.664138 -0.553364 2.794991
-1.832106 -1.702514 3.161406
-2.094681 -3.047036 -2.276699
-4.320022 -0.349087 -2.215322
-1.755695 -1.603575 -3.192745
-2.872923 -2.586722 -2.488735
-2.367769 -3.755831 -1.005062
-3.425407 -2.128188 2.517276
-2.107667 -3.864979 0.724568
-2.607493 -3.836796 -0.423020
-1.137462 -1.890898 -3.011404
-2.148417 -3.921758 0.357713
-4.751078 -1.718049 -1.192141
-0.989612 -3.612793 -1.214279
-2.518153 -2.988345 2.249985
-1.803501 -2.081803 -3.003595
-1.771345 -3.955719 -0.024363
-3.223454 -3.047189 -1.819046
-2.950914 -1.355809 -3.061093
-3.979026 -0.763930 2.556866
-2.999177 -1.014678 -3.106534
-5.089728 -0.556261 0.739858
-2.463402 -3.890187 0.188375
-1.768620 -2.562783 2.715684
-4.073597 -2.814213 -1.138301
-2.644952 -2.943242 -2.254525
-4.918144 -1.844039 -0.350201
-5.127021 -0.606459 -0.552825
-4.594372 -2.475710 -0.251078
-2.020322 -3.477846 1.713133
-1.472500 -1.883040 3.072643
-5.036040 -0.853292 -0.916144
-4.740105 -2.256320 -0.073105
-4.348989 -2.285233 1.426156
-5.169256 -0.624617 -0.158832
-3.210019 -2.458596 -2.421973
-1.100966 -3.866454 -0.250367
-4.385372 -0.509023 -2.153239
-2.398615 -1.265118 -3.229713
-4.095017 -3.037510 0.407730
-4.939056 -1.594546 0.738660
-2.205424 -2.891346 2.418101
-1.651101 -3.737839 1.175576
-4.166411 -3.001112 0.112910
-1.415921 -2.920216 -2.384254
-4.913120 -0.318838 -1.258764
-0.975762 -1.951667 -2.942732
-2.576443 -3.705326 -1.027984
-4.421813 -1.437957 1.943887
-4.023675 -3.010290 -0.784531
-2.088480 -3.126467 2.189640
-3.989887 -1.773717 2.272617
-2.899979 -3.289248 -1.693831
-4.030150 -2.939530 0.960094
-1.542495 -3.863250 -0.728986
-3.897987 -1.077355 2.585766
-3.726549 -2.876783 1.566640
-2.330835 -1.599089 3.155555
-4.584117 -2.031022 -1.256562
-3.960327 -1.217071 -2.504740
-3.360095 -1.775240 2.736140
-2.604792 -3.661979 1.131514
-4.180987 -1.145396 2.316701
-4.210990 -2.475204 1.427821
-1.473500 -3.660142 1.329253
-4.764725 0.089675 1.439355
-4.015737 -0.934101 -2.509314
-2.744038 -2.804782 2.353450
-4.081024 -0.240732 2.444068
-1.952240 -2.847568 2.484216
-2.079730 -2.117791 -2.975289
-3.521372 -2.464489 -2.210731
-2.536161 -1.128635 -3.227231
-1.114704 -3.708302 -1.042407
-4.148366 -2.079966 -1.910154
-5.111099 0.027899 0.026156
-5.016897 -0.418119 -0.991001
-1.426185 -3.896051 -0.486764
-2.444933 -3.857909 -0.518634
-3.175363 -3.594717 0.689335
-3.837246 -2.959509 1.280799
-1.492499 -3.389695 -1.831602
-3.498375 -3.509767 0.021051
-4.678860 -2.331346 0.325486
-1.252417 -2.450227 2.733584
-4.835696 -1.754958 -0.914659
-4.860997 -0.009741 1.275494
-0.944310 -2.937932 -2.233946
-2.364895 -3.741927 1.049249
-2.582914 -3.730586 0.943707
-1.372197 -2.161647 -2.927883
-3.177337 -1.048582 3.028998
-2.795523 -1.537207 -3.064661
-4.569115 -2.472857 0.461387
-1.629371 -3.641745 -1.401658
-4.950547 -0.175229 -1.116851
1.120325 -0.740170 -3.721611
0.057850 -2.484758 -3.057617
2.619588 -3.722565 0.604140
-0.788413 -3.568033 -1.332979
-0.337580 -2.109037 -3.150883
0.631344 -4.117173 -0.853523
0.509273 -3.499840 -2.183266
1.710220 -4.093078 0.463357
1.546813 -2.855317 -2.806333
-0.552187 -2.367675 -2.909143
0.634500 -0.384188 -3.732539
-0.322821 -1.068595 -3.502163
0.076549 -3.117110 2.538594
0.865725 0.919841 -3.467263
-0.132953 -3.957027 -0.972455
1.484781 -4.108071 -0.665372
0.583493 -1.956540 -3.426937
-0.382288 -1.301537 -3.434321
-0.645142 -1.281589 3.332675
1.877056 -4.074350 0.188298
2.449237 -3.682886 1.092515
-0.570612 -3.845240 -0.810109
0.341239 -1.439133 3.579177
1.957360 -3.290647 -2.209256
-0.070073 -0.296523 -3.619950
-0.276801 -1.011997 3.525908
-0.170040 -3.563182 1.857969
-0.037905 -1.110706 -3.578028
0.166621 0.618274 3.507855
-0.367063 -2.985093 -2.497905
1.542165 -3.822531 -1.534937
1.070679 -2.386509 3.211472
1.709275 -1.293814 3.548699
1.317529 -0.960320 -3.680181
2.228144 -3.720688 -1.268216
-0.228836 -3.306249 -2.201534
-0.843592 -3.715580 -0.812593
1.317855 -3.244731 2.477888
0.397717 -0.757977 3.701919
-0.061434 -2.296952 3.140087
0.471459 -3.856182 -1.568989
0.753073 -4.082843 -1.007877
-0.473933 -1.210061 3.420410
1.546701 -0.740022 -3.666033
1.278064 -4.154323 -0.569273
1.299915 -0.529164 3.712622
0.765141 1.321751 -3.275015
-0.047080 -0.716375 -3.622957
0.771673 -1.386743 -3.628320
2.158526 -2.682535 -2.727871
-0.810733 -2.669781 2.537349
-0.316482 -3.252226 2.224942
0.592224 1.255639 3.301194
1.004320 -4.186247 -0.496940
0.970249 -3.512309 -2.189678
0.716514 -3.946779 1.402751
-0.642632 -3.066496 -2.253353
1.057088 0.243387 -3.663299
-0.547981 -1.643036 -3.268338
0.719835 0.206527 -3.673764
-0.095711 -3.819754 1.397120
1.121286 -1.327486 3.633170
0.845422 0.452831 3.620982
0.474659 -3.780760 1.722295
1.791890 -3.546855 1.927005
-0.828550 -1.613224 -3.144205
-0.622381 -2.199384 2.977474
-0.277501 -3.641386 1.653167
1.121754 -0.585283 3.728679
-0.563470 -3.655846 1.383375
1.126168 0.557855 -3.582064
1.739581 -3.831858 1.407551
1.913433 -3.128897 -2.420398
-0.808002 -3.181368 1.986888
-0.005978 -1.708678 3.427387
1.439047 -0.084481 3.671962
1.305713 -3.062469 2.669215
1.098115 -3.156874 -2.603011
-0.283358 -3.896649 1.020814
-0.069046 -1.231830 3.546372
1.191021 -4.102536 -0.876581
1.103992 -2.649379 3.037733
1.156635 0.193195 3.665652
-0.237414 -2.846967 -2.685355
-0.828200 -2.457082 2.695351
2.687590 -3.660456 -0.720413
1.782089 -2.664502 2.891448
1.442722 -2.180550 -3.279686
0.540745 -1.945452 3.427751
0.591613 -1.368475 3.624050
-0.091028 -3.592310 -1.851535
1.770418 -3.436479 2.101778
0.436494 0.329608 3.626882
0.980252 1.048173 3.409842
2.473969 -3.531796 -1.434938
0.266361 0.512025 -3.557626
1.647029 -2.040123 3.305793
2.436369 -3.412050 1.701333
1.886277 -3.749102 -1.499232
0.161044 -4.153185 0.190768
0.739947 -4.212625 -0.247891
0.333418 -1.519291 -3.555976
2.002323 -3.975990 0.678014
2.479946 -3.612155 -1.242185
1.781780 -3.093230 2.511256
0.144485 0.233881 3.601763
0.730761 -3.454473 2.267085
-0.400333 -3.890014 -0.899246
-0.665778 -3.899528 0.090055
0.562984 -2.689433 -3.005761
2.266696 -3.911277 0.479138
0.790705 -3.996754 -1.278442
-0.195499 -2.347873 -3.067879
0.853215 -4.167145 0.641035
1.284754 -3.442755 -2.244551
5.441666 -0.767827 1.833230
2.561833 2.703320 2.586016
3.164029 -1.776081 -3.160349
4.110009 3.252889 -0.391788
4.714198 1.335913 -2.511452
3.964320 2.591895 2.123417
1.861220 0.345295 3.702348
4.191729 -2.004293 2.498188
1.874003 2.432877 2.825946
2.726048 -1.039642 3.559840
4.881175 0.601337 -2.620077
5.971361 0.442476 0.400897
4.049458 -3.264849 0.285545
4.456154 2.936909 0.843171
5.915613 -0.808586 -0.265411
2.982981 -3.607690 0.597181
2.450951 -0.353658 3.717772
3.888728 2.922909 1.715634
2.266904 -0.390083 -3.717677
3.325190 -2.569937 -2.490036
2.131104 3.067698 -2.157422
4.754732 0.988601 -2.627579
4.758352 -0.847579 -2.661820
1.731201 3.124367 2.007452
5.755425 1.375707 -0.207004
2.099270 2.161125 3.058857
2.378906 2.923359 2.350976
3.833724 -3.238119 0.987171
2.708366 3.237842 -1.850117
5.656211 -1.482772 -0.569025
2.732057 -2.055407 3.080571
2.350433 -1.533417 -3.402869
5.530170 1.592152 -0.960953
5.763388 0.761950 1.131298
3.707449 -2.269856 2.591694
4.311879 -2.611329 1.715982
5.783072 -1.177202 -0.522689
4.573580 -2.916525 0.337298
2.473519 1.450940 -3.448161
5.877485 0.981742 0.308180
5.089056 2.479068 0.130340
1.702631 2.860326 2.359989
3.705133 -2.936882 -1.796464
5.403444 -1.284391 1.588753
2.740330 -2.158133 -3.007347
3.684823 3.090984 1.598000
4.888278 -2.108234 -1.629939
2.323210 1.503897 3.431281
3.089334 -1.385185 3.371246
1.678060 3.603100 0.873822
2.959269 2.598289 -2.618230
4.206059 2.862280 -1.472338
4.681683 -2.306638 -1.676424
5.960274 -0.542547 0.334358
5.017958 1.628722 1.969178
3.718077 -0.132154 3.448352
2.612571 3.740737 -0.061804
4.357068 -1.738158 -2.565851
2.112207 0.845458 3.643352
1.606815 0.296725 3.668854
4.385319 1.757503 2.552120
2.579547 3.660947 0.783022
2.462964 3.750960 0.074277
4.939327 1.206241 -2.342006
4.389253 3.075335 -0.412113
2.032063 0.556188 -3.692523
4.044694 3.163796 -0.978372
5.988853 0.404605 -0.248626
1.863221 0.113390 -3.715564
3.859332 0.187717 3.384790
5.483664 -0.322812 -1.895210
3.587343 2.498958 2.471612
5.664604 -0.208777 -1.569470
5.334739 1.737252 1.295765
2.158945 3.751185 -0.155453
3.169456 2.987072 -2.089418
4.820112 -2.596629 0.833699
3.819328 2.786459 -1.983839
2.279060 3.619710 -1.001359
5.601282 -0.877886 -1.462642
1.750499 1.217538 3.502594
1.447905 3.292757 -1.601206
4.163249 -2.540847 1.973016
2.450288 -0.280138 -3.724058
3.948356 -0.203461 3.338906
2.406252 3.561081 -1.185389
2.098294 3.285942 1.807089
4.586678 2.942463 0.304132
3.603283 -0.954706 3.359742
5.281194 2.221592 0.318731
5.592748 1.668876 0.514975
2.500128 2.293960 2.958249
5.257529 2.166426 0.695411
2.834622 3.641691 0.730677
5.606719 1.350411 1.060045
5.124769 -2.384590 -0.340099
3.346639 -0.944650 -3.452499
4.564903 -2.669730 -1.240858
1.631325 3.520081 -1.137257
4.752319 -1.812533 -2.125326
5.552635 -1.655393 -0.682358
4.396288 -3.064523 0.080202
5.083252 2.478766 -0.225735
4.704042 2.754433 -0.775480
3.755913 -3.407251 -0.284214
5.254800 2.275291 0.140258
3.800660 3.201059 -1.234575
4.353436 -3.091985 -0.127137
1.919081 -0.295853 3.709851
3.465441 -0.110281 3.544191
3.490556 1.895044 -2.997530
3.807482 -2.841148 1.866019
2.972555 -3.366318 1.436213
3.496676 -3.468697 -0.596271
5.301109 1.865855 -1.193110
5.888487 -0.415848 -0.872108
1.971092 2.811695 -2.465511
2.301446 1.964493 3.192589
5.415792 0.125787 2.031439
5.876709 -0.766827 -0.647325
5.387146 -2.046124 -0.251715
5.501283 1.912084 -0.012229
5.503527 0.937934 -1.652187
3.797457 -2.229944 -2.574985
0.995034 1.553871 -3.158796
3.919611 -3.028682 1.421009
3.331973 -3.380737 -1.155516
5.351041 0.499581 -2.075105
4.945872 -1.295759 2.268496
3.310485 -3.577951 -0.040741
2.937468 1.690496 3.278728
5.439654 1.460194 1.379619
4.069798 -2.517884 -2.086171
2.338271 3.706625 -0.604325
4.188610 -1.565926 -2.798302
5.018984 -0.256640 2.529353
5.497774 -0.055275 -1.900265
4.323022 -2.993211 0.863787
3.478525 -2.471269 2.521449
4.973053 1.805954 -1.875515
1.617291 1.523698 3.358679
2.187277 1.063863 3.589328
3.358869 -2.999966 1.928931
3.259887 3.617450 -0.232310
4.213535 1.834738 2.633082
3.556440 1.100250 3.343322
4.591486 -2.068321 -2.070325
3.792322 -1.389806 3.117127
2.109214 -0.596151 -3.685513
5.584539 0.943132 1.480497
3.807551 3.428814 0.031489
4.999115 2.537352 -0.473274
2.794342 0.702131 -3.639891
2.248451 3.613955 1.021757
4.440755 -2.775798 1.229656
5.058640 -2.483978 0.029755
4.420920 -2.333934 1.967216
5.263420 -0.136334 2.246930
5.666649 0.695227 -1.427988
4.534874 -2.894866 0.645524
4.031990 2.224695 2.456176
3.171999 -3.563721 -0.608702
2.992504 1.479410 3.366993
3.640352 2.506070 -2.435201
2.215150 2.663807 2.641082
4.362273 -2.669081 -1.558553
3.909656 3.105003 1.335548
3.912894 -3.306134 -0.523440
4.402544 -1.361975 2.751835
1.724056 0.088721 3.698295
3.612372 1.601902 3.113251
3.771672 1.662473 -3.007302
2.143012 2.026157 -3.151029
3.528448 1.803259 3.038132
1.399487 1.155373 -3.452283
3.578352 0.822138 3.412750
3.396684 2.757656 -2.284517
4.877989 -1.568510 2.171081
2.473504 -2.172612 3.026350
3.003399 3.529993 -1.055530
3.603599 3.117800 -1.615228
4.737758 -1.768561 2.179265
4.052439 2.349921 2.322026
2.563581 -1.204710 3.523632
1.920365 0.984425 -3.594675
1.883586 0.769441 -3.641991
3.017650 -3.617343 -0.485891
3.868923 -1.803155 2.853971
2.845864 0.350223 3.681596
1.432481 3.355262 1.457926
4.764816 -1.306651 -2.459537
5.515121 -1.853045 0.101498
4.426926 -2.695430 1.419188
2.171521 1.659470 3.358198
4.282716 2.915945 -1.248178
2.983081 -1.128712 -3.489614
5.067880 1.145630 -2.219162
4.441023 -0.914560 2.905300
3.790883 0.564381 3.376044
2.212027 3.750362 0.200465
4.970292 -2.453420 -0.797572
2.915460 3.127771 -1.974483
5.865111 -0.608526 0.851915
3.253998 -3.354994 1.291756
3.609819 -1.666274 3.063036
4.080002 1.297652 -3.015851
1.644448 2.980782 2.190789
3.423280 1.625758 3.175727
5.052948 -0.381558 -2.474833
4.086380 3.289257 0.054369
2.754493 2.682441 2.579250
3.516766 -1.141255 -3.333246
4.007004 -3.193752 -0.831466
4.278553 3.064939 0.830091
5.011046 1.128900 2.297310
2.258550 3.463115 1.451622
4.374956 0.033543 3.096540
1.530147 0.117056 -3.663041
5.826605 1.003556 0.645170
1.929245 0.922495 3.611979
2.660259 3.694432 0.559070
1.819177 -0.814723 -3.617436
1.480088 3.392584 -1.397197
4.891245 -0.394439 -2.643068
5.664037 0.927999 1.299035
1.851286 2.668578 2.602368
1.937552 0.001798 3.724664
2.735741 -2.877789 2.324332
2.698882 3.640930 -0.819606
4.002549 -0.643482 3.252260
2.943518 2.673504 2.546369
4.211244 -2.391944 -2.108907
5.716307 0.221393 1.455987
4.425495 1.945768 -2.376898
3.904373 -3.322129 0.442226
4.162241 2.198862 -2.381304
2.355535 3.749347 -0.214007
5.783740 -1.103586 0.662732
4.102216 1.668559 2.815777
5.936285 0.026386 0.774772
2.292590 3.670498 -0.796215
5.547036 -0.469934 1.749627
2.615855 2.464681 2.807029
4.885186 1.369038 2.314712
4.975275 2.056377 1.596140
2.070642 2.498510 -2.789727
4.385160 1.009333 2.925709
4.310890 2.731161 -1.575284
4.351738 0.354776 3.093728
3.782082 1.847557 2.893263
3.879807 -3.362587 0.054801
3.896313 -2.562536 2.171869
2.102830 0.248874 3.728842
5.551692 0.442151 -1.756317
2.090726 2.415133 2.863443
3.981484 3.249890 -0.792039
3.253627 -0.535419 3.568101
3.624016 -0.627986 3.429319
5.228308 1.536452 -1.722872
1.552306 2.932539 -2.226360
5.137598 0.643967 2.326723
3.634803 -2.492497 2.419043
5.809380 0.743370 -0.991830
4.708831 2.151028 -1.875645
5.274203 0.358748 2.211379
2.146858 3.722759 0.482589
3.941832 0.445726 3.321737
3.522078 3.473033 -0.699389
3.934326 3.353448 -0.324846
5.453240 1.911541 0.556647
4.555278 0.477384 2.930395
3.726393 0.670020 -3.385195
4.489060 2.648809 -1.471584
5.242456 -1.897003 1.239227
3.933286 -0.490541 3.315091
