-3.179261 -2.473858 0.099319
-3.826697 -2.159308 -0.321215
-4.158459 -1.088070 0.915501
-3.508527 -1.677422 -1.347293
-4.259320 0.015722 0.008716
-4.337664 -1.539336 -0.212030
-3.153651 -1.149051 -1.681561
-4.031334 -1.939284 0.311947
-4.304239 -0.220332 -0.536748
-3.573906 -2.232659 0.495641
-4.357587 -0.215827 0.171166
-3.722730 0.138973 -1.084178
-3.107607 -1.611772 -1.529159
-3.592877 -2.201119 -0.674303
-4.105827 -1.510530 -0.908884
-4.300508 -1.565872 0.244566
-3.765254 -1.373239 1.215812
-4.316278 -0.854198 0.692160
-2.963262 -0.404707 -1.680206
-3.743357 -1.664685 -1.198719
-4.018719 -1.399176 0.967897
-3.331319 -2.310542 -0.697061
-2.791329 -1.318891 -1.675308
-3.982125 0.206110 -0.669437
-4.400007 -0.472843 -0.487484
-3.635225 -0.767578 -1.529805
-1.568684 -1.683138 2.165747
-2.453217 -0.633395 2.341307
-1.195638 -0.883545 2.302638
-1.688743 -1.960718 2.014619
-2.094974 -2.199760 1.814960
-1.570152 -2.486929 1.459706
-2.783226 -2.678250 0.407178
-3.231696 -0.351911 1.908227
-3.441105 0.437775 1.223055
-2.349249 -1.900505 2.003720
-3.100887 -2.116803 1.364587
-2.704529 -1.137545 2.211303
-0.479929 -1.614055 1.642297
-3.562897 0.537075 0.809587
-3.578917 0.295532 1.146702
-1.256610 -1.135121 2.285505
-1.781411 0.220282 2.207302
-0.461313 -2.014569 1.251445
-1.873931 -1.740927 2.160678
-2.187994 -0.615393 2.395867
-2.612075 -0.934397 2.280396
-2.979083 0.018378 1.972111
-2.683750 -2.436829 1.292191
-2.395349 -2.751550 0.781316
-2.062167 -1.432131 -1.788611
-1.061822 -0.624994 2.258591
-1.464028 -1.143886 2.335886
-2.165320 0.169106 2.212467
-2.722452 -2.062058 -1.224432
-0.352288 -1.849716 1.291264
-1.387818 -0.165827 2.292110
-3.031496 -2.507567 0.645224
-2.467119 -2.456786 1.398367
-0.446243 -1.323017 1.761140
-2.326729 -0.385696 2.348238
-2.993570 -2.391864 1.052783
-3.137003 -2.217025 1.177916
-2.824720 -2.074428 1.649413
-1.194423 -0.192644 2.242845
-3.627866 -0.220560 1.436965
-0.195038 -1.540622 1.339602
-2.660145 -0.749444 2.274300
-2.970847 -0.855192 2.119921
-0.555086 -1.188276 1.902311
-2.157109 -0.439724 2.384972
-1.674718 -1.469804 2.273247
-2.195677 0.402597 2.084931
-3.709231 0.641332 -0.443518
-2.817823 1.281537 -1.938261
-1.290432 2.908591 0.104469
-1.227290 2.872195 -0.735293
-3.392452 0.766184 -1.408351
-1.935252 1.348151 1.942382
-2.850861 1.604806 -1.729008
-3.185875 0.791655 1.264581
-0.736773 -0.791395 -2.089924
-3.148467 0.739204 -1.757699
-2.387172 1.831851 -1.932343
-2.485939 2.364125 -1.253943
-1.414827 2.239141 -1.896713
-3.433249 1.276747 -1.093504
-3.650339 0.577809 0.356519
-3.362307 1.717725 -0.689450
-1.786958 2.249306 -1.827423
-2.244174 2.584687 -1.065939
-3.341413 0.465103 -1.507506
-3.416663 1.130293 -1.231535
-1.246939 2.928992 -0.270424
-1.540457 2.614866 -1.389387
-2.907137 0.295250 -1.994327
-2.017465 2.068147 -1.925197
-1.432788 2.928386 -0.297583
-0.505249 2.514000 -1.275418
-3.541213 1.450359 -0.351557
-3.038962 1.435393 -1.634938
-1.531319 2.907341 -0.499306
-3.469090 0.466558 -1.283394
-2.309263 -0.532331 -2.105251
-3.006786 1.957460 -1.176275
-1.541979 2.863922 -0.745996
-2.620201 1.957182 -1.653050
-2.793911 2.107438 -1.284882
-0.276238 1.986544 -1.791906
-3.094258 -0.224329 -1.631011
-1.858564 1.146622 2.025346
-1.032183 -2.987213 0.547000
-1.977707 -2.992964 -0.394832
-1.442636 -3.138713 0.040531
-1.075522 -3.106597 0.164465
-1.954184 -2.661321 -1.112496
-2.259989 -2.869974 -0.127286
-1.798277 -3.045555 -0.451168
-0.393006 -2.013647 1.175659
-0.645153 -2.994723 -0.243825
-0.463385 -2.784953 0.471199
-1.598696 -1.800669 -1.730525
-0.597389 -2.798470 0.610184
-0.794891 -3.056324 0.000687
-0.149207 -2.238701 0.803894
-1.673701 -3.113543 -0.135487
-1.939905 -2.962523 0.367163
-1.618823 -3.095784 0.200380
-0.882167 -1.350009 -1.718970
-1.423719 -2.935613 -0.918853
-0.454637 -2.579099 0.798436
-1.342469 -2.470972 -1.453301
-0.117813 -2.588047 0.196298
0.383805 -0.962916 1.898624
1.917378 2.096252 0.913296
1.765386 1.629355 1.677706
0.773844 1.927299 -1.683339
-0.124539 2.734062 1.524035
1.279778 2.260268 1.630509
-0.226438 2.464334 1.856654
-0.559090 3.012516 0.478171
-0.907606 2.278082 1.768850
-0.607815 2.313228 1.893686
0.679290 1.509711 -1.913761
1.344089 1.462109 -1.626300
0.046252 -1.074053 1.804930
1.070316 2.434504 1.591702
-1.072387 2.495712 1.358677
-0.677140 2.930964 0.754694
0.452470 1.526926 -1.957665
-0.911029 2.094843 1.933713
-1.244514 1.982543 1.784093
-0.434218 2.877909 1.143778
1.820667 1.732721 1.535124
-1.073322 1.474761 2.198069
-0.433036 2.796865 1.319135
-0.936696 1.017078 -2.889820
-1.312768 -0.364232 -2.641802
-1.021530 0.576854 -2.949195
-0.486449 0.682088 -2.741250
-2.334191 1.793263 -2.056571
-1.189503 -0.476859 -2.537627
-0.724547 0.251332 -2.808675
-1.426113 1.822746 -2.507688
-1.245608 1.731178 -2.587489
-2.114540 1.546814 -2.508089
-2.816220 0.907351 -2.097300
-2.565626 1.167435 -2.351740
-0.077526 1.100579 -2.296697
-0.847540 2.010294 -2.152025
-2.090475 1.821936 -2.261749
-1.245470 -0.636936 -2.376463
-2.141387 0.838952 -2.778642
-2.648792 1.479808 -1.989338
-1.905235 -0.176092 -2.659813
-1.923985 0.705946 -2.885304
-0.842704 0.492393 -2.896095
-1.670172 0.953612 -2.927542
-2.554294 0.954630 -2.443843
-1.737108 0.296171 -2.902058
-1.762356 0.494359 -2.927506
-2.903285 2.291863 1.200336
-3.494567 1.637223 0.761783
-1.831658 2.547944 1.370227
-1.984665 2.051641 1.719004
-2.611287 1.222365 1.723861
-3.065304 2.598147 0.060889
-2.324754 1.293237 1.823846
-2.515965 2.688086 -0.658763
-2.829078 2.652739 -0.405252
-3.335072 2.231646 -0.144504
-2.749318 2.816347 0.387117
-3.107822 1.693310 1.349780
-2.493015 2.918324 0.473000
-2.026547 2.831804 0.990552
-3.129655 2.057103 1.147604
-2.479442 1.810411 1.714953
-1.219296 2.602260 1.057889
-2.681537 1.507550 1.689737
-2.167564 2.318462 1.548850
-1.406312 2.945453 0.316195
-2.822795 2.744214 0.535989
0.012175 -1.429881 -1.878096
0.208388 -1.954275 0.743409
0.208795 -2.090236 -1.163214
0.818796 -0.869794 -2.370545
0.998742 0.029508 -2.442753
0.662303 -2.021829 -1.491835
0.473968 -2.334360 -0.442398
0.222362 -2.189141 -0.908798
1.600029 0.111013 -2.306653
1.107316 -1.293780 -2.175925
0.179336 -2.201219 0.135165
0.192344 0.246550 -2.287901
0.900081 1.116667 -1.968633
1.069276 -1.835705 -1.741037
0.610296 0.565170 -2.283851
0.068701 -1.523248 1.161407
1.513573 -1.845515 -1.592294
0.284311 -1.250311 -2.116218
0.485856 -0.912083 -2.319082
1.444319 0.339270 -2.302448
1.689096 -0.797438 -2.226808
0.643419 0.968620 -2.065634
0.095645 -2.193012 -0.696450
0.309393 -1.957949 -1.467108
0.343273 -1.816278 0.998194
-0.338568 -1.436760 -1.612327
-0.198982 -1.068424 -1.976122
1.085682 0.816543 -2.167234
-0.339636 -1.149033 -1.828508
0.835175 -2.338717 0.059696
0.755690 -1.698445 -1.888658
-0.268593 -0.626598 -2.086499
0.471560 -1.131223 -2.228657
0.405263 -2.082380 -1.304937
0.133450 -0.760638 -2.261580
-0.035271 -0.698299 -2.203358
1.416534 1.226237 -1.774054
0.306428 -2.263524 -0.706736
-0.485318 -1.214570 -1.650618
1.257946 0.389682 -2.331072
1.939198 2.328719 -0.478180
1.673305 2.593428 -0.758240
0.858396 3.300128 0.378554
1.276420 3.045487 0.591284
1.287861 3.172264 -0.074600
1.777690 2.635585 -0.468941
0.264661 3.201121 0.757594
-0.250668 2.432240 -1.376656
0.298256 3.390246 0.122741
0.138629 3.374983 -0.028031
0.278874 2.169964 -1.631244
0.049052 3.309425 -0.407723
0.493453 3.060724 -1.034263
1.068701 3.200979 0.471956
1.655475 2.861607 0.202219
1.753852 2.737879 -0.279610
-0.803770 1.636783 2.329416
-0.598335 0.027485 2.726285
-0.318909 1.984754 2.249675
-0.385417 0.825439 2.929947
-0.089105 -0.635795 2.406771
-1.262895 0.472250 2.276712
0.525358 1.837799 2.447919
0.425967 0.193630 2.927534
-0.779509 1.115886 2.676147
0.505227 -0.126074 2.780882
0.850402 0.618252 2.850745
0.329185 0.579007 3.003760
1.112333 -0.031680 2.513486
-0.419243 1.066321 2.872045
4.015924 0.291618 1.529910
1.859417 0.898304 -1.989739
3.219162 -0.261721 -2.080216
1.222850 -1.841883 1.526747
1.910403 -1.248844 -2.058183
1.146200 -2.355911 0.264908
1.917433 -2.564047 0.465366
4.068470 0.465713 1.382964
4.457912 0.540878 0.037318
2.237642 -0.262151 -2.305500
3.324238 1.470620 1.303453
3.944833 -1.812768 0.470377
2.993141 -2.144880 1.256694
3.336850 -1.875666 1.376735
0.960183 -1.287107 1.805973
1.970845 0.508573 -2.174402
0.811235 -1.207053 1.737705
1.879957 1.467270 1.705354
3.898080 0.848065 1.353338
2.584814 -0.682402 -2.232751
3.390458 0.716181 -1.759575
3.038948 -0.028787 -2.146589
4.305127 0.856438 0.350892
4.342554 0.638356 -0.514459
4.483123 -0.419405 0.748141
3.465727 -2.178054 0.626572
2.227205 1.380202 1.822539
4.359800 -1.250743 0.114012
1.023580 -2.114433 0.926909
2.999395 1.701861 1.209396
1.466865 -2.207728 -1.030979
3.699677 0.657780 1.699988
3.960413 -0.997926 1.492174
3.907371 0.222501 1.676618
4.491166 0.336904 -0.279844
2.523084 0.158851 -2.251882
4.145962 -0.115692 1.450672
3.105349 1.542475 1.378647
2.023329 -2.418932 1.000673
3.127843 0.816741 -1.852844
4.230775 -0.981688 1.081463
3.824484 -1.822365 0.802278
3.119948 1.384694 1.561143
4.060387 -1.033867 1.336784
4.414760 -0.843559 0.725203
3.246454 0.895330 1.893401
1.899401 -1.946365 1.698525
1.846977 0.950948 2.106098
3.006891 -2.330859 0.868789
2.808086 -2.275819 1.140591
2.926430 -2.409065 0.721846
4.408047 -0.625951 -0.745097
2.578254 -2.577015 0.273830
2.197512 -1.052981 -2.160647
3.350218 0.232145 -1.961066
2.370522 -0.481196 -2.287441
2.734111 1.082827 1.985273
4.302494 0.636717 0.794388
4.460058 -1.004370 0.085730
3.941276 -1.384336 1.230944
1.983388 -2.123216 1.504747
2.596453 -1.210531 -2.111749
4.200418 -1.831373 -0.435129
3.291333 -0.978136 -2.027865
2.376400 -1.428217 -2.040414
3.120436 -1.534976 -1.998715
3.807729 -1.573120 -1.609979
2.658691 -1.533767 -2.047172
3.918209 -1.716233 -1.408512
4.163465 -1.466337 -1.196247
3.785498 -2.328283 -0.371085
3.492807 -1.285114 -1.918875
2.767283 -2.673282 -0.779626
2.132149 -1.699249 -1.867555
3.473743 -2.011380 -1.584206
3.981285 -2.037117 0.027829
2.306139 -2.072974 -1.692869
3.167120 -2.619118 -0.751547
4.319363 -1.468908 -0.152223
2.585833 -2.544848 -1.153453
4.260263 -1.640682 -0.747427
2.633714 -2.025646 -1.794713
3.247809 -2.251177 -1.472087
3.237550 1.428709 -1.581613
2.955823 1.574580 -1.581509
4.137966 1.330524 0.416940
3.191782 2.209335 0.406993
2.766274 2.343774 0.227205
4.330980 1.022400 -0.331823
3.949706 0.933886 -1.252156
4.237631 1.097388 0.358254
2.278977 2.177012 -0.878044
2.422761 1.553547 -1.594451
2.890680 1.320791 -1.717569
4.068825 1.626595 -0.448214
4.280321 1.240509 -0.258510
2.761517 2.074558 -1.144948
3.966471 0.678390 -1.254691
3.542454 2.105296 -0.554384
3.766447 0.914626 -1.437304
1.884654 -1.190542 2.571201
2.605942 -1.574732 2.308452
1.451332 -0.494688 2.594728
3.254461 0.504985 2.182550
3.823293 -0.419502 1.842604
2.329511 -1.955853 1.786204
1.660009 -1.525087 2.222363
3.443797 0.051600 2.283226
3.607646 -1.026892 1.988087
3.151536 -0.982633 2.469073
2.569707 -0.054157 2.765048
3.004931 0.105157 2.580092
3.172988 -1.703192 1.746920
2.967540 -0.392376 2.684390
1.034834 -0.697060 2.216257
2.157408 -0.891276 2.746578
1.390478 -0.228285 2.549620
1.462194 0.065357 2.526473
3.099401 -1.657989 1.920567
3.594701 -0.696334 2.168451
-4.270899 -1.614551 0.922104
-3.777992 -0.138559 -1.570500
-3.778812 -2.372770 -0.709815
-3.943345 -2.365902 -0.370339
-4.472426 -0.920399 -1.033213
-3.446038 -2.278514 -1.171791
-4.191295 0.049949 -1.065294
-4.657755 -0.422446 -0.411526
-4.573527 -0.198736 -0.495665
-3.464673 -1.381003 -1.789632
-4.192842 -2.046357 -0.648519
-3.935941 0.258645 -1.170314
-4.247226 -1.955207 0.567355
-3.751348 -2.438180 0.448836
-4.314812 -0.052034 -0.969007
-4.232060 -1.842546 0.760445
-3.301069 -2.106117 -1.425893
-4.117387 -0.433374 1.287074
-4.721400 -0.897813 -0.298159
-3.502718 -2.482276 -0.788597
-3.881829 -2.394535 0.309704
-4.645835 -0.705105 -0.631416
-4.111225 0.361138 0.685743
-0.510663 -1.755721 2.035917
-1.942575 -2.542182 1.922451
-1.019611 -1.444210 2.458297
-2.441320 -0.644316 2.664600
-2.965800 -2.473663 1.615930
-2.234838 -0.575240 2.700679
-1.426250 -0.535012 2.682086
-0.635847 -2.084862 1.899515
-1.511055 -0.367759 2.678470
-2.900711 -2.971336 0.286998
-3.831409 -1.569003 1.516441
-3.456976 -0.261092 2.109399
-3.609516 -0.167214 1.940896
-3.583622 -1.751692 1.720931
-2.252813 -3.162634 0.318282
-3.494379 0.687660 1.507819
-0.175480 -1.560019 1.840636
-1.954991 -1.524901 -2.091560
-2.336831 -1.598015 -2.020413
-4.063025 0.018140 1.170431
-3.399513 -1.676189 1.955534
-2.235549 -1.104792 2.672738
-3.075517 -1.792409 2.134583
-1.358900 -2.569593 1.808733
-2.835398 -1.924322 -1.690343
-2.445540 -2.334450 -1.537773
-0.653327 -2.377560 1.619152
-0.790589 -2.020986 2.053612
-3.175863 -2.762482 0.763466
-2.772927 -0.699237 2.563371
-2.394654 -1.989972 2.311961
-2.703027 -2.860698 1.174282
-1.690824 0.151391 2.567431
-0.182552 -1.908672 1.606892
-2.709045 0.362425 2.325493
-2.426365 -1.355164 2.581886
-2.994892 -2.648810 1.324141
-3.579290 0.135754 1.844037
-2.661548 -2.481329 -1.301304
-2.852293 -1.264047 -1.962981
-1.718587 -1.457878 2.609887
-1.726557 -3.114664 0.845220
-3.545287 1.131926 1.264481
-2.209900 3.058680 -0.818331
-3.028167 1.931610 -1.847620
-1.829659 3.112669 -0.994795
-3.686804 1.081224 1.051336
-0.450572 2.793380 -1.476543
-1.159516 3.176390 -0.909246
-0.906138 3.234520 -0.319103
-2.197984 -0.896842 -2.357376
-1.503093 3.224112 -0.698644
-3.926282 0.398888 -1.053135
-4.019729 0.993940 -0.391392
-3.589653 0.764105 -1.736382
-2.107361 2.616058 -1.816785
-3.166481 1.928616 -1.693636
-1.413372 3.259998 0.017891
-1.912483 -0.814575 -2.502005
-3.209749 2.143138 -1.392492
-2.547979 2.360277 -1.854446
-3.850346 0.722814 -1.256769
-1.781257 2.396465 -2.169781
-0.190728 2.143973 -2.101199
-2.142571 3.004701 -1.079248
-3.921443 1.122820 0.424291
-3.545183 0.540546 -1.814540
-3.937565 0.901301 -0.952415
-2.367595 2.643574 -1.623169
-0.160079 1.743205 -2.360900
-2.946348 0.501645 -2.415736
-2.730198 0.843196 2.100225
-1.861007 3.212381 -0.438455
-3.586790 1.515702 -1.414774
-0.365376 2.605125 -1.712867
-2.516443 1.875470 -2.285334
-1.452773 3.222252 0.282288
-2.663471 1.094903 2.093888
-1.419314 2.742135 -1.830528
-2.462576 0.934312 2.228185
-1.010149 2.746279 -1.792235
-0.272587 -2.292435 -1.476900
-1.053165 -3.364383 0.011801
-0.585597 -3.005570 -0.979463
-0.131081 -2.501239 0.978274
-1.163978 -1.496972 -2.017408
-0.299097 -3.004122 -0.613230
0.155530 -2.678470 -0.174550
-2.308365 -3.097754 -0.391894
-0.195087 -2.737623 0.777783
0.031050 -2.765448 0.271758
-1.739147 -3.218079 0.574052
-0.445332 -3.099224 0.382981
-1.065215 -3.336037 -0.461452
-0.696557 -1.712347 -1.899861
-0.332435 -3.106798 -0.092314
-0.292696 -3.050067 0.213716
-0.786068 -1.937638 -1.884602
-1.048413 -2.701905 -1.548724
1.147542 1.804018 2.515884
1.453946 2.422893 1.884317
0.407890 3.071393 1.602652
-0.834387 3.287535 0.412082
0.098688 2.215594 -2.024667
0.712648 2.710989 2.010351
1.038848 1.857496 -2.028995
1.620634 2.139277 2.000995
1.727509 1.825284 2.124131
-1.246664 1.411715 2.528416
1.652996 1.859405 -1.658072
-0.434288 3.321384 0.905795
1.601048 2.745573 1.271920
0.242575 1.766134 -2.255712
-1.440356 1.473329 2.383050
1.050624 2.050676 2.427283
1.495872 1.469265 2.458209
-0.622546 2.343524 2.329057
-1.455431 2.000227 2.105199
0.689569 1.772058 -2.183881
0.664526 3.171126 1.306960
-1.619202 -0.319048 -2.940221
-0.342046 -0.162863 -2.716172
-2.148573 -0.440283 -2.671078
-1.626428 0.311731 -3.175072
-0.015176 1.200032 -2.563878
-1.669398 1.381858 -3.052959
-2.556375 0.080053 -2.690745
-1.333082 1.293262 -3.114357
-1.431528 0.160908 -3.159397
-1.249152 1.811253 -2.831499
-1.894389 2.168797 -2.352179
-1.771802 2.031144 -2.574572
-1.815467 0.699288 -3.168642
0.038038 0.964268 -2.586381
-0.248654 0.667189 -2.872424
-0.655957 2.023547 -2.450944
-1.251992 -0.162713 -3.040150
-2.390872 -0.028498 -2.772609
-0.289360 0.442244 -2.886651
-2.658670 0.345729 -2.682605
-3.210038 2.350991 1.231940
-3.673546 1.494690 1.003466
-3.629067 2.176919 0.591849
-2.185271 3.074645 1.012892
-2.727365 2.897545 -0.643579
-3.245887 2.535162 0.960411
-2.138992 3.263858 0.301374
-2.904592 1.451429 1.847178
-3.120929 2.612897 -0.656094
-3.368516 2.635275 0.077052
-3.037850 2.923269 0.360683
-2.777910 2.327307 1.619318
-1.850865 2.778437 1.477929
-2.347183 2.592819 1.602029
-1.513906 2.608425 1.582631
-2.101382 2.962370 1.231233
-1.750251 2.394316 1.794579
-3.086280 1.451370 1.727123
-2.429088 3.132253 0.734991
-2.859946 1.886278 1.789875
-3.405703 2.269115 1.030471
-3.093148 2.816311 0.667517
1.661983 -1.121622 -2.467551
1.024873 -2.584561 -0.996751
1.428263 -1.283692 -2.467794
0.905065 0.975140 -2.437929
0.156055 0.598713 -2.497560
0.060095 -2.135410 -1.632239
-0.152566 -1.379320 -2.224898
1.108453 -2.649961 -0.645121
1.493165 0.019184 -2.674737
0.885543 1.158234 -2.320196
-0.076291 -2.202458 -1.422288
-0.427756 -1.267768 -2.114502
1.452202 1.019563 -2.331464
0.784089 -2.523761 -1.189401
0.102186 -2.456568 -0.993305
-0.351320 -1.546996 -1.982211
0.406558 -2.632850 -0.396937
1.165877 -0.203347 -2.751112
0.633931 -0.608226 -2.728743
1.169240 0.165877 -2.715336
1.317802 -2.275758 -1.606585
0.598495 0.388586 -2.666271
0.740450 -0.144261 -2.761945
0.912935 -0.490960 -2.755917
1.072518 -1.890100 -2.120290
0.368912 -0.818076 -2.644425
0.639491 -1.947203 -2.059688
0.095728 0.370044 -2.553287
1.402059 -1.961507 -1.982012
0.164361 -2.198757 0.927408
0.294177 -2.470683 0.458378
1.483520 0.578707 -2.542547
0.507244 -2.093980 1.202763
0.965558 3.543791 -0.326201
1.330020 3.351646 -0.511454
1.331506 3.414357 0.154652
1.402385 3.044505 -1.027055
-0.120407 3.492543 -0.507930
0.098043 3.583663 0.303369
0.782997 3.555818 0.435986
0.985214 3.508047 0.428952
-0.601422 3.244671 -0.551804
0.305165 3.629423 0.156849
0.163717 3.621274 0.042497
-0.580894 1.427112 2.944743
-0.966566 1.271727 2.791163
0.920071 0.564760 3.081627
-0.983582 1.055567 2.854342
-0.492709 1.887771 2.665875
1.441897 1.139567 2.639105
0.529139 1.913147 2.719029
-1.048197 -0.171563 2.625586
-0.440930 0.662885 3.174268
0.899853 1.610018 2.802317
0.046654 1.636758 2.979601
-0.591173 0.130615 3.046234
1.108993 1.486461 2.751434
0.717420 0.764106 3.158760
0.196105 -0.144765 3.087152
-0.301193 1.379210 3.060848
-1.136837 0.848363 2.775145
0.489533 -0.375163 2.923037
0.286945 0.025070 3.148071
4.918609 -0.460535 0.060660
1.236847 -2.771209 -0.067803
4.798389 0.199068 0.781684
4.651927 -0.047697 1.253559
4.045763 -2.169591 0.600041
0.973399 -1.482790 2.151593
4.824461 -0.528122 -0.608912
0.787297 -1.362729 2.100705
2.833356 -2.869695 0.325198
2.104204 -2.840566 0.846112
1.876196 -1.490254 -2.315677
3.052538 -2.018204 1.945936
4.681490 -0.217209 -1.057307
4.184479 -1.881301 0.957395
3.977572 1.078463 1.668956
4.835505 0.404927 -0.219195
3.651442 -2.159642 1.342526
2.667202 0.356946 -2.540764
4.284350 -0.251025 1.831174
2.604144 0.854192 -2.386802
2.230032 0.816008 -2.434709
1.727219 -1.803350 -2.095139
4.578379 -1.511665 0.459830
0.870227 -2.460091 0.883640
1.623385 -2.038568 2.023981
2.181390 1.225574 -2.220608
4.264298 1.127739 1.220725
4.553233 0.554052 1.204090
2.781867 0.529617 -2.472470
1.091667 -2.712846 0.172999
4.626382 -0.691302 1.232341
4.010736 1.387136 1.306675
4.783082 0.602129 0.334378
2.488455 -2.938602 0.160652
0.751971 -1.737504 1.811721
4.843543 -0.722566 0.537145
3.288681 0.814093 -2.191047
2.059124 -1.926490 -2.050301
4.767903 0.578353 -0.355814
4.837958 0.254640 -0.418551
2.909393 1.420923 2.115276
4.803967 0.380496 0.604658
2.569385 -1.112570 -2.474725
3.733925 0.437726 -2.074857
1.900827 -2.686398 1.210861
1.517446 -2.838821 -0.298477
2.226966 1.970065 1.667277
3.494120 0.909443 -2.031997
2.416674 2.139948 1.384492
3.911845 0.434183 -1.937905
2.479740 -2.149328 1.986727
3.848348 0.999547 1.858816
0.658209 -2.230046 1.081176
4.612573 -1.015707 1.077332
2.231759 -1.377110 -2.394089
4.917265 -0.230954 -0.167831
4.062367 0.044171 2.044504
1.689896 0.984635 2.449798
3.604560 1.864349 1.095475
2.177917 -1.561471 -2.299993
3.158570 1.309000 -1.953798
1.332931 -2.807885 0.174841
1.932856 1.086783 -2.287399
2.903193 -2.696446 0.998217
2.418068 -2.448412 1.640293
2.380820 -2.938658 0.310706
0.510731 -1.496796 1.784141
4.631498 0.394984 -0.988432
3.457287 1.760980 1.436493
2.597723 1.359771 2.243240
1.999953 -1.265199 -2.434372
4.830750 -0.868951 0.416649
2.932983 1.364882 -2.003085
4.207870 0.205051 1.864670
2.243950 -2.953077 -0.005383
4.825954 -0.349271 0.803411
2.873458 0.839850 -2.334466
2.007824 1.935663 -1.553359
2.069748 0.601763 -2.510410
3.120172 -2.899173 -0.608077
2.680359 -2.910026 -0.073949
3.164486 -2.088343 -1.985442
4.338051 -1.389846 -1.423744
3.198843 -2.604613 -1.433611
4.332231 -2.077733 -0.415754
2.636262 -2.930914 -0.679136
4.245042 -1.981495 -1.129791
3.710083 -2.315055 -1.475459
3.712738 -2.588631 -0.969657
3.552030 -2.552811 -1.268653
3.925575 -2.512718 -0.248891
4.411097 -1.550695 -1.202411
2.748494 -1.794858 -2.206454
3.921824 -2.390563 -1.076211
3.314494 2.193676 -1.213236
3.617831 2.373344 -0.414879
4.389971 1.584753 0.006215
2.554946 2.430148 -1.011425
4.177931 1.003968 -1.340606
3.910236 1.383530 -1.484910
3.577115 2.276634 -0.834585
3.312800 1.636224 -1.727667
3.216739 1.516289 -1.826309
3.240066 2.415789 -0.857120
3.811140 1.829983 -1.249279
2.662894 2.623806 0.010748
4.410808 1.340823 0.404507
4.050355 1.138763 -1.449109
4.204133 1.862097 0.092365
3.699269 2.175952 0.557196
2.944279 2.541768 -0.687314
4.233474 1.783057 -0.554638
3.619889 1.508702 -1.642695
3.112952 2.084739 -1.438362
1.301105 -0.285637 2.783295
2.430847 -0.507470 3.057238
2.320968 0.023942 3.016512
1.656983 -1.722391 2.385680
2.271239 -1.504118 2.717888
2.530963 -1.313370 2.819040
3.420928 -1.017489 2.573831
3.226383 0.335735 2.652426
1.240698 -1.471529 2.342294
3.783797 -0.126976 2.325460
3.300866 -1.745533 2.079607
1.378513 0.093404 2.757116
2.996146 -0.219008 2.922771
1.718139 0.577915 2.690952
2.907245 -1.016591 2.858280
3.253157 -1.280495 2.558866
1.783310 0.278927 2.864980
2.376202 -1.904782 2.338968
2.688846 -0.942350 2.945141
1.508856 -0.773262 2.857011
2.959825 -1.878945 2.178082
2.147796 -1.889825 2.351281
2.393125 -2.024428 2.169211
-4.499329 -2.189029 0.070759
-4.660510 -1.965978 -0.030554
-4.375404 -1.957026 -1.060396
-4.133071 -2.494110 -0.513878
-4.708771 -0.730727 -1.100306
-3.633815 -2.803071 -0.452820
-4.736433 -1.824551 -0.180412
-4.873649 -0.686398 -0.704621
-3.667678 -1.635941 -1.884106
-4.897579 -0.513196 0.411408
-3.372832 -1.565406 -2.022331
-4.597507 0.215985 0.547503
-4.670955 -0.333836 -1.048846
-4.779455 0.024422 -0.313907
-4.409251 -0.950773 -1.519606
-4.796826 -0.877174 -0.926406
-4.688581 -0.762797 1.009820
-4.610656 -1.225999 1.074969
-4.509120 -0.126779 -1.200217
-4.908479 -1.103559 0.404932
-3.876417 -2.134253 -1.432711
-4.702283 -1.688061 0.562221
-3.873863 -1.488217 -1.833752
-4.711817 -1.833608 -0.363735
-4.428609 0.461716 -0.671061
-4.847542 -0.321294 0.454456
-4.111868 -1.307852 -1.729108
-4.248518 -2.205161 0.804711
-4.744813 -0.503363 0.847787
-4.807652 -1.516803 -0.559737
-4.619576 -0.580594 -1.224968
-4.776536 0.040790 0.147286
-3.709926 -0.980786 -2.026327
-4.032559 -1.140746 -1.824614
-4.554422 -1.277569 -1.270997
-4.646209 -1.035100 1.066795
-3.160872 -2.088937 -1.810038
-3.950355 -1.382049 1.994879
-0.273431 -1.612441 2.346768
-2.942231 -2.641731 -1.461339
-3.937690 -2.415591 1.052001
-3.820275 -0.242878 2.198258
-3.915730 -1.922934 1.722853
-2.682419 -1.013204 2.904910
-3.602271 0.813119 1.827578
-0.953767 -1.969590 2.562434
-3.488201 -1.183820 2.479853
-3.723155 -2.137173 1.783604
-1.967352 0.296870 2.849896
-0.782150 -1.688867 2.622275
-2.872315 -2.048047 2.488913
-1.397174 -2.984629 1.795133
-3.709544 -0.688487 2.355448
-3.862138 -1.111979 2.171297
-2.565435 -3.283504 -0.586351
-2.414279 -0.150467 2.930130
-2.716182 -0.017558 2.819382
-2.736156 -1.331883 -2.331466
-0.094169 -2.005040 1.960956
-2.862223 -0.952486 2.850026
-3.982216 -0.601932 2.079911
-3.602225 -2.615162 1.341905
-4.198988 -0.711414 1.799741
-3.602764 -0.226103 2.389392
-2.789297 -3.265018 0.911225
-1.368542 -1.872288 -2.235237
-4.447530 -0.037006 1.104913
-2.225765 -1.405590 2.930207
-3.541447 -1.786314 2.216297
-1.199987 -3.060005 1.595445
-3.799204 -2.336682 1.457078
-2.245207 -2.521953 2.341515
-0.682544 -1.012896 2.752629
-4.197683 -1.894258 1.254828
-2.967678 -3.277550 0.122811
-3.231113 -1.769473 2.449523
-1.514684 -0.728424 3.016247
-2.150859 -2.894625 1.966554
-2.890060 -1.432927 2.748522
-3.849421 -2.664958 0.544702
-2.850842 -2.208383 2.394933
-4.124797 -1.771978 1.521483
-0.055530 -2.323946 1.614326
-3.251602 -3.117724 0.584674
-3.015925 -1.056493 -2.274213
-1.916730 -2.438155 2.441703
-0.776590 -1.179657 2.770148
-2.937422 -1.734565 -2.120023
-0.129055 -2.474336 1.521452
-1.813173 -1.262692 2.984477
-4.012394 -2.234062 1.206894
-2.695787 -3.343478 -0.187703
-0.030936 -1.766305 2.055027
-0.443704 -1.536312 2.496227
-3.226787 -2.530954 1.880628
-2.563682 -3.400630 -0.043177
-3.011128 -2.889514 -1.076576
-3.180877 -2.532494 -1.415501
-3.343495 0.228971 2.430463
-3.545608 -2.424652 1.689855
-3.569860 -2.888184 -0.184119
-1.453430 -0.278441 2.973250
-3.442677 -2.824887 -0.684741
-3.754583 -1.755718 2.032396
-0.856471 -0.632426 2.844867
-2.957979 -2.433883 2.161849
-2.785635 -3.164974 1.222012
-2.963792 -2.409599 -1.679855
-3.084423 -3.072963 1.119820
-4.093506 -0.840705 1.942187
-3.184111 -0.030967 2.620135
-1.903876 2.455301 2.108361
-3.326665 1.127565 2.035964
-3.699831 1.197719 -2.059766
-2.497123 2.305395 -2.445438
-4.349222 1.055130 -0.471367
-1.880162 -0.612178 -2.998639
-1.745256 3.584368 -0.260544
-0.968951 3.444395 -1.145139
-3.642298 2.208893 -1.370176
-2.262577 2.300515 -2.555988
-1.423860 3.538490 0.438608
-0.271938 2.791984 -2.008977
-3.112003 -0.576342 -2.446653
-1.257865 3.330171 -1.498932
-2.086203 -0.881378 -2.819492
-1.291052 3.579941 -0.654977
-3.968511 1.604496 0.942960
-1.652575 -0.645489 -3.019220
-4.300642 1.211053 0.193925
-2.909613 3.001825 -1.168836
-3.376593 0.647012 -2.503356
-2.521201 -0.930564 -2.623481
-2.573264 3.235039 -1.022909
-1.914831 3.301843 -1.432629
-3.877235 1.260390 -1.779298
-3.967701 1.337327 -1.579893
-2.685315 0.071795 -2.927194
-2.787860 3.013720 -1.319528
-2.837865 -0.626200 -2.615567
-0.296269 -0.182727 -3.000947
-3.344960 0.905193 2.065428
-1.596780 3.140526 -1.831089
-2.846109 1.036182 -2.840273
-1.961513 2.223285 2.266497
-0.981433 -0.866638 -2.907843
-3.478175 2.683311 -0.723120
-0.614068 -1.163810 -2.647715
-0.395358 3.069398 -1.679088
-3.590503 2.613791 -0.447888
-2.438694 2.096789 -2.622617
-4.359031 0.870735 0.174381
-0.893936 2.745540 -2.305694
-2.936069 1.185593 2.313236
-0.910768 2.891424 -2.144410
-1.610208 3.588652 0.037525
-3.411064 -0.357821 -2.282661
-3.999859 2.043928 0.041919
-1.875005 -0.968373 -2.822016
-3.825358 2.246616 -0.785892
-2.627157 2.785504 -1.869272
-1.318958 3.415638 -1.296920
-3.370225 0.394688 -2.505646
-1.544999 -0.925517 -2.892490
-2.680929 0.995543 2.494912
-3.424262 2.502137 -1.324802
-4.057942 1.027525 1.105454
-1.952173 2.766287 -2.241351
-2.661301 0.778219 2.531135
-3.892413 1.924541 -1.205428
-2.371373 1.010414 2.624420
-0.290125 1.763667 -2.825771
-4.068946 1.829723 -0.758912
-2.569359 3.158547 -1.249116
-4.197600 1.641310 -0.086061
-2.010851 -1.220222 -2.623754
-4.101665 0.578402 -1.540849
-1.732204 3.244870 -1.618855
-1.607103 2.933192 -2.122896
-3.978436 1.578348 -1.384375
-3.902063 0.358609 -1.884462
-3.085630 2.760720 -1.420360
-4.245430 1.287193 -0.843957
-1.902753 2.932730 -2.058120
-2.059884 1.570842 2.574062
-3.184923 0.771487 -2.652676
-1.042119 3.586087 -0.474556
-3.742403 1.452849 -1.889477
-3.319543 2.808189 -0.818226
-2.961905 3.127812 -0.536103
-0.518632 2.989425 -1.876332
0.036688 -2.858641 -1.030025
-0.695872 -3.532118 -0.079797
-2.024842 -3.325234 -0.965819
-0.915612 -3.509311 0.466064
-0.076539 -2.657204 1.188069
-0.852198 -2.484524 -1.949489
-1.322212 -3.105812 -1.514024
-1.760003 -3.540779 0.330629
-1.547076 -2.757179 -1.825484
-1.200339 -2.097931 -2.167110
-0.576354 -1.860556 -2.089676
-1.695102 -3.482384 -0.797675
-2.024282 -2.871370 -1.595399
-0.357164 -3.328610 0.397186
-0.083622 -3.216210 0.115674
-0.384418 -3.394659 -0.339112
-1.484509 -3.561869 0.405783
-1.013081 -2.164183 -2.124778
-0.713934 -3.278089 -1.108736
-0.638330 -2.777919 -1.676036
-1.129285 -3.454635 -0.929417
-0.788099 -3.419948 0.643287
0.158421 -2.897185 -0.736265
-1.753771 -3.586904 -0.148434
0.220512 -2.967791 -0.154711
-0.231250 3.641417 1.147713
-1.262244 1.958393 2.714519
0.961318 2.319029 -2.209113
0.466491 3.686280 0.951048
0.939641 2.012614 2.897980
0.377562 2.236337 2.902647
-0.417396 3.749771 0.316344
-0.844276 1.879840 2.935454
-1.077491 1.726069 2.906013
-0.668376 2.392152 2.712811
-1.505610 1.930838 2.579344
1.830576 1.355646 2.687194
0.132463 2.894706 2.418348
0.286630 3.001697 2.296209
-1.348986 3.176522 1.410990
0.673581 2.860143 -1.862510
0.502572 2.484490 2.727286
-0.685597 3.623899 0.893357
-1.360881 1.137780 2.922289
1.829214 2.985399 1.364283
1.567043 2.922647 1.790088
-1.330199 3.286812 1.170633
1.142493 1.959682 2.849065
0.093361 2.602746 2.675793
-0.451412 2.102790 2.937659
0.876519 3.465172 1.376925
0.356000 3.256447 1.961453
1.419736 1.770827 2.803069
-1.315188 3.027256 1.717659
-1.322819 0.344715 2.945418
-0.608110 3.508103 -0.830363
-0.983821 2.859570 2.177807
0.409845 1.035485 -2.772488
-1.063760 2.941613 2.033913
-1.325875 2.830720 1.979243
0.376772 3.542968 1.426104
-0.206962 3.354469 1.803819
-0.632607 3.701890 0.425604
2.221722 2.742989 1.114733
2.063617 1.900692 2.272207
-0.079767 3.182452 2.079515
1.582559 0.902533 2.916114
-0.976410 2.294571 2.662939
-1.162943 3.476274 0.783132
-0.042103 -1.214510 2.612945
0.301124 2.005461 3.028238
0.163232 2.731468 2.569205
0.366246 2.796700 2.494705
-0.816393 3.642449 -0.032181
-0.297135 2.947753 -1.820823
1.420699 2.666121 -1.702101
-0.366158 3.288650 1.874366
-0.409763 3.595814 -0.702937
-0.111530 2.211639 2.925857
1.779316 2.440435 -1.632824
-0.798994 1.729798 -3.091527
-0.621617 1.329709 -3.219293
-1.896783 1.350733 -3.276087
-1.725941 0.473987 -3.425575
-1.137201 1.712842 -3.173426
-0.626724 0.942956 -3.316611
-0.761147 2.075084 -2.816498
-1.503199 1.808949 -3.122937
-1.186123 1.001719 -3.429400
-1.746147 1.530818 -3.239172
-1.435048 2.150174 -2.858806
-2.011795 0.875692 -3.350959
-2.534083 0.603945 -3.115274
-0.328882 1.101938 -3.150292
-2.529550 0.914985 -3.099690
-2.031351 0.582351 -3.355642
-1.054806 -0.115814 -3.300925
-1.705672 -0.542230 -3.070508
-2.109573 1.667770 -3.056219
-1.782075 0.673576 -3.422430
-1.000639 1.952155 -2.992421
-1.242553 -0.376231 -3.200861
-2.788898 0.627603 -2.921828
-1.527647 1.999625 -2.984185
-2.662796 3.294741 0.814296
-3.321859 1.722009 1.809328
-3.180946 2.955429 0.946065
-3.245845 3.025345 0.612077
-2.998401 3.230024 -0.007058
-2.053540 3.342828 1.033015
-2.732167 2.735633 1.652176
-3.676651 2.514344 0.747438
-3.175156 3.125199 0.311880
-2.429070 2.995503 1.510073
-2.834866 2.338975 1.893103
-3.856148 2.244891 0.643791
-2.672279 3.380588 -0.000575
-2.118089 2.574651 1.965259
-3.730650 2.561862 0.280876
-2.665484 3.365525 0.516678
-2.526147 3.382164 -0.281963
-3.280009 3.047380 0.071688
-1.804077 3.479729 0.568152
-2.695913 2.983618 1.393818
-3.433685 2.764498 0.863960
1.398520 1.116154 -2.650577
0.309725 -1.885556 -2.452573
0.961137 -2.969923 -0.605569
-0.086321 -1.701691 -2.442800
0.218117 -2.210729 -2.123779
0.771057 -2.927810 -0.878700
1.579453 -1.357570 -2.737881
0.870709 0.850854 -2.841700
0.868061 -2.282569 -2.165903
1.319098 -2.588083 -1.685228
0.487433 -0.007851 -3.033067
1.362313 -1.719088 -2.592631
1.643371 -0.912969 -2.878514
0.938668 0.548503 -2.953000
0.282406 -2.900444 -0.030077
0.508380 -2.308647 -2.097512
0.621175 -2.833931 -1.192433
0.987025 0.252711 -3.023891
1.095346 -0.109898 -3.060340
0.590838 -0.655197 -3.026217
1.173782 -2.178273 -2.253441
0.597374 -0.389559 -3.053829
0.430012 -2.625257 -1.613994
0.453097 -1.577554 -2.689070
1.082202 3.557577 0.921460
1.274887 3.539560 -0.837410
0.115463 3.857316 0.023522
0.016943 3.832197 -0.206343
1.600228 3.500775 0.378627
0.782823 3.853570 0.062759
0.587437 3.837191 0.394467
1.116831 3.415184 -1.179059
1.877366 3.335047 -0.059428
0.587018 3.869157 -0.209153
1.994112 3.147155 0.452372
0.716143 3.068501 -1.686779
2.073809 3.134151 -0.098598
0.218168 3.845937 -0.346658
-0.240550 3.772105 -0.024342
1.270064 3.716381 0.026454
2.057119 2.952893 -0.754462
-0.963634 1.102706 3.149383
0.604685 1.400079 3.302327
-1.093035 0.010674 3.009605
0.280441 0.512435 3.488130
-0.343236 1.423547 3.298377
-0.290451 0.950055 3.436495
0.684597 -0.183864 3.251766
0.932857 -0.492732 2.985396
-0.793259 -0.406776 2.989959
-0.158187 -0.775295 2.942850
-0.635957 0.151809 3.300883
-0.303345 0.187944 3.406655
1.270607 0.935931 3.142518
0.374822 0.056817 3.401198
0.376516 0.816320 3.475826
-0.847310 0.132308 3.200569
-1.182018 0.519521 3.057192
-0.551891 -0.267662 3.177680
1.153696 0.438976 3.223565
1.314590 0.712978 3.136277
-0.996386 -0.206258 2.980480
-0.114997 1.259042 3.395177
-0.533601 0.639308 3.396871
0.451903 -0.433147 3.180959
0.102086 0.871320 3.485980
-1.020638 1.278563 3.059013
4.438580 -0.688931 -1.970795
2.544122 2.241449 -1.692324
3.196825 -1.878751 2.457911
1.445753 -2.428036 -1.918531
3.734202 1.602688 -1.838772
3.142899 0.865067 2.772426
2.704438 -2.929340 1.436109
4.940149 -0.868950 -1.149240
3.784449 0.926017 2.426139
3.737418 -1.099759 -2.431025
2.327923 0.396668 -2.917648
4.172941 -1.824324 1.799033
4.419007 -1.879592 1.404146
4.498964 1.036910 1.654946
0.832859 -2.926113 0.551163
4.837113 0.697950 1.332019
2.656792 -1.357626 -2.736676
3.262288 1.612065 2.274717
2.385907 -2.442819 2.184889
3.993502 -1.173133 2.375176
1.436107 -3.076941 -0.755361
1.859731 1.240062 2.732728
4.596283 -1.853264 1.093706
2.915851 1.957518 -1.940238
1.976684 -0.462616 -2.968545
2.600307 0.494383 -2.871774
2.485973 -0.964250 -2.884526
4.966059 -1.554513 -0.046283
4.960509 -1.064523 -0.973989
3.575229 1.487687 2.202201
4.680070 -1.064690 -1.526931
2.058307 -2.156485 -2.302200
4.783589 -0.836281 -1.464690
5.178587 0.363196 -0.352823
3.584828 1.358552 -2.146283
2.431315 0.875637 -2.768625
4.583547 1.221409 -1.191161
3.867045 1.237229 -2.034263
1.960870 1.408644 -2.495408
5.257076 -0.420938 0.253848
3.719675 -0.720574 -2.541625
1.445487 -2.228910 2.266034
4.943036 -0.413853 -1.286466
1.317640 -2.876163 -1.187693
4.272276 -2.237828 1.117786
3.092245 -0.411166 -2.849983
5.149343 0.565280 -0.195653
5.190492 0.450107 0.074351
2.239040 1.385455 -2.521699
4.255206 -2.507676 0.147186
3.146625 -0.937756 -2.752164
4.753233 -1.471630 1.238246
3.550142 -1.018087 -2.561817
0.679569 -2.471477 1.496537
5.218650 -0.290692 0.618895
0.618061 -2.779559 0.672557
1.765162 0.199767 -2.922323
2.462140 0.048276 -2.962140
3.898407 0.159489 -2.445983
3.616954 1.058092 2.463269
5.024196 -1.158671 -0.686634
2.069817 -0.037810 -2.976388
1.946915 -3.247234 -0.393504
5.011520 -1.447244 0.256822
1.551508 -2.772453 -1.504208
4.515170 0.620984 1.893220
5.019516 -0.524920 -1.098412
1.764301 -2.736384 1.779191
2.726643 -0.993501 -2.844500
4.616833 -0.269103 1.960999
3.422337 2.148886 1.560322
1.759211 0.457568 -2.872574
2.493100 2.481485 1.454698
3.720683 -1.309924 2.507047
4.743267 1.423492 -0.358774
4.314825 -1.014208 -2.003615
2.800968 -2.232641 2.314555
2.176286 -2.838101 1.681555
5.248276 -0.203141 0.420072
2.905579 -3.120442 0.814605
2.448624 -3.284498 0.129845
1.998899 1.408635 2.647099
4.046507 -1.681373 2.046508
4.374028 -1.476997 1.842854
3.292073 -3.034834 0.662799
1.970437 2.331524 -1.575929
1.643388 0.754939 2.914192
4.786086 -1.881886 0.132393
1.849672 -0.937502 -2.882349
4.031907 -2.514429 0.990110
4.527719 -0.419634 -1.912919
2.831363 -0.620579 -2.896705
2.688269 2.161532 1.915929
2.154237 -1.007241 -2.886173
2.683883 -2.607426 1.946667
1.453989 -3.184833 -0.226489
2.600802 -2.019812 -2.379807
3.191512 -2.977590 1.007825
4.231187 -0.212670 2.369814
3.060518 -2.745315 1.601439
4.542326 -2.212093 0.135841
2.788035 -1.737027 -2.527683
1.560216 -1.824864 2.606857
2.280325 -0.443899 -2.977815
4.207697 -1.389618 2.081809
2.396729 -1.217026 -2.817661
2.036163 -3.279026 -0.180356
3.772635 0.846995 -2.322947
4.498569 -1.150030 -1.736618
4.922324 -0.039780 1.473592
3.507892 -2.747254 1.240332
1.805274 1.106001 -2.646964
3.965078 -2.443448 1.256064
3.005060 -0.174256 -2.879614
2.050448 -1.995160 -2.423595
3.298716 -2.483113 1.839854
3.266765 -2.894643 1.154083
1.929324 -2.428966 -2.040113
2.938730 1.057539 -2.601738
4.501147 -1.386856 1.740690
4.162584 -0.853236 -2.197528
2.902816 0.247122 -2.866758
4.632719 0.188486 1.892313
4.972380 1.018557 -0.315714
0.772176 -2.662213 1.260729
2.470996 -2.301995 2.314653
2.143598 -3.138856 -0.887110
4.662979 -0.855156 -1.643895
5.060467 -0.099992 -1.025502
4.969975 -1.361395 -0.608075
3.212208 -0.131208 -2.814548
4.016517 -0.450457 2.533100
2.342873 1.309487 2.712639
2.750095 -3.110251 0.968422
3.462678 -1.201347 -2.543988
3.035990 1.862500 2.143167
3.239505 -0.584227 -2.785457
5.084498 -0.114214 1.111073
4.212950 0.172592 2.349739
0.415230 -1.921174 1.891967
3.452071 -0.682620 -2.685407
3.927084 0.418268 2.520061
5.154549 -0.844070 0.631073
1.639312 -2.644760 1.871562
2.359684 2.289117 1.798128
3.097192 -3.131628 0.497886
2.725774 -0.229170 -2.941726
2.851151 2.360808 1.562281
0.527934 -1.654511 2.201197
4.811971 -1.291112 1.285244
4.328567 -0.226789 -2.131964
3.687428 0.222937 2.713440
3.799945 1.126029 2.305411
3.446144 -3.031004 -0.808275
3.605162 -2.909563 -1.036829
4.289676 -2.254538 -1.290782
3.333246 -1.589756 -2.441692
4.106133 -2.671772 -0.213312
4.498190 -1.617177 -1.530730
2.598052 -2.407250 -2.103464
3.193294 -3.013695 -1.154068
3.457818 -2.192821 -2.111240
3.061437 -2.907610 -1.454985
2.530010 -2.927932 -1.453901
4.507079 -2.239327 -0.298269
3.944499 -2.107715 -1.865200
4.307725 -2.399566 -0.974505
3.881980 -2.849721 -0.525663
3.241356 -3.057455 -0.973276
3.175637 -3.111731 -0.789324
4.341545 -1.861978 -1.611666
2.476094 -3.016758 -1.249729
3.461558 -2.910432 -1.206330
4.400227 -1.333893 -1.775965
4.543543 -1.940902 -1.171527
2.751287 -2.773550 -1.717570
2.871452 -2.911376 -1.492656
2.958874 -3.152211 -0.755158
4.003027 -2.688947 -0.968121
3.511252 -1.680152 -2.349863
3.013708 -3.085907 -1.033213
4.230705 2.141030 0.329819
2.997757 2.611204 -1.146193
3.432609 2.350850 -1.359001
3.183429 2.727108 -0.764828
2.782057 2.611587 -1.188826
4.235217 2.026352 0.573628
3.078219 2.673498 0.651359
4.301321 2.147372 -0.103721
4.141375 1.955326 -1.169140
3.216370 2.171130 -1.667475
2.677131 2.482809 -1.401721
2.830545 2.791130 0.403200
3.363513 2.702848 -0.661250
4.008728 2.421476 -0.161971
3.005140 2.844471 -0.030984
3.765200 1.854078 -1.648695
2.766338 2.851679 -0.450179
2.956243 2.214675 -1.693231
1.913869 -0.191541 3.260365
1.987020 -0.922290 3.218872
3.491119 -1.399222 2.642753
2.044345 -1.584611 2.935847
3.009429 -0.608807 3.172970
3.776888 -0.586634 2.705770
2.757234 -0.744813 3.227062
1.407750 -0.363016 3.113759
1.284024 -1.331057 2.813057
2.070870 -1.230684 3.127548
1.207908 -0.804432 2.967720
2.241760 -0.568124 3.297921
2.413480 -1.531814 2.982916
2.819613 -1.222431 3.073547
3.020910 -0.850864 3.129475
1.729526 -1.432764 2.957669
1.043791 -0.972450 2.811009
2.870979 -0.456167 3.226023
3.276621 -0.650145 3.053115
1.885061 0.444909 3.088500
3.452947 -1.218163 2.776220
1.261870 -1.081249 2.916476
3.193702 -1.268106 2.908543
2.744376 -1.542480 2.924311
-4.164134 -1.565667 -1.913940
-5.048224 -0.601612 -0.914186
-4.623531 -2.195506 -0.878204
-4.978219 -1.663125 0.577289
-5.067337 -0.998134 -0.882708
-3.610490 -2.530772 -1.573545
-5.135546 -0.345166 0.303185
-3.544886 -2.200693 -1.903879
-5.127861 -1.487836 -0.068936
-5.022387 0.006275 -0.482851
-4.731781 0.432799 -0.748220
-4.283378 -1.418685 -1.874473
-5.201612 -1.108008 -0.050490
-4.765505 -2.119883 -0.637030
-3.903527 -0.973019 -2.200362
-4.016974 -2.889403 -0.419352
-4.927268 -1.885478 0.399102
-4.239380 -0.785935 -1.996592
-3.968635 -1.672275 -1.999300
-4.555449 -2.453409 -0.436732
-4.887708 -0.034518 0.839969
-4.740399 -0.845823 -1.499440
-5.023890 -1.688087 0.348788
-4.260976 -2.755130 -0.175440
-4.982419 -0.290080 0.809592
-4.192618 -0.583155 -2.013892
-4.042432 -2.306750 -1.517521
-4.085548 -2.877528 -0.134858
-4.717719 -1.548187 1.218334
-4.314195 -2.622164 0.524237
-4.668127 -0.079384 1.445977
-2.123589 -2.614372 -2.185165
-2.014972 -0.735868 3.347086
-4.560263 -0.720859 1.805830
-1.991817 -2.373743 2.864672
-0.947849 -1.516714 3.095430
-0.754359 -2.084898 2.791905
-3.587504 -0.554932 2.832016
-3.757085 -0.731424 2.716329
-3.678802 -1.722234 2.563079
-0.608873 -2.277323 2.605300
-4.214726 -1.235367 2.219894
-4.110768 -1.792636 2.110475
-3.063235 -2.230501 2.679416
-4.519486 -1.925633 1.329109
-1.914397 -2.106575 -2.518173
-2.936080 -1.514467 -2.551307
-2.644619 -1.388402 3.176945
-2.985820 -2.542163 2.494034
-3.202188 -2.021126 2.729051
-0.935090 -0.697647 3.202974
-3.363363 0.707447 2.572162
-3.134400 -2.626482 2.340183
-3.480544 -2.874900 1.788426
-1.097814 -3.265727 1.824360
-2.911281 -1.145948 3.140803
-4.300380 -2.578225 0.763268
-1.053428 -1.884613 2.998523
-2.093497 -0.970384 3.331911
-2.770427 -3.169173 1.916635
-3.891667 -2.597905 1.665011
-4.608737 -1.746862 1.292656
-4.054375 0.175634 2.272401
-2.332604 -2.992980 2.299792
-3.817010 -3.114479 -0.035156
-2.346122 -3.211839 2.022780
-2.615799 -1.916503 -2.509535
-2.549632 -2.775925 2.463768
-0.894637 -3.370888 1.503657
-4.367900 0.448250 1.688476
-0.162216 -2.860435 1.680910
-3.464156 -1.492419 -2.296935
-4.307361 -2.329857 1.296487
-1.632900 -2.480901 -2.283654
-2.137915 -3.011864 2.312501
-1.527220 -1.966905 -2.562551
-3.542138 -3.324941 0.375684
-3.093196 -0.143388 3.045196
-3.096227 0.386464 2.881057
-2.239870 -2.279213 -2.399987
-1.536952 0.047027 3.236313
-1.615858 -0.639377 3.338137
-3.392615 -0.057215 2.875036
-2.431719 -2.904805 -1.870134
-4.772357 -0.443114 1.329753
-4.656112 0.462020 0.970441
-0.102407 -2.146375 2.346959
-3.655630 0.373475 2.546912
-3.891646 -1.633137 2.420453
-2.474287 -2.228639 -2.387083
-2.035770 0.121239 3.231980
-3.570628 -1.463872 2.736644
-2.364504 -3.237212 -1.481056
-4.186598 -2.130440 1.757569
-1.643864 -3.526993 1.526965
-1.307009 -3.386384 1.709718
-1.266917 -1.107130 3.263360
-1.502282 -0.326846 3.303016
-4.303082 -2.227008 1.449239
0.070447 -2.551587 1.807670
-2.203878 -3.187124 -1.587713
-3.734482 -2.845855 -1.019913
-0.673700 3.741743 -1.187629
-3.846968 1.181841 1.989921
-0.329429 3.175222 -2.131109
-3.880996 1.954475 -1.992816
-4.702175 0.787543 0.237635
-1.334094 3.518551 -1.880352
-2.903009 1.272879 2.712490
-0.129172 1.639749 -3.204525
-4.453376 1.794907 -0.794267
-3.608756 1.238319 2.218480
-3.554923 2.128613 1.822511
-2.411270 2.044973 -3.081136
-0.898391 2.172433 -3.175913
-1.450324 3.912827 0.278688
-1.484976 3.737885 -1.397402
-3.352394 -0.012648 -2.903136
-2.871428 0.652479 -3.254864
-3.363811 0.765584 -2.944970
-4.538494 1.691272 -0.021522
-4.141619 1.512824 -1.891960
-2.604339 1.689795 2.724091
-2.042259 2.343163 -3.023535
-1.875411 3.307329 1.698012
-3.645586 -0.741544 -2.360150
-1.742815 1.135481 3.105071
-4.347667 0.905722 1.327984
-1.953993 3.557125 1.246170
-2.202804 -1.550157 -2.750368
-2.635541 -0.288869 -3.249973
-1.303759 2.247677 -3.166638
-3.740723 2.213342 -1.964194
-1.572808 3.872277 0.471296
-3.536686 3.048438 -0.931343
-1.727979 -1.483780 -2.916287
-1.983695 3.875552 0.092006
-3.820502 0.596953 -2.546649
-0.806498 3.514158 -1.800086
-3.936010 0.184760 -2.386753
-2.425540 3.772611 -0.312448
-1.756939 3.305433 -2.170285
-3.942682 2.738049 -0.330078
-4.036215 2.342349 0.824094
-2.167050 3.665087 0.867548
-1.788747 2.020277 -3.253777
-0.778845 -1.064454 -3.158361
-1.369561 3.620039 -1.684028
-3.833635 0.834516 -2.515628
-3.334896 3.240187 -0.817341
-2.403814 2.220997 2.544493
-2.803322 0.964254 2.821534
-1.755103 3.902438 0.179015
-3.387844 1.385796 -2.804039
-3.618153 2.875443 -1.207854
-3.570140 -0.556942 -2.536376
-3.097110 3.462517 -0.274868
-0.554867 3.137356 -2.282802
-3.168181 1.681482 2.415262
-1.114489 3.882916 -0.860155
-4.070936 2.395014 0.622903
-1.982027 3.825652 -0.875154
-2.207575 -0.099767 -3.442945
-0.305785 1.972326 -3.130298
-3.833990 1.685597 -2.235379
-3.338930 2.968732 -1.534213
-2.443554 1.640366 2.806216
-3.346484 3.112729 -1.209870
-0.022027 0.708790 -3.349847
-3.334804 3.187644 -1.018170
-3.019317 3.093656 -1.730753
-3.163829 -0.013400 -3.034475
-4.316121 0.247563 -1.838556
-2.039581 3.876079 -0.082089
-2.147636 -0.732338 -3.263610
-4.293727 -0.062330 -1.791011
-4.410789 1.949849 0.207994
-4.694944 0.665141 -0.768908
-1.921808 2.224813 -3.122461
-1.759443 2.408107 2.597181
-4.395316 1.613842 -1.271445
-3.302461 2.292475 -2.384276
-3.866581 2.819109 -0.017471
-4.255866 1.313349 1.356305
-3.624094 1.863378 1.931072
-4.138949 1.999060 1.059668
-4.000481 2.103476 1.222154
-3.070959 3.384637 -0.956116
-1.284975 2.050315 -3.271486
-3.626034 0.345304 -2.729853
-1.203101 3.928552 0.148121
-3.479581 3.190088 -0.380371
-2.371046 3.772406 0.133315
0.135956 2.033530 -2.899911
-0.616242 -1.665619 -2.693895
-2.466031 1.234083 -3.355406
-2.743720 3.633311 -0.529120
-1.029492 3.824718 -1.085158
-3.687472 2.595842 -1.590048
-3.062419 3.241668 -1.386718
-4.621217 1.185069 -0.853874
-2.349558 1.335725 2.930708
-0.845671 -0.314348 -3.470586
-4.162609 1.129255 -2.027746
-3.342047 -0.454797 -2.778590
-4.568875 1.485375 0.300629
-2.640455 3.692121 -0.311906
-1.763857 3.014553 2.085057
-0.970604 3.760398 -1.280814
-2.206635 1.834050 -3.247825
-3.261436 0.510235 -3.025937
-0.294409 2.530111 -2.779238
-4.352675 1.653754 0.909903
-2.987287 3.513983 -0.492743
-0.957811 2.569569 -2.929457
-4.577818 1.132681 0.644581
-0.539106 2.491247 -2.894804
-2.920352 -0.275458 -3.115645
-3.734313 2.401697 -1.772833
-2.573704 2.157655 2.511318
-4.552619 0.270785 -1.301702
-4.429739 0.596158 -1.641643
-1.793200 -1.711741 -2.717067
-4.346884 1.528299 -1.474413
-2.183946 3.587394 1.057605
-2.502778 3.680464 0.428000
-3.766255 2.934503 -0.252671
-2.851067 3.529453 -0.862270
-2.067739 3.662025 -1.384927
-0.734440 3.245279 -2.203820
-1.628235 -3.687804 -0.970194
-0.455078 -3.701965 -0.096164
-0.553206 -3.216598 -1.552654
-1.985294 -3.683007 -0.762224
-0.975037 -2.411355 -2.282876
-1.078355 -3.804394 0.383564
-0.766829 -3.596161 -1.060179
0.183065 -3.278244 -0.534795
-0.573313 -3.623158 0.629488
-0.209445 -3.551015 0.294345
-0.726244 -2.082224 -2.344434
-0.890114 -2.168658 -2.357498
-2.017042 -3.452989 -1.269260
-0.224653 -3.130353 -1.435014
0.221848 -2.868972 1.069274
-1.010517 -3.647565 0.847562
-0.477483 -2.705583 -1.975096
-0.918417 -3.827604 0.045216
-1.380283 -3.839966 -0.471745
-0.243287 -2.675404 -1.869963
-0.010122 -3.354967 0.565501
0.008380 -3.069411 -1.286754
0.343605 4.114810 0.465810
1.809622 2.987559 2.121753
0.592658 -1.248671 2.971029
2.092129 2.781560 2.075996
2.311733 2.999285 1.457196
0.421632 3.616766 2.020972
0.706641 2.383672 -2.650517
0.611914 3.426745 2.258384
-0.455589 4.083247 0.445238
-0.739469 2.323922 3.144145
1.186739 3.463937 1.949825
-0.245812 1.992550 3.395082
-0.539593 1.634926 3.472941
-1.586166 2.513280 2.621489
0.618886 2.258534 3.244668
2.282398 2.781730 1.840689
0.123661 2.900526 2.872592
-0.626888 4.056379 0.300659
-1.160975 -0.297454 3.247334
-0.798231 1.272512 3.493847
2.307885 3.301586 0.229248
-1.285746 2.777306 2.600599
-0.280333 -0.630920 3.348638
1.008919 2.723076 -2.340421
0.860793 3.421204 -1.673784
-1.031776 2.651858 2.829794
1.620715 3.117379 2.125588
-0.884108 3.896380 1.035428
-1.655374 1.295812 3.122166
0.381458 -1.513121 2.790888
2.479817 3.115995 0.608652
-1.520840 2.797972 2.427212
2.027932 2.758992 -1.659242
0.564819 3.122246 -2.114104
0.377764 2.101892 3.352193
-1.019848 3.806975 1.196352
-0.837135 3.791362 1.417378
-0.432723 3.744531 1.743400
-0.168457 2.717759 3.002740
-0.029361 3.452027 -1.781497
-1.498072 2.198216 2.883650
0.389224 1.926180 -2.913648
-0.360952 1.807261 3.449416
-0.883274 3.571440 1.855439
1.438322 0.317819 3.344959
-0.530606 -0.522698 3.354947
-0.427974 3.541976 2.098794
-1.682105 2.205006 2.759877
2.158772 3.264343 1.166955
0.639447 2.924258 2.792615
1.082466 3.609365 1.763682
0.157288 2.497756 -2.649539
-1.305619 1.374239 3.291276
-1.128324 1.909345 3.205498
0.518573 2.738883 2.963894
1.039196 1.310056 -2.956126
0.582917 3.145491 2.595990
1.689031 3.442062 1.531649
2.275651 2.928931 1.640245
1.205905 1.715557 3.308994
0.730973 2.111438 3.293555
-0.571325 3.193819 2.506290
-1.557272 1.811313 3.030680
-0.101907 -1.729945 2.592983
1.605775 3.220968 -1.489150
0.227637 -0.981166 3.188248
0.032493 3.288826 -1.985264
0.843398 2.002350 -2.805600
1.089791 2.988929 2.588897
1.804638 3.617838 0.766468
0.163035 3.991511 1.216719
0.914552 3.850335 1.322276
-0.313127 4.074849 0.729516
1.711850 2.868596 2.337185
-0.634309 -0.805548 3.201598
-0.567130 3.784084 1.603714
1.106972 1.214827 3.460331
0.565847 4.056473 0.774616
-0.312257 2.895814 2.846981
-0.127194 4.117302 0.483187
-1.119661 0.734831 -3.691554
-1.254665 -0.237895 -3.531322
-0.454793 1.441207 -3.383959
-1.579913 0.078002 -3.624429
-1.758946 0.430428 -3.660480
-1.537291 1.351757 -3.593406
-0.849776 0.955504 -3.630819
-1.598811 1.600746 -3.495991
-2.170127 0.958192 -3.541996
-1.760333 -0.159026 -3.527283
-0.376486 0.425861 -3.483590
-2.108414 1.278089 -3.496459
-1.066651 1.654291 -3.466035
-1.617691 0.890657 -3.678606
-1.977352 0.042280 -3.541610
-3.624829 2.902001 0.921545
-3.442691 3.217255 0.396802
-2.965413 2.747310 1.856123
-3.728087 2.927388 0.502491
-3.273028 3.180867 1.000969
-3.792884 2.536746 1.157150
-3.726482 2.958445 0.118726
-3.014125 3.453001 0.653268
-3.708465 2.758787 1.007419
0.729904 0.538615 -3.268718
1.147354 -2.315313 -2.549522
-0.431016 -1.500084 -2.776129
-0.136067 -1.564888 -2.880586
0.889163 0.007213 -3.365479
-0.176082 -0.926000 -3.104761
0.962537 -1.167519 -3.232833
0.382561 -3.080248 -1.322928
0.954858 0.293089 -3.326735
0.517270 -0.120477 -3.351682
1.389774 -1.851736 -2.868485
1.386157 -0.291411 -3.333710
1.063450 0.111966 -3.349313
0.940336 -1.642917 -3.036879
1.101690 0.928633 -3.130462
0.673878 -1.704040 -2.997023
0.294411 -2.088676 -2.683726
0.858152 -2.754338 -2.057087
1.419250 0.831128 -3.126725
0.584160 -2.345306 -2.517147
1.231019 -2.111138 -2.713092
0.121632 -0.318965 -3.278991
0.682527 -2.108382 -2.732614
2.103806 3.227935 -0.873373
1.359148 3.865311 -0.589987
1.226064 3.831573 -0.853715
1.398423 3.912923 0.191581
1.786862 3.453409 -0.995790
1.336517 3.881811 0.522930
0.647570 3.883318 -1.043692
1.660807 3.784575 0.118811
1.554790 3.674366 -0.862163
1.932462 3.589162 0.204550
0.917892 3.792269 -1.137295
1.427541 3.910035 0.008784
0.945693 0.606519 3.591244
-0.455453 0.794195 3.663242
-0.648029 0.765292 3.608669
-0.045342 0.782023 3.728396
0.762386 0.974630 3.626670
-0.082252 0.536832 3.727190
-0.063193 1.081761 3.690636
-0.485554 -0.010089 3.566604
0.249671 1.506220 3.573924
-0.595251 0.478685 3.623140
3.809258 -1.059441 -2.809519
3.969825 0.475190 2.894179
3.317657 -2.253603 -2.426227
3.310894 -1.655826 -2.810894
4.162010 -2.956534 -0.502435
1.566713 0.968440 -3.040596
5.040458 -2.113310 -0.012267
3.779434 2.163840 -1.753094
2.511293 -3.278406 1.558251
4.804692 -1.873422 -1.385749
4.213616 2.370447 0.941382
5.051289 1.447442 0.878614
3.233280 -1.951501 -2.675524
4.020850 -2.932423 1.071579
4.579040 -2.669419 -0.023199
5.579268 0.206903 0.083534
4.496622 2.208701 0.668570
3.546607 -2.951005 1.619713
5.474676 0.434096 0.739122
2.820827 0.555966 3.323726
4.131073 -2.326489 1.941100
5.368513 -1.323390 -0.546942
2.077849 -2.729340 2.380388
3.714256 0.400443 3.055469
5.013663 1.523185 -0.699908
1.356072 -2.555855 -2.259369
5.513265 -0.122260 0.863445
0.904393 -1.919849 2.723682
2.217566 -2.742338 -2.221612
2.749546 -2.540434 2.513284
5.255240 1.215157 -0.342026
4.148330 2.501390 0.631250
3.434867 2.526760 1.633159
1.301040 -2.820945 2.085999
2.429722 -1.681263 -2.994668
3.816886 -3.188111 -0.423543
5.513872 0.399233 0.553707
5.184919 -1.022938 1.515195
3.731555 2.009676 2.124208
4.984108 1.667073 0.561620
1.569418 -1.823027 -2.863302
1.835072 -2.377284 2.687441
2.273105 -0.450209 -3.318370
4.295989 0.612853 2.620241
1.666458 -2.150603 -2.681773
4.629495 -2.608439 0.320976
1.160226 -2.030497 2.764206
1.507050 -2.140298 2.801140
4.209229 1.076501 -2.341757
4.623141 1.071628 2.079507
2.989191 -2.038265 -2.700043
5.099854 -0.652898 -1.664353
5.386483 0.925548 0.408706
4.942851 1.743509 -0.336268
2.071580 -3.033998 -1.850438
4.971105 -2.214725 0.138667
4.713388 1.414845 1.675101
5.469424 -1.049954 -0.434231
1.709336 -3.559069 -0.434146
4.453486 -2.704916 0.718329
1.650114 -3.236966 1.568735
1.974773 -2.947439 2.110186
5.206545 0.356106 -1.415897
4.443326 -2.783452 -0.183288
1.999234 -3.490868 -0.880997
2.936516 3.013865 0.765250
0.422982 -2.450189 1.935377
0.377816 -1.936500 2.379226
3.908773 -2.266458 2.204556
5.295321 -1.137146 -1.027646
2.537266 -3.372098 1.341813
3.515759 0.823195 -2.880711
5.486475 -1.100021 0.324710
4.848554 -2.296486 -0.505392
5.071687 0.483211 -1.612417
2.313038 2.173163 2.472540
5.411007 0.758359 0.635722
1.538527 1.501253 -2.771715
3.312328 0.461324 3.213651
3.518613 2.781982 0.936364
3.906023 0.874731 -2.654682
3.952684 -2.896307 1.270367
4.003521 1.717114 2.201967
2.666981 -3.114145 1.822554
2.153250 0.857868 -3.145127
4.601633 -0.336500 2.486698
2.812715 -3.532331 0.638551
3.633903 -0.656723 3.131713
5.596518 -0.512342 0.107210
5.194869 0.877304 -1.110272
5.119786 0.581088 1.628717
4.291112 -1.216044 -2.427323
1.440532 -1.702071 3.043512
5.133308 -0.815797 1.706623
2.781634 -0.486517 -3.267623
2.272876 2.700369 -1.641209
4.788805 0.219025 -2.092421
3.054894 1.710734 2.731036
4.250882 -1.477701 2.491021
4.036822 1.584483 -2.141016
5.547242 -0.458785 -0.525429
0.777465 -2.997209 1.445553
0.658667 -1.785536 2.672928
5.133860 -0.215285 1.805999
5.604842 -0.208480 -0.071258
3.971463 1.259148 2.568041
2.777064 2.907965 1.240897
2.623294 1.451523 -2.849025
1.031560 -2.142663 2.630460
3.428841 0.680155 3.112761
5.539629 -0.910432 0.013470
3.966899 -2.737176 1.558391
2.754054 2.785351 -1.389580
3.212101 -1.696222 2.975050
3.823792 -1.315096 2.863716
3.428764 2.193962 -1.968526
1.240810 -3.417413 0.776551
1.677366 -2.107006 2.861988
1.065429 -1.578223 2.980830
3.960577 1.999926 1.943941
1.530942 -3.560266 0.275784
5.010167 0.867698 1.653194
2.506912 2.790906 -1.448256
2.803315 -2.923988 2.067192
5.441905 -0.049527 1.107590
4.944335 1.570965 0.975896
2.437780 1.879976 -2.578450
3.518274 -2.723839 1.983710
3.907613 -0.017861 3.010917
2.680142 -1.620792 -2.994275
3.387012 1.793459 2.535360
3.164110 2.124535 2.328266
3.014233 -0.000038 -3.220555
5.576412 -0.520639 -0.289530
1.374097 -1.374219 3.166971
3.694370 2.566495 1.301109
5.306181 -0.812545 1.349866
4.707987 -2.513963 -0.263887
1.631173 1.668369 -2.683813
3.402779 -1.805458 2.842666
3.261676 -0.007349 -3.150483
2.985251 -2.200803 -2.588462
4.401461 -0.970905 -2.417157
4.684219 1.841249 -0.984126
0.742527 -1.236241 2.973932
1.039803 -0.736432 3.227445
4.693085 -0.694966 2.348483
3.009233 -3.344280 1.190954
1.832542 -3.065818 1.918742
2.791379 -2.382115 -2.496328
4.182599 -1.205641 2.666068
4.022932 -1.797351 -2.339067
4.240025 -2.960450 0.086753
4.367598 -1.248973 2.496377
5.576722 -0.566452 0.393309
5.140230 -1.954287 0.141901
2.256979 -2.408579 2.687752
3.825418 -0.912163 2.987036
2.257457 -0.013158 -3.318274
4.844390 1.743074 0.910228
2.189215 -3.324506 1.492382
4.143157 -2.937252 0.788565
4.330092 0.775472 2.531176
1.908732 0.854542 -3.132782
0.763801 -3.311296 0.159718
1.849202 -3.407069 1.242867
2.280812 0.303765 -3.282182
1.745125 1.471537 -2.830189
1.575051 -1.530524 3.153047
1.946588 -3.609583 -0.242539
1.332859 -2.640546 2.311312
2.558312 -3.600467 0.401922
4.717721 0.677876 -2.030406
5.016442 -0.320657 1.988711
3.372041 -2.011234 2.729012
2.503818 0.745503 3.316401
5.022920 -0.032925 -1.822130
3.852884 2.651437 0.799434
4.641554 -1.648119 -1.833642
4.290345 0.743634 -2.429313
3.863504 0.978144 2.785065
3.465224 -1.172988 -2.942253
2.282645 -1.242346 -3.172172
1.660319 -3.430645 -0.947852
5.048663 -1.508498 -1.292522
1.924777 -3.541620 0.810743
1.416581 -3.512965 -0.356064
4.238565 -2.521329 -1.559397
3.327957 -3.180573 -1.318357
3.463042 -2.340327 -2.315334
4.068709 -2.196341 -2.055713
3.603308 -3.218749 -0.878250
3.917170 -3.086200 -0.763089
4.397253 -2.417121 -1.463183
4.383854 -1.985286 -1.893061
3.021993 -2.683509 -2.158052
4.263335 -1.937851 -2.048524
3.515833 -2.970612 -1.612187
3.556826 -2.710318 -1.942008
4.328577 -2.629556 -1.235627
3.789848 -3.045175 -1.191471
2.967033 -3.020455 -1.761412
3.825399 -2.624458 -1.860530
4.372598 2.415210 -0.314893
3.885311 2.593612 -1.051968
3.187594 3.059240 -0.201559
4.258991 2.094992 -1.339829
3.318300 2.972559 0.338279
3.373304 3.010809 -0.245154
3.478626 2.949032 0.197454
3.209278 3.023798 -0.544808
3.575235 2.934101 0.024419
4.175320 2.593931 -0.078948
2.810632 3.108347 -0.113044
2.990594 2.932003 -1.025309
3.237114 2.578394 -1.570409
4.020984 2.705999 -0.255326
3.210982 0.060584 3.314166
3.387225 -0.584567 3.274307
2.467955 -0.945691 3.476416
2.290930 0.196758 3.468595
2.468255 -0.469411 3.537706
2.688435 0.111012 3.455844
1.918529 -0.944929 3.452462
1.744577 -1.190307 3.344363
2.671866 -0.148041 3.501310
2.885686 -0.585706 3.463923
1.704106 -0.884308 3.420717
2.456857 -1.793965 3.094318
2.490639 0.030147 3.497260
-5.121564 -1.915723 -0.773683
-4.271840 -0.919355 -2.265940
-5.159356 -1.466764 0.979248
-4.936829 -0.710954 -1.632047
-4.107168 -2.395667 -1.764385
-4.622210 -2.137245 -1.489659
-4.250549 -1.331663 -2.226402
-5.268440 -1.385002 -0.878513
-5.073224 0.425932 -0.584060
-4.848983 -2.280350 -0.941529
-4.639019 -1.196887 -1.941335
-5.455136 -0.773251 -0.016004
-4.752417 -0.240011 -1.755751
-5.295035 -0.598679 -0.940630
-5.391897 -0.263574 -0.014267
-4.215499 -2.681193 -1.340882
-4.602127 -1.873570 -1.712821
-4.669909 -2.608902 -0.706128
-4.877604 -2.245064 0.802458
-4.883417 -1.656106 -1.490919
-5.287973 -0.050172 -0.549199
-5.296306 -1.180336 0.775166
-5.011621 -1.692776 -1.259108
-5.405598 -1.350695 -0.148211
-4.733269 -0.746046 -1.877522
-5.164054 0.149700 0.624911
-5.167367 -0.243167 -1.106152
-5.381783 -1.234823 0.419305
-4.705631 -1.928061 1.719382
-4.048379 -3.287950 0.784488
-3.498410 -2.347147 2.766372
-2.359281 0.383311 3.443559
-0.159420 -3.043452 2.048944
-2.780864 -3.062619 2.549906
-4.231590 -2.279657 2.156756
-3.412778 -3.404892 1.672567
-3.510888 -1.607610 3.107159
-4.328403 -1.361621 2.531796
-2.518297 -3.846608 -0.930111
-3.455130 -1.792860 -2.573858
-1.245053 -3.796087 1.559506
-1.745671 -4.116932 0.122347
-2.948935 -2.926245 -2.112013
-2.016708 -3.025939 2.751063
-3.297518 0.094736 3.244302
-1.151830 -2.308097 -2.674172
-1.181041 -3.616770 1.894265
-2.093334 0.112507 3.552047
-1.961042 0.243195 3.522640
-0.892826 -3.462060 2.008749
-0.497619 -1.993973 3.092104
-4.634258 -1.539591 2.080728
-3.447172 -2.519974 -2.178729
-5.155220 -0.240936 1.069819
-1.810848 -3.572786 2.104621
-3.526350 -2.504714 2.637607
-2.065946 -2.547215 3.118067
-2.383391 -0.645904 3.621993
-3.292788 -3.814971 0.260564
-4.966161 -0.138245 1.579698
-4.917582 -0.314575 1.745652
-3.538104 -3.680628 0.498999
-4.884949 -0.740353 1.859770
-1.360565 -0.407476 3.606767
-4.928978 -1.623274 1.472638
-2.969260 -1.562726 3.367108
-3.187019 -1.852723 -2.685043
-0.988443 -3.785762 1.427795
-0.664019 -2.246047 3.042786
-2.705127 -1.378989 3.490607
-3.294401 -3.156300 -1.660189
-2.401084 -4.059164 0.639333
-1.522080 -2.705183 -2.493507
-3.911177 -1.387545 2.903732
-3.066543 -3.820726 0.993780
-1.803219 -4.100271 -0.126058
-4.664911 -2.662418 0.498595
-4.605914 -2.712133 0.686704
-2.696762 -3.416596 -1.658750
-5.153995 -1.005382 1.153264
-2.962782 -0.535932 3.478522
-2.188732 -0.725158 3.646035
-3.038434 -0.323707 3.433374
-3.580307 -3.660586 0.053491
-3.691225 -2.203275 2.723908
-4.174602 -2.707769 1.791071
-3.350833 -3.048637 2.250483
-0.402803 -3.063227 2.230251
-2.038038 -0.499883 3.649844
-3.866716 -2.605081 2.273181
-0.988782 -1.214973 3.503287
-4.771452 -0.485572 2.041776
-2.850412 -2.594529 -2.421920
-3.250802 -1.379596 3.299782
-3.767089 -0.992715 3.075750
-3.167477 0.344008 3.225499
-2.728898 -3.943743 0.929116
-1.764019 -4.117160 0.389245
-3.651113 0.539490 2.880988
-0.534990 -2.881407 2.511905
-3.758989 -3.144066 -1.225640
-0.482599 -2.565516 2.748716
-4.238478 -1.746114 2.484188
-2.847561 -3.172631 -1.902672
-1.131193 -2.603719 2.986994
-3.431399 3.479655 -1.242478
-2.589023 3.844046 -1.481037
-1.606231 4.262300 0.162751
-4.854419 0.268788 -1.471913
-2.716740 2.685453 2.526013
-4.738415 2.073685 -0.581859
0.220226 1.187747 -3.558492
-4.003171 1.232927 2.317129
-4.097250 2.934155 0.625650
-0.531807 0.660755 -3.869925
-1.027511 3.084575 -2.953755
-2.682728 3.696514 -1.735757
-4.542193 1.832781 1.229167
-3.065207 3.591230 1.112279
-2.084950 1.814600 3.220553
-4.302220 2.470273 -1.460917
-3.074483 2.286123 2.603734
-0.946267 -1.514992 -3.312411
-2.670835 2.161686 2.882536
-2.130416 2.384260 -3.383429
-3.053686 0.777181 -3.537597
-5.025415 1.193934 -0.275287
-3.000530 3.491409 1.389516
-2.164165 4.069099 0.747478
-2.170321 1.494233 3.302764
-2.434317 3.910684 1.007923
-2.986720 2.522942 -2.939373
-4.627781 2.275307 -0.684641
-1.948309 1.671393 -3.736625
-0.382110 3.277677 -2.593999
-3.113974 3.841846 -0.083684
-1.374820 4.242394 -0.822769
-1.238449 1.058615 -3.924262
-4.552447 2.427037 0.178466
-4.304352 -0.453462 -2.269387
-3.655262 2.368821 -2.529093
-4.060187 0.649593 -2.786633
-3.814910 0.080031 -2.985627
-3.650867 3.490019 -0.083768
-4.500937 0.865565 -2.196718
-4.724336 2.015284 0.412690
-0.617389 -1.587093 -3.201893
-0.987979 4.145626 -1.191943
-1.757693 2.392916 -3.448736
-3.336916 3.430958 1.088870
-3.603690 2.822820 1.706003
-4.992372 1.184866 0.286672
-1.398331 4.266019 0.210974
-1.071556 -0.522277 -3.792639
-1.002744 4.275565 -0.279159
-4.872732 1.590753 -0.881513
-1.285660 3.019338 -3.029831
-2.612455 -0.177821 -3.661227
-0.070780 0.382500 -3.733723
-3.526746 1.724778 -3.019388
-3.159386 0.925508 -3.467198
-2.767033 3.138933 -2.513700
-2.415034 0.794697 -3.794570
-3.861989 3.050729 0.957779
-4.186513 2.932806 0.250942
-0.962801 1.525440 -3.811275
-1.098453 -2.010385 -2.934253
-0.956502 4.211509 -0.885843
-0.991400 -0.114897 -3.883733
-1.591718 4.063468 -1.481326
-3.970018 2.146065 -2.349843
-4.273232 1.216063 -2.445191
-4.694652 1.819960 -1.285273
-2.681756 0.450932 -3.710382
-1.515682 -0.780079 -3.710864
-5.011641 1.251542 -0.055990
-3.390880 -0.991513 -2.941790
-4.089873 2.956304 -1.026538
-1.539417 3.537133 -2.463858
-0.313470 1.539610 -3.677750
-0.087473 -0.110064 -3.681121
-3.507633 2.486833 2.135442
-3.536406 2.275076 2.269458
-4.231938 1.741301 -2.273711
-2.068856 3.404489 2.085904
-2.308285 3.430105 -2.403327
-2.266289 -0.723571 -3.612399
-2.044904 2.491292 2.898974
-1.653078 -0.335286 -3.840229
-2.189272 2.624646 -3.215312
-2.477965 4.100183 0.099157
-3.104086 1.991420 2.747411
-1.250080 4.230942 0.443235
-3.477566 3.547375 -0.890067
-2.243478 -0.981371 -3.510313
-1.810262 3.999031 -1.591971
-3.415585 2.200031 -2.859850
-3.507190 1.967550 2.480052
-4.418820 2.269295 -1.471695
-1.320487 -1.322055 -3.457118
-4.571409 -0.067890 -2.001073
-4.489451 0.183223 -2.205702
-1.347061 -0.416921 -3.832715
-3.451855 3.411633 0.942841
-2.524211 3.342089 1.970799
-4.482504 -0.035732 -2.163583
-1.314283 4.131027 -1.303352
-2.002581 2.548002 -3.312827
-0.570084 1.799058 -3.660590
-4.592871 2.207822 0.599518
-4.515980 2.522090 -0.382206
-2.958349 3.533520 -1.795092
-3.741577 2.475147 -2.347711
-4.437447 2.649011 -0.172031
-1.905399 3.994508 1.126801
-0.687364 0.464121 -3.901575
-1.253460 -0.075559 -3.906273
-3.619037 3.469158 -0.755785
-2.672429 1.997419 2.961746
-5.009941 0.720894 0.487516
-2.024660 2.197009 -3.508524
-4.374735 0.824848 -2.390940
-4.671410 0.410092 -1.916976
-2.678806 3.901393 -1.208463
-4.705538 2.162970 0.050381
-3.807372 1.013630 -2.993889
-5.056034 0.695830 -0.630721
-2.903068 3.790096 0.809188
0.411412 1.269355 -3.445099
-3.962078 2.899727 -1.487203
-2.322496 2.278745 2.948568
-2.145152 4.196683 0.011124
-2.196278 4.004973 0.932862
-0.582639 2.735752 -3.159707
-1.660811 4.272066 -0.425748
-4.371045 1.471718 1.770248
-4.287005 2.637533 0.759166
-0.225692 -0.755326 -3.542173
-4.887167 0.868509 0.926406
-2.201847 3.801642 -1.858295
-0.961253 0.180792 -3.922370
-0.736234 -1.363650 -3.375231
-2.384841 4.050298 -1.030556
-4.947679 1.274515 0.457764
-4.142314 -0.605044 -2.412348
-1.592198 3.844815 -1.974705
-0.598029 -0.990175 -3.545680
-0.941589 1.342122 -3.853769
-2.020366 0.768418 -3.891698
-0.824508 3.376328 -2.616110
-1.457101 0.300191 -3.950008
-4.511208 2.526059 -0.018141
-3.974270 2.359444 1.725708
-0.744213 0.232713 -3.898476
-2.412046 3.295262 -2.525155
-1.719764 0.117665 -3.915696
-2.336913 0.049059 -3.790160
-2.049646 -0.757391 -3.651443
-3.270040 3.688456 -0.873657
-2.488121 2.675992 2.636116
-4.685026 1.406177 1.221053
-4.622313 0.233893 -1.987342
-3.182007 3.765108 0.301246
-1.153998 2.530965 -3.387861
-3.205115 2.479275 2.386971
-3.255391 3.198471 -2.041611
-1.729739 1.824548 -3.715373
-1.776673 -1.696850 -3.177196
-0.438580 -1.358715 -3.306333
-3.994390 2.639405 1.388992
-0.810583 2.737907 -3.207716
0.375117 1.578889 -3.380202
-0.260963 3.488629 -2.267893
-3.552742 3.505493 0.388886
-2.605953 3.822285 1.079710
-2.617423 0.808831 3.285916
-3.351025 3.029847 -2.171255
-3.634946 1.076608 2.686909
-2.580431 -1.007049 -3.386274
-4.733830 1.124191 1.246434
-4.984611 1.379535 -0.390681
-3.133960 0.452637 -3.501206
-3.297899 3.721034 0.116283
-4.478860 2.275133 -1.303247
-3.430158 1.199563 -3.254174
-4.906779 1.596305 0.208802
-1.229694 4.285958 -0.388105
-1.527050 4.211089 0.527958
-2.686850 2.337186 2.777822
-1.884529 3.083541 -2.918561
-1.532888 -3.817168 -1.294293
-0.130871 -3.572340 -1.152543
-0.591079 -3.031252 -2.099179
-1.346433 -3.512958 -1.775463
-1.342761 -4.042646 -0.691440
-0.274542 -3.766501 0.648133
-0.212678 -2.965076 -1.968857
-1.023828 -3.996053 0.591656
-0.830622 -4.053940 0.075109
-0.312434 -3.902951 -0.128027
0.197792 -3.520814 -0.747431
0.101576 -3.416545 -1.161111
-0.781146 -4.008596 -0.566291
-0.805154 -3.223153 -2.005597
0.268987 -3.560295 0.055495
-1.392533 -4.095379 0.152001
-0.564255 -3.941636 -0.616616
-1.037351 -3.435642 -1.840786
-0.463845 -3.511449 -1.533314
-0.181323 -3.772369 0.473014
-0.333883 -3.781648 -0.892377
0.085922 -3.678001 -0.374962
0.064715 -3.707779 -0.095244
-0.568845 -2.575422 -2.376595
-1.319390 -4.102334 -0.286204
-1.852175 1.462376 3.371041
-1.595570 2.142031 3.285044
0.424424 4.302732 1.311313
-0.012520 4.341256 -0.718954
-1.049685 -0.360484 3.647941
1.035776 1.275748 3.829880
-0.471791 0.904370 3.949391
0.264910 2.320466 -3.126029
0.728306 4.337922 1.005370
0.187887 4.263375 1.480238
-0.977084 1.944150 3.630328
-0.690706 -0.660465 3.638889
1.080656 0.522045 3.852853
0.774506 0.062102 3.868585
-1.384785 1.817848 3.518947
-1.511292 0.417166 3.623618
1.127599 0.202788 3.806477
0.259036 3.617655 2.626645
1.672752 2.278300 3.265493
-0.107506 3.079550 3.159526
1.376062 4.233463 0.476962
-0.464306 4.083541 1.820731
0.554625 0.638982 3.963576
-1.674912 3.468381 2.101169
1.966082 3.618103 1.705813
1.493880 3.639992 2.134877
-1.335449 -0.053305 3.625459
-0.504148 4.267153 -0.814268
2.384335 3.382300 -1.033987
-1.653798 1.356193 3.507949
1.452512 4.161132 -0.334463
1.338041 2.420983 -2.836573
0.485620 2.783269 3.355479
-0.956152 4.276729 -0.328851
1.373918 1.596582 3.656241
1.227557 4.277784 0.569737
1.857030 3.815484 1.406323
0.255751 4.463860 0.417884
0.894311 3.256632 2.891263
2.369998 3.167139 1.934247
-0.412520 3.062710 3.137072
-1.228618 2.447272 3.308440
1.133103 4.295595 -0.169650
0.666121 4.385547 -0.287741
1.965914 2.051755 3.203577
2.224478 3.756261 0.753383
0.266051 3.233456 -2.519079
0.534424 4.403739 0.800038
0.316752 1.600021 3.884864
-1.668222 1.056880 3.543733
0.913360 -0.090327 3.807351
2.117347 2.547599 2.813458
1.332684 4.103971 1.279368
1.429018 2.707034 -2.621194
0.615752 -0.594442 3.710827
0.610030 1.656043 3.839952
-0.134820 4.255080 -0.980053
-0.335916 1.786081 3.818474
-0.607944 1.794295 3.773454
1.544825 3.809104 1.796226
1.176701 4.023639 -1.142144
0.842861 3.797518 -1.747366
-1.585364 0.240780 3.566207
1.567934 0.767912 3.686714
0.149656 3.722246 2.499287
0.743094 3.518073 2.660007
0.521323 4.099025 1.821287
0.720919 4.382404 0.754875
2.049360 3.747793 1.264389
0.610082 2.141303 -3.168942
-0.353930 4.386970 0.913956
0.256929 3.482315 -2.273123
1.462440 4.138788 0.942118
0.080913 0.093227 3.939830
0.224344 4.442857 -0.184507
1.813421 4.039773 0.467830
0.373345 2.907969 3.282165
1.344704 3.146921 2.815773
0.910678 2.463015 -2.955122
0.702174 1.530789 -3.345904
0.560725 1.176708 3.937126
1.762793 1.914579 3.379324
0.235900 0.858540 3.989367
0.942062 1.502690 3.811850
0.131615 4.357316 1.170271
-1.041513 0.935902 3.816027
-1.127919 3.546655 2.398966
1.535104 3.537311 -1.746255
-1.332904 3.535654 2.284868
0.867599 4.222400 -0.833438
1.266853 3.836424 1.970298
0.350328 3.933507 2.168472
-1.128820 3.658363 2.243233
0.623902 4.096665 -1.284629
1.711967 3.413831 -1.779087
-0.261922 4.196814 1.618688
0.449273 -1.474352 3.252563
1.058179 4.187143 1.300273
-0.660166 4.346302 -0.353112
1.690003 2.186779 -2.792362
-0.749534 1.627389 3.789256
0.333613 2.996243 -2.710968
-0.016509 -1.991965 2.816103
1.858677 3.693041 -1.180809
-0.161040 1.889952 3.802411
0.336862 -1.877869 2.921927
-1.257092 0.971939 3.738384
1.053831 0.842133 3.864569
0.179682 -0.718817 3.700672
-1.259234 2.771980 3.087441
0.825661 1.869384 -3.229554
-1.739478 2.014467 3.258530
0.914186 1.562275 -3.295677
0.766865 2.666031 -2.872006
0.100817 4.089894 -1.390955
0.173476 4.450930 0.635189
-0.390263 4.380114 -0.417396
2.442484 3.612029 0.599421
-0.159989 -0.367288 3.821441
2.141471 3.618953 -0.932435
-0.810168 3.476091 2.633407
-0.285222 4.353398 1.111518
2.017413 3.930325 0.353135
-1.552512 2.534404 3.094544
-0.313444 4.441319 -0.006085
-1.348561 4.026143 1.296624
1.785137 4.033468 0.683920
0.544115 3.338588 -2.386726
1.707711 4.092503 0.034244
1.396728 4.075872 -0.781858
2.123823 3.786582 -0.442075
0.877200 4.381628 0.432957
0.506066 -0.796528 3.641897
1.971441 2.430048 2.999331
1.608661 2.654290 -2.566685
1.424472 0.328313 3.722154
0.775004 4.097524 1.730214
1.081197 4.201334 -0.719734
-0.677508 4.233197 1.326274
0.124666 4.306338 -0.843499
0.424357 -3.533549 0.089590
0.025830 -0.656043 -3.543203
0.771291 -1.982955 -3.193092
0.139612 -3.255881 -1.596165
0.821986 -2.471455 -2.833610
0.967776 -2.552586 -2.758131
0.216305 -3.374669 -1.319422
0.245763 -1.127365 -3.499476
0.755879 -0.546191 -3.664608
-0.318245 -2.321287 -2.670090
0.358655 -3.293828 -1.614759
1.443953 -0.493489 -3.623432
0.797922 0.997609 -3.438334
1.072844 -3.059687 -2.136859
0.212226 -2.686858 -2.524560
0.017324 -2.847042 -2.255386
0.566563 -2.694662 -2.594367
1.117940 -0.386989 -3.668980
0.165151 -2.186100 -2.965873
-0.184698 -2.135012 -2.883188
0.873916 -2.158727 -3.080861
0.509948 -3.102034 -2.039546
0.769275 -2.764296 -2.536254
0.279762 -3.170499 -1.846842
0.486125 -1.761664 -3.291969
0.404088 -0.120181 -3.643561
0.850242 -3.419990 -1.395638
0.583068 -1.163402 -3.538785
1.472123 -3.143229 2.306905
0.814305 -1.843122 3.149432
2.153280 -2.207843 3.250698
2.308887 -2.040836 -3.199146
2.343621 -3.539168 1.820076
2.648793 3.329462 1.118993
1.088500 -3.738558 -0.600841
5.378831 1.569344 0.898771
2.651948 -3.782174 1.171610
4.503622 2.341943 -1.368072
2.994868 -3.623099 1.447386
4.056021 -2.650668 -2.101767
5.865672 0.313507 -0.481843
2.749405 1.449162 3.369591
2.576451 -3.045226 2.513741
4.422201 -0.887144 3.016803
2.432564 -3.743440 -1.200355
4.760080 -1.579874 -2.305900
2.857229 1.949066 -2.892039
5.342803 1.271803 -1.301368
5.019623 -2.632130 -0.503714
3.372564 1.452975 3.202097
1.942126 -3.964402 0.006733
3.900543 3.100400 0.114995
2.008006 -0.997014 3.730126
1.797622 -1.665412 3.505128
2.149489 -3.580786 1.743402
3.637632 -3.277658 1.712127
1.449572 -1.831915 3.369683
2.319511 -2.735269 -2.704552
0.526018 -3.007178 1.937080
4.302005 2.861227 -0.065763
4.026547 -1.278847 -3.022612
5.392536 0.170449 -1.844882
2.981142 1.687078 3.188246
2.739610 -0.824688 -3.580527
4.510861 0.937217 2.778190
5.280275 -0.377464 2.202207
3.512308 1.170888 -3.136992
1.264975 -1.633176 3.412096
3.124248 -2.102840 3.181792
5.789535 0.052428 1.112554
2.702712 1.632679 -3.128444
5.386880 1.732344 0.193620
3.263293 -1.974682 3.211950
4.281034 -0.933177 -2.959353
3.636562 -3.675219 0.403178
3.721509 -0.296590 -3.345376
4.573602 -0.445849 -2.814979
1.877976 0.530177 -3.571932
4.167432 0.020414 3.249602
1.365307 -3.741228 -0.915836
4.761670 -2.634549 1.380408
4.884624 0.289536 -2.484941
5.047237 -1.829561 1.913268
3.671764 -2.618847 -2.407765
4.272304 -0.412838 3.187779
1.801597 -0.101121 -3.641300
1.749835 -3.557453 -1.579771
4.631104 -1.322957 -2.558644
1.486802 -2.706720 2.786242
4.728909 1.956087 -1.609387
4.166381 -3.192062 1.259583
5.737776 0.397178 -0.988703
2.304671 -1.252006 3.671779
4.124460 -0.488394 3.275797
0.756931 -3.225739 1.787106
2.309013 2.867818 -2.012271
2.634606 -3.357200 -1.939363
1.810350 -3.040160 -2.366660
3.691698 -2.054039 -2.837132
1.400255 -2.644566 -2.669298
2.774048 -1.637005 3.494706
2.772832 3.312567 -0.968487
5.187250 -2.461195 -0.317908
3.490303 -2.035886 3.090504
2.576900 1.320714 -3.307107
4.652844 1.319405 -2.291441
4.655090 2.127809 1.629537
5.843270 -0.563674 0.889276
4.407359 2.757922 -0.368785
4.291991 -2.297116 -2.247551
3.712734 -0.927631 3.427224
3.404250 0.497838 3.541204
4.985868 -2.738740 0.077044
4.769854 0.367938 2.731573
4.523632 -1.613045 2.667463
3.196402 3.257005 0.979871
3.849493 -2.293079 2.730362
5.416130 -0.010098 -1.835162
0.473979 -2.852577 2.105446
2.487479 2.821341 -2.063951
3.774032 0.112249 -3.304467
4.803479 -0.073965 2.762202
5.927321 -0.115748 0.449045
3.326469 -3.329902 -1.702103
5.016278 -1.975264 -1.678309
1.953755 1.736959 -3.093868
3.370172 -3.555268 -1.194477
5.264218 -2.254846 0.826196
3.482195 0.129888 -3.423187
5.811234 -1.125954 -0.384055
2.214856 0.745829 -3.535077
3.611032 -3.107533 -1.866154
4.255303 2.728482 1.082737
3.013669 3.004080 1.762448
2.504100 -2.862020 2.719146
4.619407 2.385613 -1.069564
3.856494 1.753828 -2.630819
1.775158 -0.133738 3.787652
5.038442 -1.612538 -1.945113
5.227297 0.078006 2.259131
4.970686 -1.402255 -2.160068
2.701948 3.374164 -0.775185
0.843642 -2.193964 2.952765
1.839485 -3.838418 -0.855021
3.356688 -3.776618 -0.274373
2.975494 -1.943179 3.311280
4.565908 2.590775 0.742035
1.503262 -1.438495 3.544200
2.309526 0.438500 3.751709
1.509922 -3.661029 1.400412
4.023325 2.657242 1.600702
3.026377 -3.228033 2.161395
4.803988 -2.089600 2.025370
2.113716 -3.688041 1.506496
1.729481 -1.314744 -3.474308
4.039707 2.388646 -1.862818
1.695620 -3.438891 1.933388
5.480361 -0.065836 1.877251
5.839599 0.275045 0.808906
3.540768 -1.006329 -3.334028
2.354658 -0.998668 -3.584003
4.011486 -1.940201 2.871607
1.573411 -1.138664 3.647288
4.124526 -3.279292 1.095836
4.727485 2.377844 -0.829084
4.195084 -1.942595 -2.594485
2.913353 1.014399 3.528205
2.896527 0.754733 -3.466335
4.407146 -3.074059 -0.969092
3.895762 -3.270495 -1.312146
4.574624 1.223099 2.576637
0.334995 -2.990175 1.772798
2.724658 3.009226 -1.714451
4.939641 2.119275 1.067069
0.590105 -3.590135 -0.256607
4.762634 -0.850785 2.735335
3.383970 2.645521 2.150312
4.232015 0.923908 -2.849767
3.982150 2.575892 1.789381
5.254257 1.267212 1.640416
2.350327 0.511463 -3.587939
3.831929 0.966451 -3.073606
5.664773 -1.484318 0.764507
1.183823 -1.156666 3.550953
4.268335 2.174273 2.059290
2.315818 -0.446948 3.806560
5.247838 1.921744 -0.238915
3.263436 2.994892 -1.489476
5.070329 -2.565093 0.676821
2.779056 -3.930157 0.014932
1.721983 -3.872817 -0.642661
3.368555 3.320786 0.104802
2.824422 -3.854565 0.783137
5.482869 -1.276573 -1.401385
5.548725 -1.724485 -0.705195
4.589405 1.438302 2.423319
5.782449 -0.865948 0.975564
4.999797 -2.584277 -0.745723
4.545097 2.447408 1.228846
1.883272 -0.794746 3.757661
3.523102 -3.638221 0.894384
4.679685 -2.719485 -1.230978
4.482386 -1.306045 2.843045
4.287608 2.408078 1.711211
2.160046 -3.971470 0.216207
5.005980 2.221788 -0.280755
2.163472 -0.319978 3.812912
5.431819 -1.674284 -1.159493
3.660597 -3.489148 1.207659
2.435531 -0.272091 3.807041
0.811394 -2.450750 2.743440
4.126492 -0.900940 3.214700
2.900393 -2.889060 2.616095
2.513097 2.235062 -2.717963
5.482628 1.530425 0.461289
2.318038 1.693264 -3.128862
5.438960 0.546041 1.788690
1.593717 1.020075 -3.395181
1.304976 -3.830431 0.565247
4.784294 2.449337 -0.310193
5.481525 -1.969897 -0.436035
3.128040 2.846829 -1.835498
2.086301 -2.008015 -3.216337
4.165725 1.590228 -2.538424
2.480016 -0.860088 3.751416
1.750533 -2.132700 3.263987
5.601895 0.621591 1.391948
0.823554 -2.644207 2.576947
1.560294 -0.146918 3.756592
4.351873 0.624533 3.015878
5.452279 1.069815 1.401339
3.407851 -3.638005 1.056031
3.211100 -0.876948 3.619395
4.478515 -1.484993 -2.621918
2.556952 -0.112206 -3.647527
3.181863 -2.649592 -2.610340
2.713595 -1.646851 -3.351809
3.773133 -3.344228 1.440747
2.249018 0.911736 3.633947
2.273613 0.120796 3.796666
4.757876 -0.656071 -2.629224
4.774559 -2.380690 1.745806
4.950851 0.036894 -2.453891
2.682471 2.032624 3.010612
2.662756 -3.677418 -1.314011
2.031477 -3.064544 -2.364521
3.766607 -3.248466 -1.498860
4.176755 -3.351114 -0.557025
3.796365 -3.605601 -0.242686
2.787336 -2.207605 3.198062
2.567635 -1.909151 3.398876
1.115018 -3.810227 -0.008841
1.671484 0.360972 -3.578944
5.135704 -2.445428 0.800899
2.605175 1.243893 3.486532
4.591482 1.856065 2.058216
2.824874 -1.865933 -3.234241
1.715929 -2.962733 2.584541
3.898978 -1.912838 -2.808808
5.905939 -0.719273 -0.205507
5.861732 0.552369 -0.064051
5.266611 -1.960349 1.360308
5.885277 -0.664866 0.603669
4.625929 -3.046631 0.557132
4.020850 -3.036779 -1.613586
5.345352 -0.961562 -1.827502
0.540112 -2.256099 2.742229
1.178127 -3.051244 2.308585
0.653761 -3.383561 1.360644
3.471246 -0.795007 -3.401150
3.796108 0.391078 -3.253661
4.134919 -3.432023 0.298853
5.390389 -0.464484 2.025419
5.354711 -1.645779 -1.373038
2.570057 2.783326 2.253470
3.337203 -1.041868 3.547013
4.357889 -2.684930 1.907482
2.817609 -2.776752 -2.600332
2.011486 2.361240 -2.611215
3.279279 -2.875153 -2.348015
5.638204 0.218334 -1.345923
1.745926 -1.101396 3.682824
1.988175 -1.981071 3.373953
5.335712 -2.247406 0.465900
5.473480 -1.278227 1.569204
4.012664 2.854116 1.165746
3.154786 -3.071693 2.319484
2.833061 2.176558 -2.715804
5.683658 0.553439 -1.060284
0.713550 -3.471496 1.203657
3.248246 -3.489200 1.594805
3.655909 3.204260 -0.183522
3.557172 2.087025 -2.529324
4.247534 2.854826 0.607371
3.110585 0.596616 -3.458878
2.494430 -1.695126 -3.356893
4.333624 0.563243 -2.897913
5.693385 0.956070 -0.575964
2.374089 -0.558014 -3.648123
2.856125 0.144000 3.738082
2.372644 -2.041789 3.344344
1.064296 -2.260399 3.002476
5.795653 0.395696 -0.774142
1.791561 -0.671878 -3.616755
4.475225 1.890048 -2.007652
1.902171 -3.951474 -0.205073
5.719695 -0.491312 -1.186799
4.807549 1.607975 2.032621
2.010986 -3.497326 1.891456
4.389610 -1.105832 -2.836025
3.101482 -3.386349 1.878342
2.238464 -2.389695 3.130577
5.137489 1.630391 1.462776
2.232535 -1.137475 -3.555114
2.217564 -0.129108 -3.664348
1.827507 2.092288 -2.829110
4.967736 -2.343815 -1.312365
2.801436 2.993810 1.866824
4.729048 0.276971 -2.640730
2.539042 3.199214 -1.370770
4.650147 0.004871 -2.748341
5.507990 0.083902 -1.656928
4.616742 0.407236 2.862348
5.019186 -2.330253 1.375251
4.417080 1.121476 2.770298
2.289571 1.849967 -3.030043
3.010159 3.412570 0.282172
