    0.0056533239
    0.0138532788
    0.0022014710
    0.0150954533
    0.0152457542
    0.0169154693
    0.0113368289
    0.0096390119
    0.0189147757
    0.0028402768
    0.0143593421
    0.0168755369
    0.0114419938
    0.0142801675
    0.0187821366
    0.0127480737
   -0.0103212134
    0.0075917597
    0.0096346866
    0.0168027951
   -0.0005750756
    0.0127973245
    0.0074290278
    0.0176200634
    0.0192425037
    0.0160968430
   -0.0470248656
   -0.0487310991
   -0.0468772469
   -0.0430137797
   -0.0371708809
   -0.0269922805
   -0.0022807195
   -0.0333187598
   -0.0106166377
   -0.0421748655
   -0.0221678188
   -0.0463938807
   -0.0324043348
   -0.0002347184
   -0.0086720012
   -0.0481677933
   -0.0368669338
   -0.0230266723
   -0.0470049015
   -0.0502440074
   -0.0480001372
   -0.0338962345
   -0.0221030378
   -0.0101989771
    0.0007551978
   -0.0426457490
   -0.0501393064
   -0.0391776441
    0.0098062084
   -0.0250983914
   -0.0409127425
   -0.0055851457
   -0.0252914328
   -0.0336947415
   -0.0475829257
   -0.0149688242
   -0.0171291159
   -0.0310980859
   -0.0380903994
   -0.0174418842
   -0.0271933234
   -0.0470568778
   -0.0422051170
   -0.0361626183
   -0.0488662900
   -0.0497374784
   -0.0333889562
    0.0138165368
    0.0037201581
    0.0100537857
    0.0072829787
    0.0079884017
   -0.0059275600
    0.0029219459
   -0.0083952278
   -0.0121097379
    0.0060665777
    0.0028166932
    0.0033217084
    0.0036947610
    0.0063059775
    0.0087821893
    0.0064406453
    0.0030873078
    0.0044041698
    0.0093145610
    0.0065509561
    0.0089229923
    0.0041793409
    0.0061675237
    0.0029918848
    0.0086761444
    0.0071655926
    0.0079983612
    0.0035970772
    0.0077773029
    0.0113795381
    0.0024989552
    0.0037786133
    0.0066707526
    0.0024002966
    0.0031766868
    0.0032688377
    0.0109281578
   -0.0099435567
   -0.0004302861
    0.0085882074
    0.0059301358
    0.0046953213
    0.0097751548
    0.0061594266
    0.0091280993
   -0.0213151940
    0.0060090947
   -0.0016866306
    0.0027351906
   -0.0027860809
    0.0054178811
   -0.0130549858
    0.0072198980
    0.0002953140
    0.0038456679
   -0.0063005429
    0.0102547635
   -0.0076187119
    0.0076541526
   -0.0040820898
   -0.0113013046
    0.0086733449
    0.0063560312
    0.0006345659
    0.0063930022
    0.0050285793
    0.0054881434
    0.0101606085
    0.0058141495
    0.0054837020
   -0.0059863663
   -0.0056664678
   -0.0194257745
    0.0050774578
    0.0081233446
    0.0094289542
   -0.0047591258
    0.0047618247
    0.0046037805
    0.0080573682
    0.0065560941
    0.0004029559
    0.0074407373
    0.0014617134
   -0.0016775024
    0.0005226778
   -0.0035060757
    0.0030945868
   -0.0033481666
   -0.0035728346
    0.0037623956
    0.0035531724
    0.0040424362
    0.0046941114
    0.0042210615
   -0.0053664468
    0.0034131112
    0.0035212272
   -0.0037477342
    0.0044265907
    0.0033531770
    0.0022011658
    0.0040671897
   -0.0011061917
    0.0038681661
    0.0045074468
    0.0029169478
    0.0034108322
    0.0066041108
    0.0054876406
    0.0075315428
    0.0035483007
   -0.0072915224
    0.0084870427
   -0.0068315171
    0.0065741686
    0.0074939566
    0.0077869903
    0.0090770817
    0.0023469977
    0.0092521023
    0.0089000501
    0.0056951903
    0.0010338265
    0.0098353680
   -0.0022786602
    0.0056862641
    0.0099205648
    0.0089865982
   -0.0266189615
   -0.0214164134
   -0.0215360171
   -0.0305609187
   -0.0278425330
   -0.0258761747
   -0.0205066485
   -0.0196090703
   -0.0224223541
   -0.0276936185
   -0.0163492230
   -0.0232219758
   -0.0148716500
   -0.0249911007
   -0.0229087932
   -0.0248495839
   -0.0180630674
   -0.0297568855
   -0.0308900784
   -0.0228191490
   -0.0216575691
   -0.0168013306
   -0.0152483621
   -0.0250387418
   -0.0223920464
   -0.0191997804
   -0.0252659408
   -0.0199853351
   -0.0222590938
   -0.0202693656
   -0.0280629424
   -0.0237349556
   -0.0306381581
   -0.0243400781
   -0.0291329708
   -0.0273573242
   -0.0106661144
   -0.0195988648
   -0.0176875454
   -0.0239845014
    0.0112727947
    0.0095265790
    0.0099585183
    0.0093465963
    0.0104522960
    0.0103702050
    0.0091228240
    0.0068802517
    0.0102492293
    0.0102915723
    0.0038580411
    0.0101700056
    0.0090737711
    0.0097230274
    0.0101495776
    0.0105073006
    0.0024544440
   -0.0113606321
    0.0049481832
   -0.0004507793
   -0.0129449012
   -0.0188984567
    0.0051263290
    0.0015078253
   -0.0014191480
    0.0002376922
    0.0050296039
    0.0026848213
    0.0058006076
    0.0007276169
    0.0083020747
   -0.0108866352
   -0.0002812980
   -0.0078000233
   -0.0138938521
   -0.0157821643
   -0.0047235681
    0.0081748068
    0.0090121455
   -0.0110108136
    0.0070892767
    0.0077099132
    0.0021683203
    0.0041627233
   -0.0064056700
   -0.0130175558
   -0.0085108833
    0.0067353019
    0.0076709032
   -0.0050582824
    0.0024468978
   -0.0019377506
    0.0097942991
    0.0085266157
    0.0088442322
    0.0051655251
    0.0061025469
    0.0092866228
   -0.0146851430
    0.0073497975
   -0.0151469894
    0.0075190431
    0.0078959713
    0.0084310284
    0.0081671592
   -0.0065772872
    0.0086854205
    0.0066371799
   -0.0034702400
    0.0013702173
    0.0079557680
    0.0060772695
    0.0061598390
    0.0077163338
    0.0084942278
    0.0068414327
   -0.0007218856
    0.0076467411
    0.0021086531
    0.0010786497
    0.0020062226
    0.0080565090
    0.0013384577
   -0.0092400433
    0.0002914034
   -0.0086751569
    0.0063658398
    0.0088909264
    0.0090369366
    0.0067065447
   -0.0018170669
   -0.0019703022
    0.0099427347
    0.0032990190
   -0.0036951350
    0.0042065314
    0.0083278295
    0.0001974249
    0.0092134910
    0.0094173587
    0.0090723227
    0.0056941563
    0.0048347436
   -0.0057426964
    0.0080479625
    0.0088351004
   -0.0011197353
    0.0072123331
    0.0097939544
    0.0034542752
    0.0100291170
    0.0021557713
    0.0074491142
    0.0056894656
    0.0054075906
    0.0099494970
    0.0103049684
    0.0105601092
    0.0094293754
    0.0066714090
    0.0099317269
    0.0092742522
    0.0030547297
    0.0034268838
    0.0102404986
    0.0098139900
    0.0084401424
    0.0059766042
    0.0107236527
    0.0056554890
    0.0046612406
    0.0056298718
    0.0051788278
    0.0082332298
    0.0092943617
    0.0018952980
    0.0012312762
    0.0090001913
    0.0083006919
    0.0084591262
    0.0087564627
    0.0089433577
    0.0054145010
    0.0091114293
    0.0015201257
    0.0068802671
    0.0061822221
    0.0074683135
    0.0057380738
    0.0089271587
    0.0005329947
    0.0124547485
    0.0105266967
    0.0097098277
    0.0149853692
    0.0103503225
    0.0140087564
    0.0138581468
    0.0139157460
    0.0104484731
    0.0122086131
    0.0130854708
    0.0043125819
    0.0022073006
    0.0143275205
    0.0021413383
    0.0098547152
   -0.0059863479
    0.0134813678
    0.0096998661
    0.0044380297
    0.0146037189
    0.0038023048
   -0.0275704247
   -0.0261702926
   -0.0340115254
   -0.0363932339
   -0.0195686012
   -0.0367273594
   -0.0345861524
   -0.0259364357
   -0.0337802225
   -0.0007000006
   -0.0133599488
   -0.0236828765
   -0.0199349558
   -0.0187076567
   -0.0009941341
   -0.0097875375
   -0.0243425385
    0.0003874809
    0.0024847133
   -0.0040193390
   -0.0237200062
   -0.0380028660
   -0.0281166979
   -0.0241870290
    0.0068976503
    0.0060692013
   -0.0213118703
   -0.0283540123
   -0.0057173457
   -0.0345465113
   -0.0327024846
   -0.0129803584
   -0.0288907840
   -0.0224425125
   -0.0256221640
   -0.0368273122
   -0.0147063829
   -0.0173806763
    0.0072255556
    0.0058192312
   -0.0375700420
   -0.0073045811
   -0.0023551468
    0.0050783166
    0.0028130733
    0.0047811141
   -0.0004055176
    0.0053334303
    0.0058393732
    0.0077396347
    0.0008757052
    0.0058648679
    0.0126791143
    0.0084788174
    0.0065303591
    0.0026939296
    0.0030882092
    0.0074634159
   -0.0003379172
    0.0034291609
    0.0024797724
    0.0089359112
    0.0026318975
    0.0015776294
    0.0043140361
    0.0049855670
    0.0070748877
    0.0087032100
    0.0028435726
   -0.0007117338
    0.0043473409
   -0.0164233629
    0.0063270600
    0.0046981086
    0.0042178066
    0.0026462802
    0.0078162356
   -0.0117568069
    0.0032411642
   -0.0154494916
    0.0036570752
   -0.0069838832
    0.0025614767
    0.0025801633
   -0.0123957778
   -0.0037338723
    0.0002032636
   -0.0082110508
    0.0052947283
   -0.0084600795
   -0.0067871001
   -0.0030659130
   -0.0022537769
    0.0047389826
   -0.0073267784
   -0.0002630053
   -0.0021645632
   -0.0040797679
    0.0035204324
    0.0041997615
    0.0044564810
    0.0051383727
    0.0078877197
    0.0014473605
    0.0041093192
   -0.0026185327
    0.0045092108
    0.0047121497
   -0.0034842084
    0.0001104911
    0.0070694263
    0.0059213308
   -0.0022595249
   -0.0038346488
    0.0039410161
    0.0048132028
    0.0030948566
    0.0011696303
   -0.0034691833
    0.0059788332
   -0.0005056343
   -0.0118515844
    0.0014305733
    0.0009672569
   -0.0052100844
    0.0024508076
    0.0033121423
    0.0017218290
   -0.0001019170
    0.0021493775
    0.0026789200
    0.0027045131
    0.0020933221
   -0.0077397173
   -0.0063593146
    0.0016432705
   -0.0019664342
    0.0027385782
   -0.0074134529
    0.0036205084
    0.0042531713
    0.0020420679
    0.0053068465
    0.0067124708
    0.0054862080
    0.0053863385
    0.0071611341
   -0.0047022661
    0.0053260668
    0.0062304211
    0.0065907334
    0.0030370352
    0.0056893538
    0.0043673180
    0.0056244511
    0.0062951180
    0.0038096544
   -0.0037027940
    0.0068933609
   -0.0002561650
    0.0045302803
    0.0063235317
   -0.0166078516
   -0.0148017965
   -0.0183638107
   -0.0136844042
   -0.0139519884
   -0.0154452989
   -0.0187295718
   -0.0136882482
   -0.0178451660
   -0.0116917414
   -0.0120378070
   -0.0160803418
   -0.0119820123
   -0.0159685079
   -0.0110113630
   -0.0154435152
   -0.0127316476
   -0.0201115275
   -0.0219084946
   -0.0188776210
   -0.0148852034
   -0.0180068616
   -0.0207874960
   -0.0214391550
   -0.0187698536
   -0.0218486834
   -0.0198168503
   -0.0153977418
   -0.0158907451
   -0.0166953977
   -0.0135427918
   -0.0153357458
   -0.0164660246
    0.0081318298
    0.0080207501
    0.0080720538
    0.0070379773
    0.0078804245
    0.0079320317
    0.0078026080
    0.0078105964
    0.0079068465
    0.0080164755
    0.0080545244
   -0.0002509774
   -0.0030613477
    0.0028941437
   -0.0049206504
    0.0020645319
    0.0050200421
    0.0036486576
   -0.0246803103
   -0.0036078641
    0.0039372202
    0.0023951639
   -0.0095083206
    0.0042347080
    0.0025028546
   -0.0039152749
    0.0006154313
   -0.0084321433
   -0.0030373415
   -0.0022252170
    0.0067074188
   -0.0107608502
    0.0069933834
    0.0068656286
    0.0051816389
   -0.0062104627
    0.0062226577
   -0.0080052688
    0.0011751263
   -0.0032349613
   -0.0118965203
    0.0029542807
    0.0052205163
    0.0050437068
    0.0061187040
    0.0065782010
    0.0033280101
   -0.0048950382
    0.0067571039
   -0.0036605414
   -0.0067279504
   -0.0124776282
    0.0064551087
   -0.0129038237
   -0.0029267449
   -0.0043666702
    0.0067266491
    0.0068416931
   -0.0036447328
   -0.0118186476
    0.0065934823
    0.0065438057
    0.0070881254
   -0.0004804364
   -0.0112331318
    0.0067742545
    0.0001796649
   -0.0069649238
    0.0065791344
    0.0062425775
    0.0051784540
    0.0070268768
   -0.0047798683
    0.0012869106
   -0.0040837736
   -0.0081850429
    0.0054778397
    0.0015837327
    0.0060381031
    0.0020772440
    0.0010101210
    0.0059771688
   -0.0151475860
    0.0063547843
   -0.0075423625
    0.0065030973
    0.0068148731
    0.0059657356
    0.0070906785
   -0.0073660842
    0.0020918479
   -0.0093429691
   -0.0074521716
    0.0005280612
   -0.0007146965
   -0.0013694932
   -0.0140911770
    0.0052945623
    0.0061075178
    0.0051747526
   -0.0110728723
    0.0067523993
    0.0012554937
    0.0066637101
   -0.0018838779
    0.0068839966
   -0.0020012182
    0.0024379928
   -0.0093800952
    0.0039740685
    0.0012624541
    0.0030809927
    0.0065654208
    0.0043446961
    0.0073316511
    0.0015465475
    0.0072189903
    0.0060309664
    0.0062598340
    0.0057472778
    0.0063512469
    0.0070720596
   -0.0004800294
    0.0067700441
    0.0068648919
    0.0083819917
    0.0080419698
    0.0071867288
    0.0053274385
    0.0053623650
    0.0078536066
    0.0042684721
    0.0033977818
    0.0078051772
    0.0066390029
    0.0086944071
    0.0079839690
    0.0051488243
    0.0082114266
    0.0080521304
    0.0080828939
    0.0078494725
    0.0047882900
    0.0058490638
    0.0032573960
    0.0056232715
    0.0058942703
   -0.0007521458
    0.0031391882
    0.0044141215
    0.0062519573
    0.0066990837
   -0.0029055326
    0.0071317912
    0.0044148400
    0.0049258347
    0.0066070731
    0.0058932686
    0.0057288398
    0.0056438394
    0.0054489897
    0.0019682283
    0.0055013311
    0.0022075480
    0.0034929927
    0.0011538978
    0.0014352064
    0.0063172415
    0.0075124432
    0.0102018895
    0.0076815805
    0.0116595913
    0.0059417245
    0.0085280364
    0.0112284545
    0.0087315490
    0.0065419862
    0.0074719604
    0.0049924209
    0.0115392181
    0.0099253361
    0.0112922974
    0.0115173232
    0.0010350570
   -0.0001913355
    0.0113653303
    0.0063814207
    0.0092097480
    0.0042829446
    0.0095225745
    0.0092009986
    0.0102742665
    0.0061795149
    0.0103761326
   -0.0000151168
    0.0028327487
    0.0103245376
    0.0116436463
    0.0078906322
    0.0089151963
    0.0101555296
    0.0113527626
    0.0001611433
    0.0068437944
   -0.0146606918
   -0.0211049314
    0.0060550486
   -0.0044025141
   -0.0159115326
   -0.0118924374
   -0.0275756460
   -0.0091268970
   -0.0248137666
   -0.0216649158
   -0.0134452136
   -0.0218288912
   -0.0247337400
   -0.0236771602
   -0.0165461278
   -0.0189000023
   -0.0168418576
    0.0038612434
   -0.0254316985
   -0.0237890883
    0.0035412532
   -0.0188897636
   -0.0266759599
   -0.0146773033
   -0.0090581625
   -0.0106320581
   -0.0186006667
   -0.0066407745
   -0.0014224249
   -0.0007209633
   -0.0287315181
   -0.0189431220
   -0.0142305105
   -0.0094832539
   -0.0227087941
   -0.0233276238
   -0.0049426074
    0.0001641038
   -0.0224355779
   -0.0272989029
   -0.0183927363
   -0.0262105504
    0.0000982306
   -0.0226648661
   -0.0084467329
   -0.0165067140
   -0.0028630393
    0.0051593754
   -0.0240088286
   -0.0245883985
    0.0051187565
   -0.0154209788
   -0.0289509599
   -0.0056218166
    0.0019120719
   -0.0190835244
   -0.0224835604
   -0.0160865617
    0.0010088024
    0.0058529310
    0.0069766010
   -0.0181727670
   -0.0130538653
    0.0042426078
   -0.0246241033
    0.0063277106
   -0.0160843878
   -0.0227877194
   -0.0198272109
   -0.0097224234
    0.0060395382
   -0.0082392930
   -0.0129324124
   -0.0213466938
    0.0016222417
   -0.0081872427
    0.0043513851
    0.0023065192
    0.0069860451
   -0.0003590800
    0.0055429154
    0.0049386311
    0.0036712343
    0.0022598876
    0.0062547752
    0.0030227233
    0.0048447388
    0.0039489575
    0.0001786602
    0.0053623302
    0.0020242963
   -0.0013748093
    0.0049752870
    0.0036487989
    0.0041739182
    0.0020342980
    0.0039860508
    0.0035789826
    0.0048404039
    0.0050406359
    0.0027429791
    0.0034147489
    0.0033710003
   -0.0101012165
   -0.0107394433
    0.0031252525
    0.0029520747
   -0.0000433612
   -0.0058979193
    0.0043609539
   -0.0100954508
    0.0042395615
    0.0047422647
    0.0023192520
    0.0060024450
    0.0024287722
   -0.0096051861
    0.0027982272
    0.0059339069
    0.0063796425
    0.0047484744
   -0.0007739972
    0.0043896560
    0.0026738743
    0.0042659908
    0.0044945063
   -0.0023203498
   -0.0128175381
    0.0034905589
   -0.0004917486
    0.0024363712
   -0.0160381935
    0.0042830013
   -0.0127782457
   -0.0009291612
    0.0048722853
    0.0035863012
    0.0049833060
   -0.0001745495
    0.0079393705
    0.0033876218
    0.0026790905
    0.0047424938
    0.0074065868
    0.0032480348
    0.0061614014
    0.0026535336
   -0.0057853341
    0.0035788743
    0.0059378250
    0.0041446524
    0.0042186324
    0.0048118237
    0.0035462658
   -0.0058824653
    0.0001065235
    0.0046401250
   -0.0022896955
   -0.0123758561
   -0.0014064176
    0.0032935754
   -0.0010887904
    0.0029394488
   -0.0013184768
   -0.0082647231
    0.0039901718
    0.0045685134
   -0.0034570378
   -0.0038812947
   -0.0005460434
   -0.0015575918
   -0.0021486898
    0.0015234024
   -0.0010712596
    0.0031576592
   -0.0038304668
   -0.0067064199
    0.0018759647
   -0.0069033310
    0.0054864126
   -0.0010005238
    0.0000372949
    0.0059472478
    0.0030310379
    0.0025562088
    0.0064773457
   -0.0003825649
   -0.0017561506
    0.0016126506
   -0.0015498083
    0.0043292710
    0.0031911906
    0.0034419500
    0.0053386215
    0.0032800105
    0.0028653293
    0.0058652123
   -0.0071632028
    0.0052855987
    0.0044628506
    0.0058533452
    0.0032286510
    0.0027009969
    0.0011764498
    0.0051458674
    0.0040348616
    0.0035434827
    0.0044473547
   -0.0160567152
    0.0060632102
    0.0031242874
   -0.0087560516
    0.0035366536
    0.0034828006
    0.0050291493
    0.0043195255
    0.0063379454
    0.0060124165
    0.0044052371
    0.0037921337
    0.0041943433
    0.0009643114
    0.0062325767
   -0.0154099429
    0.0022902552
    0.0029330490
    0.0031340332
    0.0064866944
    0.0037685975
    0.0032740302
    0.0041741666
    0.0063819617
    0.0019333263
    0.0030883507
    0.0003147885
   -0.0011392536
    0.0018325119
    0.0006649091
    0.0009798968
   -0.0021869744
    0.0010131280
    0.0016522759
   -0.0000038828
    0.0017486247
    0.0019027475
    0.0016863131
    0.0024694944
   -0.0031808290
    0.0025199634
    0.0014869993
   -0.0031099389
   -0.0009625791
    0.0022060044
    0.0010407339
    0.0011208440
   -0.0028147050
    0.0029818784
    0.0018452110
    0.0053057942
   -0.0019624933
    0.0045905722
    0.0049696922
    0.0052696832
    0.0055553606
    0.0030823613
    0.0041406747
    0.0051978215
    0.0041534914
    0.0010200884
    0.0039694830
    0.0054466173
    0.0023006350
    0.0047185456
    0.0054998951
    0.0053151643
    0.0051309155
    0.0061390223
    0.0041764693
    0.0043602671
   -0.0090588946
   -0.0148278766
   -0.0100447571
   -0.0138446483
   -0.0132204443
   -0.0104057401
   -0.0132083771
   -0.0112345698
   -0.0137196263
   -0.0108437134
   -0.0145530918
   -0.0136513252
   -0.0133856288
   -0.0127628808
   -0.0081313234
   -0.0136356679
   -0.0108158416
   -0.0138943493
   -0.0147601812
   -0.0160269244
   -0.0131995932
   -0.0156340302
   -0.0116404320
   -0.0157589748
    0.0060627700
    0.0062960062
    0.0066641027
    0.0066561374
    0.0066618088
    0.0066647430
    0.0065292302
    0.0057225050
    0.0069682394
    0.0066616487
    0.0069035278
    0.0042186241
    0.0072316065
    0.0066133389
    0.0067226526
    0.0067197325
    0.0067818218
   -0.0048524105
    0.0019382000
   -0.0171812623
   -0.0012018504
   -0.0005686387
   -0.0021314171
   -0.0015598066
   -0.0009683514
   -0.0179351622
   -0.0126148966
   -0.0091606799
   -0.0060190647
    0.0031305731
   -0.0023975478
    0.0000763053
   -0.0117364126
   -0.0117967580
   -0.0121960104
    0.0022408206
    0.0031473974
   -0.0187903878
   -0.0003580016
   -0.0049422676
   -0.0041504382
   -0.0007817426
   -0.0040306189
    0.0031990066
    0.0034407441
    0.0030658800
   -0.0106745596
    0.0036192022
    0.0050057598
   -0.0006612549
    0.0048865526
    0.0050729768
    0.0015160198
   -0.0065786767
    0.0038445215
    0.0040678427
    0.0054680514
   -0.0097097238
    0.0056676166
   -0.0039449949
    0.0046652067
   -0.0004685272
    0.0048407529
   -0.0072573746
    0.0043979277
    0.0044060409
    0.0026121040
   -0.0104367954
   -0.0047035055
   -0.0059388495
    0.0055321702
    0.0052333287
    0.0048260291
    0.0046607390
   -0.0062727290
    0.0044566863
    0.0052957046
    0.0020174619
   -0.0045930032
    0.0049910104
    0.0025742350
   -0.0044896058
    0.0055109763
    0.0006210353
   -0.0042575772
    0.0043221386
   -0.0091586022
    0.0036853557
   -0.0026835222
    0.0054963350
    0.0056015248
   -0.0033206957
    0.0047275548
   -0.0017661819
    0.0047770494
    0.0004608690
   -0.0112133170
    0.0055932754
   -0.0110049299
   -0.0114411057
   -0.0062770834
    0.0007115385
    0.0049565264
    0.0054471493
   -0.0092832642
   -0.0036634275
    0.0053787474
   -0.0080231662
    0.0054300996
    0.0046460002
   -0.0038806386
   -0.0042112563
    0.0054223922
    0.0053501703
   -0.0106653832
    0.0054545585
    0.0046730755
    0.0062561336
    0.0035011931
    0.0013275894
   -0.0022954952
    0.0055803555
    0.0000211121
   -0.0012725633
    0.0043587844
    0.0039952168
    0.0044403356
    0.0014227156
    0.0032958912
    0.0043847710
    0.0053523377
   -0.0114348142
    0.0031739969
    0.0030830551
   -0.0040115891
    0.0047908216
   -0.0085235175
   -0.0000741130
   -0.0065336643
   -0.0023627549
    0.0008510615
    0.0054672884
    0.0005802986
    0.0051477137
   -0.0019540851
   -0.0020368528
   -0.0078747405
    0.0045054203
   -0.0061816874
   -0.0031709157
    0.0011341515
    0.0044000561
    0.0055708795
    0.0017161760
   -0.0072034650
    0.0029246199
   -0.0031977587
   -0.0069223560
    0.0015708368
    0.0010339716
   -0.0063512800
   -0.0015398904
    0.0046100479
    0.0026050550
   -0.0034713498
    0.0054866879
    0.0057514203
   -0.0103564595
    0.0002608633
   -0.0025385141
    0.0041755497
    0.0045405996
    0.0056189552
   -0.0021563965
    0.0055024753
    0.0044344687
   -0.0005797746
    0.0004896739
    0.0046425383
   -0.0017869749
    0.0056226926
    0.0054411324
   -0.0140367117
   -0.0006303501
    0.0053768653
    0.0054458148
   -0.0043128598
    0.0049150627
    0.0009564714
   -0.0047841096
    0.0052849323
   -0.0114359872
    0.0049385880
    0.0022638149
    0.0055410611
    0.0049931211
    0.0034386734
    0.0039218775
    0.0052835656
    0.0008956895
    0.0048608220
    0.0051564583
   -0.0012808304
    0.0026411130
    0.0025303591
    0.0020370328
   -0.0004605055
    0.0056758628
    0.0041355462
    0.0054207972
    0.0044993580
    0.0028144751
    0.0025608036
    0.0049993334
   -0.0005945620
    0.0034988942
    0.0045368914
    0.0056175477
    0.0004047207
    0.0012184303
    0.0017507486
    0.0048703116
    0.0018568404
    0.0019919413
    0.0068088417
    0.0058706376
    0.0054117254
    0.0065874726
    0.0057160873
    0.0067186628
    0.0068193800
    0.0067887427
    0.0056989389
    0.0043031175
    0.0049648862
    0.0071134403
    0.0066948209
    0.0068821340
    0.0071534766
    0.0044703298
    0.0070818254
    0.0039857351
    0.0033514435
    0.0022868626
    0.0043570280
    0.0010268534
    0.0047077095
    0.0054628592
    0.0042268700
    0.0017531341
   -0.0020195824
    0.0019302768
   -0.0005371835
    0.0035006114
    0.0022867317
    0.0037092560
    0.0044893926
    0.0001486847
   -0.0022704947
    0.0046611892
    0.0049714524
    0.0042087298
    0.0045669554
   -0.0012450068
    0.0041991322
    0.0030210517
    0.0080474276
    0.0090545120
    0.0075581934
    0.0032641289
    0.0089208576
    0.0064477003
    0.0055627652
    0.0064281912
    0.0065860571
    0.0081909573
    0.0084055144
    0.0083542827
    0.0068339149
    0.0073013778
    0.0074819605
    0.0047101314
    0.0039266464
    0.0084076818
    0.0075555552
    0.0061109094
    0.0022686908
    0.0092414488
    0.0045186578
    0.0043729416
    0.0025895056
    0.0083255127
    0.0073375797
    0.0037509812
   -0.0017351880
    0.0010821506
   -0.0029523498
    0.0023536229
   -0.0218523937
   -0.0067257460
   -0.0203239362
   -0.0204723058
   -0.0191173546
   -0.0170356877
   -0.0161183786
   -0.0159927980
   -0.0179492559
   -0.0116034136
   -0.0113391279
   -0.0181206165
   -0.0036504727
    0.0005457732
    0.0035345565
   -0.0218082613
   -0.0168024385
   -0.0182613084
   -0.0186333670
   -0.0122378095
   -0.0154042814
   -0.0105575246
   -0.0124088855
   -0.0210660631
   -0.0005655821
   -0.0205826400
   -0.0223149270
   -0.0125005594
   -0.0086466617
   -0.0028959296
   -0.0105594511
   -0.0158200197
    0.0022093703
   -0.0136170805
    0.0025802506
   -0.0169852169
   -0.0100315416
   -0.0049934026
   -0.0123369113
    0.0059950949
   -0.0043985664
    0.0007895511
   -0.0160102867
   -0.0012338482
   -0.0008479444
   -0.0183361834
   -0.0156469789
    0.0019114800
   -0.0176210788
   -0.0210234759
   -0.0166171658
    0.0034998335
   -0.0018914840
    0.0009111006
   -0.0159077642
   -0.0127920768
   -0.0143334699
    0.0025201587
   -0.0184329111
   -0.0174098534
    0.0036841259
   -0.0083894639
   -0.0099414994
   -0.0114377550
   -0.0211972703
   -0.0194963266
   -0.0055723387
   -0.0134971849
    0.0035552065
    0.0058615641
    0.0046269474
   -0.0052300430
    0.0028569127
    0.0033158660
    0.0048961963
    0.0031092494
   -0.0085300886
   -0.0020374528
    0.0044091534
   -0.0063502719
   -0.0002647553
    0.0019733456
    0.0007417654
    0.0050940594
    0.0036708036
    0.0036150570
    0.0023481863
    0.0031180515
    0.0040253099
    0.0040930322
   -0.0053509362
    0.0018459441
    0.0036627776
    0.0064385688
   -0.0085607684
   -0.0016142685
    0.0044521602
    0.0006442316
    0.0017402285
    0.0012823055
    0.0030635739
    0.0050447623
    0.0035616671
   -0.0013628039
    0.0047730083
    0.0043550024
    0.0034782761
    0.0055045549
    0.0043694008
    0.0025980967
    0.0039084668
    0.0028852021
    0.0047235285
    0.0015648238
   -0.0063846800
    0.0033631093
    0.0040935188
    0.0036822861
   -0.0017042078
   -0.0115814192
    0.0049005577
    0.0028503933
    0.0033425838
    0.0053846583
    0.0042239476
    0.0025312670
   -0.0046006958
    0.0045926173
    0.0032631482
    0.0039952216
    0.0007982918
   -0.0006344775
    0.0033569376
    0.0030221890
   -0.0057387872
    0.0033088055
   -0.0059505249
    0.0034903099
    0.0028252012
    0.0030697282
    0.0073516084
    0.0046578296
    0.0001893690
    0.0085679100
    0.0035699186
    0.0074998432
    0.0017383808
   -0.0002197893
    0.0045488537
    0.0025564762
    0.0039976740
   -0.0008413366
   -0.0017159695
    0.0017771644
    0.0015347442
    0.0035849630
    0.0010855210
    0.0040839635
    0.0052478659
    0.0040239839
    0.0046789178
   -0.0012842896
   -0.0078684128
    0.0019354982
    0.0040906036
    0.0044037878
    0.0031221507
    0.0031464375
    0.0056862669
   -0.0081604338
   -0.0044307713
    0.0046066535
    0.0040704221
    0.0035531389
    0.0043134892
    0.0025676724
    0.0041934091
    0.0018218905
    0.0030494695
    0.0008404982
    0.0017282190
    0.0040652097
    0.0013733624
    0.0025856477
    0.0009185018
    0.0024984733
    0.0030879026
   -0.0020591042
    0.0088076329
    0.0067601208
   -0.0007414694
    0.0045490393
    0.0045715003
    0.0047316870
    0.0039943242
    0.0037268060
    0.0033962485
    0.0027264506
    0.0024948195
   -0.0016127099
   -0.0010771686
    0.0025909239
   -0.0022574789
   -0.0021795449
    0.0006120216
   -0.0048886223
   -0.0041791447
   -0.0037305900
   -0.0054399770
   -0.0038181551
    0.0033324228
   -0.0031212227
   -0.0102557340
   -0.0050354356
   -0.0038530676
   -0.0009352551
    0.0012584090
   -0.0057087735
   -0.0057770325
   -0.0048940608
    0.0054464584
    0.0038845596
   -0.0069676036
    0.0040937354
    0.0049229257
    0.0036588617
   -0.0004771351
    0.0033705426
    0.0052543348
    0.0002706677
    0.0038812708
    0.0003238217
   -0.0012334310
    0.0003044809
    0.0019850118
    0.0044676468
    0.0022660459
    0.0053000654
   -0.0177757284
   -0.0033871974
    0.0062063982
    0.0013251830
   -0.0107725558
    0.0011127102
    0.0040256480
    0.0009449642
    0.0037975998
    0.0048045606
   -0.0068939324
   -0.0100430399
    0.0061014552
    0.0015347755
    0.0034591576
    0.0026358342
    0.0015186954
    0.0046546268
    0.0043592650
    0.0039297720
    0.0017514079
    0.0037827262
   -0.0011503791
   -0.0022135675
   -0.0003228470
    0.0036887652
    0.0021994786
   -0.0124299258
    0.0033809204
   -0.0012377627
    0.0051610771
    0.0026616844
    0.0040990263
    0.0004293856
   -0.0049329605
   -0.0018089914
    0.0023567782
   -0.0065600753
    0.0029069280
    0.0045241197
    0.0046825205
    0.0023971135
    0.0019984648
    0.0025394249
   -0.0032367274
   -0.0161614957
    0.0042929505
   -0.0085016912
    0.0032346173
   -0.0023829789
    0.0030894808
    0.0054679629
    0.0046633318
    0.0046442955
    0.0050804180
    0.0036179479
   -0.0160403437
    0.0041136727
    0.0019452796
    0.0052252206
    0.0019778964
    0.0052999815
   -0.0010219395
   -0.0023259751
   -0.0015951926
   -0.0006853329
    0.0002055570
    0.0007169612
   -0.0014303110
    0.0010473128
    0.0014118473
   -0.0004506551
   -0.0048966298
    0.0015017373
    0.0002663198
    0.0003890978
    0.0003518568
    0.0034044395
    0.0041481920
    0.0017009759
    0.0038425271
    0.0037096030
    0.0025139189
    0.0040844901
    0.0043047624
    0.0031006741
   -0.0096165861
   -0.0102420332
   -0.0097070001
   -0.0108249967
   -0.0110115302
   -0.0108610653
   -0.0119988137
   -0.0072737301
   -0.0103476090
   -0.0111410867
   -0.0104541120
   -0.0108701618
   -0.0107012551
   -0.0117420109
   -0.0082762953
   -0.0118842058
   -0.0110006526
   -0.0094753001
   -0.0082846361
   -0.0107097550
   -0.0104659321
   -0.0108684918
   -0.0112646660
    0.0056799414
    0.0055954823
    0.0053839353
    0.0057410698
    0.0053084457
    0.0056214116
    0.0051808666
    0.0058317350
    0.0054133859
    0.0059683809
    0.0050660664
    0.0057673121
    0.0007175952
   -0.0039204245
   -0.0049917357
   -0.0022575456
    0.0007630167
   -0.0032376545
   -0.0014189685
   -0.0082109135
    0.0004590245
   -0.0061346487
    0.0003633963
    0.0043771668
    0.0006636162
   -0.0005765219
    0.0036643874
   -0.0074804135
    0.0042884699
    0.0038303565
   -0.0014997997
    0.0043031085
    0.0054009485
    0.0050668809
   -0.0003329987
    0.0021093762
    0.0038509402
    0.0046325441
    0.0055056545
    0.0011040536
    0.0048044708
    0.0039403720
    0.0025320142
    0.0044306079
   -0.0020143033
    0.0043387121
    0.0048509530
   -0.0089974562
    0.0046944556
   -0.0064839681
   -0.0036101816
    0.0002069332
    0.0048297326
    0.0056874167
    0.0047825447
   -0.0054849822
   -0.0047447630
    0.0028854873
    0.0047807577
    0.0042876584
    0.0043839605
    0.0052358843
   -0.0097339664
   -0.0021911047
   -0.0065606740
    0.0044318472
   -0.0083261882
    0.0036312347
   -0.0048932301
   -0.0031449528
    0.0018595917
    0.0045744563
   -0.0012522273
    0.0034032229
    0.0049071810
    0.0052433940
   -0.0036688482
    0.0041491965
    0.0047500309
    0.0044119983
   -0.0041086179
    0.0030813166
   -0.0042841431
   -0.0027466141
    0.0035409382
    0.0038131015
   -0.0030814446
    0.0057657238
   -0.0115689806
   -0.0119350033
    0.0023678037
    0.0042040184
   -0.0014824308
   -0.0004508971
    0.0044751021
    0.0044416111
    0.0032891697
    0.0039220931
    0.0048754897
   -0.0050061384
    0.0042115342
    0.0055228098
    0.0007334876
    0.0019289285
    0.0043923497
   -0.0009297844
   -0.0052595215
    0.0043978036
   -0.0006038238
    0.0041498261
    0.0045401286
    0.0040470006
    0.0047288096
    0.0020847201
   -0.0024111625
    0.0043498418
   -0.0040587420
    0.0035753517
    0.0024432270
    0.0039464346
    0.0035679576
    0.0025565146
    0.0043172939
   -0.0082722849
   -0.0083469642
    0.0045601042
    0.0045185826
    0.0042884685
    0.0052561480
   -0.0017654288
   -0.0060340809
    0.0042040979
    0.0044902470
    0.0019811048
    0.0045942116
    0.0026214967
    0.0036044938
    0.0030897894
   -0.0058056305
   -0.0022489041
   -0.0043397194
    0.0045386904
   -0.0046869860
    0.0047419433
    0.0043438316
   -0.0003503737
    0.0047031021
    0.0050794036
   -0.0006678913
    0.0012729416
    0.0043946710
   -0.0035337618
    0.0040987926
    0.0041568514
   -0.0029799903
    0.0044231935
   -0.0019054221
    0.0051242356
    0.0044332772
    0.0041915162
   -0.0038098864
    0.0026251779
   -0.0020558875
   -0.0009279098
    0.0020464804
    0.0049164238
   -0.0057206779
   -0.0018363243
    0.0042699144
   -0.0002229983
   -0.0034287081
   -0.0014648953
    0.0038218542
    0.0023185788
    0.0032308838
    0.0038267108
    0.0045767840
    0.0042813011
   -0.0007794990
    0.0040112408
   -0.0063766574
    0.0051657119
   -0.0024753511
    0.0024794735
    0.0044334499
   -0.0063449778
   -0.0071773759
   -0.0036337028
   -0.0058587052
   -0.0045264880
   -0.0013108553
   -0.0031776825
   -0.0050739831
   -0.0012571652
    0.0025857103
    0.0044920935
    0.0022327927
    0.0037015779
    0.0029740627
    0.0056169747
    0.0036857676
    0.0015777301
    0.0042716456
   -0.0007235683
   -0.0061663159
   -0.0045892693
    0.0042124630
   -0.0033726346
   -0.0052063193
    0.0036930475
    0.0018392485
    0.0013083508
    0.0029682730
    0.0025757247
    0.0032550094
    0.0039746426
    0.0035814124
    0.0002037046
    0.0032293209
    0.0022126744
    0.0020653484
    0.0039661419
    0.0029843615
    0.0004884288
    0.0027445362
    0.0057177156
    0.0052151207
    0.0060720419
    0.0046688943
    0.0060567166
    0.0059919538
    0.0060294654
    0.0058700181
    0.0060012518
    0.0058509294
    0.0063109895
    0.0053629569
    0.0042490212
    0.0058338978
    0.0041896463
    0.0039925936
    0.0023766161
    0.0033006368
    0.0029102781
    0.0036967258
    0.0011070291
    0.0001178421
    0.0034891077
    0.0034123959
    0.0005766553
    0.0011174295
    0.0034034270
    0.0062768277
    0.0066808236
    0.0006318028
    0.0075591652
    0.0059058958
    0.0065464660
    0.0065598699
    0.0068805482
    0.0065970739
    0.0060422576
    0.0071865933
    0.0053470537
    0.0074516756
    0.0072515129
    0.0054162278
    0.0055787653
    0.0068057285
    0.0051601645
    0.0004644853
    0.0071014140
    0.0066621130
    0.0020258403
    0.0070015892
    0.0054422120
    0.0074024157
    0.0029957062
    0.0074098676
    0.0036176516
   -0.0050279797
   -0.0020496115
   -0.0133990337
   -0.0138087099
   -0.0110922797
   -0.0129374004
   -0.0087526527
   -0.0075438095
   -0.0149796305
   -0.0103289338
    0.0018662386
    0.0043031192
   -0.0080259305
   -0.0012245113
    0.0032430338
   -0.0143932440
   -0.0136953681
   -0.0023945070
   -0.0098459513
   -0.0148129902
   -0.0141107449
   -0.0105552164
   -0.0150139568
   -0.0071488498
    0.0043398682
    0.0006386260
   -0.0108495624
   -0.0126706214
   -0.0163180851
   -0.0171066636
   -0.0010764440
   -0.0025979447
   -0.0037715378
   -0.0017279085
   -0.0047949889
   -0.0153312981
   -0.0028566117
   -0.0168365360
    0.0034594829
   -0.0074473897
   -0.0152731974
   -0.0174502860
    0.0037235345
   -0.0032226711
   -0.0000742414
   -0.0131753203
   -0.0044810960
   -0.0003522846
    0.0011381952
    0.0000175684
    0.0028382202
   -0.0000880417
   -0.0161982844
   -0.0172847936
   -0.0155767250
    0.0001147322
   -0.0128708032
   -0.0068987730
   -0.0107583058
   -0.0118196704
   -0.0167460336
   -0.0101420968
   -0.0161958875
   -0.0059305963
    0.0028819433
   -0.0161217352
   -0.0140012555
   -0.0130929121
   -0.0044060173
   -0.0022655091
   -0.0106527442
   -0.0131106514
    0.0041519822
   -0.0140544077
   -0.0104325722
    0.0030940829
   -0.0155253525
    0.0029726986
    0.0029281241
    0.0041881377
    0.0069464442
   -0.0003341051
    0.0035461232
   -0.0041035377
   -0.0051057269
    0.0028475141
   -0.0029100209
    0.0016136503
    0.0027250580
    0.0006979048
    0.0032301221
   -0.0043249588
    0.0031638686
   -0.0019252554
   -0.0045060061
   -0.0028144365
    0.0015434331
    0.0020159573
    0.0043468661
    0.0029053835
    0.0039068013
   -0.0062220789
    0.0036660080
    0.0020539934
    0.0034340366
    0.0010723561
    0.0019728508
    0.0035867508
    0.0038778813
   -0.0004598277
    0.0029508071
    0.0065211917
    0.0025007093
    0.0037429077
    0.0036856747
    0.0034068661
    0.0045380425
    0.0026215084
   -0.0062677823
    0.0038224567
    0.0013143847
    0.0030460288
    0.0013384477
    0.0032598837
    0.0043130104
   -0.0030962308
    0.0044594382
    0.0041662981
    0.0016045655
    0.0011697899
   -0.0053770602
    0.0024376845
    0.0021461128
    0.0022005932
    0.0011981651
    0.0026837572
    0.0030803238
   -0.0003958747
   -0.0034042900
    0.0041143675
   -0.0027815753
    0.0032380279
    0.0028163286
    0.0036770196
    0.0038390521
    0.0014556370
   -0.0018632440
    0.0039116259
    0.0035405602
    0.0031163524
    0.0022885137
   -0.0016883708
   -0.0066966676
   -0.0002959686
   -0.0012329025
    0.0032666625
    0.0022835412
    0.0022749330
    0.0002461116
   -0.0010811787
   -0.0010713231
    0.0016839288
    0.0038253193
   -0.0034112451
    0.0044162689
    0.0031635000
    0.0001403733
    0.0030584108
    0.0023016920
   -0.0028480189
    0.0033103728
   -0.0028574595
    0.0067258427
    0.0057010227
   -0.0020358704
    0.0031172695
    0.0021333157
    0.0062091298
    0.0035264017
    0.0015503997
   -0.0006827949
    0.0023789390
    0.0032626470
    0.0026531097
    0.0025838729
    0.0031817951
    0.0038235248
   -0.0027896981
   -0.0018943976
    0.0032106117
   -0.0036658748
    0.0031910992
    0.0013917834
    0.0042830249
    0.0058655012
    0.0031036661
    0.0030745591
    0.0030165927
    0.0058761858
    0.0035731610
   -0.0044679378
    0.0029289201
   -0.0022001914
    0.0039183605
    0.0038141747
    0.0009002945
    0.0039583592
   -0.0018398753
    0.0024564232
   -0.0075442799
    0.0012004899
    0.0027228837
   -0.0024076623
   -0.0055076436
    0.0033037487
    0.0027304216
    0.0060966876
    0.0027760706
   -0.0058409861
   -0.0006830264
    0.0006250048
    0.0020746268
   -0.0008844194
    0.0031042174
    0.0003169661
   -0.0030334330
    0.0021821481
   -0.0004737402
    0.0007253486
   -0.0003194280
    0.0032030999
   -0.0004377880
    0.0002419297
    0.0061073290
    0.0036027012
    0.0010002714
   -0.0008341734
    0.0025087963
    0.0009396020
   -0.0010992326
   -0.0072202398
    0.0015334602
    0.0010320983
   -0.0032618398
    0.0026053916
    0.0034119890
    0.0035308706
   -0.0112138329
    0.0024604005
   -0.0076361638
    0.0010520229
   -0.0001458540
    0.0041876475
    0.0021427627
    0.0035574721
    0.0033718259
    0.0024358149
    0.0030830864
    0.0042347037
    0.0042419262
   -0.0019433717
    0.0018541064
    0.0014747800
   -0.0026204723
   -0.0025191158
    0.0010151403
    0.0005914180
   -0.0046439016
   -0.0046123912
   -0.0033875980
   -0.0017566602
   -0.0023508691
   -0.0041767220
   -0.0040968181
   -0.0005238746
   -0.0010981521
   -0.0049584646
   -0.0014309743
   -0.0009723088
    0.0001096442
   -0.0015353546
   -0.0042423028
   -0.0015546201
   -0.0035305525
   -0.0037348733
   -0.0043789065
   -0.0002264775
   -0.0058755972
   -0.0021474240
    0.0040083183
    0.0045126595
   -0.0131372974
    0.0009964509
   -0.0036273772
   -0.0006880628
    0.0042991101
    0.0038265233
   -0.0018067388
   -0.0121340858
    0.0002494844
   -0.0015059413
   -0.0030666691
   -0.0110209499
   -0.0000513666
    0.0026201175
    0.0025561226
    0.0016207989
    0.0047538157
    0.0033949862
   -0.0010425194
    0.0025882383
    0.0040096095
    0.0034750523
   -0.0132401955
    0.0043539313
    0.0047746414
   -0.0058771843
    0.0049330091
   -0.0006455156
    0.0017060079
    0.0044621018
    0.0018269400
    0.0046755409
    0.0042246813
    0.0045546732
    0.0025331711
    0.0040157234
    0.0013980539
   -0.0006792139
    0.0048848651
    0.0047853626
    0.0028444560
    0.0048565716
    0.0018561074
    0.0044048939
    0.0000277448
   -0.0076301091
   -0.0013113135
    0.0032020601
    0.0041969447
    0.0004863793
   -0.0038294345
    0.0006342078
    0.0043378149
   -0.0009222500
   -0.0014654700
    0.0037969553
    0.0044217277
    0.0035471731
   -0.0128772235
    0.0017505569
    0.0027432274
    0.0027375067
    0.0035628402
    0.0044683874
    0.0044087166
   -0.0015947682
    0.0041936760
    0.0025162610
    0.0044854133
   -0.0041074258
    0.0046833689
    0.0048597235
    0.0017507563
    0.0027883674
   -0.0006168503
   -0.0039564261
   -0.0001044072
    0.0025328423
   -0.0015068374
    0.0010429761
    0.0040757642
   -0.0056628570
    0.0023313542
    0.0034283641
    0.0024223510
    0.0046447795
    0.0035684184
    0.0031753964
    0.0026221613
    0.0042174382
    0.0033058745
    0.0036334860
   -0.0077315840
    0.0041263410
    0.0044865634
   -0.0011892393
   -0.0022384765
    0.0011912348
   -0.0130941391
    0.0044061191
   -0.0003796368
   -0.0099547614
   -0.0063802319
    0.0005766528
   -0.0065168290
    0.0002511085
   -0.0027486546
   -0.0028685418
   -0.0040451449
    0.0000813181
    0.0040210318
    0.0044349066
    0.0045213240
    0.0050863770
   -0.0070141735
    0.0047598652
    0.0020965587
    0.0040643835
    0.0049760177
   -0.0006472929
    0.0045551367
    0.0038945568
    0.0047343343
    0.0021267035
    0.0049784840
    0.0047497151
    0.0050747595
    0.0046758671
   -0.0050119075
    0.0029740166
    0.0005073212
    0.0010421483
    0.0036945083
    0.0047440833
    0.0038582684
    0.0044835336
   -0.0055267824
   -0.0085361148
   -0.0089716423
   -0.0050543585
   -0.0083038487
   -0.0080685265
   -0.0048420270
   -0.0091245868
   -0.0090578866
   -0.0067059992
   -0.0057121052
   -0.0084639340
   -0.0062344215
   -0.0068982799
   -0.0073772086
   -0.0062915184
   -0.0078554758
   -0.0087682977
   -0.0083545008
   -0.0076290443
   -0.0087266223
   -0.0067194429
   -0.0077598223
   -0.0059592579
   -0.0091461436
   -0.0083815827
   -0.0060293337
   -0.0093441989
   -0.0042849275
   -0.0060676654
   -0.0008761441
   -0.0043964834
   -0.0019586224
    0.0048714262
   -0.0048742365
    0.0043255948
   -0.0013017389
    0.0039688730
   -0.0005770182
    0.0020076797
    0.0037597352
    0.0031302080
   -0.0010008670
    0.0032956207
   -0.0015166686
    0.0023184682
   -0.0000814237
    0.0034946289
    0.0033452301
    0.0034026415
   -0.0027834866
    0.0050623420
    0.0005509351
   -0.0010743082
   -0.0024541185
    0.0006904142
   -0.0026486923
   -0.0033313931
   -0.0086044068
    0.0049593544
    0.0003682212
    0.0027338096
    0.0032919410
   -0.0037114062
    0.0037640507
    0.0037506471
   -0.0003034403
   -0.0031019721
    0.0012009470
    0.0040028125
   -0.0012186784
    0.0043904287
    0.0015437256
    0.0007259673
    0.0009159958
   -0.0008527680
    0.0011491195
   -0.0058205131
    0.0035455482
   -0.0044095373
    0.0024728476
    0.0017985706
    0.0030367089
    0.0009851559
    0.0034577642
   -0.0069704164
   -0.0038194292
    0.0018092176
   -0.0038308072
    0.0034917550
    0.0015736225
    0.0034991142
    0.0008935263
    0.0033816755
   -0.0071480412
    0.0024985669
   -0.0012824658
   -0.0046656573
    0.0003051945
   -0.0070191368
    0.0012791895
    0.0047864925
    0.0034159737
    0.0017267624
   -0.0022301258
    0.0022346990
    0.0042373704
    0.0038727802
    0.0048632150
    0.0021420396
    0.0029627703
    0.0033154187
    0.0030985620
    0.0037718283
    0.0028722264
    0.0048337947
    0.0017943002
    0.0027470168
   -0.0091885245
    0.0024169097
   -0.0006503402
    0.0036971646
    0.0039430467
    0.0007788048
    0.0031453760
   -0.0025131781
    0.0009581928
    0.0031668652
   -0.0013726714
    0.0036807513
   -0.0043531658
    0.0013616336
    0.0046052867
    0.0042521620
   -0.0009404281
    0.0042764751
    0.0014272036
    0.0011403292
    0.0028567424
    0.0038504109
    0.0025483176
    0.0050336234
   -0.0064747690
   -0.0031069072
    0.0006613528
    0.0011956245
    0.0046978027
   -0.0017250730
    0.0024477518
   -0.0041960459
    0.0043125565
   -0.0003000000
    0.0027246135
   -0.0025687926
   -0.0074997034
    0.0032709847
   -0.0036663747
    0.0038952691
    0.0040448451
   -0.0011332408
   -0.0050612055
    0.0022860477
   -0.0009361819
    0.0015306000
    0.0044399078
    0.0014903741
    0.0031213701
   -0.0023809130
    0.0028411966
    0.0020756685
    0.0038280583
   -0.0095766185
    0.0034323184
    0.0044433095
   -0.0054052000
    0.0034209118
    0.0039479463
    0.0009230272
    0.0041916025
    0.0041355054
   -0.0042983049
    0.0001273804
    0.0036039701
   -0.0025079699
    0.0040265612
    0.0018134638
    0.0044063521
    0.0039608258
    0.0029763935
   -0.0007443970
   -0.0033672542
    0.0051711236
   -0.0008636894
    0.0032885329
    0.0035994842
    0.0038795115
    0.0037872225
    0.0033870718
    0.0044685006
    0.0005185007
    0.0005248594
    0.0031657131
    0.0030674016
    0.0042252471
   -0.0022763708
    0.0045656338
    0.0016715055
    0.0034653885
    0.0007150588
    0.0021457293
   -0.0069984242
    0.0031807634
   -0.0001736921
    0.0001764304
    0.0043307353
   -0.0018932206
    0.0040186538
   -0.0056050252
   -0.0044704684
    0.0046953438
    0.0035936711
    0.0032419927
   -0.0053248220
    0.0017206810
    0.0016896419
   -0.0019995412
    0.0040878598
   -0.0070669675
    0.0006609901
    0.0036819075
    0.0041565696
    0.0002693724
    0.0026224761
    0.0016358132
   -0.0042202986
   -0.0004451655
   -0.0033088018
    0.0009016261
    0.0026381113
    0.0022052918
    0.0016090031
    0.0025538314
    0.0018693728
    0.0033056514
   -0.0008877297
   -0.0038235250
    0.0018141103
    0.0023553487
    0.0015339043
    0.0005284588
    0.0005364673
   -0.0047440390
   -0.0068432794
    0.0030232741
    0.0030004507
    0.0040288616
   -0.0026842350
   -0.0032655782
    0.0007019308
    0.0037457500
    0.0039581113
    0.0031660719
    0.0038504681
    0.0024585354
    0.0022559881
    0.0028770466
   -0.0087960518
   -0.0054182764
   -0.0070623699
   -0.0014313703
   -0.0004631935
    0.0018447439
    0.0037603089
    0.0033547371
    0.0038445243
    0.0026051826
    0.0019668403
   -0.0014773875
   -0.0000324201
    0.0001656015
    0.0032180607
   -0.0003193443
   -0.0009911697
    0.0033122841
    0.0035229886
    0.0045946053
    0.0000674158
    0.0005303190
    0.0034771061
   -0.0066153082
   -0.0000578872
    0.0051109114
    0.0016085246
    0.0048427911
   -0.0019976861
   -0.0040704748
    0.0008266858
    0.0038634017
   -0.0050232482
    0.0028591373
   -0.0000754764
   -0.0052410851
    0.0036282088
   -0.0073511374
    0.0028835716
   -0.0028663766
    0.0033341234
    0.0040364879
   -0.0027821353
    0.0010971874
   -0.0002808472
   -0.0009247403
    0.0042287804
   -0.0054847425
   -0.0054160505
   -0.0013906053
    0.0033410114
    0.0041777280
    0.0014877440
    0.0041833656
    0.0012679489
    0.0029327894
    0.0037341748
    0.0028333110
    0.0037538393
   -0.0014816294
    0.0052342138
