-2.518891 -0.457259 2.026750
-1.407241 0.420679 3.239372
-2.281689 -0.246072 2.661661
-2.427469 0.621666 1.209411
-2.480817 0.626170 1.917326
-1.439271 0.099973 3.282369
-1.339998 -0.309598 3.283382
-2.423737 -0.723874 1.990726
-1.392091 1.472867 2.351715
-1.888484 -0.531242 2.961972
-1.323027 -1.014766 2.964096
-2.439508 -0.012200 2.438319
-1.365129 -0.541048 3.213906
-1.888985 -1.363133 1.931198
-1.628683 0.756869 3.013861
-2.141948 -0.557178 2.714057
-1.568088 -0.546501 3.140424
-1.505663 1.380221 2.454675
-0.871836 0.321855 3.329004
-1.107982 0.620803 3.233571
0.257917 -0.952564 3.266302
1.399825 -1.459252 1.942985
-0.609496 0.076861 3.438464
0.554316 1.512529 2.758731
0.623742 -0.168447 3.400543
0.140181 -1.224772 3.118098
1.847923 0.136082 2.347928
1.033134 1.427114 2.539390
0.011881 1.997049 2.120034
-0.258187 -1.459187 2.922304
-0.709605 -1.865607 2.167844
0.256477 -1.740798 2.573926
-0.345666 2.073426 1.760622
1.461539 0.791606 2.663729
1.939499 0.448465 2.007345
-0.507540 -1.165724 3.107411
-0.961611 1.722844 2.237390
1.611442 -0.435051 2.649240
-0.855944 -0.417531 3.310976
1.325599 -0.884819 2.752983
0.843384 1.390382 2.730668
0.353221 0.173626 3.470726
-0.465273 1.702700 2.593244
1.028428 0.319462 3.196457
1.599576 -0.150610 2.728296
0.049307 0.914015 3.307052
1.791637 0.705655 2.195452
1.343854 -1.277581 2.369696
0.074028 1.558676 2.831387
-0.041422 -1.009234 3.261331
1.865471 -0.390232 2.237190
-0.349406 0.094515 3.491968
-0.765280 -0.218315 3.378732
1.352106 0.441515 2.929826
-0.835567 -1.691668 2.409653
-0.552748 -2.000298 1.908666
1.398839 -1.370342 2.137886
-0.755118 -1.979585 1.716107
1.849656 -0.631217 2.119648
0.754969 0.085100 3.357349
0.715935 -1.802419 2.224027
1.371512 0.992861 2.625614
1.603893 1.059997 2.213277
1.335606 1.537061 1.893522
0.360547 -0.423749 3.433147
1.521164 -0.316689 2.791841
-0.327172 0.863830 3.312117
1.450769 -1.115918 2.408744
0.435282 0.535380 3.390219
-1.176583 -1.761036 1.775209
0.743215 -1.887543 1.973350
-0.623130 -1.711238 2.513774
-0.106796 -2.092762 1.769539
1.358634 -0.599413 2.869526
-0.485456 0.319766 3.445260
-1.139391 -1.647573 2.174879
1.155739 0.841902 2.928736
-1.166995 1.655236 2.117206
1.827775 0.882309 1.875228
-0.973809 -1.336281 2.759961
0.624934 0.509081 3.341908
1.373963 0.263285 2.950462
1.124369 -1.775549 1.465044
1.604976 -0.812806 2.456146
1.914513 -0.156349 2.199778
-0.812419 -0.036942 3.372754
0.935406 1.881108 1.092342
-1.242885 -2.990431 0.973103
-2.733644 -2.037521 -1.487137
-2.725894 -1.676626 -1.710798
-1.598235 -3.416089 -0.969566
0.157101 -3.373925 -1.245127
-1.719020 -2.883869 0.836861
-0.619232 -2.942683 -2.237535
-1.316617 -1.849805 1.657736
-2.588164 -1.102613 -1.981130
-2.083480 -1.589032 1.338356
-1.564910 -2.946262 -1.986256
-1.998134 -3.241854 -0.590542
-1.137552 -2.707789 1.272321
-1.344042 -3.490593 -1.049374
-1.036129 -2.587696 1.382437
-1.948838 -3.188804 -1.138605
1.165046 -2.594814 -1.228162
-1.291018 -2.313081 1.485826
-2.565012 -2.645007 -1.012437
1.400342 -2.350119 -0.900078
-1.167559 -3.586910 -0.602159
-1.395889 -3.528172 -0.566610
-2.089827 -2.102135 1.166623
0.633946 -3.101434 -1.279513
-1.544682 -3.372965 0.109928
-2.780980 -0.352145 -1.235156
-0.813418 -3.334842 -1.711928
-1.913451 -2.000538 1.339249
-1.221335 -3.564565 -0.784529
-2.320822 -2.985832 -0.528069
-2.748333 -0.755888 -1.636192
-2.278562 -0.316338 -2.057070
-2.551049 -1.591937 -1.998968
-0.077297 -3.016898 -2.040794
-1.269010 -2.916055 -2.162415
-2.047237 -1.854275 -2.417608
-1.002685 -3.584620 -0.938848
0.867646 -2.632743 -1.724100
-2.473012 -1.048491 -2.117123
-0.223843 -3.130751 -1.951399
-1.577250 -2.784754 -2.151162
-1.606228 -2.739083 1.059320
-2.097999 -2.391411 0.984349
-0.322907 -2.926730 -2.215415
-2.114280 -1.107946 -2.457047
0.725974 -2.923933 -1.503060
-2.522354 -2.769742 -0.604146
-2.430272 -2.806124 -1.028551
0.094833 3.388372 -1.277164
-1.501159 2.812865 1.046853
-2.089841 0.717215 -2.402123
-1.156335 3.357170 -1.575145
-1.586173 3.350560 -1.244605
0.762228 2.793507 -1.659573
0.211015 2.710116 -2.217747
-0.986867 2.097702 1.647297
-1.839125 3.021684 0.545168
-2.143925 3.041795 -1.151019
-1.443879 3.456936 -0.058815
-2.195768 2.125332 -2.179747
-0.951875 3.596574 -0.907159
0.875976 1.649866 -2.312419
-2.675229 0.203486 -1.327491
-1.677768 2.620815 1.120204
1.266297 2.056743 -1.663194
-2.011253 2.508515 0.970584
-2.334620 2.896132 -1.065143
-2.126585 2.879136 0.418440
-0.401498 3.567498 -1.056665
-0.630016 3.422270 -1.546183
-2.480052 2.148369 -1.842115
-2.126183 3.106823 -0.966095
0.136971 3.107978 -1.809798
-1.605410 3.039045 -1.840336
-1.840060 2.000733 1.384560
-2.202093 2.957122 0.128598
0.788510 2.554873 -1.904588
-1.454568 2.898925 -2.100566
-1.337072 3.521940 -0.226229
-2.438933 2.787966 -0.064814
-0.500354 2.148412 1.640411
-2.208870 1.617872 -2.350738
-2.068803 2.874192 -1.623881
-2.545812 0.208465 -1.607549
-1.773508 3.341390 -0.927196
-2.061918 0.497422 -2.344789
-2.836495 1.235909 -1.575249
-0.927107 2.788388 1.247207
-0.782360 2.915960 -2.262965
-1.388724 2.655172 1.234186
-2.236328 2.703974 -1.637676
-0.868667 3.525404 -1.256523
1.158307 2.610637 -1.219920
-1.757631 2.525057 -2.263532
-2.751678 1.619150 -1.681582
-2.396670 1.987603 -2.042038
1.128138 1.892889 -1.964061
-1.723539 2.914813 -1.914551
3.398506 -1.237716 -1.053603
1.523080 -1.699557 -2.048063
3.200456 1.230714 -1.470794
3.591205 0.587996 0.544564
1.568789 -2.081366 -1.533901
2.745858 -1.496697 -1.731820
3.708346 0.793805 -0.126925
3.080923 -0.067130 1.377518
3.274164 -0.308930 -1.914191
3.741674 -0.242336 -1.080487
1.581493 -2.277967 -1.066019
3.845248 0.217895 -0.521099
3.619468 1.040681 -0.378562
3.823197 -0.352752 -0.598906
2.176925 0.839515 1.732892
2.688243 1.774878 -1.406641
3.082197 0.612708 1.267204
3.552350 1.086400 -0.812437
3.589710 -0.632478 0.519287
2.049398 2.130815 -1.273986
3.677960 -0.885682 -0.163521
1.533499 1.717067 -2.028187
3.149070 1.505306 -1.161839
2.502300 1.631637 -1.779449
3.306157 -0.001145 -1.907364
1.856203 2.129728 -1.373534
1.997979 2.057063 -1.459266
3.529597 -0.475955 -1.493222
2.875098 -0.993330 -2.034420
3.744912 0.252955 -1.065554
3.433516 -0.636823 0.818739
3.472094 0.930648 -1.290708
2.848024 -1.625662 -1.454583
2.499981 -1.994336 -1.187001
2.191761 -2.145247 -1.128786
2.243973 -0.289990 1.853428
2.192747 0.561269 1.818149
1.500548 1.525970 -2.207472
3.539640 0.299189 0.771428
1.689781 -1.776025 -1.952924
2.757748 0.062051 1.624782
3.854376 -0.153665 -0.405126
2.186692 -1.786996 -1.786567
3.302211 -0.486051 1.069511
3.131210 -1.175542 -1.629092
2.432185 -1.317800 -2.120160
3.822071 0.369489 -0.183611
3.828292 0.382465 -0.364185
0.471138 -2.345455 -2.355571
-1.598058 -2.240647 -2.648301
-1.487859 -1.949856 -2.935508
-0.473651 -0.461723 -3.086386
0.609193 -0.811194 -2.657141
-1.853091 -1.338022 -2.797435
-0.734171 -2.447240 -2.866457
-1.542815 -1.601045 -3.022648
-1.115955 -0.862895 -3.189411
-0.958484 -1.999434 -3.134877
-0.231828 -2.621034 -2.600627
0.816741 -1.321997 -2.485964
-1.010823 -2.750347 -2.405625
0.355517 -2.340274 -2.514952
-1.225413 -1.706866 -3.160869
-0.211779 -0.721522 -3.159333
-1.537938 -0.446438 -2.769820
-0.353813 -2.173189 -3.049811
-1.713914 -2.065234 -2.678531
-1.058040 -2.603817 -2.615544
0.620026 -1.660425 -2.698663
-2.989669 -0.228798 -0.669040
-2.658253 -2.583983 -0.776278
-3.195049 -1.843450 -0.878130
-2.329986 -1.084874 1.283494
-3.230280 -0.582196 -0.601176
-2.435395 -2.075801 1.022772
-3.285584 -1.231424 0.366919
-3.333740 -1.392247 -0.774951
-2.510258 -2.756579 -0.134981
-2.644103 -2.001225 0.934197
-2.832105 -0.246238 0.473498
-3.136545 -0.348637 -0.264197
-3.267900 -0.867675 -0.828102
-2.657640 -0.280098 0.715432
-2.452205 -1.889396 1.112300
-0.422141 -3.421759 0.914751
-1.050915 -3.379695 0.614032
0.911065 -3.379141 -0.324495
0.092931 -2.592334 1.435513
0.030077 -3.521598 0.774062
1.366934 -2.708786 -0.224410
1.169176 -3.089543 -0.033287
1.165274 -2.353630 0.782951
-0.012633 -3.736008 0.338749
1.257478 -2.948599 -0.252628
0.172191 -2.912038 1.288861
0.517366 -2.167712 1.358725
-0.131594 -3.816694 -0.041604
0.965639 -2.594802 0.954325
1.140405 -3.073160 -0.506105
0.521841 -3.346898 -1.065765
0.779297 -2.817644 1.021465
-0.294537 -3.718402 0.422371
0.175440 -3.236165 1.060638
1.013123 -2.909373 -1.008588
0.643148 -3.580876 -0.295483
-0.908592 -3.277077 0.871437
-0.962698 -3.639921 -0.019273
-0.418299 -3.786840 0.122227
-0.418471 0.234395 -2.918375
0.702373 2.056659 -2.326252
-0.439681 2.677161 -2.588171
-1.392341 1.616238 -3.106493
-1.270890 2.209229 -2.903914
0.122808 2.376203 -2.689140
0.200956 1.974637 -2.934914
-1.130140 1.552030 -3.226141
-0.047168 1.448777 -3.208101
-0.867801 0.048792 -2.732801
0.287019 1.008937 -3.014523
-0.141670 2.279448 -2.916453
-1.293220 1.257498 -3.184954
-1.180440 1.823080 -3.141710
-0.279908 2.587322 -2.664851
0.127746 1.394438 -3.135298
0.846287 1.435157 -2.424594
0.213196 0.450785 -2.814369
-0.061129 0.833581 -3.148389
-2.808044 0.091206 -0.789521
-3.158344 2.130303 -0.033307
-3.237741 1.263258 0.470744
-3.311695 1.171511 -0.839841
-2.850821 2.251946 0.510623
-2.920094 0.107147 -0.056397
-3.168162 1.748316 0.457853
-3.001678 2.043188 0.513228
-3.034032 2.238232 0.173263
-2.483736 2.752178 0.001708
-2.180296 1.448425 1.334370
-3.261676 1.934418 -0.499281
-2.946954 0.759354 -1.315717
-2.452940 2.526071 0.584036
-3.209887 1.569401 -1.019731
-3.180264 0.442639 -0.092009
-2.760578 2.528901 0.164963
-3.129800 2.040743 0.257707
-2.467576 2.126819 0.972229
-2.979749 2.191940 0.377719
-2.875907 2.336893 -0.898732
-2.444293 0.802725 1.171025
-2.843635 2.508413 -0.015973
-3.022575 2.345163 -0.158180
0.981049 2.935892 0.725540
-0.544253 3.697000 0.390293
0.763517 3.059268 0.862916
-0.919523 3.551865 0.425159
0.770563 3.369296 0.442091
0.020421 3.448736 0.877787
0.583211 3.589391 -0.467656
1.293789 2.782482 0.232468
0.901845 3.126298 0.631942
1.216109 2.975844 -0.456237
0.839418 3.128183 -1.018153
-0.125734 3.594691 -0.994081
-0.830955 3.386212 0.790995
0.786410 2.402247 1.173450
-0.037313 3.282849 1.068300
0.686715 3.562547 -0.178756
-0.309997 3.756730 0.302252
0.661217 3.381529 -0.879285
0.603062 3.498204 -0.721122
2.167372 0.716062 -2.873248
2.072722 -1.431479 -2.210462
1.885645 0.861932 -2.873145
2.879528 0.221238 -2.543792
1.919690 0.201588 -3.096814
1.352583 0.840899 -2.886086
1.820502 0.608144 -3.009205
2.388204 0.081371 -2.947395
1.904589 -0.277777 -3.088548
0.423662 -0.257256 -2.609616
1.691339 1.361911 -2.436584
2.896293 -0.034257 -2.546326
2.731830 -0.274145 -2.684260
0.683006 -0.177560 -2.840897
2.531267 -0.994258 -2.457192
1.588897 -0.986466 -2.816528
2.696269 0.201978 -2.728940
2.215102 -1.284592 -2.360671
3.527954 -1.487674 -0.016941
2.078283 -2.291976 -0.870910
2.273995 -2.049215 1.192496
3.244071 -1.964538 0.061039
1.649552 -2.460312 -0.440311
1.715489 -2.539539 0.015839
3.319087 -0.904513 1.020474
2.302739 -2.153989 -1.009752
3.491346 -0.893985 0.726648
1.997564 -2.430336 0.670248
3.240321 -1.889253 0.439477
2.394519 -2.280935 -0.788387
3.533746 -1.430483 0.253445
1.328061 -1.999570 1.106407
3.275699 -1.501375 0.872131
2.466992 -2.472396 -0.133287
2.819589 -1.457116 1.353117
2.841041 -2.177675 0.630964
2.635593 -0.866859 1.568434
2.030075 -2.555800 -0.023442
3.541256 -0.737506 0.587782
2.989207 -2.198952 -0.127967
1.825460 -1.365758 1.630622
2.767454 -2.132471 0.804611
1.401061 1.959522 1.182886
2.674441 2.180604 -0.755257
2.198479 2.299536 0.889749
2.933849 2.173883 0.473140
2.444220 1.373478 1.560307
1.379439 2.146957 0.959141
2.812891 2.289201 0.352255
2.586023 1.630361 1.395344
3.269056 1.088764 1.065652
1.901299 2.554523 0.049732
3.384993 1.759947 -0.118603
3.293128 1.903203 0.004034
3.012193 1.304872 1.270126
3.081820 2.058129 -0.389478
1.497534 2.484954 -0.094862
3.303751 1.748957 -0.485986
2.146983 2.516814 -0.280808
3.493451 0.923505 0.722956
1.480502 1.664373 1.431605
2.355860 1.565284 1.510290
2.888985 2.274468 -0.074803
2.769772 1.528363 1.351152
3.269679 1.573051 -0.765641
2.309126 1.908094 1.308976
1.740281 2.525409 0.255408
1.539271 2.313654 0.787201
2.999407 2.173485 0.287399
1.374632 2.361166 0.547537
-2.769065 0.136892 1.114744
-1.198895 -0.657529 3.466544
-2.234455 1.203135 2.431903
-1.342238 1.248345 3.083856
-1.810100 1.208689 2.893306
-2.846288 0.187819 1.808593
-2.375371 1.270565 1.573606
-1.562588 -0.629582 3.384899
-2.308895 0.224509 3.008656
-2.259506 -0.804693 2.820121
-1.215837 -0.303867 3.557003
-2.055290 1.236831 2.636875
0.463640 -1.821862 2.916198
-0.337102 -2.137762 2.510602
1.155557 -1.633546 2.730286
1.482163 0.039344 3.279081
-1.170469 1.895082 2.416813
-0.923018 0.012293 3.656230
-0.140017 -0.059732 3.817260
1.217483 -1.992677 1.977214
-0.235900 2.346086 1.999196
-0.552067 -1.253459 3.409686
-0.854472 -2.107332 2.294027
1.281213 0.162444 3.419046
0.321128 2.324718 1.999842
0.138140 0.846457 3.660211
1.732007 1.253968 2.473855
1.617221 -1.173733 2.718263
1.601838 -1.692658 1.965554
1.061055 -2.023170 2.159727
-0.860373 1.053407 3.422956
-0.583164 -0.630938 3.674387
0.909421 1.200295 3.274645
0.702088 -2.306882 1.571113
1.017130 0.870239 3.394341
0.244405 -0.340109 3.778314
-1.182049 -1.190206 3.179004
0.444436 2.357450 1.727675
0.110915 -0.731664 3.701845
1.159324 -1.863984 2.381435
0.103099 -2.356383 1.971333
0.572547 1.784718 2.919434
0.645072 -1.908167 2.728009
1.443621 -1.302977 2.801129
0.331128 -0.738754 3.673989
0.759377 2.094141 2.325598
0.050800 1.751646 3.071955
0.801353 -2.252280 1.740080
1.258710 1.093664 3.124232
1.209647 1.646657 2.662669
-0.433507 -1.999789 2.716762
-0.226421 -1.354943 3.399446
-0.563418 0.378761 3.733774
0.336141 2.105568 2.542920
1.284944 -0.019346 3.423018
-0.206646 2.015270 2.739448
-1.258333 -1.918821 2.262018
-0.692343 -1.934501 2.712762
-0.120564 0.331896 3.795877
-0.064347 -0.416773 3.783780
0.798116 -2.107019 2.261164
1.873825 0.553368 2.773966
0.267843 0.221608 3.789209
-1.970564 -2.105479 -2.801326
-0.281735 -3.003755 -2.604246
-2.048930 -2.786220 -2.348187
-2.233756 -2.288761 1.425034
-2.387026 -3.377915 -0.625042
-0.118973 -2.571187 1.753583
-0.732884 -3.806659 -1.504242
-1.527713 -3.577389 0.582532
0.715172 -2.207136 -2.687979
-1.807157 -2.418943 1.629446
-1.315400 -3.693667 0.471667
-1.125332 -3.928878 -0.306196
-2.403276 -3.181997 -1.420337
-1.069874 -3.261346 -2.356874
-1.444334 -3.677425 -1.540257
-1.590634 -2.966723 -2.471005
-2.907239 -2.821157 -0.685561
-0.859306 -2.544565 1.830268
-2.687545 -3.034116 -1.040835
1.077147 -2.353374 -2.316189
-3.168103 -1.258134 -1.671339
0.665349 -3.007523 -2.142421
-2.779947 -1.912707 -2.166249
-0.111655 -3.871950 -1.037076
-0.591497 -3.746944 -1.648873
-2.438048 -2.103955 -2.459215
-1.051276 -3.840850 -1.324879
-2.539641 -0.075439 -2.161317
-0.717446 -3.042477 -2.610476
-2.534273 -3.226428 -0.877661
-0.525995 -3.942113 -0.959961
-1.622690 -3.390509 0.843352
-2.123956 -3.439470 0.192654
-1.159042 -3.668577 -1.723927
-0.114037 -3.584716 -1.844107
-2.436597 -3.016165 -1.671438
-1.497026 -3.012454 1.353239
-2.059333 -1.854796 -2.829430
0.339353 -3.709898 -1.132251
-2.064664 -1.720678 1.739087
-3.046506 -0.029220 -1.124367
-2.132614 -3.559469 -0.514924
-2.778731 -0.781471 -2.230281
0.650764 -3.160047 -1.969312
-2.414742 -0.647931 -2.568884
0.674351 -3.533453 -1.162433
-0.929154 -3.906817 -1.120718
-2.022049 -3.478789 -1.380583
-1.400091 -3.821631 -0.003547
-1.609410 -3.642659 0.363887
0.114000 -3.271576 -2.201812
-2.982423 -2.095045 -1.751305
-0.490609 -3.883887 -1.235487
-2.623971 3.150652 -0.788607
-2.642223 1.119187 -2.442131
0.166961 3.601278 -1.644948
0.444640 3.130463 -2.175929
-1.953281 3.663087 -0.519309
-2.527406 2.780613 -1.855831
0.655786 3.361869 -1.641960
-1.835146 1.805233 1.844193
-0.251287 3.911425 -0.967440
-1.497735 3.845960 -0.750275
-1.860730 3.399349 0.635838
-0.611253 2.736930 1.722429
-2.961014 2.745059 -0.614754
1.216468 2.033782 -2.342567
-2.511149 3.269912 -0.449752
-1.043997 3.618062 -1.861363
-1.600114 3.737906 0.079453
-2.406786 3.359415 -0.677147
-2.473510 3.034420 0.461165
-0.531665 2.899679 -2.721697
-2.056593 3.597814 -0.755109
-1.912991 2.675483 1.410567
-0.326540 2.571815 1.795454
0.034234 3.770151 -1.312448
-1.445750 3.406199 -2.042660
-1.937593 2.566223 -2.587458
1.031732 2.220720 1.318624
-2.402867 2.457246 1.175040
-2.420878 3.323397 -0.219138
-2.267335 3.369176 0.099779
-2.435261 3.291098 -1.003393
-1.231520 3.739977 0.408748
-2.149102 0.293364 -2.638269
-2.260082 3.217432 -1.595415
-2.778907 1.601618 -2.259896
-2.307635 2.336826 1.338267
-1.466218 3.833205 -0.949702
-2.483909 2.664916 0.917572
0.819813 3.262814 -1.614131
-1.800122 3.439200 -1.739413
-2.649134 2.610609 -1.865635
-0.060902 3.608670 -1.775827
-0.966593 3.958144 -0.400730
-2.357671 3.035949 -1.757142
-1.771617 3.720343 -0.947107
-2.477038 3.121828 0.283469
-2.251485 1.422911 1.658334
-2.239976 3.475642 -0.316709
-0.410269 3.806766 -1.466586
-1.261531 3.007505 1.441865
1.544242 2.741864 -1.035557
-2.573380 1.767437 -2.448440
-2.287223 0.693334 -2.682892
-0.415877 2.726293 1.714645
-1.714194 0.060588 -2.773732
-1.508450 3.240583 -2.228163
-1.377562 3.771703 0.213561
2.780840 -1.846934 -1.897111
3.825377 0.789480 0.745336
3.731282 -1.080957 -1.459088
2.859384 1.913936 -1.733865
3.329366 0.575858 1.527039
3.296911 -0.655661 -2.296505
3.739120 -0.340915 -1.857043
1.733596 -2.686706 -0.727228
1.484289 1.572460 -2.600668
3.536202 1.140396 -1.747739
3.375243 1.794821 -1.143494
3.479922 -0.461514 -2.166170
1.896726 2.518917 -1.317529
3.011562 -0.315752 1.843451
4.057068 0.856834 -0.518371
3.991229 1.010251 -0.640778
3.860207 -0.923361 0.555742
3.669976 -0.996504 -1.649955
3.145876 -1.790157 -1.573106
2.575464 2.168250 -1.603498
3.390378 -1.248213 -1.861781
2.940286 -1.202117 -2.336500
3.821378 -1.155160 -1.143937
2.553016 0.910452 1.945341
3.542841 1.622032 -1.094024
3.456698 0.281321 1.464611
3.920117 1.199552 -0.407584
2.046695 -2.578170 -1.040117
4.154298 0.077445 0.105308
3.692461 0.217047 1.184540
2.664305 -1.033172 1.838236
2.417459 -1.600798 -2.371320
1.967736 -2.268189 -1.802549
1.726611 2.702980 -0.546820
1.693406 -1.836861 -2.377088
3.413383 1.426726 -1.654776
3.269791 -0.173847 -2.422119
3.809438 -0.609192 0.882788
3.002044 0.820511 1.717154
3.317712 -0.365957 1.589422
2.555943 0.386308 2.085943
2.585048 1.393915 -2.438706
2.061972 -1.916724 -2.222435
3.495933 -0.830128 1.244295
2.386323 -1.398047 -2.531998
3.320878 0.297770 -2.361252
1.897858 -2.636254 -0.908400
3.006744 -2.094944 -1.206360
1.269870 1.614998 -2.559836
3.983286 0.569901 -1.278098
4.038014 0.905450 -0.206356
2.390648 -0.583523 2.113892
3.162485 2.077680 -0.877627
1.575730 -1.671654 -2.525879
3.233111 0.584076 -2.377011
4.090172 0.639651 0.033217
2.557567 -1.852348 -2.057342
0.016344 -1.363505 -3.445949
-0.432641 -2.193610 -3.329441
-1.029912 -1.068823 -3.505262
-0.988438 -1.872166 -3.440036
-0.428435 -0.733730 -3.463028
-1.369654 -1.692117 -3.371480
0.263101 -0.545662 -3.159723
-1.510796 -1.209836 -3.347034
-0.117231 -2.489308 -3.058476
-1.981253 -1.654800 -2.963798
0.762314 -1.557188 -2.932675
-0.610169 -1.897716 -3.466099
0.395245 -2.427670 -2.806500
-0.371186 -1.447961 -3.537076
-2.902068 -2.088444 1.011602
-3.595462 -0.841939 -0.088260
-3.147315 -0.003077 -0.550305
-3.133477 -2.183263 0.672747
-3.267269 -0.817104 -1.337624
-3.343310 -1.801255 0.628443
-3.108500 -0.758703 0.961958
-2.735488 -0.770556 1.283151
-3.543919 -1.796461 -0.645907
-3.351173 -2.188934 0.206643
-3.315447 -1.046052 -1.340652
-3.402747 -2.174841 0.022401
-3.490753 -1.327003 -1.048742
-3.635554 -1.025873 -0.371834
-2.985297 -2.514385 0.486003
-2.605510 -2.154517 1.190541
0.382952 -3.401539 1.167335
0.001294 -3.393200 1.286913
-0.530658 -3.043422 1.511557
1.181969 -3.304902 0.469541
0.805708 -3.501378 0.741399
0.302283 -3.972755 0.111904
-0.625862 -3.415914 1.222425
0.398433 -3.898973 -0.630311
0.943633 -2.681878 1.280388
0.885194 -3.711961 -0.024973
0.694499 -3.727233 -0.746364
1.452226 -2.987675 -0.599433
0.586527 -3.862288 -0.452293
-0.700642 -3.980798 -0.416957
0.065760 -3.658603 0.990564
-0.026265 -3.039410 1.533358
0.112604 -2.741834 1.640794
-1.147962 2.699965 -2.853792
-0.616949 0.497019 -3.382807
0.139047 0.142351 -2.959921
0.755722 1.796776 -2.870442
-0.457336 2.727779 -2.916044
0.037271 2.393097 -3.072013
-0.817757 0.749636 -3.469631
-0.827939 2.236238 -3.307496
-1.995390 1.295570 -2.994064
-1.399815 0.757258 -3.314127
-1.465792 1.460461 -3.363707
-0.511504 2.415467 -3.201026
-0.664608 0.838726 -3.503136
-1.051942 1.501951 -3.503876
-1.682806 0.654115 -3.111547
-0.163985 2.061933 -3.340720
-0.775021 2.835447 -2.789350
-3.054271 1.866259 0.985527
-3.467179 0.465978 -0.123822
-3.510035 1.219510 -0.999699
-2.915365 2.198967 0.922030
-3.510126 1.098461 0.428549
-2.694998 2.607528 0.717010
-3.616695 1.351204 -0.637704
-3.296269 0.187153 -0.515818
-3.103965 2.460086 -0.909699
-3.194478 1.581333 0.930971
-2.561473 2.296705 1.122984
-0.452735 3.833545 0.723631
0.677793 3.707321 -0.823025
-0.232665 3.460088 1.243274
0.833477 2.355571 1.443637
1.408581 3.173433 -0.120162
1.558150 2.887605 -0.111087
0.739187 3.801232 -0.334780
1.120663 3.269521 0.648862
0.340744 3.846477 -0.845559
-0.236427 4.054493 0.022308
1.511486 2.771511 0.416067
1.304811 3.292785 0.103926
0.799948 3.606640 0.568756
0.044957 3.972455 -0.675754
1.334152 3.213744 -0.543078
0.138140 3.483860 1.175543
-0.289267 3.978490 0.403633
2.032227 1.491920 -2.591092
0.949089 0.469791 -3.193580
2.741160 0.790438 -2.797979
2.686627 0.229985 -3.035003
1.311548 -0.864523 -3.143532
1.159890 0.960916 -3.053946
1.771484 -1.497049 -2.649658
1.395941 -0.440544 -3.312169
2.488600 -0.348964 -3.132047
2.325541 -0.699572 -3.098919
1.710280 1.100123 -3.026945
1.312012 -1.399614 -2.735368
2.830008 -0.354792 -2.903037
2.314058 -1.045894 -2.908942
2.245986 -0.556480 -3.183727
2.966339 0.710223 -2.624229
1.775578 0.720315 -3.229041
2.859883 0.892269 -2.617251
3.000896 -0.287929 -2.757262
3.358354 -2.047032 -0.581926
2.736475 -2.550499 0.568342
2.145974 -2.203616 1.405716
1.707336 -2.771821 0.213830
1.788344 -1.921760 1.630877
3.730751 -1.536366 0.387470
1.737463 -2.373096 1.212123
1.953846 -2.659202 0.745467
2.245636 -2.749955 0.348617
3.625618 -1.485428 0.772989
3.282538 -1.501764 1.276524
2.916000 -2.517467 -0.271935
1.747225 -1.716328 1.742646
3.402720 -1.730325 0.971019
2.969599 -1.345531 1.595716
2.336909 -1.924875 1.594373
2.193181 -2.511540 1.011194
1.910766 -2.551683 0.968203
2.524782 2.660849 0.460193
2.439511 2.547979 0.844259
1.919624 1.968571 1.607289
1.690756 2.743459 -0.322368
2.941090 1.825083 1.382299
1.805459 2.789022 -0.000721
1.567358 1.896844 1.606076
2.071843 2.745888 0.450706
3.413588 1.433763 1.157997
1.903235 1.570054 1.818274
3.742658 1.480342 0.426411
3.322116 2.016516 0.764790
3.189285 2.159306 -0.704305
3.324164 2.129543 -0.485445
2.119932 2.634849 0.782840
2.653841 1.905128 1.495917
3.237368 1.729984 1.184919
2.608367 1.226207 1.803638
-2.584079 -0.465492 3.002329
-2.769405 1.142018 1.800742
-1.986596 -0.818460 3.384192
-1.979644 1.179146 3.162815
-1.722555 -0.557908 3.615675
-1.692193 -1.158261 3.341928
-2.678481 -0.820399 2.665709
-2.987361 -0.679330 1.577415
-3.062260 0.373822 1.825752
-1.857145 -1.585172 2.826122
-1.771649 -0.994086 3.409094
-2.591459 -1.178141 2.422156
-3.093058 0.101011 1.817533
-1.716647 1.522727 3.002115
-1.983247 -1.407993 2.943757
-2.860004 0.554722 2.500390
-3.014286 -0.547288 1.930210
-1.606631 0.815922 3.567078
-2.884151 -0.881934 2.007684
-2.073602 0.728723 3.369436
-2.391863 -0.807810 3.061255
-2.927204 -0.680885 2.182917
-2.735665 0.922786 2.448996
-1.775138 -1.332841 3.161477
-1.873029 -1.827613 2.354744
-3.044972 0.026892 2.163889
-0.746787 1.837389 3.290006
-1.326244 0.667629 3.711895
1.565199 1.531986 2.981974
1.032321 -1.057566 3.669075
-0.895303 -2.127316 2.884473
-0.549161 1.702156 3.469847
1.689806 -1.518746 2.859403
1.606558 -1.903456 2.451426
1.356103 2.278799 1.958238
0.117955 -1.979642 3.269385
1.210397 -1.053391 3.578044
2.133248 0.854838 2.803557
1.144326 1.994123 2.833834
1.816633 0.691114 3.268603
0.599347 -0.518137 3.995588
0.094128 2.586184 2.269172
2.059323 -1.034997 2.795375
0.040498 -2.564534 2.337608
-1.562285 -1.618786 2.990122
1.352531 -0.192211 3.731334
-1.290030 1.561684 3.258471
0.192976 1.657681 3.551136
0.688792 -0.886399 3.869724
-0.625258 2.196588 2.912521
-0.054702 -0.835406 3.993174
1.500055 -2.082669 2.258266
2.085966 -1.475761 2.260639
1.510962 -1.624357 2.944299
-0.987672 1.716045 3.299371
-0.435455 -2.277264 2.853750
1.388584 -1.960676 2.646071
2.150070 0.114191 3.015282
-1.143854 1.996716 2.902231
1.148898 -0.045720 3.848528
0.135512 -0.301770 4.101040
0.631048 2.097050 3.009111
-0.769405 -1.715218 3.393126
1.348615 -1.600666 3.113590
2.294332 -0.974174 2.416663
1.740397 1.033144 3.183849
1.825368 -1.757425 2.333668
0.053961 2.384801 2.724818
-0.910867 -1.583286 3.444950
-0.600695 1.494706 3.611240
0.157238 -2.506092 2.466952
1.647720 0.779066 3.390021
1.124259 -1.606950 3.267631
2.307370 -0.260589 2.758287
0.687239 2.585749 1.898431
1.697485 0.599709 3.408979
-0.340573 -2.512222 2.431165
1.850607 0.011972 3.359447
0.913938 2.064778 2.904286
0.442974 -1.307985 3.740652
-0.176902 1.300119 3.791527
0.422358 1.188414 3.807174
-0.054585 -2.334435 2.814954
2.289698 -0.674771 2.642326
-0.234216 0.620666 4.045796
-0.339509 -1.749410 3.471022
0.533173 2.410930 2.543910
0.027284 -1.706213 3.525475
1.661219 1.925207 2.316855
2.288335 0.605729 2.679389
-0.060423 -0.537684 4.070439
2.271277 0.261907 2.818178
1.048377 -1.766524 3.167514
0.272062 2.620356 2.107013
0.606345 -2.552654 2.125734
-1.243938 0.396961 3.815470
0.670905 -0.208445 4.019902
0.366378 -2.152261 3.026049
-1.226388 0.202648 3.847857
-0.967158 0.410257 3.931265
1.925919 -0.783235 3.114919
1.532862 -1.151872 3.302370
-1.041803 1.101905 3.685639
2.133181 0.347345 3.004870
0.982015 -1.423020 3.486318
0.301522 -1.223593 3.810181
-1.151224 -0.897310 3.724439
-0.401511 -1.469479 3.668279
-3.062757 -1.747697 -2.422709
-1.381876 -4.153731 -1.255996
-0.753274 -2.666246 2.155954
-1.897373 -0.338035 -3.214755
-1.233186 -4.098601 -1.552563
-1.339067 -4.236788 -0.794065
-3.542087 -1.574489 -1.610149
-1.466638 -4.133165 0.133046
-3.507319 -2.312343 -1.096166
-2.873730 -2.364455 1.270994
-0.211395 -4.225282 -1.129382
-1.328708 -0.106020 -3.320794
-1.991997 -2.707064 -2.915785
-0.170037 -3.646070 -2.399743
0.878266 -2.926214 -2.591231
-1.398459 -3.014063 1.842300
-2.750540 -2.520114 -2.431108
-1.685181 -4.106960 -1.049268
-2.394139 -0.036001 -2.785293
1.707404 -2.913932 -1.501989
-1.243140 -4.125762 0.346783
-2.520721 -3.530793 -1.467346
-2.577624 -3.043568 1.050650
-1.213803 -4.220716 -1.105667
-2.048579 -3.968159 -0.166903
-2.255750 -2.391425 1.809633
-2.500499 -3.449075 0.564947
-2.903895 -2.982030 -1.770250
-2.792621 -0.729725 -2.715005
-3.199093 -0.738833 -2.226282
-3.403130 -1.771294 -1.868807
-1.791671 -4.108113 -0.461911
1.265997 -3.263983 -1.793683
-1.825917 -3.902470 0.471890
-2.888140 -3.067177 0.552280
0.556822 -3.685351 -1.944899
-1.960085 -3.927149 0.220545
-1.849138 -2.061764 2.154154
-1.097358 -3.976914 0.780227
-3.021622 -0.523902 -2.395216
-1.949524 -3.983430 -1.134460
-2.455947 -2.833074 1.376053
-3.467502 -2.517234 -0.751139
-1.841764 -4.079033 -0.806475
0.205871 -2.668286 -3.123417
-3.040849 -0.776126 -2.453066
-1.847882 -0.125791 -3.154290
-0.965754 -3.441797 -2.682837
-1.100516 -4.287325 -0.637456
-2.356215 -3.787888 -0.151800
0.356901 -3.279890 -2.604240
-0.691494 -3.002903 -3.071898
-2.170004 -2.001149 -3.129480
-2.712334 -2.815653 1.121999
-1.349908 -3.360170 -2.679887
-1.671101 -3.120665 -2.776825
1.206019 -3.584105 -1.164854
-2.504179 -1.313441 -3.019675
-2.758441 -2.335382 1.416749
0.642322 -2.754380 1.755150
-2.195462 -3.819003 -1.279319
-0.810154 -3.202526 1.799096
-3.199428 -3.001077 -0.511080
-3.185773 -2.991565 -0.881441
-0.339588 -4.140892 -1.520571
-3.517376 -1.135219 -1.713059
1.224910 -3.412765 -1.590314
0.963977 -1.847837 -3.067541
-3.147118 -2.963779 0.066370
-2.673237 -2.358519 -2.608472
-3.276735 -1.660836 -2.136375
-2.972183 -0.035578 -2.185689
0.658193 -3.890190 -1.347240
-0.856947 -2.792433 -3.200263
-2.078428 -0.743841 -3.235261
-0.941132 -4.015067 -1.858806
-1.725627 -3.458414 -2.412361
-3.023274 -2.693172 -1.914266
-0.501369 -4.283021 -0.971576
-3.182255 -0.085959 -1.886332
-2.591641 -3.640769 -0.776420
-3.620610 -0.719340 -1.239106
-0.896670 -4.305214 -0.716855
-1.026110 -3.199886 -2.898245
-3.369756 -2.122794 -1.746603
-1.128024 -4.221281 0.056092
1.587006 -2.633621 -2.076167
-2.353297 -1.324663 -3.124051
-3.340991 -1.941549 -1.917376
-0.011046 -3.353478 -2.683103
-2.346874 -0.884022 -3.101973
-1.676563 3.333558 -2.576052
-2.935998 3.093773 0.401638
-2.220634 1.265882 -3.205330
-2.698842 3.392617 0.305617
-2.113318 3.730768 -1.656476
-1.239478 3.980191 0.722676
-2.611831 1.729566 1.770627
-1.446378 2.587853 2.089426
-1.442607 3.309836 -2.698117
-1.750596 2.696411 -3.040051
-0.179606 3.099290 -2.949670
-2.830393 1.912148 -2.639771
-2.201891 3.113754 -2.460233
-2.016190 3.585768 0.914001
-2.786019 2.768473 1.073427
0.611389 4.010404 -0.883212
-3.609661 1.144641 -1.450270
0.042473 3.586801 -2.405179
-1.815378 3.034990 1.660444
-0.022338 4.017880 -1.701169
0.053293 3.012325 1.836906
-0.397626 2.619935 2.166036
-1.719783 4.003998 -1.423848
-2.712972 1.222840 -2.849663
1.498719 3.055160 -1.727170
-0.934498 4.299772 -0.771607
-1.908101 3.362643 1.294455
-1.020747 4.172819 -1.425469
-2.096478 2.339552 1.930980
-2.430905 1.630152 -3.043769
-1.177183 4.193385 -1.266694
-3.007942 2.676857 -1.955507
1.565289 2.847678 -1.890311
-3.150266 1.622048 -2.333915
-1.708649 4.001895 0.325910
-3.300847 0.151578 -1.697134
-1.993787 0.929953 -3.305144
-2.851518 1.478931 -2.707970
-0.090467 2.775633 2.030717
0.132061 3.785693 -2.076911
-2.997145 1.497893 -2.548228
-2.726737 2.112098 -2.671322
-2.442694 3.521202 0.512582
-2.534635 3.620251 0.039432
-2.042245 1.764647 -3.253821
0.902264 2.263573 -2.974033
-1.874139 0.782877 -3.337905
-2.184089 3.910212 -0.837674
-0.845537 4.070018 0.635762
-0.243024 3.655275 -2.407866
-2.505263 1.056900 -3.010033
-3.598250 1.814204 -1.309840
-3.144943 2.896332 0.231195
-2.434493 3.761710 -0.385846
-1.377537 3.577975 1.311594
-1.952415 2.647894 1.854219
-2.631820 3.088079 -2.048957
-2.570311 1.491764 -2.957287
-3.554117 1.461479 -1.601712
-1.722083 4.123511 -0.828491
-0.936981 2.981767 1.956441
1.093059 2.349684 -2.797265
-2.588242 3.516383 0.239134
-3.221442 2.963650 -0.429768
-1.712458 4.102172 -0.095716
-1.515064 4.125745 -1.227124
-2.583035 3.651466 -0.726118
-1.961912 1.128632 -3.336480
-0.203703 2.660183 2.117867
1.255071 2.471471 -2.590449
0.305673 2.674140 -3.083886
0.765729 2.419532 -2.989822
-1.812840 2.578316 1.960276
-1.755564 3.561138 1.146899
-0.515891 4.288656 -0.941972
-2.998289 2.951504 0.509066
-1.407795 2.555151 -3.233975
-0.105960 2.783556 -3.147208
-0.058542 3.323352 -2.727611
-3.072263 0.096938 -2.080581
0.534317 2.511214 -3.069985
-3.347364 2.255656 -1.688703
0.416974 3.475590 -2.356032
-1.303537 3.657307 -2.353549
-3.222098 2.094916 -2.049837
-1.430134 4.018422 -1.647231
-2.694156 0.679748 -2.792969
-2.186232 2.789029 -2.741202
0.599607 3.987247 -1.071263
-0.984471 4.280999 -0.195947
-3.409402 2.648871 -0.506438
1.405093 3.216249 -1.635832
1.116252 1.694632 -2.993880
-2.436966 3.302547 0.893824
1.656502 3.226915 -0.494509
-2.994367 1.979435 -2.431550
0.998657 2.894597 -2.520974
1.579258 2.089085 -2.614786
3.123235 -2.564282 -0.681202
2.350260 2.258809 -2.252531
3.376161 0.223959 -2.772485
4.382011 0.104701 0.581225
3.078366 -1.153564 1.958711
3.881967 -0.226803 1.499760
4.064992 -1.534887 -0.951634
1.969186 -2.617501 -1.890506
3.496011 0.380224 1.887972
4.478267 0.605259 -0.324978
3.497081 -0.546017 1.853224
2.637858 -2.579135 -1.553720
4.227731 0.607905 0.818171
1.509308 1.709088 -2.919347
4.304273 0.978219 -1.034015
4.335123 1.090225 -0.246441
3.952405 1.388686 -1.529570
4.489982 -0.063616 0.162364
3.440289 -0.820558 -2.583247
4.087567 1.584577 -0.162903
3.100707 2.195415 -1.764511
4.083925 0.541944 -1.893606
3.783629 1.980931 -0.738414
2.862966 1.312467 -2.774457
2.477823 1.675210 -2.739323
1.629987 1.933265 -2.748339
2.837334 2.709183 -0.801308
4.179546 -0.505122 0.966716
4.039840 -1.676377 -0.384417
3.884262 -1.115979 1.146780
4.186731 1.367083 0.022064
2.761801 -1.460747 1.981990
1.821229 2.455706 -2.174178
4.360825 0.976334 -0.055615
4.022594 1.589575 0.223803
4.460050 0.632885 -0.660910
4.071435 -1.343910 0.535207
2.141078 1.525964 2.186288
2.822192 0.609245 2.299347
4.251713 0.596943 -1.531010
2.307148 -1.084861 2.357397
2.275789 -1.468747 2.182258
2.642840 1.083569 2.232469
2.263039 -1.887920 -2.659512
3.533235 -2.181379 -1.006429
4.102980 -0.150119 1.186068
1.806662 -2.159160 -2.526007
4.392190 -0.253794 -1.284706
3.886179 0.996655 -1.986864
4.265593 0.421720 -1.574393
2.049642 2.995445 -0.629490
4.255586 -1.287112 -0.340900
3.873958 -1.838989 -0.882334
2.404487 -0.780723 2.428811
3.995164 1.106965 -1.726249
3.263835 -1.222308 -2.546773
2.766106 2.649472 -1.209089
2.450317 0.750422 2.421197
3.993374 -0.761231 -1.951887
3.755258 -0.716648 -2.297920
2.972209 -0.451023 2.251158
4.210592 1.116552 0.428103
4.131890 -1.088393 0.688235
3.854987 0.505458 1.479399
2.660911 2.573555 -1.539671
2.991552 -2.298485 -1.722439
3.796019 0.263808 -2.363435
4.124917 -1.374375 0.309586
2.646036 1.612281 1.942172
4.126152 -1.387880 -1.040703
2.192149 -2.909937 -1.007986
2.436998 2.397357 -2.023672
4.284043 -1.218109 -0.506776
3.307105 -0.350743 -2.810904
4.070969 1.107999 0.809072
2.676494 -1.227691 -2.916574
4.417930 0.805355 -0.100857
4.227783 0.169039 0.952839
1.590192 -2.083081 -2.621238
3.554537 -0.122495 -2.627362
3.594905 1.376254 -2.111579
3.044309 -0.047238 2.247384
1.869358 1.906222 -2.742942
3.599563 -2.202407 -0.527301
1.843768 3.013585 -0.762228
4.288550 -0.004015 0.831606
3.973511 -1.280299 -1.608880
3.792717 1.999226 -0.493020
4.318387 0.352962 0.703898
3.973150 0.502035 1.318828
4.008521 -0.473538 1.274613
4.180513 1.399102 -0.710572
3.018596 -2.534178 -1.140834
2.907862 -2.520783 -1.367921
3.159083 -0.516378 2.123491
3.089715 -1.172649 -2.704956
4.141317 1.418991 -0.893873
-0.880827 -0.569310 -3.657733
-0.305319 -2.163802 -3.594059
-1.434764 -1.835559 -3.575284
-1.144848 -0.874315 -3.695735
-0.499513 -0.503795 -3.643213
0.297400 -2.329597 -3.296479
0.352402 -2.114614 -3.381805
-1.860702 -1.247921 -3.418662
-0.588555 -0.353370 -3.580635
-0.430927 -2.330046 -3.529782
0.385070 -1.442763 -3.539603
-0.107523 -0.864221 -3.689097
0.366547 -0.948339 -3.521541
0.802028 -1.044747 -3.232682
-0.989843 -1.993583 -3.656340
-1.547027 -1.274750 -3.598736
0.012728 -1.341719 -3.701063
-0.367831 -1.038309 -3.767937
-1.030746 -1.503266 -3.754814
-0.756534 -2.539732 -3.407227
-0.290466 -0.712696 -3.690024
-0.839073 -2.336986 -3.526012
0.127998 -0.198221 -3.333195
0.371595 -1.178337 -3.547904
-1.613527 -2.238555 -3.323729
-1.836128 -1.823468 -3.358920
-1.036992 -2.275845 -3.526769
0.033458 -2.592367 -3.239236
-3.090538 -0.903603 1.363828
-3.222723 -2.102257 1.051592
-3.256855 -0.959223 1.223381
-3.713153 -1.287934 -1.140930
-3.502095 -0.707462 0.828274
-3.751057 -2.032742 -0.133159
-3.831407 -1.500976 0.187395
-3.740904 -0.763013 0.338483
-3.321881 -0.778104 1.102131
-3.612177 -0.246603 -0.565358
-3.631420 -0.243152 -0.212322
-3.034542 -1.500637 1.433649
-3.343191 -2.662127 0.108022
-3.433205 -1.543457 1.029992
-3.212153 -2.289601 0.927393
-3.772392 -1.882979 0.096775
1.461846 -3.354917 0.470470
-0.526391 -3.908490 1.049633
0.854584 -2.901577 1.563413
0.205373 -3.552907 1.427537
-0.235578 -3.980290 0.980713
0.279216 -4.179589 0.368748
-0.043340 -4.295393 -0.114612
1.084577 -3.163776 1.238327
1.315769 -3.019511 1.094571
0.552036 -4.119160 0.261591
1.606633 -3.305315 -0.112813
0.589147 -4.130070 -0.420812
0.538384 -3.273657 1.525700
1.074272 -3.751816 0.492634
0.122725 -3.817461 1.167851
0.353433 -3.053786 1.720651
-0.149613 -3.255068 1.696380
0.547561 -3.114212 1.618806
0.481052 -4.078753 0.505139
0.388585 -3.914794 0.924161
1.434567 -3.538402 -0.110379
1.198359 -2.957831 1.263245
-0.334489 -4.291531 -0.333577
0.704379 -3.916163 0.669262
1.135200 -2.767330 1.413576
-0.079750 -3.657715 1.379616
1.027098 -3.701712 0.680367
1.030125 -3.896693 -0.359942
0.556725 -3.729710 1.092453
1.303489 -3.368052 0.775195
-1.830587 1.295323 -3.438558
0.075133 1.376480 -3.679602
0.251935 0.621087 -3.488618
0.094401 1.056701 -3.659066
-1.516043 0.714140 -3.521899
0.244448 0.987247 -3.588443
-1.155282 1.389193 -3.734844
-0.268233 1.307330 -3.769374
0.330004 2.414581 -3.222475
-0.612648 1.758507 -3.751962
-0.025920 0.740942 -3.635425
-0.821472 0.691832 -3.703547
-0.987956 2.615563 -3.319445
-1.079786 1.632601 -3.728180
-0.513880 2.038337 -3.668172
0.098651 0.137877 -3.304973
0.727053 1.417189 -3.314163
-1.449513 1.635780 -3.612741
-0.969320 0.898286 -3.735435
-0.870076 1.963004 -3.683770
-3.252535 2.391311 0.777944
-3.540991 0.116803 -0.043914
-3.822780 1.456982 0.238241
-3.799373 1.774788 0.104928
-3.424712 2.550027 0.145685
-3.700730 0.437612 -0.576933
-3.245038 1.286030 1.266549
-3.556719 2.299672 -0.813177
-3.430008 2.295533 0.586733
-3.840382 1.704251 -0.473405
-3.516617 2.490947 -0.347536
-3.558976 2.308027 0.237761
-3.298249 2.572127 0.454199
-3.655007 0.316311 -0.050329
-3.370332 2.679686 -0.169942
-3.831654 1.627090 -0.644520
-2.977169 1.223433 1.489089
-3.632599 1.610229 0.695819
-3.529081 0.878294 0.856198
-3.787604 1.939168 -0.230229
-3.851855 0.888682 -0.116601
-3.592686 1.931768 0.604685
-3.688248 1.765764 0.499450
1.109406 3.852163 -0.150411
-0.279121 3.399477 1.602108
0.593650 3.023320 1.647447
0.105818 4.275158 -0.019424
0.493450 3.172629 1.609833
1.152065 3.266907 1.089246
1.646164 3.117651 0.362619
0.349082 3.666211 1.271787
1.439547 3.532925 -0.246764
-0.121424 4.127240 0.694765
1.341732 3.579143 0.284196
0.092599 4.250093 0.210554
1.012766 3.874127 0.259357
-0.252828 3.879878 1.129694
-0.247823 3.563218 1.473466
1.005717 3.645213 0.809906
1.611648 3.299533 -0.227246
1.229464 3.012938 1.200751
-0.572504 4.021472 0.849259
0.122785 3.368307 1.593724
1.115046 3.778974 -0.632849
2.173378 -0.063570 -3.542987
3.136347 -0.012556 -2.992944
1.282896 1.171405 -3.239632
1.630064 -0.531047 -3.550334
3.098611 -0.392052 -2.979898
2.557010 0.747530 -3.252189
1.611389 0.402401 -3.578564
1.981737 0.383698 -3.550720
1.978692 0.149553 -3.580909
1.049166 -1.114949 -3.217217
1.421964 1.345188 -3.134568
0.755829 0.361871 -3.403439
1.371690 -0.436246 -3.557715
1.716928 -0.883171 -3.425507
1.737363 1.017323 -3.357871
2.947056 0.304453 -3.131807
1.009495 -0.170474 -3.521997
1.375564 -0.808526 -3.444982
1.735918 1.172212 -3.266534
0.639835 -0.118795 -3.378608
0.841705 0.887028 -3.266137
2.094449 1.282326 -3.127679
1.820198 -3.031962 -0.044495
2.230769 -2.568716 1.346220
1.685721 -2.905232 0.720824
2.982521 -1.983311 1.579623
2.546425 -2.548362 1.267920
2.951078 -2.737978 0.508434
2.181987 -2.305787 1.634838
3.244559 -1.503381 1.651406
3.573798 -2.274673 -0.318449
1.944203 -2.925392 0.716821
2.864745 -2.823060 0.292195
3.655386 -1.647281 1.128980
3.399439 -2.404911 -0.491798
2.746710 -1.834595 1.799928
3.342620 -2.491189 0.429150
2.834245 -2.710941 0.768491
3.081210 -2.663188 -0.449129
2.507399 -2.657367 1.125767
1.998757 2.077217 1.823943
3.677811 1.918820 0.829856
3.506244 2.322727 -0.411161
3.832394 1.901300 0.380716
1.800833 2.998437 0.394517
3.011492 2.699923 0.520413
3.138555 1.564731 1.706031
2.269461 2.951189 0.544215
2.461211 2.952783 -0.294422
3.453520 2.403777 0.364849
3.036828 2.726770 0.327369
3.433940 2.458157 0.067332
3.190732 2.544844 0.641910
3.113159 2.301300 1.175220
2.622255 2.885323 0.470089
2.778847 1.925882 1.731917
2.387287 2.993963 0.025526
3.017435 1.761539 1.694038
2.503450 2.693535 1.063936
1.931221 2.640267 1.274709
1.990554 3.020714 -0.224451
2.045168 2.855844 0.888603
3.201847 2.613350 0.367798
3.788800 1.564031 0.957932
-2.942713 1.214799 2.203856
-2.873130 -1.151764 2.514923
-2.344066 -0.835559 3.439059
-2.726326 -1.097917 2.848486
-1.925174 0.106003 3.867253
-2.890868 0.858476 2.784395
-3.330691 0.192643 1.760034
-3.166315 0.884421 1.824622
-2.156063 -1.629581 2.955834
-2.708315 0.445300 3.241583
-3.245154 0.039419 2.347319
-3.311991 0.166972 2.004676
-2.041992 0.509562 3.751632
-2.540166 0.485166 3.402919
-2.502166 1.113609 3.123412
-2.831641 -0.608846 3.026655
-1.831165 0.803855 3.759821
-2.982537 -1.150368 2.194140
-2.195301 1.385280 3.186539
-2.869792 -1.376093 2.056099
-2.994448 -0.296117 2.885696
-2.086848 -0.031642 3.789316
-3.061750 0.250392 2.774334
-3.299093 -0.012715 2.120910
-2.841902 1.264481 2.418646
-3.233580 -0.585619 2.074975
-1.829889 0.403393 3.873512
-1.824861 -1.827232 3.043098
-0.996164 1.492661 3.859801
-0.095645 1.534353 4.011620
1.687930 1.808416 3.109195
1.891207 2.029029 2.558345
1.229641 -2.376910 2.789473
1.639566 1.980337 2.961708
0.626013 -2.467139 3.032071
-1.679599 1.010270 3.744253
1.607837 2.386379 2.287781
-0.054930 2.494609 3.124941
0.425212 -2.678405 2.746581
-0.045266 -2.345149 3.322382
-0.200879 2.226784 3.451394
-1.031697 0.973508 4.093812
-0.844596 -1.580556 3.858955
0.357844 2.259067 3.381336
1.701672 -2.031278 2.823361
1.233627 2.047044 3.235074
2.139309 1.446981 2.927482
0.272569 0.640988 4.342265
0.095303 -1.508161 4.023606
-1.966295 -1.937907 2.729528
2.024593 0.484071 3.560042
-0.923796 -0.915973 4.150556
1.396526 -1.475562 3.620087
-1.105647 -1.046503 4.038173
-0.056554 1.862952 3.789947
0.199320 1.701046 3.895226
-1.275087 -1.137412 3.925172
1.312623 -2.618639 2.121665
-1.870112 -2.154912 2.515733
1.369487 -2.485728 2.416955
-1.556130 -0.033052 4.026139
-0.880001 -1.416144 3.945430
1.718107 -0.107838 3.861050
2.085481 1.894996 2.439285
1.560565 -0.081132 3.967162
0.807570 0.666905 4.228147
1.146705 -2.602359 2.411007
-0.947654 0.701123 4.205122
1.566512 -1.112039 3.712502
-0.423968 2.202193 3.449011
-0.750398 -2.455102 3.036753
0.569813 1.941908 3.643995
2.201636 0.880174 3.235372
0.561143 0.343962 4.346553
0.081901 2.656682 2.859660
0.492152 -2.067122 3.550981
1.148040 1.673117 3.627301
-0.840762 -2.108189 3.429020
-1.175347 -0.258945 4.198460
-0.222286 2.045411 3.629733
1.430758 2.119056 2.990583
1.920734 -2.074479 2.422051
0.132808 -1.087930 4.220867
0.539030 0.535265 4.322478
-0.799577 2.714380 2.530348
1.485043 1.785526 3.313417
1.497098 -1.577415 3.478699
-1.744067 -1.999750 2.924262
0.102366 -0.010665 4.424144
-1.089390 -1.362942 3.897045
-0.980070 2.509359 2.827224
-0.833742 1.436949 3.948309
0.161453 -2.133881 3.543181
2.007177 -0.698114 3.518010
1.249166 2.619043 2.226387
-1.286476 2.302609 2.937237
0.319976 -1.999682 3.648189
0.739140 2.382256 3.105016
-1.627869 -1.272333 3.650919
0.493968 2.776649 2.500942
-1.009635 -1.760641 3.671267
0.175021 -2.260367 3.408709
-1.959308 -2.782533 -3.317741
0.964820 -3.524295 -2.480768
-0.582404 -2.746799 -3.613415
-2.963794 -3.780306 -0.601525
-0.381416 -4.584031 0.069518
-1.800665 -3.603991 1.633285
-2.090095 -1.516529 -3.644704
-3.609107 -0.266995 -1.985862
-2.718091 -2.779522 1.701523
-1.820432 -3.211934 -3.098705
0.185398 -3.698457 1.640390
-2.603827 -2.312992 2.041881
-2.896810 -3.059315 1.290663
-2.820753 -2.944371 1.478876
0.474322 -4.451909 -0.498432
-3.435607 -0.846917 1.398178
-0.869958 -3.717960 1.779135
-4.021419 -0.681475 -0.880759
-3.224693 -3.028643 -1.964195
-3.743951 -0.544803 -1.863604
-0.540413 -2.969181 2.374400
-3.038198 -2.251276 -2.803512
-0.484510 -3.371233 -3.213893
-0.251954 -3.103221 -3.380782
-3.565759 -2.664376 0.574121
-3.153112 -3.584098 -0.323986
-2.901484 -2.548694 1.672761
-2.286210 -3.705895 1.172800
-3.008059 -2.450167 -2.736948
0.945451 -4.133627 -1.347357
-0.917649 -4.600470 -1.128845
-1.262457 -4.500623 -1.397970
-3.242563 -0.771510 1.629008
-4.048986 -1.478373 -1.006694
-1.323722 -4.376807 0.631307
-2.350923 -4.120330 0.206630
-2.843813 -1.685391 2.033023
-0.289372 -3.523456 1.943632
-3.023294 -3.287117 -1.963905
0.637468 -3.413144 -2.830261
-3.452203 -3.233269 -0.566349
-1.402359 -2.793563 2.387749
-3.997282 -2.027654 -0.558352
0.408609 -4.457272 -0.902003
1.492948 -3.411779 -2.031490
1.800355 -3.474355 0.119103
-3.359702 -1.736032 1.485532
0.541577 -3.427269 1.751983
0.877463 -1.051476 -3.571453
-3.257710 -2.303214 -2.521347
-0.884889 -4.438422 -1.740744
-0.776589 -3.304409 -3.271738
-0.577056 -3.767571 -2.848915
0.324285 -2.341342 -3.619032
-3.770797 -0.104338 0.286799
-2.776428 -3.873121 -1.144992
-2.753133 -3.631400 0.724032
-3.242687 -1.856810 -2.718422
-1.935062 -3.020217 -3.183858
-0.174149 -3.841996 1.588782
-2.385419 -4.167675 -1.002955
-1.513008 -3.468411 1.886974
-1.064356 -4.360144 -1.895016
-0.771909 -2.676670 -3.647182
1.145666 -3.318916 -2.547158
-0.540788 -2.517269 -3.713452
-2.057632 -2.348457 2.353922
-2.303725 -3.477736 -2.561393
0.748910 -4.091587 -1.769123
-2.545174 -0.339377 -3.253930
-3.690095 -2.827391 -0.818300
-2.822641 -1.442304 -3.197290
0.805932 -3.321707 -2.810754
-3.342174 -0.665047 1.479024
-1.136429 -3.867654 1.571377
-0.941174 -0.265262 -3.801404
-3.313692 -0.664398 -2.633750
0.747302 -3.387706 1.668893
-2.810562 -3.880848 -0.160643
-2.587053 -3.996328 0.103556
-1.928850 -2.128517 -3.601314
-3.044289 -1.794649 -2.948374
0.302078 -2.125796 -3.694183
-1.803800 -4.057193 -2.129732
-2.229240 -3.846054 1.013273
-3.060744 -0.166628 -2.734487
0.139761 -3.480641 -2.994685
-3.515492 -2.756906 -1.700313
-3.840884 -1.442742 -1.812657
-3.845899 -2.369402 -1.138672
-1.717672 -4.462083 -1.028214
-1.698904 -4.157356 -2.014891
1.869457 -3.397533 -1.227373
-1.837691 -0.822812 -3.728573
-2.113962 -3.271287 1.777813
-1.045983 -2.812053 2.442634
-1.257150 -2.405538 -3.707730
-1.782236 -4.470372 -0.730641
-3.628488 -1.321276 -2.261171
-0.996274 -3.851101 -2.734477
-0.720665 -3.182955 2.242232
-1.113550 -3.994040 -2.529767
-3.832233 -2.452404 -0.079170
1.462877 -2.710651 -2.756540
-1.400329 -3.900533 1.455527
-0.806755 -3.946155 1.517247
-3.432152 -2.565700 0.958773
0.484633 -2.116471 -3.633320
-3.016687 -3.633788 -1.249160
-3.877833 -1.039503 -1.709940
-2.012126 -4.199542 0.508508
-0.624569 -3.166214 -3.371536
-1.464256 -4.457516 0.282270
0.445581 -2.967775 2.152214
1.456152 -3.877826 -0.241856
-2.623318 -2.100107 2.104437
-1.564593 -2.120354 -3.728026
-2.605250 -3.912302 -1.466372
-1.893745 -3.626964 -2.676288
-3.369123 -1.049701 -2.636993
-3.538879 -0.309644 1.029463
0.876180 -4.275046 -0.465768
-1.499892 -3.308993 -3.144675
-3.298461 -1.489562 1.604196
-2.077133 -2.665987 2.204519
-3.148429 -2.052778 1.645805
1.635546 -3.717968 -0.894524
-3.905660 -1.455475 -1.633135
-0.807994 -3.609198 -3.010726
-4.000706 -1.815583 -1.068467
-3.766744 -0.223017 -1.559178
-1.625189 -4.314297 -1.711518
-1.332645 -3.168654 -3.295139
-3.342289 -2.901806 0.781225
-1.140514 -4.619523 -0.349918
1.698920 -3.382927 -1.721618
-3.111832 -0.534285 -2.829194
-2.895666 2.024318 -3.025175
-3.653693 0.039627 0.564226
1.931781 3.142401 -1.636603
-0.615290 2.884636 2.425706
-3.217811 3.481479 -0.115814
1.205855 2.724022 -2.974482
-3.701493 0.925687 -2.091167
-3.354814 1.168456 1.543998
-1.516166 2.798842 2.355366
-3.421046 1.579009 -2.550866
1.039511 3.825120 -1.971097
1.386359 3.925700 -0.948184
0.176257 3.264427 2.047124
0.862475 1.951989 -3.505726
-2.573144 3.840574 0.590364
-0.483787 4.381736 0.767223
-3.500405 2.153151 1.123059
-3.037346 1.220581 1.895372
-3.494955 3.119953 -0.997796
-0.114066 3.310767 -3.208034
-0.037448 3.667816 -2.867775
-1.072306 4.427110 0.608559
-2.837074 2.361575 -2.947870
0.411882 4.093671 -2.079849
-2.707325 2.610054 -2.933444
-4.013884 1.005034 -1.200632
-3.215537 3.525476 -0.659481
-2.297062 2.700930 -3.181062
1.030134 3.298707 -2.669031
-3.260967 0.329815 -2.574181
-0.507549 2.647826 -3.656474
1.419813 2.084128 -3.098144
0.493988 4.263703 -1.623399
-1.692398 4.381193 0.327951
-0.559697 3.965817 -2.610414
1.821928 3.392078 0.290162
-2.528505 1.764633 2.252340
-3.827015 0.865164 -1.796207
-0.222979 3.608945 1.853090
-3.190014 3.242626 0.599500
-3.333915 3.280434 -1.228436
-3.801331 0.318646 -1.540885
-3.456693 0.030375 0.980544
-3.956329 1.882910 -1.240231
-1.481202 1.980152 -3.784194
-0.479956 4.601699 0.019096
-2.519894 1.172033 -3.419637
-1.694516 1.620998 -3.784935
-1.922071 1.902087 -3.659302
0.429086 3.740614 -2.596852
-2.981354 0.731943 -3.010069
1.840709 3.134376 -1.847256
0.361968 4.373918 -1.426153
-4.032013 1.832437 -0.713568
1.111158 2.452654 -3.186903
-3.619057 2.872090 -1.143301
-1.398204 3.181557 2.151982
1.774154 3.556181 -0.078773
-1.402698 2.561362 -3.615623
1.758313 3.607690 -0.820781
-1.304390 4.081877 -2.347201
-3.735743 2.755911 -0.489170
-3.755699 2.663350 -0.169574
-2.022252 2.734375 2.196033
-2.015959 2.703604 -3.332980
-1.235940 4.117140 1.195611
-1.354490 4.304634 0.792378
-3.053759 3.595073 -1.253318
-3.524967 1.579505 -2.399574
-3.149623 1.488883 1.771397
-3.353115 3.313234 -1.019796
-3.113660 1.799004 1.757683
-3.614509 0.514858 -2.115743
-0.001847 4.485872 -1.377994
-1.870988 3.287023 1.897425
-3.053846 1.663365 -2.963340
-2.738024 3.586232 0.826811
-1.587224 3.438413 -3.005964
-1.577415 4.503538 -0.083860
-1.867028 0.499568 -3.655177
-2.785140 3.922930 -0.352234
-0.833815 2.801428 -3.584343
-1.160509 3.806539 -2.757799
-2.492938 4.013166 0.275262
-3.422439 2.312825 -2.276427
-3.521928 2.801067 -1.620208
-3.380638 2.626348 -2.113568
-2.197579 1.589927 -3.585407
-2.840748 3.343857 1.040455
-2.591335 4.069882 -0.678513
-0.519227 2.844610 -3.561072
1.035828 2.166490 -3.346985
-2.624835 3.630941 -2.029121
-1.751522 2.688939 -3.452326
0.828494 3.217478 1.771172
1.812992 3.551013 -0.310447
-0.593572 0.229448 -3.798416
-2.149045 2.448621 2.268963
-2.197646 3.350504 1.652427
1.728526 2.750612 -2.431626
-3.433284 2.767615 -1.871784
-2.385868 0.292677 -3.339975
-0.084699 4.598420 -0.753586
-2.403655 3.889613 -1.853552
-1.168186 2.939560 2.356063
0.981294 1.272506 -3.522718
-0.138537 4.184623 -2.199974
-3.414054 2.599904 0.960272
-3.180727 3.563825 -0.460326
0.101057 3.214285 -3.225937
-3.412443 3.192462 0.052995
-2.222759 3.810467 1.077012
-1.666747 2.596708 2.407936
-3.593819 1.217674 -2.317983
-3.288424 3.122096 -1.700277
-1.585236 4.080472 1.108276
-3.701569 2.652393 0.156547
-2.284281 2.663895 2.091228
1.751313 3.629147 -0.520699
-0.175618 4.280128 -2.029961
-3.393670 2.080460 1.323561
1.750311 3.589256 -0.999234
-2.576820 4.059922 -0.912930
-3.669164 0.102359 -1.706850
-3.876876 2.275493 -1.135612
-3.808468 0.184272 0.247132
0.252913 4.327120 -1.680484
0.331878 0.325991 -3.666757
-2.679765 3.719827 0.672342
-2.519812 3.621639 1.054367
-0.556462 3.312954 -3.264075
1.736876 3.509318 -1.349783
-2.452835 4.117707 -1.060840
-2.517816 2.862010 -2.930424
3.357026 -2.807709 -0.776042
3.341624 1.645547 -2.701681
2.190759 3.292103 0.077807
4.469223 -1.607332 -0.182151
4.813299 -0.599976 -0.675190
4.015702 -0.008195 1.882540
3.888692 2.397303 -0.450972
4.678449 1.093859 -0.023987
2.081198 1.206618 -3.502707
3.105555 2.519034 -1.983794
3.405663 1.769812 -2.553126
2.886224 -1.871529 2.084183
2.774304 -3.061161 -1.100825
4.692215 0.308866 0.686873
3.467774 -1.801988 -2.470296
2.395063 -1.858641 2.314463
4.496472 -1.395940 -1.096436
2.747328 1.534963 2.373941
1.870677 -2.084075 -3.040090
1.695222 2.423537 -2.755883
3.034183 -0.405589 2.614676
3.079961 1.034383 2.433668
3.730695 -1.979400 -1.986958
1.991288 2.198424 -2.923771
3.526855 -0.399055 2.303231
3.993292 -1.121598 -2.377794
3.490938 2.324786 -1.832894
4.871416 0.166320 -0.219337
4.726656 -0.065172 -1.387386
3.779349 1.788631 1.369917
4.195422 0.348218 -2.397103
3.732298 -2.498901 -0.875392
2.967468 1.937949 1.981942
3.445365 0.362079 2.368377
3.835212 2.132087 -1.590618
2.579551 0.891793 -3.472591
4.162311 0.886890 -2.272331
1.367896 1.369584 -3.491415
4.234221 -1.962984 -0.034539
4.074858 1.325548 -2.132393
1.698459 2.239245 -2.930220
3.080884 1.724618 -2.835036
2.224808 2.024276 -3.009279
2.591745 2.987242 -1.562769
4.838872 0.197304 0.102772
3.536717 0.796302 -2.968718
4.525163 1.506605 -0.275367
2.939502 -2.970222 -1.162976
3.526591 -0.506391 -3.048872
4.670435 1.165222 -0.515609
3.183029 -2.942752 -0.428709
4.213734 -1.962846 -0.865086
2.933757 1.593631 2.245549
1.761641 -1.414991 -3.460780
3.845075 -1.953907 -1.847640
0.779146 0.776551 -3.616821
3.577102 -0.002635 -3.057542
1.600041 2.022713 -3.111458
3.422785 -0.677792 2.324667
4.371850 -1.535374 0.534002
4.174134 -1.604006 -1.696307
3.881023 1.866581 1.136567
1.254293 -1.052951 -3.607022
2.886524 -2.649598 -1.982890
4.844693 -0.098939 0.092794
3.057441 2.764532 -1.574736
2.907674 -3.076907 -0.620967
3.907267 -1.322483 1.597732
3.592476 2.643826 -0.063560
3.283509 1.037773 -3.070043
4.310432 1.166681 -1.859100
1.978844 -3.031278 -1.839988
4.822219 0.612057 -0.482365
2.023304 -2.730170 1.571251
3.793139 -0.521040 2.054594
1.410483 1.093961 -3.599998
4.686550 0.254046 -1.481484
3.829183 -0.325715 -2.817549
2.679600 1.256359 2.540418
3.985021 2.057925 0.639903
4.136912 2.093673 -0.715178
4.029711 2.186911 0.138004
0.851635 -0.880449 -3.605446
3.102154 -1.016493 -3.191576
2.155168 2.931561 -1.964507
2.423408 -2.662024 -2.275561
4.012106 0.443805 1.842589
3.841963 -1.371735 -2.406307
2.487695 -2.976201 -1.681764
3.855844 0.054000 -2.812744
4.808834 -0.386336 -0.952963
2.724709 2.217169 1.874351
2.877171 3.098396 -0.340895
1.894259 -2.986165 1.191457
3.358405 0.528649 2.401942
2.832011 -1.057525 2.553119
2.649310 -0.053159 2.810172
1.795629 1.644677 -3.340270
1.102338 0.772037 -3.671259
1.841313 2.557770 1.827988
4.814240 0.626159 -0.167501
1.908949 -1.175997 -3.543152
1.994984 -1.833844 -3.198499
3.115076 -1.836887 1.966222
4.202887 -0.596149 1.564533
3.083761 -2.961019 -0.853752
2.573893 -2.516959 -2.389446
2.749799 1.859264 -2.928650
2.203869 -2.441227 1.871910
4.358360 0.121739 1.422833
4.610350 1.253122 -0.811972
2.349733 1.588290 -3.258857
3.107009 -2.780387 -1.470101
4.270259 1.917297 -0.077939
2.152920 -1.436061 -3.389477
0.520878 0.371504 -3.622565
2.124711 3.337448 -0.369793
1.999750 -2.366555 2.004034
4.273046 -1.139490 1.186279
3.264663 -1.949273 -2.520957
2.837584 -3.116517 -0.296661
3.921864 2.262822 0.304321
3.264013 0.764780 -3.172695
4.240567 1.370095 1.052384
3.162060 -2.942798 -0.651848
2.769215 2.697017 -1.999979
3.985975 -1.573843 -2.055837
4.151637 -0.218611 1.709084
4.057431 -0.982570 1.605625
1.213386 1.240502 -3.535920
4.672043 -0.654740 -1.350992
2.303508 -3.295734 -0.536132
4.170792 2.068796 -0.198712
3.915407 1.821211 -1.900481
1.507410 2.777533 1.577926
4.072734 -1.550886 1.177603
4.871633 -0.012763 -0.611293
2.420361 1.698314 2.408889
4.824293 -0.579443 -0.189816
-0.533582 -1.389229 -4.037156
0.190933 -0.768257 -3.830008
-1.087810 -0.453337 -3.839523
-3.688821 -2.261541 0.704994
-3.799653 -2.285955 0.407985
-3.966283 -1.770985 0.451600
-3.949157 -1.610177 0.584106
-4.092985 -1.106147 0.132995
-3.736498 -0.923372 0.999839
-3.619910 -1.553504 1.181792
-3.909025 -0.273283 -0.105366
-3.784094 -1.153582 0.966180
-3.938874 -1.156884 0.664818
-4.090947 -1.494452 -0.670691
-4.044320 -1.803705 0.099754
-3.790357 -1.567302 0.926175
-4.106249 -1.459520 0.036728
-4.129210 -1.424307 -0.287431
1.152801 -4.050279 0.350367
1.290535 -3.359760 1.266304
0.429793 -4.362185 0.493644
1.292738 -3.930261 0.390112
0.681531 -4.303108 0.385560
0.772231 -4.329915 -0.216859
0.574317 -4.409525 -0.139620
0.460057 -3.738552 1.507163
-0.085435 -4.385643 0.689711
0.554741 -3.965825 1.204605
0.463517 1.543872 -3.761463
-1.141173 0.933013 -3.956792
0.014007 2.095887 -3.811404
-1.157795 1.384169 -3.981203
-0.223334 0.372297 -3.814067
-0.364402 2.328817 -3.793743
-1.268896 1.157955 -3.950343
-1.327318 0.639780 -3.840116
0.119898 0.783450 -3.858979
-1.392655 1.995410 -3.809696
-1.128316 2.157745 -3.828152
-0.773226 1.366684 -4.035625
-1.387550 0.927492 -3.887791
-0.624846 2.203494 -3.865395
-0.161537 1.798718 -3.940934
-0.166715 2.405776 -3.720688
-3.743151 1.815396 0.918630
-3.840188 1.613674 0.821594
-3.755689 0.889883 0.956845
-3.523408 1.511972 1.304654
-3.853236 0.259183 0.204923
-4.107003 0.954427 -0.135314
-3.750760 2.171942 0.664198
-0.087989 4.298450 0.894386
0.958324 4.151368 0.445083
0.400625 3.826434 1.443888
0.899780 3.891831 1.057821
1.139824 4.085149 0.249581
1.151207 4.032601 0.423595
0.370294 4.034633 1.204178
0.612166 4.376758 0.149180
1.287645 3.846785 0.627917
0.871559 3.795499 1.209204
0.961000 -0.486250 -3.713115
1.611452 -0.261405 -3.842288
1.665053 -0.995096 -3.640272
2.526834 0.277027 -3.660428
1.744039 0.920000 -3.669337
0.850487 0.157802 -3.724886
1.460751 0.345828 -3.826146
1.352404 0.061679 -3.840932
2.059242 0.807783 -3.672799
2.304330 -0.617277 -3.672121
2.755469 0.231513 -3.557149
1.115309 -0.263268 -3.788488
3.017004 -2.831950 0.940683
2.626121 -3.184422 0.002662
3.275877 -2.809188 0.583107
2.657169 -2.813523 1.266622
3.351428 -2.669671 0.817890
3.338700 -2.386122 1.291190
3.411825 -2.746078 0.443046
2.011054 -2.891453 1.334098
2.421616 -2.821539 1.360185
2.589873 -3.041348 0.857740
2.257301 -2.735120 1.520355
3.155076 2.309167 1.541548
3.501466 2.709951 0.209623
3.779564 2.386716 0.455094
3.025572 3.028231 0.050786
2.713637 3.147922 0.218407
2.761292 2.715636 1.348156
3.167162 2.940632 0.251153
3.766371 2.442035 0.271857
2.893446 2.926128 0.861443
3.284527 2.513147 1.184939
-3.516836 0.447435 2.039290
-2.924546 0.208231 3.409688
-3.359726 0.055155 2.735066
-2.681239 -1.349119 3.136035
-3.530437 0.494500 1.797411
-2.468785 1.366470 3.344304
-2.660385 -0.683342 3.563355
-2.183928 1.016767 3.776282
-2.468472 0.999917 3.587559
-3.192189 -1.073951 2.542821
-2.739099 0.181475 3.604728
-3.075253 -0.021570 3.233415
-3.234835 1.169521 2.260122
-2.995656 -1.034481 2.974494
-3.131818 -1.034992 2.726664
-3.573312 -0.125600 1.547830
-2.663706 -0.961745 3.434154
-3.529237 0.119925 2.181062
-3.061584 -0.574010 3.143454
-2.450104 -0.205146 3.836944
-3.078252 0.649919 3.086520
-3.018930 1.472847 2.372815
-3.453938 -0.228083 2.453523
1.024015 2.199616 3.667671
2.706311 0.452896 3.231807
0.225918 2.104099 3.972437
0.981099 -1.240574 4.318363
1.367523 1.858450 3.781352
1.703465 -2.401314 2.922466
-2.285091 -2.015617 2.839674
-1.081696 -0.742970 4.479475
1.528939 -1.640710 3.839253
2.044423 0.929641 3.826406
-0.184327 2.269540 3.839685
0.055237 2.772012 3.255178
-0.020962 -0.765491 4.642941
-1.221465 -2.613729 3.111311
1.299529 -2.471062 3.194947
0.996085 -0.360101 4.544738
1.288536 -0.521734 4.409153
0.035355 -1.710123 4.260374
-0.351456 -2.741666 3.278123
-0.562968 -0.451198 4.660706
-1.071545 1.899480 3.941723
0.498643 2.809739 3.116926
-1.712622 1.723592 3.718957
1.347211 2.249568 3.432127
2.547579 0.455058 3.448636
2.637239 -0.718441 3.249296
1.312266 0.675284 4.367814
-0.184167 -2.440131 3.670308
0.529690 -2.771438 3.168418
2.549073 -0.616762 3.404310
1.993614 0.173186 4.031877
-0.753352 -2.576802 3.398588
0.801381 -2.051059 3.889323
1.014772 3.006018 2.397468
-2.418327 1.866766 2.826647
0.801776 3.089833 2.344412
0.024508 -2.848044 3.139046
0.841087 -1.058370 4.433306
-1.737168 -2.202380 3.251509
1.077719 1.720105 4.025918
-0.499377 -2.047780 3.992462
-1.187156 0.230018 4.522720
-1.184274 -2.758644 2.897115
1.205846 -2.868501 2.565568
1.898878 1.478019 3.671156
2.376230 -0.902352 3.509086
2.040790 1.324281 3.639991
2.226251 -0.591583 3.768595
1.294118 -1.407797 4.108872
2.764477 -0.102943 3.196518
-1.249232 1.596547 4.068424
1.353578 -2.334038 3.330929
0.802042 -0.500963 4.583404
-0.889090 1.467133 4.272075
-0.749044 -1.192960 4.431754
-1.680285 -1.744489 3.726525
0.305949 0.082782 4.712162
-1.058745 -2.337372 3.554515
-1.012456 2.838516 2.867919
-1.514016 1.311365 4.091124
-0.629454 0.809501 4.579457
1.837175 -2.103722 3.179440
-0.390079 2.657071 3.388616
1.040164 0.573452 4.497937
-0.358517 0.847240 4.607543
-0.226342 -1.396939 4.420769
1.295315 -2.910845 2.341936
-0.506629 2.257285 3.811507
-0.838989 1.256321 4.383661
-1.539869 0.006427 4.379697
-1.799516 -1.538138 3.784272
0.432499 -2.503799 3.552259
-1.907697 1.708540 3.578182
-0.088403 2.015928 4.055374
2.052247 -1.769723 3.297561
-1.896958 -1.850857 3.469194
-0.108530 2.657111 3.416932
0.624668 -0.985889 4.511980
2.459835 0.302936 3.580947
-0.337890 -0.935053 4.585182
0.975657 1.174623 4.347171
-1.264489 -1.835607 3.903629
-0.597814 2.663019 3.333467
1.979623 -2.107100 3.012261
1.957506 -2.475375 2.407851
0.312539 -2.659906 3.382623
0.652655 2.008931 3.967992
-0.196834 -1.696582 4.265612
1.598666 2.455373 2.952052
0.768423 0.363963 4.610534
0.482250 3.070460 2.602010
1.193589 -2.615590 3.062491
-1.829043 -0.058788 4.216335
-1.148383 -0.536364 4.499095
-1.357312 -2.058053 3.674406
-0.725173 -0.793637 4.564560
1.283996 1.535208 4.043994
1.413391 -2.918278 2.120119
-1.503165 1.810641 3.792130
-2.110644 2.235311 2.774659
-0.409954 -1.326696 4.435809
-1.691265 0.892833 4.158881
1.661766 0.151033 4.258701
1.597781 2.002153 3.502078
-1.244102 2.157158 3.644683
-0.258496 -0.240407 4.716398
0.213112 -1.793688 4.198190
2.230525 1.359302 3.425051
0.848597 2.387489 3.551289
0.107627 -4.904658 -0.337059
2.000976 -3.857041 -0.636115
1.774134 -3.592333 1.015679
0.624156 -3.574916 -3.185305
-2.035763 -3.503428 2.108609
-4.147953 -2.032168 -1.742396
-1.520485 -1.031172 -4.197872
0.161888 -4.718515 0.573871
-1.260404 -1.677075 -4.230764
-1.903380 -4.340975 -2.288801
2.051496 -3.617945 -1.517415
-0.850369 -2.948740 -3.890386
-0.858547 -4.220251 -2.833872
-0.940632 -3.745781 2.220495
-3.437386 -3.620496 0.351111
-2.289238 -1.410787 -3.934517
0.751343 -3.093018 -3.483099
-1.909290 -1.004248 -4.084383
0.988019 -4.467867 -1.493600
-0.856159 -4.017099 1.958384
-0.672496 -4.942980 -1.189812
-0.655754 -4.479570 -2.456234
-0.921927 -2.164155 -4.179677
-2.630618 -1.575608 -3.737805
-3.096710 -3.165300 -2.688052
-2.438755 -2.921698 2.294317
-0.999478 -0.764948 -4.253421
-2.264903 -0.789962 -3.917218
-0.944962 -4.983742 -0.390093
-2.629845 -1.810323 -3.705892
-1.170200 -4.555470 -2.253331
0.350543 -2.662772 -3.866122
0.944042 -3.265439 2.141835
1.966535 -3.358740 -2.150749
1.835934 -3.145665 -2.573944
-2.254936 -3.258163 2.182962
-0.333211 -3.409141 2.478870
-1.562466 -3.275507 2.464587
-3.422461 -3.776635 -0.943759
0.393867 -4.827246 -0.290917
-2.673859 -4.359191 -1.198845
-4.273249 -2.102972 -1.193143
0.001300 -4.181718 -2.786004
-3.433665 -2.572116 1.610303
-1.847653 -3.784405 1.940415
-3.012003 -4.030602 -1.498000
-4.080058 -1.705251 0.946100
-3.118845 -1.803100 2.228233
0.541719 -3.127384 2.437610
-3.861784 -2.917045 -1.628737
-0.242143 -0.224504 -4.126450
-4.247746 -0.268151 0.009815
0.746914 -3.789165 1.790442
-3.852689 -0.109284 -2.184784
-2.694041 -4.291120 0.304737
-0.201238 -3.281079 -3.666256
-1.954039 -2.735582 2.633309
-2.469123 -2.246351 -3.694114
-1.898881 -3.189369 2.404026
-0.704287 -3.772029 -3.326771
-3.191165 -3.802029 -1.668984
-2.071589 -2.715767 -3.711636
-2.320248 -4.616499 -0.394148
-4.213250 -1.948331 -1.591963
-3.269685 -2.957329 -2.661280
-4.200121 -1.141341 -1.833681
-1.234710 -3.920659 2.007737
-2.428944 -3.990350 1.305164
1.336364 -3.119326 1.976240
0.867563 -1.132383 -3.959014
-1.908263 -1.272270 -4.093720
-2.507910 -3.132005 -3.233200
0.868439 -3.733215 -2.891086
-3.508951 -3.323009 -1.881138
-3.283793 -2.385375 -3.001331
-1.319507 -0.100894 -4.059237
-3.517132 -2.891054 -2.375754
-3.652597 -0.931267 -2.813122
1.362335 -3.395501 -2.843315
-2.699409 -1.371179 -3.708786
-3.861175 -3.104377 0.141299
-2.194492 -4.632795 -1.118361
-2.989221 -3.111884 -2.848257
-0.679017 -0.623129 -4.245122
-4.331695 -1.352542 0.269329
-3.635801 -2.909442 1.038814
0.659766 -3.624689 2.003810
-3.709754 -0.030154 -2.386640
-4.232693 -2.434105 -0.704336
-2.734513 -1.894185 2.504191
0.026847 -2.690046 -3.939210
1.522835 -4.148299 0.305157
-3.443079 -3.783094 -0.513891
-0.663649 -4.194572 -2.873287
-0.279999 -4.410442 -2.527887
-0.311765 -0.743100 -4.244807
-3.316699 -3.692823 0.504321
-4.349238 -0.503875 -0.530109
-2.069360 -0.257203 -3.887050
-3.723559 -1.591407 -2.715071
-0.726545 -4.062315 -3.031746
-3.506220 -1.114269 1.892985
-2.489120 -1.308307 -3.835321
1.370999 -4.017046 0.902546
-4.010412 -1.935128 1.013928
-2.650293 -2.765987 -3.360996
-2.908380 -2.559494 2.152009
-3.453061 -0.305565 -2.888515
-4.370412 -0.650139 -0.769035
-0.743634 -4.637173 1.039502
-1.312212 -4.358500 1.434145
-4.129851 -1.713909 -1.943885
-1.432268 -2.302038 -4.071633
1.547080 -4.230789 -0.953454
-1.997042 -2.295911 -3.904035
-3.948501 -2.753834 0.490147
1.255504 -4.439547 -0.263798
1.289075 -4.390303 -0.042609
-3.424607 -3.780622 -0.218488
-0.537258 -2.955059 -3.887915
-0.246802 -4.401937 1.416041
-3.800803 -2.114542 1.324639
-2.333022 -2.130326 -3.801233
-2.464398 -4.082350 -2.244201
-0.250791 -4.574615 -2.229131
-4.345024 -1.722734 0.058025
-2.200389 -1.573182 -3.964097
-4.152737 -0.241742 -1.527982
0.613637 -2.530732 -3.826475
-2.394295 -4.505291 -1.276546
-3.910855 -0.352844 -2.223614
-2.923995 -3.929248 -1.913840
-4.208479 -0.006829 -0.428623
1.593491 -3.432236 1.455418
-1.159502 -4.703605 0.812394
-3.163498 -0.884077 -3.335892
-2.406201 -1.937874 -3.809373
-0.257434 -1.761017 -4.240132
-3.305914 -3.186543 -2.402569
0.463926 -0.414933 -4.017081
-2.634737 -4.058859 -2.087773
-1.806852 -2.680419 -3.830801
-0.113957 -3.443615 -3.538639
-2.986767 -2.014387 2.290261
-4.246045 -0.993081 0.555906
-4.321459 -0.758418 -1.281648
-0.348338 -3.664915 2.282229
-2.668446 -3.541415 1.640033
1.542156 -2.771555 -3.153050
-3.648545 -2.535067 -2.450087
-1.982344 -2.943429 2.516754
-0.126862 -4.449157 -2.425286
-2.023334 -4.726615 -0.956049
-2.606489 -4.429597 -0.078870
1.104043 -3.526321 -2.932337
1.645426 -3.806868 -1.990438
-3.640083 -1.696266 1.691822
-4.159321 -2.580693 -0.970798
-2.533620 -3.466788 1.825863
-1.582629 -1.671657 -4.166254
-3.691531 -2.199427 1.456934
-4.273276 -0.200880 -0.619988
-1.638919 -3.032541 2.591269
-4.293251 -2.225335 -0.369642
-1.229321 -3.794398 2.133729
-1.699635 -3.738828 -3.166501
-1.618249 -4.748136 0.403738
-4.397132 -1.629077 -0.833758
-1.651978 -4.146061 1.609948
-2.317097 -4.418213 -1.712703
-1.326879 -4.820826 0.375037
-2.941595 -4.238163 -0.655978
-4.002896 -0.083902 0.709638
-2.903960 -3.680971 1.226877
-0.862125 -4.758662 -1.859856
-2.081933 -4.713051 -0.257017
-3.892173 -1.510167 1.349489
0.079670 -2.256801 -4.080673
1.494229 -4.077806 -1.688457
-0.570342 -0.272689 -4.165577
-0.664733 -1.933361 -4.237351
1.419144 -3.876515 1.081671
-4.333812 -1.547850 0.212402
-3.336950 -3.710271 -1.528026
-3.808813 -2.299775 1.214696
-2.180430 -2.030177 -3.899133
-4.027992 -2.857164 -1.065048
-1.747885 -0.821915 -4.118769
-4.199920 -1.566890 -1.801249
-2.953957 -3.966611 0.665187
-3.201891 -3.427006 -2.275676
-1.963086 -3.857549 1.805409
-1.818505 -4.542734 -1.939669
0.848082 -2.064772 -3.872974
-1.972130 -4.730240 -0.042740
-2.680358 -4.420306 -0.540410
-2.297583 -4.349623 0.791010
-1.370344 -3.146685 2.594652
-0.350209 -2.185750 -4.166310
-3.175421 -3.613964 0.934965
-2.335068 -4.201154 -2.170718
-1.665533 -2.435557 -3.970587
-3.499082 -3.421489 0.618359
-2.635414 -4.246184 0.558446
-0.026055 -4.482808 1.213849
-2.562909 -0.491821 -3.702330
-2.069335 -4.069570 1.480599
-1.536229 -4.882922 -0.896788
-1.742931 -4.828641 -0.891519
-2.927415 -0.800085 -3.517999
-3.771678 -0.415267 -2.497626
0.999384 -4.584229 -0.286926
-1.639343 -3.908684 -3.017764
-4.138467 -2.632450 -0.141866
-3.366173 -1.085919 2.043625
0.324801 -4.705244 0.476558
-1.378397 -4.492384 -2.301989
-1.976641 -4.568708 0.603250
-0.917751 -3.105158 -3.802077
-3.957499 -2.576193 -1.801193
-1.876476 2.859677 -3.721057
-1.537391 4.134168 -2.791455
-0.971954 3.768328 2.198060
-2.300090 3.679954 -2.905955
0.226469 4.608354 0.830034
-1.397302 2.070902 -4.139025
-3.424597 2.005331 -2.992019
-1.842084 4.716541 0.267184
1.511133 3.385338 -2.712542
-3.716125 3.021275 0.739671
-3.443643 3.411971 0.757623
0.979802 3.524967 1.906084
-3.646648 3.519038 -0.873101
-3.707045 3.326831 0.196015
-3.407528 3.074679 -2.367318
-4.008020 2.851313 -1.192670
-0.797662 3.851033 -3.251036
-0.815793 4.837530 0.515076
0.113230 2.763289 -3.888011
-4.148170 0.262400 -1.559294
-0.088980 4.920108 -0.092285
-4.227592 2.333053 -1.085675
2.140316 3.708001 -0.607274
0.445075 4.561353 0.781179
-1.425443 3.451164 -3.495863
0.521248 4.256978 1.321691
-1.641205 0.801494 -4.145541
-4.307190 0.925262 -1.427062
-0.245260 3.627288 -3.418607
-4.192824 1.779745 -1.744944
-0.410137 4.028405 -3.055614
-2.135543 3.603747 1.966461
-3.735630 1.876218 1.513785
1.869327 3.616141 0.820208
0.813245 4.290038 -2.154892
0.107914 3.044899 -3.747006
-2.716887 1.658654 -3.672705
-1.893928 4.443765 0.981406
-4.242700 1.147678 0.588010
-3.629231 0.187643 1.483750
-4.063392 2.408289 0.557708
-1.705656 3.420921 -3.433584
2.044710 3.234792 -2.180147
-4.301677 0.330072 -0.348815
-1.188458 4.729447 0.736855
-2.086314 3.858401 -2.851773
-4.229532 2.000569 0.373136
2.140974 3.553651 -1.413982
0.971198 4.346389 0.746696
-0.334889 4.633953 1.011024
-1.395227 0.274358 -4.096635
-2.947052 2.515053 2.140648
-2.280270 2.954325 2.367246
-0.824703 0.924355 -4.281322
0.181661 4.734645 0.511796
1.803955 3.181334 -2.582050
-1.555557 3.180092 2.528627
-4.127690 0.686089 -1.902716
-4.421674 1.152735 -0.661985
0.266729 4.533210 -2.092409
-2.428860 4.554184 -0.835278
-3.326725 3.859167 -0.071438
-2.566209 2.575595 2.392357
-3.376259 3.853657 -0.603233
-3.910103 1.951171 -2.320131
0.797039 4.371372 0.888870
-4.218493 0.036088 -0.644074
-1.863024 4.480040 -2.046639
-0.679220 3.076668 2.708891
-0.879990 4.989772 -0.696732
-4.379988 1.553825 -1.052365
-3.384851 2.231250 -2.956261
-0.497371 4.930221 -1.239371
0.711435 2.070531 -3.931898
-0.055146 0.983298 -4.235271
0.576664 3.732609 1.945253
-2.269151 2.539030 2.577130
1.561154 3.168755 1.741437
-3.913391 2.329297 0.994684
-4.165765 2.623884 -0.518387
-3.603658 2.131882 1.609547
0.655872 0.899596 -4.031973
0.225848 1.772000 -4.149637
-3.220276 2.087083 -3.179781
1.548249 4.158875 -1.322858
-4.415945 1.279498 -0.306021
-0.777680 2.650973 -4.028253
-0.021843 4.268965 1.557556
0.359798 0.209252 -3.993676
-4.071817 1.956813 -1.981837
-3.371946 1.390668 2.038837
-4.126029 0.399287 0.627566
-2.393705 4.205284 -2.100438
-4.086159 2.776570 -0.228730
-3.051633 3.047443 -2.834876
0.332392 0.524433 -4.082472
-4.179367 2.188189 -1.511518
-1.357298 3.231587 2.545648
-4.389060 0.963605 -0.980689
-4.166696 2.385430 0.209272
0.581693 4.730712 -1.124944
-2.537609 3.665506 1.621772
-2.103718 3.162769 -3.447293
-0.558468 4.840600 0.505406
-4.349388 1.221407 -1.304048
-4.300865 1.048286 0.371893
-0.988871 4.644444 -2.115458
1.667220 3.329347 -2.599375
-2.585443 4.317386 -1.564263
-3.081177 4.127501 -0.478079
-0.419765 1.102410 -4.286212
0.834828 4.423538 -1.845210
-0.708498 4.905323 0.265736
-1.920321 3.996435 1.667914
1.789033 3.670102 -1.989877
-4.071878 2.841696 -0.497231
-0.432875 4.776031 -1.801273
-3.410969 3.598403 0.477594
-4.255563 2.263283 -0.085722
-2.514263 2.690949 -3.488806
-1.933057 3.360328 2.270787
-4.376383 1.041766 -0.000644
1.488281 4.129172 0.450851
-4.213512 0.096160 -0.989606
-2.766391 3.916575 -2.165847
1.265259 2.294326 -3.577203
1.329778 1.912999 -3.641069
-0.111194 3.448902 2.417132
-1.809377 2.716628 -3.813529
-4.020153 2.900296 -0.961840
-0.841717 3.307848 2.565068
0.389083 4.737191 -1.410954
-2.337828 0.338064 -3.785132
-0.437336 3.614898 2.334070
-0.159486 4.904721 -1.198469
-2.384686 0.820801 -3.861325
-0.813519 4.620081 -2.190855
-2.587381 4.442719 -0.088922
-3.416897 0.896287 -3.086969
-1.948181 1.389030 -4.076426
0.758778 4.693882 -0.867290
-1.207862 4.646916 0.932866
-4.254814 2.343378 -0.807073
-2.910997 4.261786 -0.625331
-3.940395 3.097336 -0.602448
1.189368 4.424297 0.109706
-3.906499 0.942233 1.313980
0.446624 3.927475 1.803141
0.907936 2.999879 -3.459753
-3.307787 2.995820 1.462143
-0.254729 3.888791 -3.181561
0.514406 4.728404 0.149981
-1.259604 4.223373 -2.763383
1.015160 2.023865 -3.800905
-3.557218 1.182501 -2.952530
-2.703764 4.256826 0.397235
-2.022136 4.261866 -2.339790
-3.990507 2.699324 -1.548404
0.918996 4.635875 -0.606710
-2.451511 2.019505 -3.765803
-1.242576 4.413152 1.369295
-3.971541 2.017733 1.055278
-4.359356 0.690249 -0.156570
-4.318571 0.605358 -1.155812
-1.218153 1.400813 -4.257783
1.326203 3.901025 1.160428
-2.222073 1.098351 -3.964457
-0.213260 4.718770 -1.894706
-4.363082 0.731787 -0.982852
1.540445 3.843012 0.974703
-3.431216 3.014148 1.273512
-3.340808 3.282571 1.123666
-4.365880 1.915925 -0.602372
-1.779136 4.325625 -2.396122
1.410550 2.713756 -3.293269
-1.017978 0.234053 -4.140599
-2.109452 3.515706 -3.177498
-2.791331 2.289048 -3.471704
-2.675518 2.052590 -3.623362
0.461587 2.708769 -3.809597
-0.062815 3.408942 -3.554153
-2.073670 4.670495 -1.198320
-4.133066 2.098869 0.619064
-1.477371 4.908632 -0.392191
-2.233317 4.130694 -2.384554
1.034283 4.559825 -0.201975
-4.169794 0.186347 0.273980
-2.093405 2.338595 -3.850301
-3.239461 2.294858 -3.085446
0.800520 3.992972 1.514566
-4.400993 1.295123 -0.976351
1.303134 2.488365 -3.477973
-0.944451 1.335619 -4.288960
0.258231 4.266754 1.451827
-3.620817 2.967802 1.003434
-4.219986 1.301180 -1.778030
-1.543091 3.534926 2.280816
0.952612 2.799044 -3.547245
-1.948037 3.784031 -3.009843
-0.152456 0.582903 -4.198803
-1.584593 4.085773 1.716704
-0.040274 3.580290 2.300691
-2.195245 4.669089 -0.301893
0.997969 4.336839 -1.852618
-3.822436 1.519217 -2.576944
-3.817057 2.781123 -1.920231
-0.938678 4.949219 -0.016872
1.421131 3.698488 1.337196
1.133729 2.665636 -3.508120
-0.547802 2.279178 -4.153945
-3.951450 1.807300 1.176891
-1.501940 1.274926 -4.208367
-4.389612 1.389466 -0.066087
-3.804469 3.049557 -1.579635
1.296470 3.125278 -3.122849
-4.354058 0.536361 -0.509067
3.721055 -1.518891 -2.962060
2.770215 -3.290488 -1.606092
3.067363 1.106690 2.818156
2.386319 2.446041 2.297473
2.437560 -2.512469 2.218355
3.441033 -0.948295 2.658242
3.178328 0.822210 -3.610413
4.638466 -0.812100 -2.211987
2.314470 -3.618466 0.067967
5.029480 -0.090433 -1.555050
4.375299 -0.678851 -2.649290
5.017023 -0.720642 -1.358832
2.828399 1.291986 2.858078
3.978749 -0.673445 -3.081480
3.334406 -2.325915 1.885397
4.158820 0.402403 -2.959737
2.239415 -0.920669 -3.926316
2.218687 0.513594 -4.011734
4.624803 -0.381940 1.605370
3.109214 -3.272824 -1.172196
4.675355 0.885177 1.347000
2.990586 2.195510 -3.004850
2.483304 2.570803 2.141508
3.277483 2.416125 1.834819
5.062950 0.968644 -0.835823
4.113599 2.071655 1.277691
4.347051 -0.214832 -2.773101
2.700097 3.428700 0.476423
4.942999 1.338387 -0.826650
2.472983 -3.425810 -1.508395
3.568654 0.937553 2.574950
4.755393 0.331093 1.391751
2.270620 3.654032 -0.316277
3.533887 0.308802 2.728025
4.743183 1.824385 -0.315998
3.205324 2.066356 -2.977159
3.815950 -2.058950 1.689910
4.759317 -0.585260 -2.081234
4.015597 -0.976500 -2.951459
4.156515 -0.278255 2.215077
2.486738 -3.498909 0.475916
2.374237 2.417484 -3.090865
2.652885 -3.256098 -1.800637
4.253901 1.741015 -2.186256
4.268345 -0.841480 1.963974
4.315176 -0.621001 1.976455
4.245022 -2.281983 0.683522
2.736005 -2.621329 1.972157
4.039139 2.032275 -2.198999
4.944206 0.133470 -1.783490
3.714143 2.338273 -2.258650
4.403454 -2.211772 -1.122635
3.553245 2.936140 0.648551
2.791251 -2.489828 -2.845739
1.207904 1.355936 -3.856455
4.315250 1.483942 1.552473
4.012598 -2.659756 0.325427
4.751508 0.522061 1.352476
4.715843 -1.298515 0.970569
4.725634 -1.789928 0.116616
3.676089 -2.029993 -2.627736
4.609578 1.802165 0.587343
2.687279 -1.076768 -3.753846
2.333450 -1.419987 -3.734981
3.793957 -0.184527 2.550227
5.082640 -0.837092 0.170331
3.473225 -2.356086 -2.494746
4.492682 -2.143121 -0.945665
2.347987 3.503089 -1.359747
4.235065 1.594045 -2.344092
2.533774 1.988766 2.604486
5.101254 0.674138 0.261949
3.568835 2.518933 -2.190980
4.753319 1.750379 0.068468
3.160815 0.513639 2.919109
3.009648 2.693360 -2.476502
3.794165 2.935400 -0.288851
4.176431 2.477819 -1.137072
3.595708 3.077157 -0.570150
4.323347 -0.423136 2.010118
2.898324 1.554785 2.709275
3.019345 -2.270321 2.160885
4.254373 2.424850 0.253613
4.000375 1.006752 2.190629
3.343212 -3.212289 0.065140
4.702909 1.451560 -1.601416
3.005524 2.858291 -2.248482
4.829214 -0.208671 -2.031988
3.298405 -3.097800 0.660821
3.304220 -2.531841 1.680049
2.341504 2.981014 -2.468308
1.509676 1.734283 -3.694851
2.452947 1.038653 -3.840036
1.228372 -0.993102 -3.978975
4.191888 0.429576 2.156895
3.983732 -0.605710 2.329299
3.257186 2.740090 1.438932
3.118968 3.238964 0.514773
2.456278 2.156206 -3.276771
3.252916 -0.206793 2.904523
3.303327 -2.153356 -2.836807
3.201670 -2.772009 1.446177
4.428878 -0.673903 1.817097
3.920647 -2.054158 -2.334065
4.153420 -0.946611 2.055957
2.724134 -1.803485 2.649443
2.138963 2.880641 1.909564
2.427355 3.574074 -0.938350
3.963599 -0.021377 2.413922
3.890220 -2.542083 -1.692177
5.039195 -1.049103 -0.847023
2.575351 -3.253727 1.102983
2.892674 -1.905784 2.509765
4.807773 0.827035 1.109658
2.503707 3.584254 -0.088030
1.923850 -1.157885 -3.910392
4.904008 0.883398 -1.597529
4.833343 -1.186105 -1.536609
5.147183 -0.517595 -0.899361
3.882860 0.404717 2.454875
2.119457 2.326679 -3.238548
3.955523 1.504115 1.982935
2.879094 3.156579 1.053440
3.560626 0.330950 -3.471465
4.870710 1.010854 0.827916
2.540941 3.515727 -1.085539
2.533422 3.494033 0.432635
3.200805 -1.614689 -3.283429
4.586685 2.031601 -0.831298
3.829264 -0.475288 -3.252425
5.145026 -0.629552 0.012472
4.455306 0.273959 1.866812
1.525705 0.116284 -4.119667
3.567506 2.754349 -1.809013
2.821620 -3.454764 -0.887486
4.313202 -1.806373 -2.024002
5.041007 -1.134663 -0.252063
4.454821 -2.232219 -0.775475
3.762832 2.566453 -1.859332
4.118119 -1.143807 2.009490
4.348839 1.234721 1.674336
2.687561 -3.389502 -1.403650
3.610743 -3.037493 -0.854115
3.206047 -3.316619 -0.275888
3.879800 0.511097 -3.203797
4.053061 2.711431 -0.471738
3.478034 -1.131946 2.570072
3.710036 2.891939 0.420937
2.224910 3.554744 0.507272
4.888107 0.650585 -1.776118
4.243989 -2.013314 1.132882
4.089853 -2.523283 -1.281741
4.721458 -1.060674 -1.915812
2.149601 3.388384 1.050814
4.020802 -0.902110 2.209825
4.772204 -1.503271 0.560276
2.694957 0.325213 -3.903688
2.784845 -2.836605 -2.441217
4.063324 2.271013 -1.848127
4.509992 -2.151319 0.040285
3.445266 -3.061336 -1.251101
3.912712 2.545205 0.877122
3.671546 1.316925 -3.110506
4.383174 0.149890 -2.734031
4.521844 1.358922 1.316018
0.892120 -0.512987 -4.039691
3.428826 1.046000 2.633465
4.138152 1.451213 1.811511
4.918323 -0.247368 -1.831145
3.143495 2.339179 2.014720
1.849852 -2.891581 1.962008
3.834859 2.191663 -2.287792
4.078334 1.313327 1.964796
3.277487 2.052290 2.175483
5.170577 0.435370 -0.797358
3.706035 -2.741768 -1.613230
2.751117 -1.869764 -3.361227
3.000917 1.309445 2.773537
3.884645 1.936390 1.727718
2.748151 2.326862 2.256435
1.580244 -1.807090 -3.655086
4.806553 1.298394 -1.490832
5.132869 0.701546 0.001148
2.266225 -3.389354 0.991446
5.137029 0.547252 -0.937783
3.693558 -0.653398 2.560863
4.031437 -1.346129 -2.761840
2.128586 2.182811 -3.347979
4.614159 1.505548 -1.757308
2.643921 1.686720 2.746157
3.171901 3.334146 -0.340945
4.160948 -0.545956 2.167664
2.908989 -3.043913 1.256187
3.297904 -1.045102 -3.478552
4.663892 0.404195 -2.300821
3.782218 1.170963 2.322251
4.551632 -0.143719 1.746267
2.783665 1.404633 -3.592932
2.395605 -1.869094 2.725853
1.974069 1.866424 -3.584384
3.789327 -2.767320 0.617150
2.534650 -1.740936 2.756011
3.552390 -0.699431 -3.415292
2.907919 -3.441474 -0.052762
2.992866 -0.062845 -3.801316
3.844959 -0.212104 -3.270919
5.002523 1.253689 -0.340540
4.414003 2.182438 -1.162507
4.033026 -2.400804 0.924468
2.943121 -2.385102 -2.863705
3.543661 -0.179092 2.731840
1.072954 0.132625 -4.097240
4.000265 2.189833 -2.065326
3.437738 -2.958317 0.803644
5.009133 0.630923 -1.444642
